Run: ../../../Cosmics000380.txt
=== 3 ===
--- pALPIDEfs_0 ---
Pixel 92, 0, 1, 1, 4.80374e+19
Pixel 93, 0, 1, 1, 4.80374e+19
Pixel 93, 1, 1, 1, 4.80374e+19
Pixel 92, 1, 1, 1, 4.80374e+19
Pixel 92, 2, 1, 1, 4.80374e+19
Pixel 93, 2, 1, 1, 4.80374e+19
Pixel 93, 3, 1, 1, 4.80374e+19
Pixel 92, 3, 1, 1, 4.80374e+19
Pixel 92, 4, 1, 1, 4.80374e+19
Pixel 93, 4, 1, 1, 4.80374e+19
Pixel 93, 5, 1, 1, 4.80374e+19
Pixel 92, 5, 1, 1, 4.80374e+19
Pixel 92, 6, 1, 1, 4.80374e+19
Pixel 93, 6, 1, 1, 4.80374e+19
Pixel 93, 7, 1, 1, 4.80374e+19
Pixel 92, 7, 1, 1, 4.80374e+19
Pixel 92, 8, 1, 1, 4.80374e+19
Pixel 93, 8, 1, 1, 4.80374e+19
Pixel 93, 9, 1, 1, 4.80374e+19
Pixel 92, 9, 1, 1, 4.80374e+19
Pixel 92, 10, 1, 1, 4.80374e+19
Pixel 93, 10, 1, 1, 4.80374e+19
Pixel 93, 11, 1, 1, 4.80374e+19
Pixel 92, 11, 1, 1, 4.80374e+19
Pixel 92, 12, 1, 1, 4.80374e+19
Pixel 93, 12, 1, 1, 4.80374e+19
Pixel 93, 13, 1, 1, 4.80374e+19
Pixel 92, 13, 1, 1, 4.80374e+19
Pixel 92, 14, 1, 1, 4.80374e+19
Pixel 93, 14, 1, 1, 4.80374e+19
Pixel 93, 15, 1, 1, 4.80374e+19
Pixel 92, 15, 1, 1, 4.80374e+19
Pixel 92, 16, 1, 1, 4.80374e+19
Pixel 93, 16, 1, 1, 4.80374e+19
Pixel 93, 17, 1, 1, 4.80374e+19
Pixel 92, 17, 1, 1, 4.80374e+19
Pixel 92, 18, 1, 1, 4.80374e+19
Pixel 93, 18, 1, 1, 4.80374e+19
Pixel 93, 19, 1, 1, 4.80374e+19
Pixel 92, 19, 1, 1, 4.80374e+19
Pixel 92, 20, 1, 1, 4.80374e+19
Pixel 93, 20, 1, 1, 4.80374e+19
Pixel 93, 21, 1, 1, 4.80374e+19
Pixel 92, 21, 1, 1, 4.80374e+19
Pixel 92, 22, 1, 1, 4.80374e+19
Pixel 93, 22, 1, 1, 4.80374e+19
Pixel 93, 23, 1, 1, 4.80374e+19
Pixel 92, 23, 1, 1, 4.80374e+19
Pixel 92, 24, 1, 1, 4.80374e+19
Pixel 93, 24, 1, 1, 4.80374e+19
Pixel 93, 25, 1, 1, 4.80374e+19
Pixel 92, 25, 1, 1, 4.80374e+19
Pixel 92, 26, 1, 1, 4.80374e+19
Pixel 93, 26, 1, 1, 4.80374e+19
Pixel 93, 27, 1, 1, 4.80374e+19
Pixel 92, 27, 1, 1, 4.80374e+19
Pixel 92, 28, 1, 1, 4.80374e+19
Pixel 93, 28, 1, 1, 4.80374e+19
Pixel 93, 29, 1, 1, 4.80374e+19
Pixel 92, 29, 1, 1, 4.80374e+19
Pixel 92, 30, 1, 1, 4.80374e+19
Pixel 93, 30, 1, 1, 4.80374e+19
Pixel 93, 31, 1, 1, 4.80374e+19
Pixel 92, 31, 1, 1, 4.80374e+19
Pixel 92, 32, 1, 1, 4.80374e+19
Pixel 93, 32, 1, 1, 4.80374e+19
Pixel 93, 33, 1, 1, 4.80374e+19
Pixel 92, 33, 1, 1, 4.80374e+19
Pixel 92, 34, 1, 1, 4.80374e+19
Pixel 93, 34, 1, 1, 4.80374e+19
Pixel 93, 35, 1, 1, 4.80374e+19
Pixel 92, 35, 1, 1, 4.80374e+19
Pixel 92, 36, 1, 1, 4.80374e+19
Pixel 93, 36, 1, 1, 4.80374e+19
Pixel 93, 37, 1, 1, 4.80374e+19
Pixel 92, 37, 1, 1, 4.80374e+19
Pixel 92, 38, 1, 1, 4.80374e+19
Pixel 93, 38, 1, 1, 4.80374e+19
Pixel 93, 39, 1, 1, 4.80374e+19
Pixel 92, 39, 1, 1, 4.80374e+19
Pixel 92, 40, 1, 1, 4.80374e+19
Pixel 93, 40, 1, 1, 4.80374e+19
Pixel 93, 41, 1, 1, 4.80374e+19
Pixel 92, 41, 1, 1, 4.80374e+19
Pixel 92, 42, 1, 1, 4.80374e+19
Pixel 93, 42, 1, 1, 4.80374e+19
Pixel 93, 43, 1, 1, 4.80374e+19
Pixel 92, 43, 1, 1, 4.80374e+19
Pixel 93, 44, 1, 1, 4.80374e+19
Pixel 93, 45, 1, 1, 4.80374e+19
Pixel 92, 45, 1, 1, 4.80374e+19
Pixel 92, 46, 1, 1, 4.80374e+19
Pixel 93, 46, 1, 1, 4.80374e+19
Pixel 93, 47, 1, 1, 4.80374e+19
Pixel 92, 47, 1, 1, 4.80374e+19
Pixel 92, 48, 1, 1, 4.80374e+19
Pixel 93, 48, 1, 1, 4.80374e+19
Pixel 93, 49, 1, 1, 4.80374e+19
Pixel 92, 49, 1, 1, 4.80374e+19
Pixel 92, 50, 1, 1, 4.80374e+19
Pixel 93, 50, 1, 1, 4.80374e+19
Pixel 93, 51, 1, 1, 4.80374e+19
Pixel 92, 51, 1, 1, 4.80374e+19
Pixel 92, 52, 1, 1, 4.80374e+19
Pixel 93, 52, 1, 1, 4.80374e+19
Pixel 93, 53, 1, 1, 4.80374e+19
Pixel 92, 53, 1, 1, 4.80374e+19
Pixel 92, 54, 1, 1, 4.80374e+19
Pixel 93, 54, 1, 1, 4.80374e+19
Pixel 93, 55, 1, 1, 4.80374e+19
Pixel 92, 55, 1, 1, 4.80374e+19
Pixel 92, 56, 1, 1, 4.80374e+19
Pixel 93, 56, 1, 1, 4.80374e+19
Pixel 93, 57, 1, 1, 4.80374e+19
Pixel 92, 57, 1, 1, 4.80374e+19
Pixel 92, 58, 1, 1, 4.80374e+19
Pixel 93, 58, 1, 1, 4.80374e+19
Pixel 93, 59, 1, 1, 4.80374e+19
Pixel 92, 59, 1, 1, 4.80374e+19
Pixel 92, 60, 1, 1, 4.80374e+19
Pixel 93, 60, 1, 1, 4.80374e+19
Pixel 93, 61, 1, 1, 4.80374e+19
Pixel 92, 61, 1, 1, 4.80374e+19
Pixel 92, 62, 1, 1, 4.80374e+19
Pixel 93, 62, 1, 1, 4.80374e+19
Pixel 93, 63, 1, 1, 4.80374e+19
Pixel 92, 63, 1, 1, 4.80374e+19
Pixel 92, 64, 1, 1, 4.80374e+19
Pixel 93, 64, 1, 1, 4.80374e+19
Pixel 93, 65, 1, 1, 4.80374e+19
Pixel 92, 65, 1, 1, 4.80374e+19
Pixel 92, 66, 1, 1, 4.80374e+19
Pixel 93, 66, 1, 1, 4.80374e+19
Pixel 93, 67, 1, 1, 4.80374e+19
Pixel 92, 67, 1, 1, 4.80374e+19
Pixel 92, 68, 1, 1, 4.80374e+19
Pixel 93, 68, 1, 1, 4.80374e+19
Pixel 93, 69, 1, 1, 4.80374e+19
Pixel 92, 69, 1, 1, 4.80374e+19
Pixel 92, 70, 1, 1, 4.80374e+19
Pixel 93, 70, 1, 1, 4.80374e+19
Pixel 93, 71, 1, 1, 4.80374e+19
Pixel 92, 71, 1, 1, 4.80374e+19
Pixel 92, 72, 1, 1, 4.80374e+19
Pixel 93, 72, 1, 1, 4.80374e+19
Pixel 93, 73, 1, 1, 4.80374e+19
Pixel 92, 73, 1, 1, 4.80374e+19
Pixel 92, 74, 1, 1, 4.80374e+19
Pixel 93, 74, 1, 1, 4.80374e+19
Pixel 93, 75, 1, 1, 4.80374e+19
Pixel 92, 75, 1, 1, 4.80374e+19
Pixel 92, 76, 1, 1, 4.80374e+19
Pixel 93, 76, 1, 1, 4.80374e+19
Pixel 93, 77, 1, 1, 4.80374e+19
Pixel 92, 77, 1, 1, 4.80374e+19
Pixel 92, 78, 1, 1, 4.80374e+19
Pixel 93, 78, 1, 1, 4.80374e+19
Pixel 93, 79, 1, 1, 4.80374e+19
Pixel 92, 79, 1, 1, 4.80374e+19
Pixel 92, 80, 1, 1, 4.80374e+19
Pixel 93, 80, 1, 1, 4.80374e+19
Pixel 93, 81, 1, 1, 4.80374e+19
Pixel 92, 81, 1, 1, 4.80374e+19
Pixel 92, 82, 1, 1, 4.80374e+19
Pixel 93, 82, 1, 1, 4.80374e+19
Pixel 93, 83, 1, 1, 4.80374e+19
Pixel 92, 83, 1, 1, 4.80374e+19
Pixel 92, 84, 1, 1, 4.80374e+19
Pixel 93, 84, 1, 1, 4.80374e+19
Pixel 93, 85, 1, 1, 4.80374e+19
Pixel 92, 85, 1, 1, 4.80374e+19
Pixel 92, 86, 1, 1, 4.80374e+19
Pixel 93, 86, 1, 1, 4.80374e+19
Pixel 93, 87, 1, 1, 4.80374e+19
Pixel 92, 87, 1, 1, 4.80374e+19
Pixel 92, 88, 1, 1, 4.80374e+19
Pixel 93, 88, 1, 1, 4.80374e+19
Pixel 93, 89, 1, 1, 4.80374e+19
Pixel 92, 89, 1, 1, 4.80374e+19
Pixel 92, 90, 1, 1, 4.80374e+19
Pixel 93, 90, 1, 1, 4.80374e+19
Pixel 93, 91, 1, 1, 4.80374e+19
Pixel 92, 91, 1, 1, 4.80374e+19
Pixel 92, 92, 1, 1, 4.80374e+19
Pixel 93, 92, 1, 1, 4.80374e+19
Pixel 93, 93, 1, 1, 4.80374e+19
Pixel 92, 93, 1, 1, 4.80374e+19
Pixel 92, 94, 1, 1, 4.80374e+19
Pixel 93, 94, 1, 1, 4.80374e+19
Pixel 93, 95, 1, 1, 4.80374e+19
Pixel 92, 95, 1, 1, 4.80374e+19
Pixel 92, 96, 1, 1, 4.80374e+19
Pixel 93, 96, 1, 1, 4.80374e+19
Pixel 93, 97, 1, 1, 4.80374e+19
Pixel 92, 97, 1, 1, 4.80374e+19
Pixel 92, 98, 1, 1, 4.80374e+19
Pixel 93, 98, 1, 1, 4.80374e+19
Pixel 93, 99, 1, 1, 4.80374e+19
Pixel 92, 99, 1, 1, 4.80374e+19
Pixel 92, 100, 1, 1, 4.80374e+19
Pixel 93, 100, 1, 1, 4.80374e+19
Pixel 93, 101, 1, 1, 4.80374e+19
Pixel 92, 101, 1, 1, 4.80374e+19
Pixel 92, 102, 1, 1, 4.80374e+19
Pixel 93, 102, 1, 1, 4.80374e+19
Pixel 93, 103, 1, 1, 4.80374e+19
Pixel 92, 103, 1, 1, 4.80374e+19
Pixel 92, 104, 1, 1, 4.80374e+19
Pixel 93, 104, 1, 1, 4.80374e+19
Pixel 93, 105, 1, 1, 4.80374e+19
Pixel 92, 105, 1, 1, 4.80374e+19
Pixel 92, 106, 1, 1, 4.80374e+19
Pixel 93, 106, 1, 1, 4.80374e+19
Pixel 93, 107, 1, 1, 4.80374e+19
Pixel 92, 107, 1, 1, 4.80374e+19
Pixel 92, 108, 1, 1, 4.80374e+19
Pixel 93, 108, 1, 1, 4.80374e+19
Pixel 93, 109, 1, 1, 4.80374e+19
Pixel 92, 109, 1, 1, 4.80374e+19
Pixel 92, 110, 1, 1, 4.80374e+19
Pixel 93, 110, 1, 1, 4.80374e+19
Pixel 93, 111, 1, 1, 4.80374e+19
Pixel 92, 111, 1, 1, 4.80374e+19
Pixel 92, 112, 1, 1, 4.80374e+19
Pixel 93, 112, 1, 1, 4.80374e+19
Pixel 93, 113, 1, 1, 4.80374e+19
Pixel 92, 113, 1, 1, 4.80374e+19
Pixel 92, 114, 1, 1, 4.80374e+19
Pixel 93, 114, 1, 1, 4.80374e+19
Pixel 93, 115, 1, 1, 4.80374e+19
Pixel 92, 115, 1, 1, 4.80374e+19
Pixel 92, 116, 1, 1, 4.80374e+19
Pixel 93, 116, 1, 1, 4.80374e+19
Pixel 93, 117, 1, 1, 4.80374e+19
Pixel 92, 117, 1, 1, 4.80374e+19
Pixel 92, 118, 1, 1, 4.80374e+19
Pixel 93, 118, 1, 1, 4.80374e+19
Pixel 93, 119, 1, 1, 4.80374e+19
Pixel 92, 119, 1, 1, 4.80374e+19
Pixel 92, 120, 1, 1, 4.80374e+19
Pixel 93, 120, 1, 1, 4.80374e+19
Pixel 93, 121, 1, 1, 4.80374e+19
Pixel 92, 121, 1, 1, 4.80374e+19
Pixel 92, 122, 1, 1, 4.80374e+19
Pixel 93, 122, 1, 1, 4.80374e+19
Pixel 93, 123, 1, 1, 4.80374e+19
Pixel 92, 123, 1, 1, 4.80374e+19
Pixel 92, 124, 1, 1, 4.80374e+19
Pixel 93, 124, 1, 1, 4.80374e+19
Pixel 93, 125, 1, 1, 4.80374e+19
Pixel 92, 125, 1, 1, 4.80374e+19
Pixel 92, 126, 1, 1, 4.80374e+19
Pixel 93, 126, 1, 1, 4.80374e+19
Pixel 93, 127, 1, 1, 4.80374e+19
Pixel 92, 127, 1, 1, 4.80374e+19
Pixel 92, 128, 1, 1, 4.80374e+19
Pixel 93, 128, 1, 1, 4.80374e+19
Pixel 93, 129, 1, 1, 4.80374e+19
Pixel 92, 129, 1, 1, 4.80374e+19
Pixel 92, 130, 1, 1, 4.80374e+19
Pixel 93, 130, 1, 1, 4.80374e+19
Pixel 93, 131, 1, 1, 4.80374e+19
Pixel 92, 131, 1, 1, 4.80374e+19
Pixel 92, 132, 1, 1, 4.80374e+19
Pixel 93, 132, 1, 1, 4.80374e+19
Pixel 93, 133, 1, 1, 4.80374e+19
Pixel 92, 133, 1, 1, 4.80374e+19
Pixel 92, 134, 1, 1, 4.80374e+19
Pixel 93, 134, 1, 1, 4.80374e+19
Pixel 93, 135, 1, 1, 4.80374e+19
Pixel 92, 135, 1, 1, 4.80374e+19
Pixel 92, 136, 1, 1, 4.80374e+19
Pixel 93, 136, 1, 1, 4.80374e+19
Pixel 93, 137, 1, 1, 4.80374e+19
Pixel 92, 137, 1, 1, 4.80374e+19
Pixel 92, 138, 1, 1, 4.80374e+19
Pixel 93, 138, 1, 1, 4.80374e+19
Pixel 93, 139, 1, 1, 4.80374e+19
Pixel 92, 139, 1, 1, 4.80374e+19
Pixel 92, 140, 1, 1, 4.80374e+19
Pixel 93, 140, 1, 1, 4.80374e+19
Pixel 93, 141, 1, 1, 4.80374e+19
Pixel 92, 141, 1, 1, 4.80374e+19
Pixel 92, 142, 1, 1, 4.80374e+19
Pixel 93, 142, 1, 1, 4.80374e+19
Pixel 93, 143, 1, 1, 4.80374e+19
Pixel 92, 143, 1, 1, 4.80374e+19
Pixel 92, 144, 1, 1, 4.80374e+19
Pixel 93, 144, 1, 1, 4.80374e+19
Pixel 93, 145, 1, 1, 4.80374e+19
Pixel 92, 145, 1, 1, 4.80374e+19
Pixel 92, 146, 1, 1, 4.80374e+19
Pixel 93, 146, 1, 1, 4.80374e+19
Pixel 93, 147, 1, 1, 4.80374e+19
Pixel 92, 147, 1, 1, 4.80374e+19
Pixel 92, 148, 1, 1, 4.80374e+19
Pixel 93, 148, 1, 1, 4.80374e+19
Pixel 93, 149, 1, 1, 4.80374e+19
Pixel 92, 149, 1, 1, 4.80374e+19
Pixel 92, 150, 1, 1, 4.80374e+19
Pixel 93, 150, 1, 1, 4.80374e+19
Pixel 93, 151, 1, 1, 4.80374e+19
Pixel 92, 151, 1, 1, 4.80374e+19
Pixel 92, 152, 1, 1, 4.80374e+19
Pixel 93, 152, 1, 1, 4.80374e+19
Pixel 93, 153, 1, 1, 4.80374e+19
Pixel 92, 153, 1, 1, 4.80374e+19
Pixel 92, 154, 1, 1, 4.80374e+19
Pixel 93, 154, 1, 1, 4.80374e+19
Pixel 93, 155, 1, 1, 4.80374e+19
Pixel 92, 155, 1, 1, 4.80374e+19
Pixel 92, 156, 1, 1, 4.80374e+19
Pixel 93, 156, 1, 1, 4.80374e+19
Pixel 93, 157, 1, 1, 4.80374e+19
Pixel 92, 157, 1, 1, 4.80374e+19
Pixel 92, 158, 1, 1, 4.80374e+19
Pixel 93, 158, 1, 1, 4.80374e+19
Pixel 93, 159, 1, 1, 4.80374e+19
Pixel 92, 159, 1, 1, 4.80374e+19
Pixel 92, 160, 1, 1, 4.80374e+19
Pixel 93, 160, 1, 1, 4.80374e+19
Pixel 93, 161, 1, 1, 4.80374e+19
Pixel 92, 161, 1, 1, 4.80374e+19
Pixel 92, 162, 1, 1, 4.80374e+19
Pixel 93, 162, 1, 1, 4.80374e+19
Pixel 93, 163, 1, 1, 4.80374e+19
Pixel 92, 163, 1, 1, 4.80374e+19
Pixel 92, 164, 1, 1, 4.80374e+19
Pixel 93, 164, 1, 1, 4.80374e+19
Pixel 93, 165, 1, 1, 4.80374e+19
Pixel 92, 165, 1, 1, 4.80374e+19
Pixel 92, 166, 1, 1, 4.80374e+19
Pixel 93, 166, 1, 1, 4.80374e+19
Pixel 93, 167, 1, 1, 4.80374e+19
Pixel 92, 167, 1, 1, 4.80374e+19
Pixel 92, 168, 1, 1, 4.80374e+19
Pixel 93, 168, 1, 1, 4.80374e+19
Pixel 93, 169, 1, 1, 4.80374e+19
Pixel 92, 169, 1, 1, 4.80374e+19
Pixel 92, 170, 1, 1, 4.80374e+19
Pixel 93, 170, 1, 1, 4.80374e+19
Pixel 93, 171, 1, 1, 4.80374e+19
Pixel 92, 171, 1, 1, 4.80374e+19
Pixel 92, 172, 1, 1, 4.80374e+19
Pixel 93, 172, 1, 1, 4.80374e+19
Pixel 93, 173, 1, 1, 4.80374e+19
Pixel 92, 173, 1, 1, 4.80374e+19
Pixel 92, 174, 1, 1, 4.80374e+19
Pixel 93, 174, 1, 1, 4.80374e+19
Pixel 93, 175, 1, 1, 4.80374e+19
Pixel 92, 175, 1, 1, 4.80374e+19
Pixel 92, 176, 1, 1, 4.80374e+19
Pixel 93, 176, 1, 1, 4.80374e+19
Pixel 93, 177, 1, 1, 4.80374e+19
Pixel 92, 177, 1, 1, 4.80374e+19
Pixel 92, 178, 1, 1, 4.80374e+19
Pixel 93, 178, 1, 1, 4.80374e+19
Pixel 93, 179, 1, 1, 4.80374e+19
Pixel 92, 179, 1, 1, 4.80374e+19
Pixel 92, 180, 1, 1, 4.80374e+19
Pixel 93, 180, 1, 1, 4.80374e+19
Pixel 93, 181, 1, 1, 4.80374e+19
Pixel 92, 181, 1, 1, 4.80374e+19
Pixel 92, 182, 1, 1, 4.80374e+19
Pixel 93, 182, 1, 1, 4.80374e+19
Pixel 93, 183, 1, 1, 4.80374e+19
Pixel 92, 183, 1, 1, 4.80374e+19
Pixel 92, 184, 1, 1, 4.80374e+19
Pixel 93, 184, 1, 1, 4.80374e+19
Pixel 93, 185, 1, 1, 4.80374e+19
Pixel 92, 185, 1, 1, 4.80374e+19
Pixel 92, 186, 1, 1, 4.80374e+19
Pixel 93, 186, 1, 1, 4.80374e+19
Pixel 93, 187, 1, 1, 4.80374e+19
Pixel 92, 187, 1, 1, 4.80374e+19
Pixel 92, 188, 1, 1, 4.80374e+19
Pixel 93, 188, 1, 1, 4.80374e+19
Pixel 93, 189, 1, 1, 4.80374e+19
Pixel 92, 189, 1, 1, 4.80374e+19
Pixel 92, 190, 1, 1, 4.80374e+19
Pixel 93, 190, 1, 1, 4.80374e+19
Pixel 93, 191, 1, 1, 4.80374e+19
Pixel 92, 191, 1, 1, 4.80374e+19
Pixel 92, 192, 1, 1, 4.80374e+19
Pixel 93, 192, 1, 1, 4.80374e+19
Pixel 93, 193, 1, 1, 4.80374e+19
Pixel 92, 193, 1, 1, 4.80374e+19
Pixel 92, 194, 1, 1, 4.80374e+19
Pixel 93, 194, 1, 1, 4.80374e+19
Pixel 93, 195, 1, 1, 4.80374e+19
Pixel 92, 195, 1, 1, 4.80374e+19
Pixel 92, 196, 1, 1, 4.80374e+19
Pixel 93, 196, 1, 1, 4.80374e+19
Pixel 93, 197, 1, 1, 4.80374e+19
Pixel 92, 197, 1, 1, 4.80374e+19
Pixel 92, 198, 1, 1, 4.80374e+19
Pixel 93, 198, 1, 1, 4.80374e+19
Pixel 93, 199, 1, 1, 4.80374e+19
Pixel 92, 199, 1, 1, 4.80374e+19
Pixel 92, 200, 1, 1, 4.80374e+19
Pixel 93, 200, 1, 1, 4.80374e+19
Pixel 93, 201, 1, 1, 4.80374e+19
Pixel 92, 201, 1, 1, 4.80374e+19
Pixel 92, 202, 1, 1, 4.80374e+19
Pixel 93, 202, 1, 1, 4.80374e+19
Pixel 93, 203, 1, 1, 4.80374e+19
Pixel 92, 203, 1, 1, 4.80374e+19
Pixel 92, 204, 1, 1, 4.80374e+19
Pixel 93, 204, 1, 1, 4.80374e+19
Pixel 93, 205, 1, 1, 4.80374e+19
Pixel 92, 205, 1, 1, 4.80374e+19
Pixel 92, 206, 1, 1, 4.80374e+19
Pixel 93, 206, 1, 1, 4.80374e+19
Pixel 93, 207, 1, 1, 4.80374e+19
Pixel 92, 207, 1, 1, 4.80374e+19
Pixel 92, 208, 1, 1, 4.80374e+19
Pixel 93, 208, 1, 1, 4.80374e+19
Pixel 93, 209, 1, 1, 4.80374e+19
Pixel 92, 209, 1, 1, 4.80374e+19
Pixel 92, 210, 1, 1, 4.80374e+19
Pixel 93, 210, 1, 1, 4.80374e+19
Pixel 93, 211, 1, 1, 4.80374e+19
Pixel 92, 211, 1, 1, 4.80374e+19
Pixel 92, 212, 1, 1, 4.80374e+19
Pixel 93, 212, 1, 1, 4.80374e+19
Pixel 93, 213, 1, 1, 4.80374e+19
Pixel 92, 213, 1, 1, 4.80374e+19
Pixel 92, 214, 1, 1, 4.80374e+19
Pixel 93, 214, 1, 1, 4.80374e+19
Pixel 93, 215, 1, 1, 4.80374e+19
Pixel 92, 215, 1, 1, 4.80374e+19
Pixel 92, 216, 1, 1, 4.80374e+19
Pixel 93, 216, 1, 1, 4.80374e+19
Pixel 93, 217, 1, 1, 4.80374e+19
Pixel 92, 217, 1, 1, 4.80374e+19
Pixel 92, 218, 1, 1, 4.80374e+19
Pixel 93, 218, 1, 1, 4.80374e+19
Pixel 93, 219, 1, 1, 4.80374e+19
Pixel 92, 219, 1, 1, 4.80374e+19
Pixel 92, 220, 1, 1, 4.80374e+19
Pixel 93, 220, 1, 1, 4.80374e+19
Pixel 93, 221, 1, 1, 4.80374e+19
Pixel 92, 221, 1, 1, 4.80374e+19
Pixel 92, 222, 1, 1, 4.80374e+19
Pixel 93, 222, 1, 1, 4.80374e+19
Pixel 93, 223, 1, 1, 4.80374e+19
Pixel 92, 223, 1, 1, 4.80374e+19
Pixel 92, 224, 1, 1, 4.80374e+19
Pixel 93, 224, 1, 1, 4.80374e+19
Pixel 93, 225, 1, 1, 4.80374e+19
Pixel 92, 225, 1, 1, 4.80374e+19
Pixel 92, 226, 1, 1, 4.80374e+19
Pixel 93, 226, 1, 1, 4.80374e+19
Pixel 93, 227, 1, 1, 4.80374e+19
Pixel 92, 227, 1, 1, 4.80374e+19
Pixel 92, 228, 1, 1, 4.80374e+19
Pixel 93, 228, 1, 1, 4.80374e+19
Pixel 93, 229, 1, 1, 4.80374e+19
Pixel 92, 229, 1, 1, 4.80374e+19
Pixel 92, 230, 1, 1, 4.80374e+19
Pixel 93, 230, 1, 1, 4.80374e+19
Pixel 93, 231, 1, 1, 4.80374e+19
Pixel 92, 231, 1, 1, 4.80374e+19
Pixel 92, 232, 1, 1, 4.80374e+19
Pixel 93, 232, 1, 1, 4.80374e+19
Pixel 93, 233, 1, 1, 4.80374e+19
Pixel 92, 233, 1, 1, 4.80374e+19
Pixel 92, 234, 1, 1, 4.80374e+19
Pixel 93, 234, 1, 1, 4.80374e+19
Pixel 93, 235, 1, 1, 4.80374e+19
Pixel 92, 235, 1, 1, 4.80374e+19
Pixel 92, 236, 1, 1, 4.80374e+19
Pixel 93, 236, 1, 1, 4.80374e+19
Pixel 93, 237, 1, 1, 4.80374e+19
Pixel 92, 237, 1, 1, 4.80374e+19
Pixel 92, 238, 1, 1, 4.80374e+19
Pixel 93, 238, 1, 1, 4.80374e+19
Pixel 93, 239, 1, 1, 4.80374e+19
Pixel 92, 239, 1, 1, 4.80374e+19
Pixel 92, 240, 1, 1, 4.80374e+19
Pixel 93, 240, 1, 1, 4.80374e+19
Pixel 93, 241, 1, 1, 4.80374e+19
Pixel 92, 241, 1, 1, 4.80374e+19
Pixel 92, 242, 1, 1, 4.80374e+19
Pixel 93, 242, 1, 1, 4.80374e+19
Pixel 93, 243, 1, 1, 4.80374e+19
Pixel 92, 243, 1, 1, 4.80374e+19
Pixel 92, 244, 1, 1, 4.80374e+19
Pixel 93, 244, 1, 1, 4.80374e+19
Pixel 93, 245, 1, 1, 4.80374e+19
Pixel 92, 245, 1, 1, 4.80374e+19
Pixel 92, 246, 1, 1, 4.80374e+19
Pixel 93, 246, 1, 1, 4.80374e+19
Pixel 93, 247, 1, 1, 4.80374e+19
Pixel 92, 247, 1, 1, 4.80374e+19
Pixel 92, 248, 1, 1, 4.80374e+19
Pixel 93, 248, 1, 1, 4.80374e+19
Pixel 93, 249, 1, 1, 4.80374e+19
Pixel 92, 249, 1, 1, 4.80374e+19
Pixel 92, 250, 1, 1, 4.80374e+19
Pixel 93, 250, 1, 1, 4.80374e+19
Pixel 93, 251, 1, 1, 4.80374e+19
Pixel 92, 251, 1, 1, 4.80374e+19
Pixel 92, 252, 1, 1, 4.80374e+19
Pixel 93, 252, 1, 1, 4.80374e+19
Pixel 93, 253, 1, 1, 4.80374e+19
Pixel 92, 253, 1, 1, 4.80374e+19
Pixel 92, 254, 1, 1, 4.80374e+19
Pixel 93, 254, 1, 1, 4.80374e+19
Pixel 93, 255, 1, 1, 4.80374e+19
Pixel 92, 255, 1, 1, 4.80374e+19
--- pALPIDEfs_0 ---
Cluster -12.2662, -3.44969, (-12.2662,-3.44969,-60), 511, 0, 511, 2, 256, 4.80374e+19
=== 94229 ===
--- pALPIDEfs_4 ---
Pixel 903, 10, 1, 1, 4.80374e+19
Pixel 903, 11, 1, 1, 4.80374e+19
--- pALPIDEfs_4 ---
Cluster 11.4328, -6.59904, (11.4328,-6.59904,20), 2, 0, 2, 1, 2, 4.80374e+19
=== 94873 ===
--- pALPIDEfs_0 ---
Pixel 287, 182, 1, 1, 4.80374e+19
Pixel 287, 183, 1, 1, 4.80374e+19
Pixel 288, 182, 1, 1, 4.80374e+19
Pixel 288, 183, 1, 1, 4.80374e+19
--- pALPIDEfs_0 ---
Cluster -6.56438, -1.97568, (-6.56438,-1.97568,-60), 4, 0, 4, 2, 2, 4.80374e+19
=== 95940 ===
--- pALPIDEfs_1 ---
Pixel 461, 122, 1, 1, 4.80374e+19
Pixel 461, 123, 1, 1, 4.80374e+19
Pixel 462, 122, 1, 1, 4.80374e+19
--- pALPIDEfs_1 ---
Cluster -1.48149, -3.59296, (-1.48149,-3.59296,-40), 3, 0, 3, 2, 2, 4.80374e+19
=== 120289 ===
--- pALPIDEfs_1 ---
Pixel 795, 391, 1, 1, 4.80374e+19
Pixel 794, 391, 1, 1, 4.80374e+19
Pixel 794, 392, 1, 1, 4.80374e+19
Pixel 795, 392, 1, 1, 4.80374e+19
--- pALPIDEfs_1 ---
Cluster 8.2603, 3.64224, (8.2603,3.64224,-40), 4, 0, 4, 2, 2, 4.80374e+19
=== 136316 ===
--- pALPIDEfs_0 ---
Pixel 532, 158, 1, 1, 4.80374e+19
Pixel 532, 159, 1, 1, 4.80374e+19
--- pALPIDEfs_1 ---
Pixel 296, 128, 1, 1, 4.80374e+19
Pixel 297, 128, 1, 1, 4.80374e+19
--- pALPIDEfs_0 ---
Cluster 0.5848, -2.6208, (0.5848,-2.6208,-60), 2, 0, 2, 1, 2, 4.80374e+19
--- pALPIDEfs_1 ---
Cluster -6.30122, -3.44064, (-6.30122,-3.44064,-40), 2, 0, 2, 2, 1, 4.80374e+19
=== 149717 ===
--- pALPIDEfs_0 ---
Pixel 394, 359, 1, 1, 4.80374e+19
Pixel 394, 360, 1, 1, 4.80374e+19
--- pALPIDEfs_0 ---
Cluster -3.45032, 2.78208, (-3.45032,2.78208,-60), 2, 0, 2, 1, 2, 4.80374e+19
=== 187817 ===
--- pALPIDEfs_0 ---
Pixel 25, 46, 1, 1, 4.80374e+19
Pixel 25, 47, 1, 1, 4.80374e+19
Pixel 24, 47, 1, 1, 4.80374e+19
--- pALPIDEfs_0 ---
Cluster -14.2496, -5.62688, (-14.2496,-5.62688,-60), 3, 0, 3, 2, 2, 4.80374e+19
=== 190360 ===
--- pALPIDEfs_1 ---
Pixel 291, 180, 1, 1, 4.80374e+19
--- pALPIDEfs_1 ---
Cluster -6.46204, -2.04288, (-6.46204,-2.04288,-40), 1, 0, 1, 1, 1, 4.80374e+19
=== 197181 ===
--- pALPIDEfs_0 ---
Pixel 672, 192, 1, 1, 4.80374e+19
--- pALPIDEfs_0 ---
Cluster 4.6784, -1.72032, (4.6784,-1.72032,-60), 1, 0, 1, 1, 1, 4.80374e+19
=== 301939 ===
--- pALPIDEfs_0 ---
Pixel 990, 46, 1, 1, 4.80374e+19
Pixel 991, 46, 1, 1, 4.80374e+19
Pixel 991, 47, 1, 1, 4.80374e+19
Pixel 992, 46, 1, 1, 4.80374e+19
Pixel 993, 47, 1, 1, 4.80374e+19
Pixel 992, 47, 1, 1, 4.80374e+19
Pixel 994, 47, 1, 1, 4.80374e+19
--- pALPIDEfs_0 ---
Cluster 14.031, -5.62944, (14.031,-5.62944,-60), 7, 0, 7, 5, 2, 4.80374e+19
=== 312317 ===
--- pALPIDEfs_0 ---
Pixel 383, 119, 1, 1, 4.80374e+19
--- pALPIDEfs_0 ---
Cluster -3.77196, -3.68256, (-3.77196,-3.68256,-60), 1, 0, 1, 1, 1, 4.80374e+19
=== 413952 ===
--- pALPIDEfs_0 ---
Pixel 210, 105, 1, 1, 4.80374e+19
--- pALPIDEfs_0 ---
Cluster -8.83048, -4.05888, (-8.83048,-4.05888,-60), 1, 0, 1, 1, 1, 4.80374e+19
=== 490965 ===
--- pALPIDEfs_1 ---
Pixel 870, 452, 1, 1, 4.80374e+19
Pixel 871, 452, 1, 1, 4.80374e+19
--- pALPIDEfs_1 ---
Cluster 10.4825, 5.26848, (10.4825,5.26848,-40), 2, 0, 2, 2, 1, 4.80374e+19
=== 553147 ===
--- pALPIDEfs_0 ---
Pixel 448, 213, 1, 1, 4.80374e+19
Pixel 448, 214, 1, 1, 4.80374e+19
--- pALPIDEfs_0 ---
Cluster -1.87136, -1.1424, (-1.87136,-1.1424,-60), 2, 0, 2, 1, 2, 4.80374e+19
=== 581321 ===
--- pALPIDEfs_4 ---
Pixel 81, 209, 1, 1, 4.80374e+19
--- pALPIDEfs_4 ---
Cluster -12.6024, -1.26336, (-12.6024,-1.26336,20), 1, 0, 1, 1, 1, 4.80374e+19
=== 623977 ===
--- pALPIDEfs_4 ---
Pixel 726, 218, 1, 1, 4.80374e+19
Pixel 726, 219, 1, 1, 4.80374e+19
--- pALPIDEfs_4 ---
Cluster 6.25736, -1.008, (6.25736,-1.008,20), 2, 0, 2, 1, 2, 4.80374e+19
=== 628908 ===
--- pALPIDEfs_4 ---
Pixel 397, 431, 1, 1, 4.80374e+19
Pixel 398, 431, 1, 1, 4.80374e+19
Pixel 398, 432, 1, 1, 4.80374e+19
Pixel 398, 434, 1, 1, 4.80374e+19
Pixel 398, 435, 1, 1, 4.80374e+19
Pixel 398, 436, 1, 1, 4.80374e+19
Pixel 398, 437, 1, 1, 4.80374e+19
--- pALPIDEfs_4 ---
Cluster -3.34311, 4.71296, (-3.34311,4.71296,20), 3, 0, 3, 2, 2, 4.80374e+19
Cluster -3.33336, 4.82496, (-3.33336,4.82496,20), 4, 0, 4, 1, 4, 4.80374e+19
=== 702345 ===
--- pALPIDEfs_1 ---
Pixel 984, 152, 1, 1, 4.80374e+19
Pixel 985, 152, 1, 1, 4.80374e+19
--- pALPIDEfs_1 ---
Cluster 13.8159, -2.79552, (13.8159,-2.79552,-40), 2, 0, 2, 2, 1, 4.80374e+19
=== 725933 ===
--- pALPIDEfs_1 ---
Pixel 515, 115, 1, 1, 4.80374e+19
Pixel 516, 115, 1, 1, 4.80374e+19
--- pALPIDEfs_1 ---
Cluster 0.10234, -3.79008, (0.10234,-3.79008,-40), 2, 0, 2, 2, 1, 4.80374e+19
=== 728309 ===
--- pALPIDEfs_0 ---
Pixel 227, 389, 1, 1, 4.80374e+19
Pixel 227, 390, 1, 1, 4.80374e+19
--- pALPIDEfs_0 ---
Cluster -8.3334, 3.58848, (-8.3334,3.58848,-60), 2, 0, 2, 1, 2, 4.80374e+19
=== 739437 ===
--- pALPIDEfs_1 ---
Pixel 491, 234, 1, 1, 4.80374e+19
Pixel 491, 235, 1, 1, 4.80374e+19
Pixel 492, 234, 1, 1, 4.80374e+19
Pixel 492, 235, 1, 1, 4.80374e+19
--- pALPIDEfs_1 ---
Cluster -0.59942, -0.57792, (-0.59942,-0.57792,-40), 4, 0, 4, 2, 2, 4.80374e+19
=== 757325 ===
--- pALPIDEfs_1 ---
Pixel 263, 398, 1, 1, 4.80374e+19
Pixel 264, 398, 1, 1, 4.80374e+19
Pixel 264, 399, 1, 1, 4.80374e+19
--- pALPIDEfs_1 ---
Cluster -7.26127, 3.82592, (-7.26127,3.82592,-40), 3, 0, 3, 2, 2, 4.80374e+19
=== 812859 ===
--- pALPIDEfs_4 ---
Pixel 821, 177, 1, 1, 4.80374e+19
Pixel 821, 178, 1, 1, 4.80374e+19
Pixel 822, 177, 1, 1, 4.80374e+19
--- pALPIDEfs_4 ---
Cluster 9.04491, -2.11456, (9.04491,-2.11456,20), 3, 0, 3, 2, 2, 4.80374e+19
=== 852577 ===
--- pALPIDEfs_4 ---
Pixel 929, 288, 1, 1, 4.80374e+19
--- pALPIDEfs_4 ---
Cluster 12.1931, 0.86016, (12.1931,0.86016,20), 1, 0, 1, 1, 1, 4.80374e+19
=== 878036 ===
--- pALPIDEfs_1 ---
Pixel 946, 276, 1, 1, 4.80374e+19
Pixel 947, 276, 1, 1, 4.80374e+19
Pixel 947, 277, 1, 1, 4.80374e+19
Pixel 946, 277, 1, 1, 4.80374e+19
--- pALPIDEfs_1 ---
Cluster 12.7048, 0.55104, (12.7048,0.55104,-40), 4, 0, 4, 2, 2, 4.80374e+19
=== 912340 ===
--- pALPIDEfs_4 ---
Pixel 651, 309, 1, 1, 4.80374e+19
Pixel 651, 310, 1, 1, 4.80374e+19
--- pALPIDEfs_4 ---
Cluster 4.06436, 1.43808, (4.06436,1.43808,20), 2, 0, 2, 1, 2, 4.80374e+19
=== 927019 ===
--- pALPIDEfs_4 ---
Pixel 431, 137, 1, 1, 4.80374e+19
Pixel 430, 137, 1, 1, 4.80374e+19
--- pALPIDEfs_4 ---
Cluster -2.38306, -3.19872, (-2.38306,-3.19872,20), 2, 0, 2, 2, 1, 4.80374e+19
=== 1022865 ===
--- pALPIDEfs_1 ---
Pixel 606, 208, 1, 1, 4.80374e+19
Pixel 606, 209, 1, 1, 4.80374e+19
--- pALPIDEfs_1 ---
Cluster 2.74856, -1.2768, (2.74856,-1.2768,-40), 2, 0, 2, 1, 2, 4.80374e+19
=== 1032980 ===
--- pALPIDEfs_1 ---
Pixel 781, 103, 1, 1, 4.80374e+19
Pixel 781, 104, 1, 1, 4.80374e+19
--- pALPIDEfs_1 ---
Cluster 7.86556, -4.0992, (7.86556,-4.0992,-40), 2, 0, 2, 1, 2, 4.80374e+19
=== 1073891 ===
--- pALPIDEfs_1 ---
Pixel 548, 352, 1, 1, 4.80374e+19
--- pALPIDEfs_1 ---
Cluster 1.05264, 2.58048, (1.05264,2.58048,-40), 1, 0, 1, 1, 1, 4.80374e+19
=== 1081396 ===
--- pALPIDEfs_0 ---
Pixel 635, 314, 1, 1, 4.80374e+19
--- pALPIDEfs_0 ---
Cluster 3.59652, 1.55904, (3.59652,1.55904,-60), 1, 0, 1, 1, 1, 4.80374e+19
=== 1106042 ===
--- pALPIDEfs_4 ---
Pixel 243, 12, 1, 1, 4.80374e+19
Pixel 244, 12, 1, 1, 4.80374e+19
Pixel 245, 13, 1, 1, 4.80374e+19
Pixel 244, 13, 1, 1, 4.80374e+19
Pixel 244, 14, 1, 1, 4.80374e+19
Pixel 245, 14, 1, 1, 4.80374e+19
Pixel 245, 15, 1, 1, 4.80374e+19
Pixel 245, 16, 1, 1, 4.80374e+19
Pixel 246, 14, 1, 1, 4.80374e+19
Pixel 246, 15, 1, 1, 4.80374e+19
Pixel 246, 16, 1, 1, 4.80374e+19
--- pALPIDEfs_4 ---
Cluster -7.8124, -6.50496, (-7.8124,-6.50496,20), 11, 0, 11, 4, 5, 4.80374e+19
=== 1113519 ===
--- pALPIDEfs_0 ---
Pixel 805, 427, 1, 1, 4.80374e+19
Pixel 805, 428, 1, 1, 4.80374e+19
Pixel 806, 427, 1, 1, 4.80374e+19
--- pALPIDEfs_1 ---
Pixel 413, 315, 1, 1, 4.80374e+19
Pixel 413, 316, 1, 1, 4.80374e+19
--- pALPIDEfs_0 ---
Cluster 8.57707, 4.60544, (8.57707,4.60544,-60), 3, 0, 3, 2, 2, 4.80374e+19
--- pALPIDEfs_1 ---
Cluster -2.89476, 1.59936, (-2.89476,1.59936,-40), 2, 0, 2, 1, 2, 4.80374e+19
=== 1118457 ===
--- pALPIDEfs_0 ---
Pixel 608, 182, 1, 1, 4.80374e+19
Pixel 609, 182, 1, 1, 4.80374e+19
--- pALPIDEfs_0 ---
Cluster 2.82166, -1.98912, (2.82166,-1.98912,-60), 2, 0, 2, 2, 1, 4.80374e+19
=== 1124889 ===
--- pALPIDEfs_0 ---
Pixel 868, 176, 1, 1, 4.80374e+19
Pixel 869, 176, 1, 1, 4.80374e+19
--- pALPIDEfs_0 ---
Cluster 10.4241, -2.1504, (10.4241,-2.1504,-60), 2, 0, 2, 2, 1, 4.80374e+19
=== 1127834 ===
--- pALPIDEfs_1 ---
Pixel 91, 100, 1, 1, 4.80374e+19
Pixel 91, 101, 1, 1, 4.80374e+19
Pixel 91, 102, 1, 1, 4.80374e+19
Pixel 92, 101, 1, 1, 4.80374e+19
Pixel 92, 102, 1, 1, 4.80374e+19
Pixel 92, 103, 1, 1, 4.80374e+19
Pixel 92, 104, 1, 1, 4.80374e+19
Pixel 93, 104, 1, 1, 4.80374e+19
Pixel 93, 105, 1, 1, 4.80374e+19
Pixel 92, 105, 1, 1, 4.80374e+19
Pixel 93, 106, 1, 1, 4.80374e+19
Pixel 93, 107, 1, 1, 4.80374e+19
Pixel 94, 107, 1, 1, 4.80374e+19
Pixel 94, 108, 1, 1, 4.80374e+19
--- pALPIDEfs_1 ---
Cluster -12.2704, -4.08768, (-12.2704,-4.08768,-40), 14, 0, 14, 4, 9, 4.80374e+19
=== 1136270 ===
--- pALPIDEfs_4 ---
Pixel 441, 35, 1, 1, 4.80374e+19
Pixel 440, 35, 1, 1, 4.80374e+19
Pixel 440, 36, 1, 1, 4.80374e+19
Pixel 441, 36, 1, 1, 4.80374e+19
--- pALPIDEfs_4 ---
Cluster -2.09066, -5.92704, (-2.09066,-5.92704,20), 4, 0, 4, 2, 2, 4.80374e+19
=== 1149257 ===
--- pALPIDEfs_1 ---
Pixel 450, 341, 1, 1, 4.80374e+19
Pixel 450, 342, 1, 1, 4.80374e+19
Pixel 451, 342, 1, 1, 4.80374e+19
--- pALPIDEfs_1 ---
Cluster -1.80313, 2.30272, (-1.80313,2.30272,-40), 3, 0, 3, 2, 2, 4.80374e+19
=== 1160653 ===
--- pALPIDEfs_1 ---
Pixel 511, 311, 1, 1, 4.80374e+19
Pixel 511, 312, 1, 1, 4.80374e+19
Pixel 512, 312, 1, 1, 4.80374e+19
--- pALPIDEfs_1 ---
Cluster -0.0194933, 1.49632, (-0.0194933,1.49632,-40), 3, 0, 3, 2, 2, 4.80374e+19
=== 1257258 ===
--- pALPIDEfs_4 ---
Pixel 263, 127, 1, 1, 4.80374e+19
Pixel 262, 128, 1, 1, 4.80374e+19
Pixel 263, 128, 1, 1, 4.80374e+19
--- pALPIDEfs_4 ---
Cluster -7.29051, -3.4496, (-7.29051,-3.4496,20), 3, 0, 3, 2, 2, 4.80374e+19
=== 1271673 ===
--- pALPIDEfs_1 ---
Pixel 243, 338, 1, 1, 4.80374e+19
Pixel 244, 338, 1, 1, 4.80374e+19
Pixel 245, 339, 1, 1, 4.80374e+19
Pixel 244, 339, 1, 1, 4.80374e+19
--- pALPIDEfs_1 ---
Cluster -7.83632, 2.2176, (-7.83632,2.2176,-40), 4, 0, 4, 3, 2, 4.80374e+19
=== 1285710 ===
--- pALPIDEfs_4 ---
Pixel 417, 88, 1, 1, 4.80374e+19
Pixel 419, 87, 1, 1, 4.80374e+19
Pixel 418, 87, 1, 1, 4.80374e+19
Pixel 418, 88, 1, 1, 4.80374e+19
Pixel 419, 88, 1, 1, 4.80374e+19
Pixel 418, 89, 1, 1, 4.80374e+19
--- pALPIDEfs_4 ---
Cluster -2.74369, -4.52032, (-2.74369,-4.52032,20), 6, 0, 6, 3, 3, 4.80374e+19
=== 1300861 ===
--- pALPIDEfs_4 ---
Pixel 405, 507, 1, 1, 4.80374e+19
--- pALPIDEfs_4 ---
Cluster -3.12868, 6.74688, (-3.12868,6.74688,20), 1, 0, 1, 1, 1, 4.80374e+19
=== 1340720 ===
--- pALPIDEfs_4 ---
Pixel 799, 219, 1, 1, 4.80374e+19
Pixel 798, 219, 1, 1, 4.80374e+19
Pixel 798, 220, 1, 1, 4.80374e+19
Pixel 799, 220, 1, 1, 4.80374e+19
--- pALPIDEfs_4 ---
Cluster 8.37726, -0.98112, (8.37726,-0.98112,20), 4, 0, 4, 2, 2, 4.80374e+19
=== 1353792 ===
--- pALPIDEfs_4 ---
Pixel 547, 7, 1, 1, 4.80374e+19
Pixel 547, 8, 1, 1, 4.80374e+19
Pixel 548, 7, 1, 1, 4.80374e+19
--- pALPIDEfs_4 ---
Cluster 1.03315, -6.68416, (1.03315,-6.68416,20), 3, 0, 3, 2, 2, 4.80374e+19
=== 1377068 ===
--- pALPIDEfs_0 ---
Pixel 883, 96, 1, 1, 4.80374e+19
Pixel 883, 97, 1, 1, 4.80374e+19
Pixel 883, 98, 1, 1, 4.80374e+19
Pixel 884, 98, 1, 1, 4.80374e+19
Pixel 885, 99, 1, 1, 4.80374e+19
Pixel 884, 99, 1, 1, 4.80374e+19
Pixel 884, 100, 1, 1, 4.80374e+19
Pixel 885, 100, 1, 1, 4.80374e+19
--- pALPIDEfs_0 ---
Cluster 10.8736, -4.23696, (10.8736,-4.23696,-60), 8, 0, 8, 3, 5, 4.80374e+19
=== 1381780 ===
--- pALPIDEfs_4 ---
Pixel 234, 217, 1, 1, 4.80374e+19
Pixel 234, 218, 1, 1, 4.80374e+19
--- pALPIDEfs_4 ---
Cluster -8.12872, -1.03488, (-8.12872,-1.03488,20), 2, 0, 2, 1, 2, 4.80374e+19
=== 1434016 ===
--- pALPIDEfs_0 ---
Pixel 832, 293, 1, 1, 4.80374e+19
Pixel 832, 294, 1, 1, 4.80374e+19
--- pALPIDEfs_0 ---
Cluster 9.3568, 1.008, (9.3568,1.008,-60), 2, 0, 2, 1, 2, 4.80374e+19
=== 1502632 ===
--- pALPIDEfs_4 ---
Pixel 723, 42, 1, 1, 4.80374e+19
Pixel 724, 42, 1, 1, 4.80374e+19
--- pALPIDEfs_4 ---
Cluster 6.18426, -5.75232, (6.18426,-5.75232,20), 2, 0, 2, 2, 1, 4.80374e+19
=== 1514623 ===
--- pALPIDEfs_1 ---
Pixel 584, 468, 1, 1, 4.80374e+19
Pixel 584, 469, 1, 1, 4.80374e+19
--- pALPIDEfs_1 ---
Cluster 2.10528, 5.712, (2.10528,5.712,-40), 2, 0, 2, 1, 2, 4.80374e+19
=== 1524434 ===
--- pALPIDEfs_1 ---
Pixel 811, 209, 1, 1, 4.80374e+19
Pixel 811, 210, 1, 1, 4.80374e+19
Pixel 812, 210, 1, 1, 4.80374e+19
--- pALPIDEfs_1 ---
Cluster 8.75251, -1.24544, (8.75251,-1.24544,-40), 3, 0, 3, 2, 2, 4.80374e+19
=== 1642521 ===
--- pALPIDEfs_1 ---
Pixel 889, 166, 1, 1, 4.80374e+19
Pixel 889, 167, 1, 1, 4.80374e+19
Pixel 890, 166, 1, 1, 4.80374e+19
Pixel 890, 167, 1, 1, 4.80374e+19
--- pALPIDEfs_1 ---
Cluster 11.0381, -2.40576, (11.0381,-2.40576,-40), 4, 0, 4, 2, 2, 4.80374e+19
=== 1649255 ===
--- pALPIDEfs_0 ---
Pixel 48, 80, 1, 1, 4.80374e+19
Pixel 49, 80, 1, 1, 4.80374e+19
--- pALPIDEfs_1 ---
Pixel 235, 489, 1, 1, 4.80374e+19
--- pALPIDEfs_0 ---
Cluster -13.5527, -4.73088, (-13.5527,-4.73088,-60), 2, 0, 2, 2, 1, 4.80374e+19
--- pALPIDEfs_1 ---
Cluster -8.09948, 6.26304, (-8.09948,6.26304,-40), 1, 0, 1, 1, 1, 4.80374e+19
=== 1698184 ===
--- pALPIDEfs_0 ---
Pixel 765, 178, 1, 1, 4.80374e+19
Pixel 765, 179, 1, 1, 4.80374e+19
Pixel 765, 180, 1, 1, 4.80374e+19
--- pALPIDEfs_0 ---
Cluster 7.39772, -2.06976, (7.39772,-2.06976,-60), 3, 0, 3, 1, 3, 4.80374e+19
=== 1711963 ===
--- pALPIDEfs_4 ---
Pixel 375, 135, 1, 1, 4.80374e+19
--- pALPIDEfs_4 ---
Cluster -4.00588, -3.25248, (-4.00588,-3.25248,20), 1, 0, 1, 1, 1, 4.80374e+19
=== 1727217 ===
--- pALPIDEfs_1 ---
Pixel 773, 344, 1, 1, 4.80374e+19
Pixel 773, 345, 1, 1, 4.80374e+19
Pixel 774, 344, 1, 1, 4.80374e+19
Pixel 775, 345, 1, 1, 4.80374e+19
Pixel 774, 345, 1, 1, 4.80374e+19
Pixel 774, 346, 1, 1, 4.80374e+19
Pixel 775, 346, 1, 1, 4.80374e+19
Pixel 775, 347, 1, 1, 4.80374e+19
Pixel 774, 347, 1, 1, 4.80374e+19
Pixel 775, 348, 1, 1, 4.80374e+19
--- pALPIDEfs_1 ---
Cluster 7.66673, 2.41114, (7.66673,2.41114,-40), 10, 0, 10, 3, 5, 4.80374e+19
=== 1757385 ===
--- pALPIDEfs_0 ---
Pixel 963, 105, 1, 1, 4.80374e+19
Pixel 962, 105, 1, 1, 4.80374e+19
--- pALPIDEfs_0 ---
Cluster 13.1726, -4.05888, (13.1726,-4.05888,-60), 2, 0, 2, 2, 1, 4.80374e+19
=== 1792550 ===
--- pALPIDEfs_0 ---
Pixel 92, 375, 1, 1, 4.80374e+19
Pixel 92, 376, 1, 1, 4.80374e+19
--- pALPIDEfs_0 ---
Cluster -12.2808, 3.21216, (-12.2808,3.21216,-60), 2, 0, 2, 1, 2, 4.80374e+19
=== 1831567 ===
--- pALPIDEfs_1 ---
Pixel 357, 201, 1, 1, 4.80374e+19
Pixel 358, 200, 1, 1, 4.80374e+19
Pixel 358, 201, 1, 1, 4.80374e+19
--- pALPIDEfs_1 ---
Cluster -4.51271, -1.48736, (-4.51271,-1.48736,-40), 3, 0, 3, 2, 2, 4.80374e+19
=== 1850512 ===
--- pALPIDEfs_0 ---
Pixel 282, 257, 1, 1, 4.80374e+19
Pixel 282, 258, 1, 1, 4.80374e+19
--- pALPIDEfs_0 ---
Cluster -6.7252, 0.04032, (-6.7252,0.04032,-60), 2, 0, 2, 1, 2, 4.80374e+19
=== 1899279 ===
--- pALPIDEfs_0 ---
Pixel 365, 40, 1, 1, 4.80374e+19
Pixel 366, 39, 1, 1, 4.80374e+19
Pixel 366, 40, 1, 1, 4.80374e+19
Pixel 366, 41, 1, 1, 4.80374e+19
--- pALPIDEfs_0 ---
Cluster -4.27635, -5.80608, (-4.27635,-5.80608,-60), 4, 0, 4, 2, 3, 4.80374e+19
=== 1917187 ===
--- pALPIDEfs_4 ---
Pixel 453, 225, 1, 1, 4.80374e+19
Pixel 453, 226, 1, 1, 4.80374e+19
Pixel 454, 225, 1, 1, 4.80374e+19
Pixel 454, 226, 1, 1, 4.80374e+19
--- pALPIDEfs_4 ---
Cluster -1.71054, -0.81984, (-1.71054,-0.81984,20), 4, 0, 4, 2, 2, 4.80374e+19
=== 1920678 ===
--- pALPIDEfs_1 ---
Pixel 738, 511, 1, 1, 4.80374e+19
--- pALPIDEfs_1 ---
Cluster 6.60824, 6.8544, (6.60824,6.8544,-40), 1, 0, 1, 1, 1, 4.80374e+19
=== 1947158 ===
--- pALPIDEfs_0 ---
Pixel 531, 456, 1, 1, 4.80374e+19
Pixel 532, 456, 1, 1, 4.80374e+19
--- pALPIDEfs_1 ---
Pixel 420, 107, 1, 1, 4.80374e+19
--- pALPIDEfs_0 ---
Cluster 0.57018, 5.376, (0.57018,5.376,-60), 2, 0, 2, 2, 1, 4.80374e+19
--- pALPIDEfs_1 ---
Cluster -2.69008, -4.00512, (-2.69008,-4.00512,-40), 1, 0, 1, 1, 1, 4.80374e+19
=== 2033541 ===
--- pALPIDEfs_1 ---
Pixel 509, 373, 1, 1, 4.80374e+19
Pixel 508, 374, 1, 1, 4.80374e+19
Pixel 509, 374, 1, 1, 4.80374e+19
Pixel 511, 372, 1, 1, 4.80374e+19
Pixel 511, 373, 1, 1, 4.80374e+19
Pixel 510, 373, 1, 1, 4.80374e+19
Pixel 512, 372, 1, 1, 4.80374e+19
--- pALPIDEfs_1 ---
Cluster -0.05848, 3.14496, (-0.05848,3.14496,-40), 7, 0, 7, 5, 3, 4.80374e+19
=== 2038279 ===
--- pALPIDEfs_1 ---
Pixel 151, 311, 1, 1, 4.80374e+19
Pixel 151, 312, 1, 1, 4.80374e+19
Pixel 152, 311, 1, 1, 4.80374e+19
Pixel 152, 312, 1, 1, 4.80374e+19
--- pALPIDEfs_1 ---
Cluster -10.541, 1.49184, (-10.541,1.49184,-40), 4, 0, 4, 2, 2, 4.80374e+19
=== 2042560 ===
--- pALPIDEfs_4 ---
Pixel 571, 419, 1, 1, 4.80374e+19
Pixel 570, 419, 1, 1, 4.80374e+19
Pixel 570, 420, 1, 1, 4.80374e+19
Pixel 571, 420, 1, 1, 4.80374e+19
--- pALPIDEfs_4 ---
Cluster 1.71054, 4.39488, (1.71054,4.39488,20), 4, 0, 4, 2, 2, 4.80374e+19
=== 2048496 ===
--- pALPIDEfs_1 ---
Pixel 729, 471, 1, 1, 4.80374e+19
--- pALPIDEfs_1 ---
Cluster 6.34508, 5.7792, (6.34508,5.7792,-40), 1, 0, 1, 1, 1, 4.80374e+19
=== 2075673 ===
--- pALPIDEfs_4 ---
Pixel 236, 74, 1, 1, 4.80374e+19
--- pALPIDEfs_4 ---
Cluster -8.07024, -4.89216, (-8.07024,-4.89216,20), 1, 0, 1, 1, 1, 4.80374e+19
=== 2100084 ===
--- pALPIDEfs_1 ---
Pixel 778, 386, 1, 1, 4.80374e+19
Pixel 779, 386, 1, 1, 4.80374e+19
Pixel 779, 387, 1, 1, 4.80374e+19
Pixel 778, 387, 1, 1, 4.80374e+19
--- pALPIDEfs_1 ---
Cluster 7.79246, 3.50784, (7.79246,3.50784,-40), 4, 0, 4, 2, 2, 4.80374e+19
=== 2120842 ===
--- pALPIDEfs_0 ---
Pixel 608, 454, 1, 1, 4.80374e+19
Pixel 609, 454, 1, 1, 4.80374e+19
--- pALPIDEfs_0 ---
Cluster 2.82166, 5.32224, (2.82166,5.32224,-60), 2, 0, 2, 2, 1, 4.80374e+19
=== 2205232 ===
--- pALPIDEfs_0 ---
Pixel 511, 415, 1, 1, 4.80374e+19
Pixel 511, 416, 1, 1, 4.80374e+19
Pixel 512, 415, 1, 1, 4.80374e+19
Pixel 512, 416, 1, 1, 4.80374e+19
Pixel 767, 35, 1, 1, 4.80374e+19
Pixel 767, 36, 1, 1, 4.80374e+19
Pixel 768, 35, 1, 1, 4.80374e+19
Pixel 768, 36, 1, 1, 4.80374e+19
--- pALPIDEfs_0 ---
Cluster -0.01462, 4.28736, (-0.01462,4.28736,-60), 4, 0, 4, 2, 2, 4.80374e+19
Cluster 7.47082, -5.92704, (7.47082,-5.92704,-60), 4, 0, 4, 2, 2, 4.80374e+19
=== 2213664 ===
--- pALPIDEfs_4 ---
Pixel 477, 221, 1, 1, 4.80374e+19
Pixel 478, 221, 1, 1, 4.80374e+19
Pixel 478, 222, 1, 1, 4.80374e+19
--- pALPIDEfs_4 ---
Cluster -1.00391, -0.93184, (-1.00391,-0.93184,20), 3, 0, 3, 2, 2, 4.80374e+19
=== 2247771 ===
--- pALPIDEfs_4 ---
Pixel 277, 47, 1, 1, 4.80374e+19
Pixel 277, 48, 1, 1, 4.80374e+19
Pixel 278, 47, 1, 1, 4.80374e+19
Pixel 278, 48, 1, 1, 4.80374e+19
--- pALPIDEfs_4 ---
Cluster -6.85678, -5.60448, (-6.85678,-5.60448,20), 4, 0, 4, 2, 2, 4.80374e+19
=== 2250847 ===
--- pALPIDEfs_0 ---
Pixel 302, 278, 1, 1, 4.80374e+19
--- pALPIDEfs_0 ---
Cluster -6.1404, 0.59136, (-6.1404,0.59136,-60), 1, 0, 1, 1, 1, 4.80374e+19
=== 2257861 ===
--- pALPIDEfs_0 ---
Pixel 821, 236, 1, 1, 4.80374e+19
Pixel 821, 237, 1, 1, 4.80374e+19
Pixel 822, 237, 1, 1, 4.80374e+19
Pixel 822, 238, 1, 1, 4.80374e+19
--- pALPIDEfs_0 ---
Cluster 9.04978, -0.51072, (9.04978,-0.51072,-60), 4, 0, 4, 2, 3, 4.80374e+19
=== 2265384 ===
--- pALPIDEfs_0 ---
Pixel 592, 463, 1, 1, 4.80374e+19
Pixel 592, 464, 1, 1, 4.80374e+19
--- pALPIDEfs_1 ---
Pixel 799, 149, 1, 1, 4.80374e+19
Pixel 798, 149, 1, 1, 4.80374e+19
--- pALPIDEfs_0 ---
Cluster 2.3392, 5.5776, (2.3392,5.5776,-60), 2, 0, 2, 1, 2, 4.80374e+19
--- pALPIDEfs_1 ---
Cluster 8.37726, -2.87616, (8.37726,-2.87616,-40), 2, 0, 2, 2, 1, 4.80374e+19
=== 2351411 ===
--- pALPIDEfs_0 ---
Pixel 673, 396, 1, 1, 4.80374e+19
--- pALPIDEfs_0 ---
Cluster 4.70764, 3.7632, (4.70764,3.7632,-60), 1, 0, 1, 1, 1, 4.80374e+19
=== 2366378 ===
--- pALPIDEfs_4 ---
Pixel 659, 97, 1, 1, 4.80374e+19
Pixel 660, 97, 1, 1, 4.80374e+19
Pixel 660, 98, 1, 1, 4.80374e+19
--- pALPIDEfs_4 ---
Cluster 4.31777, -4.26496, (4.31777,-4.26496,20), 3, 0, 3, 2, 2, 4.80374e+19
=== 2368960 ===
--- pALPIDEfs_0 ---
Pixel 1019, 159, 1, 1, 4.80374e+19
Pixel 1019, 160, 1, 1, 4.80374e+19
--- pALPIDEfs_0 ---
Cluster 14.8247, -2.59392, (14.8247,-2.59392,-60), 2, 0, 2, 1, 2, 4.80374e+19
=== 2390601 ===
--- pALPIDEfs_0 ---
Pixel 536, 286, 1, 1, 4.80374e+19
Pixel 537, 286, 1, 1, 4.80374e+19
Pixel 537, 287, 1, 1, 4.80374e+19
Pixel 536, 287, 1, 1, 4.80374e+19
Pixel 538, 287, 1, 1, 4.80374e+19
--- pALPIDEfs_0 ---
Cluster 0.725152, 0.822528, (0.725152,0.822528,-60), 5, 0, 5, 3, 2, 4.80374e+19
=== 2397097 ===
--- pALPIDEfs_0 ---
Pixel 395, 101, 1, 1, 4.80374e+19
Pixel 394, 101, 1, 1, 4.80374e+19
Pixel 394, 102, 1, 1, 4.80374e+19
Pixel 395, 102, 1, 1, 4.80374e+19
--- pALPIDEfs_1 ---
Pixel 766, 236, 1, 1, 4.80374e+19
Pixel 767, 236, 1, 1, 4.80374e+19
--- pALPIDEfs_0 ---
Cluster -3.4357, -4.15296, (-3.4357,-4.15296,-60), 4, 0, 4, 2, 2, 4.80374e+19
--- pALPIDEfs_1 ---
Cluster 7.44158, -0.5376, (7.44158,-0.5376,-40), 2, 0, 2, 2, 1, 4.80374e+19
=== 2464399 ===
--- pALPIDEfs_4 ---
Pixel 82, 169, 1, 1, 4.80374e+19
--- pALPIDEfs_4 ---
Cluster -12.5732, -2.33856, (-12.5732,-2.33856,20), 1, 0, 1, 1, 1, 4.80374e+19
=== 2521349 ===
--- pALPIDEfs_4 ---
Pixel 49, 226, 1, 1, 4.80374e+19
--- pALPIDEfs_4 ---
Cluster -13.5381, -0.8064, (-13.5381,-0.8064,20), 1, 0, 1, 1, 1, 4.80374e+19
=== 2523563 ===
--- pALPIDEfs_0 ---
Pixel 613, 399, 1, 1, 4.80374e+19
--- pALPIDEfs_0 ---
Cluster 2.95324, 3.84384, (2.95324,3.84384,-60), 1, 0, 1, 1, 1, 4.80374e+19
=== 2538098 ===
--- pALPIDEfs_0 ---
Pixel 73, 103, 1, 1, 4.80374e+19
Pixel 73, 104, 1, 1, 4.80374e+19
Pixel 75, 103, 1, 1, 4.80374e+19
Pixel 74, 103, 1, 1, 4.80374e+19
Pixel 74, 104, 1, 1, 4.80374e+19
Pixel 75, 104, 1, 1, 4.80374e+19
Pixel 75, 105, 1, 1, 4.80374e+19
Pixel 76, 104, 1, 1, 4.80374e+19
Pixel 76, 105, 1, 1, 4.80374e+19
Pixel 355, 438, 1, 1, 4.80374e+19
Pixel 827, 1, 1, 1, 4.80374e+19
--- pALPIDEfs_1 ---
Pixel 215, 47, 1, 1, 4.80374e+19
Pixel 214, 47, 1, 1, 4.80374e+19
--- pALPIDEfs_0 ---
Cluster -12.7909, -4.08875, (-12.7909,-4.08875,-60), 9, 0, 9, 4, 3, 4.80374e+19
Cluster -4.59068, 4.89216, (-4.59068,4.89216,-60), 1, 0, 1, 1, 1, 4.80374e+19
Cluster 9.2106, -6.8544, (9.2106,-6.8544,-60), 1, 0, 1, 1, 1, 4.80374e+19
--- pALPIDEfs_1 ---
Cluster -8.6989, -5.61792, (-8.6989,-5.61792,-40), 2, 0, 2, 2, 1, 4.80374e+19
=== 2539967 ===
--- pALPIDEfs_1 ---
Pixel 374, 452, 1, 1, 4.80374e+19
Pixel 375, 452, 1, 1, 4.80374e+19
--- pALPIDEfs_1 ---
Cluster -4.0205, 5.26848, (-4.0205,5.26848,-40), 2, 0, 2, 2, 1, 4.80374e+19
=== 2559867 ===
--- pALPIDEfs_0 ---
Pixel 91, 44, 1, 1, 4.80374e+19
--- pALPIDEfs_1 ---
Pixel 251, 399, 1, 1, 4.80374e+19
Pixel 250, 399, 1, 1, 4.80374e+19
Pixel 250, 400, 1, 1, 4.80374e+19
Pixel 251, 400, 1, 1, 4.80374e+19
Pixel 251, 401, 1, 1, 4.80374e+19
Pixel 250, 401, 1, 1, 4.80374e+19
--- pALPIDEfs_0 ---
Cluster -12.31, -5.69856, (-12.31,-5.69856,-60), 1, 0, 1, 1, 1, 4.80374e+19
--- pALPIDEfs_1 ---
Cluster -7.64626, 3.87072, (-7.64626,3.87072,-40), 6, 0, 6, 2, 3, 4.80374e+19
=== 2579589 ===
--- pALPIDEfs_4 ---
Pixel 203, 260, 1, 1, 4.80374e+19
Pixel 203, 261, 1, 1, 4.80374e+19
Pixel 204, 261, 1, 1, 4.80374e+19
--- pALPIDEfs_4 ---
Cluster -9.02541, 0.12544, (-9.02541,0.12544,20), 3, 0, 3, 2, 2, 4.80374e+19
=== 2608731 ===
--- pALPIDEfs_0 ---
Pixel 411, 281, 1, 1, 4.80374e+19
--- pALPIDEfs_0 ---
Cluster -2.95324, 0.672, (-2.95324,0.672,-60), 1, 0, 1, 1, 1, 4.80374e+19
=== 2714670 ===
--- pALPIDEfs_4 ---
Pixel 515, 15, 1, 1, 4.80374e+19
Pixel 515, 16, 1, 1, 4.80374e+19
--- pALPIDEfs_4 ---
Cluster 0.08772, -6.46464, (0.08772,-6.46464,20), 2, 0, 2, 1, 2, 4.80374e+19
=== 2762921 ===
--- pALPIDEfs_1 ---
Pixel 668, 325, 1, 1, 4.80374e+19
--- pALPIDEfs_1 ---
Cluster 4.56144, 1.85472, (4.56144,1.85472,-40), 1, 0, 1, 1, 1, 4.80374e+19
=== 2790428 ===
--- pALPIDEfs_0 ---
Pixel 717, 239, 1, 1, 4.80374e+19
Pixel 717, 240, 1, 1, 4.80374e+19
Pixel 717, 241, 1, 1, 4.80374e+19
--- pALPIDEfs_0 ---
Cluster 5.9942, -0.43008, (5.9942,-0.43008,-60), 3, 0, 3, 1, 3, 4.80374e+19
=== 2842170 ===
--- pALPIDEfs_4 ---
Pixel 247, 285, 1, 1, 4.80374e+19
Pixel 246, 285, 1, 1, 4.80374e+19
Pixel 246, 286, 1, 1, 4.80374e+19
Pixel 247, 286, 1, 1, 4.80374e+19
--- pALPIDEfs_4 ---
Cluster -7.76322, 0.79296, (-7.76322,0.79296,20), 4, 0, 4, 2, 2, 4.80374e+19
=== 2886491 ===
--- pALPIDEfs_0 ---
Pixel 697, 458, 1, 1, 4.80374e+19
Pixel 697, 459, 1, 1, 4.80374e+19
Pixel 696, 459, 1, 1, 4.80374e+19
Pixel 697, 460, 1, 1, 4.80374e+19
--- pALPIDEfs_0 ---
Cluster 5.40209, 5.45664, (5.40209,5.45664,-60), 4, 0, 4, 2, 3, 4.80374e+19
=== 2938073 ===
--- pALPIDEfs_4 ---
Pixel 602, 114, 1, 1, 4.80374e+19
Pixel 603, 115, 1, 1, 4.80374e+19
Pixel 602, 115, 1, 1, 4.80374e+19
--- pALPIDEfs_4 ---
Cluster 2.64135, -3.79904, (2.64135,-3.79904,20), 3, 0, 3, 2, 2, 4.80374e+19
=== 2969775 ===
--- pALPIDEfs_0 ---
Pixel 840, 237, 1, 1, 4.80374e+19
--- pALPIDEfs_0 ---
Cluster 9.59072, -0.51072, (9.59072,-0.51072,-60), 1, 0, 1, 1, 1, 4.80374e+19
=== 2991182 ===
--- pALPIDEfs_1 ---
Pixel 95, 375, 1, 1, 4.80374e+19
Pixel 95, 376, 1, 1, 4.80374e+19
--- pALPIDEfs_1 ---
Cluster -12.1931, 3.21216, (-12.1931,3.21216,-40), 2, 0, 2, 1, 2, 4.80374e+19
=== 3043025 ===
--- pALPIDEfs_0 ---
Pixel 491, 227, 1, 1, 4.80374e+19
Pixel 491, 228, 1, 1, 4.80374e+19
Pixel 492, 227, 1, 1, 4.80374e+19
--- pALPIDEfs_0 ---
Cluster -0.604293, -0.77056, (-0.604293,-0.77056,-60), 3, 0, 3, 2, 2, 4.80374e+19
=== 3043445 ===
--- pALPIDEfs_4 ---
Pixel 33, 106, 1, 1, 4.80374e+19
Pixel 33, 107, 1, 1, 4.80374e+19
Pixel 34, 106, 1, 1, 4.80374e+19
Pixel 34, 107, 1, 1, 4.80374e+19
--- pALPIDEfs_4 ---
Cluster -13.9913, -4.01856, (-13.9913,-4.01856,20), 4, 0, 4, 2, 2, 4.80374e+19
=== 3046398 ===
--- pALPIDEfs_4 ---
Pixel 228, 299, 1, 1, 4.80374e+19
Pixel 228, 300, 1, 1, 4.80374e+19
--- pALPIDEfs_4 ---
Cluster -8.30416, 1.16928, (-8.30416,1.16928,20), 2, 0, 2, 1, 2, 4.80374e+19
=== 3137036 ===
--- pALPIDEfs_1 ---
Pixel 273, 94, 1, 1, 4.80374e+19
--- pALPIDEfs_1 ---
Cluster -6.98836, -4.35456, (-6.98836,-4.35456,-40), 1, 0, 1, 1, 1, 4.80374e+19
=== 3173182 ===
--- pALPIDEfs_1 ---
Pixel 24, 300, 1, 1, 4.80374e+19
--- pALPIDEfs_4 ---
Pixel 855, 139, 1, 1, 4.80374e+19
Pixel 855, 140, 1, 1, 4.80374e+19
Pixel 856, 139, 1, 1, 4.80374e+19
Pixel 856, 140, 1, 1, 4.80374e+19
--- pALPIDEfs_1 ---
Cluster -14.2691, 1.18272, (-14.2691,1.18272,-40), 1, 0, 1, 1, 1, 4.80374e+19
--- pALPIDEfs_4 ---
Cluster 10.0439, -3.13152, (10.0439,-3.13152,20), 4, 0, 4, 2, 2, 4.80374e+19
=== 3177356 ===
--- pALPIDEfs_0 ---
Pixel 685, 186, 1, 1, 4.80374e+19
--- pALPIDEfs_1 ---
Pixel 379, 9, 1, 1, 4.80374e+19
--- pALPIDEfs_0 ---
Cluster 5.05852, -1.8816, (5.05852,-1.8816,-60), 1, 0, 1, 1, 1, 4.80374e+19
--- pALPIDEfs_1 ---
Cluster -3.88892, -6.63936, (-3.88892,-6.63936,-40), 1, 0, 1, 1, 1, 4.80374e+19
=== 3179198 ===
--- pALPIDEfs_1 ---
Pixel 600, 158, 1, 1, 4.80374e+19
Pixel 601, 158, 1, 1, 4.80374e+19
--- pALPIDEfs_1 ---
Cluster 2.58774, -2.63424, (2.58774,-2.63424,-40), 2, 0, 2, 2, 1, 4.80374e+19
=== 3194193 ===
--- pALPIDEfs_0 ---
Pixel 623, 11, 1, 1, 4.80374e+19
Pixel 623, 12, 1, 1, 4.80374e+19
Pixel 625, 11, 1, 1, 4.80374e+19
Pixel 624, 11, 1, 1, 4.80374e+19
Pixel 625, 12, 1, 1, 4.80374e+19
Pixel 624, 13, 1, 1, 4.80374e+19
--- pALPIDEfs_0 ---
Cluster 3.27488, -6.56768, (3.27488,-6.56768,-60), 6, 0, 6, 3, 3, 4.80374e+19
=== 3196811 ===
--- pALPIDEfs_1 ---
Pixel 493, 137, 1, 1, 4.80374e+19
Pixel 492, 137, 1, 1, 4.80374e+19
--- pALPIDEfs_1 ---
Cluster -0.57018, -3.19872, (-0.57018,-3.19872,-40), 2, 0, 2, 2, 1, 4.80374e+19
=== 3225895 ===
--- pALPIDEfs_1 ---
Pixel 358, 501, 1, 1, 4.80374e+19
Pixel 358, 502, 1, 1, 4.80374e+19
--- pALPIDEfs_1 ---
Cluster -4.50296, 6.59904, (-4.50296,6.59904,-40), 2, 0, 2, 1, 2, 4.80374e+19
=== 3225896 ===
--- pALPIDEfs_1 ---
Pixel 358, 501, 1, 1, 4.80374e+19
--- pALPIDEfs_1 ---
Cluster -4.50296, 6.5856, (-4.50296,6.5856,-40), 1, 0, 1, 1, 1, 4.80374e+19
=== 3251546 ===
--- pALPIDEfs_4 ---
Pixel 371, 143, 1, 1, 4.80374e+19
Pixel 371, 144, 1, 1, 4.80374e+19
--- pALPIDEfs_4 ---
Cluster -4.12284, -3.024, (-4.12284,-3.024,20), 2, 0, 2, 1, 2, 4.80374e+19
=== 3260938 ===
--- pALPIDEfs_4 ---
Pixel 699, 236, 1, 1, 4.80374e+19
Pixel 699, 237, 1, 1, 4.80374e+19
Pixel 699, 238, 1, 1, 4.80374e+19
Pixel 700, 236, 1, 1, 4.80374e+19
Pixel 700, 237, 1, 1, 4.80374e+19
Pixel 700, 238, 1, 1, 4.80374e+19
--- pALPIDEfs_4 ---
Cluster 5.4825, -0.51072, (5.4825,-0.51072,20), 6, 0, 6, 2, 3, 4.80374e+19
=== 3285925 ===
--- pALPIDEfs_4 ---
Pixel 445, 363, 1, 1, 4.80374e+19
Pixel 444, 363, 1, 1, 4.80374e+19
--- pALPIDEfs_4 ---
Cluster -1.9737, 2.87616, (-1.9737,2.87616,20), 2, 0, 2, 2, 1, 4.80374e+19
=== 3292785 ===
--- pALPIDEfs_0 ---
Pixel 991, 43, 1, 1, 4.80374e+19
Pixel 992, 43, 1, 1, 4.80374e+19
--- pALPIDEfs_0 ---
Cluster 14.0206, -5.72544, (14.0206,-5.72544,-60), 2, 0, 2, 2, 1, 4.80374e+19
=== 3303706 ===
--- pALPIDEfs_0 ---
Pixel 807, 305, 1, 1, 4.80374e+19
Pixel 807, 306, 1, 1, 4.80374e+19
Pixel 808, 305, 1, 1, 4.80374e+19
Pixel 808, 306, 1, 1, 4.80374e+19
--- pALPIDEfs_0 ---
Cluster 8.64042, 1.33056, (8.64042,1.33056,-60), 4, 0, 4, 2, 2, 4.80374e+19
=== 3311968 ===
--- pALPIDEfs_4 ---
Pixel 704, 484, 1, 1, 4.80374e+19
Pixel 705, 484, 1, 1, 4.80374e+19
Pixel 705, 485, 1, 1, 4.80374e+19
Pixel 704, 485, 1, 1, 4.80374e+19
Pixel 705, 486, 1, 1, 4.80374e+19
Pixel 706, 485, 1, 1, 4.80374e+19
--- pALPIDEfs_4 ---
Cluster 5.63845, 6.15104, (5.63845,6.15104,20), 6, 0, 6, 3, 3, 4.80374e+19
=== 3312462 ===
--- pALPIDEfs_4 ---
Pixel 206, 127, 1, 1, 4.80374e+19
Pixel 206, 128, 1, 1, 4.80374e+19
--- pALPIDEfs_4 ---
Cluster -8.94744, -3.45408, (-8.94744,-3.45408,20), 2, 0, 2, 1, 2, 4.80374e+19
=== 3345129 ===
--- pALPIDEfs_1 ---
Pixel 837, 215, 1, 1, 4.80374e+19
--- pALPIDEfs_1 ---
Cluster 9.503, -1.10208, (9.503,-1.10208,-40), 1, 0, 1, 1, 1, 4.80374e+19
=== 3362167 ===
--- pALPIDEfs_1 ---
Pixel 7, 129, 1, 1, 4.80374e+19
Pixel 8, 129, 1, 1, 4.80374e+19
--- pALPIDEfs_1 ---
Cluster -14.7516, -3.41376, (-14.7516,-3.41376,-40), 2, 0, 2, 2, 1, 4.80374e+19
=== 3373078 ===
--- pALPIDEfs_4 ---
Pixel 683, 489, 1, 1, 4.80374e+19
Pixel 682, 489, 1, 1, 4.80374e+19
Pixel 683, 490, 1, 1, 4.80374e+19
Pixel 684, 488, 1, 1, 4.80374e+19
Pixel 684, 489, 1, 1, 4.80374e+19
--- pALPIDEfs_4 ---
Cluster 5.00589, 6.26304, (5.00589,6.26304,20), 5, 0, 5, 3, 3, 4.80374e+19
=== 3381186 ===
--- pALPIDEfs_1 ---
Pixel 373, 239, 1, 1, 4.80374e+19
Pixel 374, 239, 1, 1, 4.80374e+19
--- pALPIDEfs_1 ---
Cluster -4.04974, -0.45696, (-4.04974,-0.45696,-40), 2, 0, 2, 2, 1, 4.80374e+19
=== 3424267 ===
--- pALPIDEfs_0 ---
Pixel 594, 145, 1, 1, 4.80374e+19
--- pALPIDEfs_1 ---
Pixel 539, 213, 1, 1, 4.80374e+19
--- pALPIDEfs_4 ---
Pixel 459, 128, 1, 1, 4.80374e+19
Pixel 459, 129, 1, 1, 4.80374e+19
--- pALPIDEfs_0 ---
Cluster 2.39768, -2.98368, (2.39768,-2.98368,-60), 1, 0, 1, 1, 1, 4.80374e+19
--- pALPIDEfs_1 ---
Cluster 0.78948, -1.15584, (0.78948,-1.15584,-40), 1, 0, 1, 1, 1, 4.80374e+19
--- pALPIDEfs_4 ---
Cluster -1.54972, -3.4272, (-1.54972,-3.4272,20), 2, 0, 2, 1, 2, 4.80374e+19
=== 3427903 ===
--- pALPIDEfs_0 ---
Pixel 418, 284, 1, 1, 4.80374e+19
Pixel 419, 284, 1, 1, 4.80374e+19
--- pALPIDEfs_0 ---
Cluster -2.73394, 0.75264, (-2.73394,0.75264,-60), 2, 0, 2, 2, 1, 4.80374e+19
=== 3436902 ===
--- pALPIDEfs_1 ---
Pixel 160, 257, 1, 1, 4.80374e+19
--- pALPIDEfs_1 ---
Cluster -10.2925, 0.02688, (-10.2925,0.02688,-40), 1, 0, 1, 1, 1, 4.80374e+19
=== 3448123 ===
--- pALPIDEfs_0 ---
Pixel 849, 202, 1, 1, 4.80374e+19
Pixel 850, 202, 1, 1, 4.80374e+19
--- pALPIDEfs_1 ---
Pixel 233, 307, 1, 1, 4.80374e+19
--- pALPIDEfs_0 ---
Cluster 9.8685, -1.45152, (9.8685,-1.45152,-60), 2, 0, 2, 2, 1, 4.80374e+19
--- pALPIDEfs_1 ---
Cluster -8.15796, 1.37088, (-8.15796,1.37088,-40), 1, 0, 1, 1, 1, 4.80374e+19
=== 3487709 ===
--- pALPIDEfs_0 ---
Pixel 483, 180, 1, 1, 4.80374e+19
Pixel 483, 181, 1, 1, 4.80374e+19
Pixel 484, 179, 1, 1, 4.80374e+19
Pixel 484, 180, 1, 1, 4.80374e+19
Pixel 484, 181, 1, 1, 4.80374e+19
--- pALPIDEfs_1 ---
Pixel 618, 218, 1, 1, 4.80374e+19
Pixel 618, 219, 1, 1, 4.80374e+19
--- pALPIDEfs_0 ---
Cluster -0.830416, -2.0375, (-0.830416,-2.0375,-60), 5, 0, 5, 2, 3, 4.80374e+19
--- pALPIDEfs_1 ---
Cluster 3.09944, -1.008, (3.09944,-1.008,-40), 2, 0, 2, 1, 2, 4.80374e+19
=== 3516014 ===
--- pALPIDEfs_4 ---
Pixel 441, 75, 1, 1, 4.80374e+19
Pixel 440, 75, 1, 1, 4.80374e+19
Pixel 440, 76, 1, 1, 4.80374e+19
Pixel 441, 76, 1, 1, 4.80374e+19
Pixel 441, 77, 1, 1, 4.80374e+19
Pixel 440, 77, 1, 1, 4.80374e+19
--- pALPIDEfs_4 ---
Cluster -2.09066, -4.8384, (-2.09066,-4.8384,20), 6, 0, 6, 2, 3, 4.80374e+19
=== 3521629 ===
--- pALPIDEfs_4 ---
Pixel 821, 219, 1, 1, 4.80374e+19
Pixel 820, 219, 1, 1, 4.80374e+19
Pixel 820, 220, 1, 1, 4.80374e+19
Pixel 821, 220, 1, 1, 4.80374e+19
--- pALPIDEfs_4 ---
Cluster 9.02054, -0.98112, (9.02054,-0.98112,20), 4, 0, 4, 2, 2, 4.80374e+19
=== 3537359 ===
--- pALPIDEfs_1 ---
Pixel 117, 140, 1, 1, 4.80374e+19
Pixel 118, 140, 1, 1, 4.80374e+19
--- pALPIDEfs_1 ---
Cluster -11.5352, -3.11808, (-11.5352,-3.11808,-40), 2, 0, 2, 2, 1, 4.80374e+19
=== 3541747 ===
--- pALPIDEfs_1 ---
Pixel 221, 141, 1, 1, 4.80374e+19
Pixel 220, 141, 1, 1, 4.80374e+19
--- pALPIDEfs_1 ---
Cluster -8.52346, -3.0912, (-8.52346,-3.0912,-40), 2, 0, 2, 2, 1, 4.80374e+19
=== 3605441 ===
--- pALPIDEfs_4 ---
Pixel 412, 171, 1, 1, 4.80374e+19
--- pALPIDEfs_4 ---
Cluster -2.924, -2.2848, (-2.924,-2.2848,20), 1, 0, 1, 1, 1, 4.80374e+19
=== 3619560 ===
--- pALPIDEfs_4 ---
Pixel 349, 147, 1, 1, 4.80374e+19
Pixel 348, 147, 1, 1, 4.80374e+19
Pixel 348, 148, 1, 1, 4.80374e+19
--- pALPIDEfs_4 ---
Cluster -4.78561, -2.92096, (-4.78561,-2.92096,20), 3, 0, 3, 2, 2, 4.80374e+19
=== 3641073 ===
--- pALPIDEfs_0 ---
Pixel 685, 369, 1, 1, 4.80374e+19
Pixel 685, 370, 1, 1, 4.80374e+19
Pixel 686, 369, 1, 1, 4.80374e+19
--- pALPIDEfs_0 ---
Cluster 5.06827, 3.0464, (5.06827,3.0464,-60), 3, 0, 3, 2, 2, 4.80374e+19
=== 3649086 ===
--- pALPIDEfs_4 ---
Pixel 129, 170, 1, 1, 4.80374e+19
Pixel 129, 171, 1, 1, 4.80374e+19
--- pALPIDEfs_4 ---
Cluster -11.1989, -2.29824, (-11.1989,-2.29824,20), 2, 0, 2, 1, 2, 4.80374e+19
=== 3650689 ===
--- pALPIDEfs_1 ---
Pixel 35, 25, 1, 1, 4.80374e+19
Pixel 34, 25, 1, 1, 4.80374e+19
Pixel 34, 26, 1, 1, 4.80374e+19
--- pALPIDEfs_1 ---
Cluster -13.967, -6.20032, (-13.967,-6.20032,-40), 3, 0, 3, 2, 2, 4.80374e+19
=== 3658766 ===
--- pALPIDEfs_1 ---
Pixel 820, 112, 1, 1, 4.80374e+19
--- pALPIDEfs_1 ---
Cluster 9.00592, -3.87072, (9.00592,-3.87072,-40), 1, 0, 1, 1, 1, 4.80374e+19
=== 3674936 ===
--- pALPIDEfs_4 ---
Pixel 651, 507, 1, 1, 4.80374e+19
Pixel 650, 508, 1, 1, 4.80374e+19
Pixel 651, 508, 1, 1, 4.80374e+19
Pixel 650, 509, 1, 1, 4.80374e+19
--- pALPIDEfs_4 ---
Cluster 4.04974, 6.77376, (4.04974,6.77376,20), 4, 0, 4, 2, 3, 4.80374e+19
=== 3691354 ===
--- pALPIDEfs_4 ---
Pixel 5, 147, 1, 1, 4.80374e+19
--- pALPIDEfs_4 ---
Cluster -14.8247, -2.92992, (-14.8247,-2.92992,20), 1, 0, 1, 1, 1, 4.80374e+19
=== 3691355 ===
--- pALPIDEfs_4 ---
Pixel 5, 147, 1, 1, 4.80374e+19
--- pALPIDEfs_4 ---
Cluster -14.8247, -2.92992, (-14.8247,-2.92992,20), 1, 0, 1, 1, 1, 4.80374e+19
=== 3699755 ===
--- pALPIDEfs_4 ---
Pixel 608, 131, 1, 1, 4.80374e+19
--- pALPIDEfs_4 ---
Cluster 2.80704, -3.36, (2.80704,-3.36,20), 1, 0, 1, 1, 1, 4.80374e+19
=== 3706075 ===
--- pALPIDEfs_0 ---
Pixel 313, 89, 1, 1, 4.80374e+19
Pixel 313, 90, 1, 1, 4.80374e+19
Pixel 313, 91, 1, 1, 4.80374e+19
--- pALPIDEfs_0 ---
Cluster -5.81876, -4.46208, (-5.81876,-4.46208,-60), 3, 0, 3, 1, 3, 4.80374e+19
=== 3769995 ===
--- pALPIDEfs_4 ---
Pixel 758, 346, 1, 1, 4.80374e+19
Pixel 759, 346, 1, 1, 4.80374e+19
--- pALPIDEfs_4 ---
Cluster 7.20766, 2.4192, (7.20766,2.4192,20), 2, 0, 2, 2, 1, 4.80374e+19
=== 3853729 ===
--- pALPIDEfs_1 ---
Pixel 485, 475, 1, 1, 4.80374e+19
Pixel 484, 475, 1, 1, 4.80374e+19
Pixel 484, 476, 1, 1, 4.80374e+19
Pixel 485, 476, 1, 1, 4.80374e+19
--- pALPIDEfs_1 ---
Cluster -0.8041, 5.90016, (-0.8041,5.90016,-40), 4, 0, 4, 2, 2, 4.80374e+19
=== 3887256 ===
--- pALPIDEfs_0 ---
Pixel 979, 271, 1, 1, 4.80374e+19
Pixel 979, 272, 1, 1, 4.80374e+19
--- pALPIDEfs_0 ---
Cluster 13.6551, 0.41664, (13.6551,0.41664,-60), 2, 0, 2, 1, 2, 4.80374e+19
=== 3941640 ===
--- pALPIDEfs_4 ---
Pixel 717, 122, 1, 1, 4.80374e+19
Pixel 717, 123, 1, 1, 4.80374e+19
--- pALPIDEfs_4 ---
Cluster 5.9942, -3.58848, (5.9942,-3.58848,20), 2, 0, 2, 1, 2, 4.80374e+19
=== 3969745 ===
--- pALPIDEfs_4 ---
Pixel 597, 264, 1, 1, 4.80374e+19
Pixel 598, 264, 1, 1, 4.80374e+19
--- pALPIDEfs_4 ---
Cluster 2.50002, 0.21504, (2.50002,0.21504,20), 2, 0, 2, 2, 1, 4.80374e+19
=== 3976082 ===
--- pALPIDEfs_1 ---
Pixel 80, 381, 1, 1, 4.80374e+19
Pixel 80, 382, 1, 1, 4.80374e+19
Pixel 81, 382, 1, 1, 4.80374e+19
Pixel 82, 382, 1, 1, 4.80374e+19
Pixel 83, 383, 1, 1, 4.80374e+19
Pixel 84, 383, 1, 1, 4.80374e+19
--- pALPIDEfs_1 ---
Cluster -12.5829, 3.39136, (-12.5829,3.39136,-40), 6, 0, 6, 5, 3, 4.80374e+19
=== 3984551 ===
--- pALPIDEfs_1 ---
Pixel 472, 506, 1, 1, 4.80374e+19
Pixel 473, 506, 1, 1, 4.80374e+19
--- pALPIDEfs_1 ---
Cluster -1.15498, 6.72, (-1.15498,6.72,-40), 2, 0, 2, 2, 1, 4.80374e+19
=== 4030551 ===
--- pALPIDEfs_0 ---
Pixel 457, 83, 1, 1, 4.80374e+19
--- pALPIDEfs_1 ---
Pixel 981, 459, 1, 1, 4.80374e+19
Pixel 980, 459, 1, 1, 4.80374e+19
Pixel 980, 460, 1, 1, 4.80374e+19
Pixel 981, 460, 1, 1, 4.80374e+19
--- pALPIDEfs_0 ---
Cluster -1.6082, -4.65024, (-1.6082,-4.65024,-60), 1, 0, 1, 1, 1, 4.80374e+19
--- pALPIDEfs_1 ---
Cluster 13.6989, 5.47008, (13.6989,5.47008,-40), 4, 0, 4, 2, 2, 4.80374e+19
=== 4098148 ===
--- pALPIDEfs_0 ---
Pixel 335, 464, 1, 1, 4.80374e+19
Pixel 336, 464, 1, 1, 4.80374e+19
Pixel 337, 464, 1, 1, 4.80374e+19
Pixel 337, 465, 1, 1, 4.80374e+19
Pixel 336, 465, 1, 1, 4.80374e+19
--- pALPIDEfs_0 ---
Cluster -5.14039, 5.60179, (-5.14039,5.60179,-60), 5, 0, 5, 3, 2, 4.80374e+19
=== 4113246 ===
--- pALPIDEfs_0 ---
Pixel 85, 25, 1, 1, 4.80374e+19
Pixel 86, 25, 1, 1, 4.80374e+19
--- pALPIDEfs_0 ---
Cluster -12.4709, -6.20928, (-12.4709,-6.20928,-60), 2, 0, 2, 2, 1, 4.80374e+19
=== 4123449 ===
--- pALPIDEfs_4 ---
Pixel 685, 15, 1, 1, 4.80374e+19
Pixel 685, 16, 1, 1, 4.80374e+19
--- pALPIDEfs_4 ---
Cluster 5.05852, -6.46464, (5.05852,-6.46464,20), 2, 0, 2, 1, 2, 4.80374e+19
=== 4135681 ===
--- pALPIDEfs_0 ---
Pixel 989, 237, 1, 1, 4.80374e+19
--- pALPIDEfs_0 ---
Cluster 13.9475, -0.51072, (13.9475,-0.51072,-60), 1, 0, 1, 1, 1, 4.80374e+19
=== 4216874 ===
--- pALPIDEfs_4 ---
Pixel 601, 352, 1, 1, 4.80374e+19
Pixel 601, 353, 1, 1, 4.80374e+19
Pixel 600, 353, 1, 1, 4.80374e+19
--- pALPIDEfs_4 ---
Cluster 2.59261, 2.5984, (2.59261,2.5984,20), 3, 0, 3, 2, 2, 4.80374e+19
=== 4223987 ===
--- pALPIDEfs_1 ---
Pixel 327, 23, 1, 1, 4.80374e+19
Pixel 326, 23, 1, 1, 4.80374e+19
--- pALPIDEfs_1 ---
Cluster -5.42402, -6.26304, (-5.42402,-6.26304,-40), 2, 0, 2, 2, 1, 4.80374e+19
=== 4226017 ===
--- pALPIDEfs_1 ---
Pixel 207, 248, 1, 1, 4.80374e+19
--- pALPIDEfs_1 ---
Cluster -8.9182, -0.21504, (-8.9182,-0.21504,-40), 1, 0, 1, 1, 1, 4.80374e+19
=== 4234980 ===
--- pALPIDEfs_0 ---
Pixel 679, 433, 1, 1, 4.80374e+19
Pixel 680, 432, 1, 1, 4.80374e+19
Pixel 680, 433, 1, 1, 4.80374e+19
--- pALPIDEfs_1 ---
Pixel 789, 104, 1, 1, 4.80374e+19
Pixel 789, 105, 1, 1, 4.80374e+19
Pixel 788, 105, 1, 1, 4.80374e+19
--- pALPIDEfs_0 ---
Cluster 4.90257, 4.7488, (4.90257,4.7488,-60), 3, 0, 3, 2, 2, 4.80374e+19
--- pALPIDEfs_1 ---
Cluster 8.08973, -4.06784, (8.08973,-4.06784,-40), 3, 0, 3, 2, 2, 4.80374e+19
=== 4273189 ===
--- pALPIDEfs_4 ---
Pixel 351, 98, 1, 1, 4.80374e+19
Pixel 351, 99, 1, 1, 4.80374e+19
--- pALPIDEfs_4 ---
Cluster -4.70764, -4.2336, (-4.70764,-4.2336,20), 2, 0, 2, 1, 2, 4.80374e+19
=== 4359504 ===
--- pALPIDEfs_0 ---
Pixel 867, 22, 1, 1, 4.80374e+19
Pixel 867, 23, 1, 1, 4.80374e+19
--- pALPIDEfs_0 ---
Cluster 10.3802, -6.27648, (10.3802,-6.27648,-60), 2, 0, 2, 1, 2, 4.80374e+19
=== 4367923 ===
--- pALPIDEfs_1 ---
Pixel 969, 298, 1, 1, 4.80374e+19
Pixel 970, 297, 1, 1, 4.80374e+19
Pixel 970, 298, 1, 1, 4.80374e+19
Pixel 971, 298, 1, 1, 4.80374e+19
--- pALPIDEfs_1 ---
Cluster 13.3919, 1.12224, (13.3919,1.12224,-40), 4, 0, 4, 3, 2, 4.80374e+19
=== 4388298 ===
--- pALPIDEfs_4 ---
Pixel 812, 446, 1, 1, 4.80374e+19
Pixel 813, 446, 1, 1, 4.80374e+19
Pixel 813, 447, 1, 1, 4.80374e+19
Pixel 813, 448, 1, 1, 4.80374e+19
Pixel 814, 448, 1, 1, 4.80374e+19
Pixel 814, 449, 1, 1, 4.80374e+19
Pixel 815, 450, 1, 1, 4.80374e+19
--- pALPIDEfs_4 ---
Cluster 8.81377, 5.15328, (8.81377,5.15328,20), 7, 0, 7, 4, 5, 4.80374e+19
=== 4401840 ===
--- pALPIDEfs_4 ---
Pixel 383, 259, 1, 1, 4.80374e+19
Pixel 383, 260, 1, 1, 4.80374e+19
Pixel 383, 261, 1, 1, 4.80374e+19
Pixel 384, 261, 1, 1, 4.80374e+19
Pixel 384, 262, 1, 1, 4.80374e+19
--- pALPIDEfs_4 ---
Cluster -3.76026, 0.123648, (-3.76026,0.123648,20), 5, 0, 5, 2, 4, 4.80374e+19
=== 4453672 ===
--- pALPIDEfs_1 ---
Pixel 680, 299, 1, 1, 4.80374e+19
--- pALPIDEfs_1 ---
Cluster 4.91232, 1.15584, (4.91232,1.15584,-40), 1, 0, 1, 1, 1, 4.80374e+19
=== 4474780 ===
--- pALPIDEfs_0 ---
Pixel 794, 133, 1, 1, 4.80374e+19
Pixel 794, 134, 1, 1, 4.80374e+19
--- pALPIDEfs_1 ---
Pixel 953, 361, 1, 1, 4.80374e+19
--- pALPIDEfs_0 ---
Cluster 8.24568, -3.2928, (8.24568,-3.2928,-60), 2, 0, 2, 1, 2, 4.80374e+19
--- pALPIDEfs_1 ---
Cluster 12.8948, 2.8224, (12.8948,2.8224,-40), 1, 0, 1, 1, 1, 4.80374e+19
=== 4477772 ===
--- pALPIDEfs_1 ---
Pixel 274, 226, 1, 1, 4.80374e+19
--- pALPIDEfs_1 ---
Cluster -6.95912, -0.8064, (-6.95912,-0.8064,-40), 1, 0, 1, 1, 1, 4.80374e+19
=== 4479595 ===
--- pALPIDEfs_4 ---
Pixel 8, 187, 1, 1, 4.80374e+19
Pixel 8, 188, 1, 1, 4.80374e+19
--- pALPIDEfs_4 ---
Cluster -14.737, -1.84128, (-14.737,-1.84128,20), 2, 0, 2, 1, 2, 4.80374e+19
=== 4520663 ===
--- pALPIDEfs_0 ---
Pixel 110, 312, 1, 1, 4.80374e+19
--- pALPIDEfs_0 ---
Cluster -11.7545, 1.50528, (-11.7545,1.50528,-60), 1, 0, 1, 1, 1, 4.80374e+19
=== 4520974 ===
--- pALPIDEfs_4 ---
Pixel 272, 330, 1, 1, 4.80374e+19
--- pALPIDEfs_4 ---
Cluster -7.0176, 1.98912, (-7.0176,1.98912,20), 1, 0, 1, 1, 1, 4.80374e+19
=== 4535776 ===
--- pALPIDEfs_4 ---
Pixel 367, 194, 1, 1, 4.80374e+19
Pixel 368, 194, 1, 1, 4.80374e+19
--- pALPIDEfs_4 ---
Cluster -4.22518, -1.66656, (-4.22518,-1.66656,20), 2, 0, 2, 2, 1, 4.80374e+19
=== 4581101 ===
--- pALPIDEfs_0 ---
Pixel 74, 144, 1, 1, 4.80374e+19
--- pALPIDEfs_0 ---
Cluster -12.8071, -3.01056, (-12.8071,-3.01056,-60), 1, 0, 1, 1, 1, 4.80374e+19
=== 4585128 ===
--- pALPIDEfs_4 ---
Pixel 497, 168, 1, 1, 4.80374e+19
Pixel 498, 168, 1, 1, 4.80374e+19
Pixel 498, 169, 1, 1, 4.80374e+19
--- pALPIDEfs_4 ---
Cluster -0.419107, -2.35648, (-0.419107,-2.35648,20), 3, 0, 3, 2, 2, 4.80374e+19
=== 4608716 ===
--- pALPIDEfs_0 ---
Pixel 773, 377, 1, 1, 4.80374e+19
--- pALPIDEfs_0 ---
Cluster 7.63164, 3.25248, (7.63164,3.25248,-60), 1, 0, 1, 1, 1, 4.80374e+19
=== 4617799 ===
--- pALPIDEfs_1 ---
Pixel 510, 102, 1, 1, 4.80374e+19
Pixel 510, 103, 1, 1, 4.80374e+19
--- pALPIDEfs_1 ---
Cluster -0.05848, -4.12608, (-0.05848,-4.12608,-40), 2, 0, 2, 1, 2, 4.80374e+19
=== 4627486 ===
--- pALPIDEfs_4 ---
Pixel 867, 407, 1, 1, 4.80374e+19
Pixel 867, 408, 1, 1, 4.80374e+19
Pixel 868, 407, 1, 1, 4.80374e+19
--- pALPIDEfs_4 ---
Cluster 10.3899, 4.06784, (10.3899,4.06784,20), 3, 0, 3, 2, 2, 4.80374e+19
=== 4637643 ===
--- pALPIDEfs_0 ---
Pixel 350, 40, 1, 1, 4.80374e+19
Pixel 351, 40, 1, 1, 4.80374e+19
--- pALPIDEfs_0 ---
Cluster -4.72226, -5.80608, (-4.72226,-5.80608,-60), 2, 0, 2, 2, 1, 4.80374e+19
=== 4641025 ===
--- pALPIDEfs_1 ---
Pixel 437, 221, 1, 1, 4.80374e+19
--- pALPIDEfs_1 ---
Cluster -2.193, -0.9408, (-2.193,-0.9408,-40), 1, 0, 1, 1, 1, 4.80374e+19
=== 4648073 ===
--- pALPIDEfs_0 ---
Pixel 532, 49, 1, 1, 4.80374e+19
--- pALPIDEfs_1 ---
Pixel 31, 164, 1, 1, 4.80374e+19
Pixel 32, 164, 1, 1, 4.80374e+19
--- pALPIDEfs_0 ---
Cluster 0.5848, -5.56416, (0.5848,-5.56416,-60), 1, 0, 1, 1, 1, 4.80374e+19
--- pALPIDEfs_1 ---
Cluster -14.0498, -2.47296, (-14.0498,-2.47296,-40), 2, 0, 2, 2, 1, 4.80374e+19
=== 4672405 ===
--- pALPIDEfs_0 ---
Pixel 41, 232, 1, 1, 4.80374e+19
Pixel 42, 232, 1, 1, 4.80374e+19
--- pALPIDEfs_1 ---
Pixel 369, 455, 1, 1, 4.80374e+19
Pixel 368, 455, 1, 1, 4.80374e+19
--- pALPIDEfs_0 ---
Cluster -13.7574, -0.64512, (-13.7574,-0.64512,-60), 2, 0, 2, 2, 1, 4.80374e+19
--- pALPIDEfs_1 ---
Cluster -4.19594, 5.34912, (-4.19594,5.34912,-40), 2, 0, 2, 2, 1, 4.80374e+19
=== 4720115 ===
--- pALPIDEfs_4 ---
Pixel 321, 421, 1, 1, 4.80374e+19
Pixel 320, 421, 1, 1, 4.80374e+19
Pixel 320, 422, 1, 1, 4.80374e+19
Pixel 321, 422, 1, 1, 4.80374e+19
--- pALPIDEfs_4 ---
Cluster -5.59946, 4.44864, (-5.59946,4.44864,20), 4, 0, 4, 2, 2, 4.80374e+19
=== 4742329 ===
--- pALPIDEfs_4 ---
Pixel 989, 46, 1, 1, 4.80374e+19
Pixel 989, 47, 1, 1, 4.80374e+19
Pixel 988, 48, 1, 1, 4.80374e+19
Pixel 989, 48, 1, 1, 4.80374e+19
Pixel 990, 44, 1, 1, 4.80374e+19
Pixel 990, 45, 1, 1, 4.80374e+19
Pixel 990, 46, 1, 1, 4.80374e+19
Pixel 990, 47, 1, 1, 4.80374e+19
--- pALPIDEfs_4 ---
Cluster 13.9584, -5.63472, (13.9584,-5.63472,20), 8, 0, 8, 3, 5, 4.80374e+19
=== 4760025 ===
--- pALPIDEfs_0 ---
Pixel 709, 318, 1, 1, 4.80374e+19
Pixel 709, 319, 1, 1, 4.80374e+19
Pixel 710, 317, 1, 1, 4.80374e+19
Pixel 710, 318, 1, 1, 4.80374e+19
Pixel 710, 319, 1, 1, 4.80374e+19
--- pALPIDEfs_0 ---
Cluster 5.77782, 1.67194, (5.77782,1.67194,-60), 5, 0, 5, 2, 3, 4.80374e+19
=== 4779268 ===
--- pALPIDEfs_1 ---
Pixel 417, 63, 1, 1, 4.80374e+19
--- pALPIDEfs_1 ---
Cluster -2.7778, -5.18784, (-2.7778,-5.18784,-40), 1, 0, 1, 1, 1, 4.80374e+19
=== 4780406 ===
--- pALPIDEfs_1 ---
Pixel 305, 439, 1, 1, 4.80374e+19
--- pALPIDEfs_1 ---
Cluster -6.05268, 4.91904, (-6.05268,4.91904,-40), 1, 0, 1, 1, 1, 4.80374e+19
=== 4788253 ===
--- pALPIDEfs_4 ---
Pixel 557, 53, 1, 1, 4.80374e+19
Pixel 556, 54, 1, 1, 4.80374e+19
Pixel 557, 54, 1, 1, 4.80374e+19
--- pALPIDEfs_4 ---
Cluster 1.30605, -5.43872, (1.30605,-5.43872,20), 3, 0, 3, 2, 2, 4.80374e+19
=== 4793019 ===
--- pALPIDEfs_4 ---
Pixel 139, 329, 1, 1, 4.80374e+19
Pixel 139, 330, 1, 1, 4.80374e+19
Pixel 139, 331, 1, 1, 4.80374e+19
Pixel 139, 332, 1, 1, 4.80374e+19
Pixel 140, 329, 1, 1, 4.80374e+19
Pixel 140, 330, 1, 1, 4.80374e+19
Pixel 140, 331, 1, 1, 4.80374e+19
Pixel 140, 332, 1, 1, 4.80374e+19
--- pALPIDEfs_4 ---
Cluster -10.8919, 2.00256, (-10.8919,2.00256,20), 8, 0, 8, 2, 4, 4.80374e+19
=== 4870851 ===
--- pALPIDEfs_1 ---
Pixel 367, 252, 1, 1, 4.80374e+19
Pixel 367, 253, 1, 1, 4.80374e+19
Pixel 368, 252, 1, 1, 4.80374e+19
Pixel 368, 253, 1, 1, 4.80374e+19
--- pALPIDEfs_1 ---
Cluster -4.22518, -0.09408, (-4.22518,-0.09408,-40), 4, 0, 4, 2, 2, 4.80374e+19
=== 4873482 ===
--- pALPIDEfs_4 ---
Pixel 994, 282, 1, 1, 4.80374e+19
Pixel 995, 282, 1, 1, 4.80374e+19
--- pALPIDEfs_4 ---
Cluster 14.1083, 0.69888, (14.1083,0.69888,20), 2, 0, 2, 2, 1, 4.80374e+19
=== 4878627 ===
--- pALPIDEfs_1 ---
Pixel 1003, 76, 1, 1, 4.80374e+19
Pixel 1003, 77, 1, 1, 4.80374e+19
Pixel 1002, 77, 1, 1, 4.80374e+19
Pixel 1002, 78, 1, 1, 4.80374e+19
Pixel 1003, 78, 1, 1, 4.80374e+19
Pixel 1003, 79, 1, 1, 4.80374e+19
Pixel 1004, 76, 1, 1, 4.80374e+19
Pixel 1005, 77, 1, 1, 4.80374e+19
Pixel 1004, 77, 1, 1, 4.80374e+19
Pixel 1004, 78, 1, 1, 4.80374e+19
Pixel 1005, 78, 1, 1, 4.80374e+19
Pixel 1004, 79, 1, 1, 4.80374e+19
--- pALPIDEfs_1 ---
Cluster 14.3715, -4.79808, (14.3715,-4.79808,-40), 12, 0, 12, 4, 4, 4.80374e+19
=== 4887092 ===
--- pALPIDEfs_4 ---
Pixel 434, 96, 1, 1, 4.80374e+19
Pixel 434, 97, 1, 1, 4.80374e+19
--- pALPIDEfs_4 ---
Cluster -2.28072, -4.28736, (-2.28072,-4.28736,20), 2, 0, 2, 1, 2, 4.80374e+19
=== 4889584 ===
--- pALPIDEfs_4 ---
Pixel 614, 146, 1, 1, 4.80374e+19
Pixel 615, 146, 1, 1, 4.80374e+19
--- pALPIDEfs_4 ---
Cluster 2.9971, -2.9568, (2.9971,-2.9568,20), 2, 0, 2, 2, 1, 4.80374e+19
=== 4913039 ===
--- pALPIDEfs_4 ---
Pixel 351, 367, 1, 1, 4.80374e+19
Pixel 352, 367, 1, 1, 4.80374e+19
--- pALPIDEfs_4 ---
Cluster -4.69302, 2.98368, (-4.69302,2.98368,20), 2, 0, 2, 2, 1, 4.80374e+19
=== 4927599 ===
--- pALPIDEfs_1 ---
Pixel 344, 361, 1, 1, 4.80374e+19
Pixel 344, 362, 1, 1, 4.80374e+19
--- pALPIDEfs_1 ---
Cluster -4.91232, 2.83584, (-4.91232,2.83584,-40), 2, 0, 2, 1, 2, 4.80374e+19
=== 4934875 ===
--- pALPIDEfs_1 ---
Pixel 494, 310, 1, 1, 4.80374e+19
Pixel 495, 310, 1, 1, 4.80374e+19
Pixel 495, 311, 1, 1, 4.80374e+19
Pixel 494, 311, 1, 1, 4.80374e+19
--- pALPIDEfs_1 ---
Cluster -0.5117, 1.46496, (-0.5117,1.46496,-40), 4, 0, 4, 2, 2, 4.80374e+19
=== 4938361 ===
--- pALPIDEfs_1 ---
Pixel 131, 231, 1, 1, 4.80374e+19
Pixel 131, 232, 1, 1, 4.80374e+19
--- pALPIDEfs_1 ---
Cluster -11.1404, -0.65856, (-11.1404,-0.65856,-40), 2, 0, 2, 1, 2, 4.80374e+19
=== 4939155 ===
--- pALPIDEfs_4 ---
Pixel 426, 178, 1, 1, 4.80374e+19
--- pALPIDEfs_4 ---
Cluster -2.51464, -2.09664, (-2.51464,-2.09664,20), 1, 0, 1, 1, 1, 4.80374e+19
=== 4943607 ===
--- pALPIDEfs_0 ---
Pixel 337, 104, 1, 1, 4.80374e+19
Pixel 337, 105, 1, 1, 4.80374e+19
Pixel 338, 104, 1, 1, 4.80374e+19
Pixel 338, 105, 1, 1, 4.80374e+19
--- pALPIDEfs_0 ---
Cluster -5.10238, -4.07232, (-5.10238,-4.07232,-60), 4, 0, 4, 2, 2, 4.80374e+19
=== 5010734 ===
--- pALPIDEfs_0 ---
Pixel 245, 450, 1, 1, 4.80374e+19
Pixel 245, 451, 1, 1, 4.80374e+19
Pixel 245, 452, 1, 1, 4.80374e+19
Pixel 246, 450, 1, 1, 4.80374e+19
Pixel 247, 450, 1, 1, 4.80374e+19
Pixel 246, 451, 1, 1, 4.80374e+19
--- pALPIDEfs_0 ---
Cluster -7.78759, 5.23264, (-7.78759,5.23264,-60), 6, 0, 6, 3, 3, 4.80374e+19
