=== 12 ===
--- pALPIDEfs_0 ---
Pixel 92, 0, 1, 1, 4.80374e+19
Pixel 93, 0, 1, 1, 4.80374e+19
Pixel 93, 1, 1, 1, 4.80374e+19
Pixel 92, 1, 1, 1, 4.80374e+19
Pixel 92, 2, 1, 1, 4.80374e+19
Pixel 93, 2, 1, 1, 4.80374e+19
Pixel 93, 3, 1, 1, 4.80374e+19
Pixel 92, 3, 1, 1, 4.80374e+19
Pixel 92, 4, 1, 1, 4.80374e+19
Pixel 93, 4, 1, 1, 4.80374e+19
Pixel 93, 5, 1, 1, 4.80374e+19
Pixel 92, 5, 1, 1, 4.80374e+19
Pixel 92, 6, 1, 1, 4.80374e+19
Pixel 93, 6, 1, 1, 4.80374e+19
Pixel 93, 7, 1, 1, 4.80374e+19
Pixel 92, 7, 1, 1, 4.80374e+19
Pixel 92, 8, 1, 1, 4.80374e+19
Pixel 93, 8, 1, 1, 4.80374e+19
Pixel 93, 9, 1, 1, 4.80374e+19
Pixel 92, 9, 1, 1, 4.80374e+19
Pixel 92, 10, 1, 1, 4.80374e+19
Pixel 93, 10, 1, 1, 4.80374e+19
Pixel 93, 11, 1, 1, 4.80374e+19
Pixel 92, 11, 1, 1, 4.80374e+19
Pixel 92, 12, 1, 1, 4.80374e+19
Pixel 93, 12, 1, 1, 4.80374e+19
Pixel 93, 13, 1, 1, 4.80374e+19
Pixel 92, 13, 1, 1, 4.80374e+19
Pixel 92, 14, 1, 1, 4.80374e+19
Pixel 93, 14, 1, 1, 4.80374e+19
Pixel 93, 15, 1, 1, 4.80374e+19
Pixel 92, 15, 1, 1, 4.80374e+19
Pixel 92, 16, 1, 1, 4.80374e+19
Pixel 93, 16, 1, 1, 4.80374e+19
Pixel 93, 17, 1, 1, 4.80374e+19
Pixel 92, 17, 1, 1, 4.80374e+19
Pixel 92, 18, 1, 1, 4.80374e+19
Pixel 93, 18, 1, 1, 4.80374e+19
Pixel 93, 19, 1, 1, 4.80374e+19
Pixel 92, 19, 1, 1, 4.80374e+19
Pixel 92, 20, 1, 1, 4.80374e+19
Pixel 93, 20, 1, 1, 4.80374e+19
Pixel 93, 21, 1, 1, 4.80374e+19
Pixel 92, 21, 1, 1, 4.80374e+19
Pixel 92, 22, 1, 1, 4.80374e+19
Pixel 93, 22, 1, 1, 4.80374e+19
Pixel 93, 23, 1, 1, 4.80374e+19
Pixel 92, 23, 1, 1, 4.80374e+19
Pixel 92, 24, 1, 1, 4.80374e+19
Pixel 93, 24, 1, 1, 4.80374e+19
Pixel 93, 25, 1, 1, 4.80374e+19
Pixel 92, 25, 1, 1, 4.80374e+19
Pixel 92, 26, 1, 1, 4.80374e+19
Pixel 93, 26, 1, 1, 4.80374e+19
Pixel 93, 27, 1, 1, 4.80374e+19
Pixel 92, 27, 1, 1, 4.80374e+19
Pixel 92, 28, 1, 1, 4.80374e+19
Pixel 93, 28, 1, 1, 4.80374e+19
Pixel 93, 29, 1, 1, 4.80374e+19
Pixel 92, 29, 1, 1, 4.80374e+19
Pixel 92, 30, 1, 1, 4.80374e+19
Pixel 93, 30, 1, 1, 4.80374e+19
Pixel 93, 31, 1, 1, 4.80374e+19
Pixel 92, 31, 1, 1, 4.80374e+19
Pixel 92, 32, 1, 1, 4.80374e+19
Pixel 93, 32, 1, 1, 4.80374e+19
Pixel 93, 33, 1, 1, 4.80374e+19
Pixel 92, 33, 1, 1, 4.80374e+19
Pixel 92, 34, 1, 1, 4.80374e+19
Pixel 93, 34, 1, 1, 4.80374e+19
Pixel 93, 35, 1, 1, 4.80374e+19
Pixel 92, 35, 1, 1, 4.80374e+19
Pixel 92, 36, 1, 1, 4.80374e+19
Pixel 93, 36, 1, 1, 4.80374e+19
Pixel 93, 37, 1, 1, 4.80374e+19
Pixel 92, 37, 1, 1, 4.80374e+19
Pixel 92, 38, 1, 1, 4.80374e+19
Pixel 93, 38, 1, 1, 4.80374e+19
Pixel 93, 39, 1, 1, 4.80374e+19
Pixel 92, 39, 1, 1, 4.80374e+19
Pixel 92, 40, 1, 1, 4.80374e+19
Pixel 93, 40, 1, 1, 4.80374e+19
Pixel 93, 41, 1, 1, 4.80374e+19
Pixel 92, 41, 1, 1, 4.80374e+19
Pixel 92, 42, 1, 1, 4.80374e+19
Pixel 93, 42, 1, 1, 4.80374e+19
Pixel 93, 43, 1, 1, 4.80374e+19
Pixel 92, 43, 1, 1, 4.80374e+19
Pixel 93, 44, 1, 1, 4.80374e+19
Pixel 93, 45, 1, 1, 4.80374e+19
Pixel 92, 45, 1, 1, 4.80374e+19
Pixel 92, 46, 1, 1, 4.80374e+19
Pixel 93, 46, 1, 1, 4.80374e+19
Pixel 93, 47, 1, 1, 4.80374e+19
Pixel 92, 47, 1, 1, 4.80374e+19
Pixel 92, 48, 1, 1, 4.80374e+19
Pixel 93, 48, 1, 1, 4.80374e+19
Pixel 93, 49, 1, 1, 4.80374e+19
Pixel 92, 49, 1, 1, 4.80374e+19
Pixel 92, 50, 1, 1, 4.80374e+19
Pixel 93, 50, 1, 1, 4.80374e+19
Pixel 93, 51, 1, 1, 4.80374e+19
Pixel 92, 51, 1, 1, 4.80374e+19
Pixel 92, 52, 1, 1, 4.80374e+19
Pixel 93, 52, 1, 1, 4.80374e+19
Pixel 93, 53, 1, 1, 4.80374e+19
Pixel 92, 53, 1, 1, 4.80374e+19
Pixel 92, 54, 1, 1, 4.80374e+19
Pixel 93, 54, 1, 1, 4.80374e+19
Pixel 93, 55, 1, 1, 4.80374e+19
Pixel 92, 55, 1, 1, 4.80374e+19
Pixel 92, 56, 1, 1, 4.80374e+19
Pixel 93, 56, 1, 1, 4.80374e+19
Pixel 93, 57, 1, 1, 4.80374e+19
Pixel 92, 57, 1, 1, 4.80374e+19
Pixel 92, 58, 1, 1, 4.80374e+19
Pixel 93, 58, 1, 1, 4.80374e+19
Pixel 93, 59, 1, 1, 4.80374e+19
Pixel 92, 59, 1, 1, 4.80374e+19
Pixel 92, 60, 1, 1, 4.80374e+19
Pixel 93, 60, 1, 1, 4.80374e+19
Pixel 93, 61, 1, 1, 4.80374e+19
Pixel 92, 61, 1, 1, 4.80374e+19
Pixel 92, 62, 1, 1, 4.80374e+19
Pixel 93, 62, 1, 1, 4.80374e+19
Pixel 93, 63, 1, 1, 4.80374e+19
Pixel 92, 63, 1, 1, 4.80374e+19
Pixel 92, 64, 1, 1, 4.80374e+19
Pixel 93, 64, 1, 1, 4.80374e+19
Pixel 93, 65, 1, 1, 4.80374e+19
Pixel 92, 65, 1, 1, 4.80374e+19
Pixel 92, 66, 1, 1, 4.80374e+19
Pixel 93, 66, 1, 1, 4.80374e+19
Pixel 93, 67, 1, 1, 4.80374e+19
Pixel 92, 67, 1, 1, 4.80374e+19
Pixel 92, 68, 1, 1, 4.80374e+19
Pixel 93, 68, 1, 1, 4.80374e+19
Pixel 93, 69, 1, 1, 4.80374e+19
Pixel 92, 69, 1, 1, 4.80374e+19
Pixel 92, 70, 1, 1, 4.80374e+19
Pixel 93, 70, 1, 1, 4.80374e+19
Pixel 93, 71, 1, 1, 4.80374e+19
Pixel 92, 71, 1, 1, 4.80374e+19
Pixel 92, 72, 1, 1, 4.80374e+19
Pixel 93, 72, 1, 1, 4.80374e+19
Pixel 93, 73, 1, 1, 4.80374e+19
Pixel 92, 73, 1, 1, 4.80374e+19
Pixel 92, 74, 1, 1, 4.80374e+19
Pixel 93, 74, 1, 1, 4.80374e+19
Pixel 93, 75, 1, 1, 4.80374e+19
Pixel 92, 75, 1, 1, 4.80374e+19
Pixel 92, 76, 1, 1, 4.80374e+19
Pixel 93, 76, 1, 1, 4.80374e+19
Pixel 93, 77, 1, 1, 4.80374e+19
Pixel 92, 77, 1, 1, 4.80374e+19
Pixel 92, 78, 1, 1, 4.80374e+19
Pixel 93, 78, 1, 1, 4.80374e+19
Pixel 93, 79, 1, 1, 4.80374e+19
Pixel 92, 79, 1, 1, 4.80374e+19
Pixel 92, 80, 1, 1, 4.80374e+19
Pixel 93, 80, 1, 1, 4.80374e+19
Pixel 93, 81, 1, 1, 4.80374e+19
Pixel 92, 81, 1, 1, 4.80374e+19
Pixel 92, 82, 1, 1, 4.80374e+19
Pixel 93, 82, 1, 1, 4.80374e+19
Pixel 93, 83, 1, 1, 4.80374e+19
Pixel 92, 83, 1, 1, 4.80374e+19
Pixel 92, 84, 1, 1, 4.80374e+19
Pixel 93, 84, 1, 1, 4.80374e+19
Pixel 93, 85, 1, 1, 4.80374e+19
Pixel 92, 85, 1, 1, 4.80374e+19
Pixel 92, 86, 1, 1, 4.80374e+19
Pixel 93, 86, 1, 1, 4.80374e+19
Pixel 93, 87, 1, 1, 4.80374e+19
Pixel 92, 87, 1, 1, 4.80374e+19
Pixel 92, 88, 1, 1, 4.80374e+19
Pixel 93, 88, 1, 1, 4.80374e+19
Pixel 93, 89, 1, 1, 4.80374e+19
Pixel 92, 89, 1, 1, 4.80374e+19
Pixel 92, 90, 1, 1, 4.80374e+19
Pixel 93, 90, 1, 1, 4.80374e+19
Pixel 93, 91, 1, 1, 4.80374e+19
Pixel 92, 91, 1, 1, 4.80374e+19
Pixel 92, 92, 1, 1, 4.80374e+19
Pixel 93, 92, 1, 1, 4.80374e+19
Pixel 93, 93, 1, 1, 4.80374e+19
Pixel 92, 93, 1, 1, 4.80374e+19
Pixel 92, 94, 1, 1, 4.80374e+19
Pixel 93, 94, 1, 1, 4.80374e+19
Pixel 93, 95, 1, 1, 4.80374e+19
Pixel 92, 95, 1, 1, 4.80374e+19
Pixel 92, 96, 1, 1, 4.80374e+19
Pixel 93, 96, 1, 1, 4.80374e+19
Pixel 93, 97, 1, 1, 4.80374e+19
Pixel 92, 97, 1, 1, 4.80374e+19
Pixel 92, 98, 1, 1, 4.80374e+19
Pixel 93, 98, 1, 1, 4.80374e+19
Pixel 93, 99, 1, 1, 4.80374e+19
Pixel 92, 99, 1, 1, 4.80374e+19
Pixel 92, 100, 1, 1, 4.80374e+19
Pixel 93, 100, 1, 1, 4.80374e+19
Pixel 93, 101, 1, 1, 4.80374e+19
Pixel 92, 101, 1, 1, 4.80374e+19
Pixel 92, 102, 1, 1, 4.80374e+19
Pixel 93, 102, 1, 1, 4.80374e+19
Pixel 93, 103, 1, 1, 4.80374e+19
Pixel 92, 103, 1, 1, 4.80374e+19
Pixel 92, 104, 1, 1, 4.80374e+19
Pixel 93, 104, 1, 1, 4.80374e+19
Pixel 93, 105, 1, 1, 4.80374e+19
Pixel 92, 105, 1, 1, 4.80374e+19
Pixel 92, 106, 1, 1, 4.80374e+19
Pixel 93, 106, 1, 1, 4.80374e+19
Pixel 93, 107, 1, 1, 4.80374e+19
Pixel 92, 107, 1, 1, 4.80374e+19
Pixel 92, 108, 1, 1, 4.80374e+19
Pixel 93, 108, 1, 1, 4.80374e+19
Pixel 93, 109, 1, 1, 4.80374e+19
Pixel 92, 109, 1, 1, 4.80374e+19
Pixel 92, 110, 1, 1, 4.80374e+19
Pixel 93, 110, 1, 1, 4.80374e+19
Pixel 93, 111, 1, 1, 4.80374e+19
Pixel 92, 111, 1, 1, 4.80374e+19
Pixel 92, 112, 1, 1, 4.80374e+19
Pixel 93, 112, 1, 1, 4.80374e+19
Pixel 93, 113, 1, 1, 4.80374e+19
Pixel 92, 113, 1, 1, 4.80374e+19
Pixel 92, 114, 1, 1, 4.80374e+19
Pixel 93, 114, 1, 1, 4.80374e+19
Pixel 93, 115, 1, 1, 4.80374e+19
Pixel 92, 115, 1, 1, 4.80374e+19
Pixel 92, 116, 1, 1, 4.80374e+19
Pixel 93, 116, 1, 1, 4.80374e+19
Pixel 93, 117, 1, 1, 4.80374e+19
Pixel 92, 117, 1, 1, 4.80374e+19
Pixel 92, 118, 1, 1, 4.80374e+19
Pixel 93, 118, 1, 1, 4.80374e+19
Pixel 93, 119, 1, 1, 4.80374e+19
Pixel 92, 119, 1, 1, 4.80374e+19
Pixel 92, 120, 1, 1, 4.80374e+19
Pixel 93, 120, 1, 1, 4.80374e+19
Pixel 93, 121, 1, 1, 4.80374e+19
Pixel 92, 121, 1, 1, 4.80374e+19
Pixel 92, 122, 1, 1, 4.80374e+19
Pixel 93, 122, 1, 1, 4.80374e+19
Pixel 93, 123, 1, 1, 4.80374e+19
Pixel 92, 123, 1, 1, 4.80374e+19
Pixel 92, 124, 1, 1, 4.80374e+19
Pixel 93, 124, 1, 1, 4.80374e+19
Pixel 93, 125, 1, 1, 4.80374e+19
Pixel 92, 125, 1, 1, 4.80374e+19
Pixel 92, 126, 1, 1, 4.80374e+19
Pixel 93, 126, 1, 1, 4.80374e+19
Pixel 93, 127, 1, 1, 4.80374e+19
Pixel 92, 127, 1, 1, 4.80374e+19
Pixel 92, 128, 1, 1, 4.80374e+19
Pixel 93, 128, 1, 1, 4.80374e+19
Pixel 93, 129, 1, 1, 4.80374e+19
Pixel 92, 129, 1, 1, 4.80374e+19
Pixel 92, 130, 1, 1, 4.80374e+19
Pixel 93, 130, 1, 1, 4.80374e+19
Pixel 93, 131, 1, 1, 4.80374e+19
Pixel 92, 131, 1, 1, 4.80374e+19
Pixel 92, 132, 1, 1, 4.80374e+19
Pixel 93, 132, 1, 1, 4.80374e+19
Pixel 93, 133, 1, 1, 4.80374e+19
Pixel 92, 133, 1, 1, 4.80374e+19
Pixel 92, 134, 1, 1, 4.80374e+19
Pixel 93, 134, 1, 1, 4.80374e+19
Pixel 93, 135, 1, 1, 4.80374e+19
Pixel 92, 135, 1, 1, 4.80374e+19
Pixel 92, 136, 1, 1, 4.80374e+19
Pixel 93, 136, 1, 1, 4.80374e+19
Pixel 93, 137, 1, 1, 4.80374e+19
Pixel 92, 137, 1, 1, 4.80374e+19
Pixel 92, 138, 1, 1, 4.80374e+19
Pixel 93, 138, 1, 1, 4.80374e+19
Pixel 93, 139, 1, 1, 4.80374e+19
Pixel 92, 139, 1, 1, 4.80374e+19
Pixel 92, 140, 1, 1, 4.80374e+19
Pixel 93, 140, 1, 1, 4.80374e+19
Pixel 93, 141, 1, 1, 4.80374e+19
Pixel 92, 141, 1, 1, 4.80374e+19
Pixel 92, 142, 1, 1, 4.80374e+19
Pixel 93, 142, 1, 1, 4.80374e+19
Pixel 93, 143, 1, 1, 4.80374e+19
Pixel 92, 143, 1, 1, 4.80374e+19
Pixel 92, 144, 1, 1, 4.80374e+19
Pixel 93, 144, 1, 1, 4.80374e+19
Pixel 93, 145, 1, 1, 4.80374e+19
Pixel 92, 145, 1, 1, 4.80374e+19
Pixel 92, 146, 1, 1, 4.80374e+19
Pixel 93, 146, 1, 1, 4.80374e+19
Pixel 93, 147, 1, 1, 4.80374e+19
Pixel 92, 147, 1, 1, 4.80374e+19
Pixel 92, 148, 1, 1, 4.80374e+19
Pixel 93, 148, 1, 1, 4.80374e+19
Pixel 93, 149, 1, 1, 4.80374e+19
Pixel 92, 149, 1, 1, 4.80374e+19
Pixel 92, 150, 1, 1, 4.80374e+19
Pixel 93, 150, 1, 1, 4.80374e+19
Pixel 93, 151, 1, 1, 4.80374e+19
Pixel 92, 151, 1, 1, 4.80374e+19
Pixel 92, 152, 1, 1, 4.80374e+19
Pixel 93, 152, 1, 1, 4.80374e+19
Pixel 93, 153, 1, 1, 4.80374e+19
Pixel 92, 153, 1, 1, 4.80374e+19
Pixel 92, 154, 1, 1, 4.80374e+19
Pixel 93, 154, 1, 1, 4.80374e+19
Pixel 93, 155, 1, 1, 4.80374e+19
Pixel 92, 155, 1, 1, 4.80374e+19
Pixel 92, 156, 1, 1, 4.80374e+19
Pixel 93, 156, 1, 1, 4.80374e+19
Pixel 93, 157, 1, 1, 4.80374e+19
Pixel 92, 157, 1, 1, 4.80374e+19
Pixel 92, 158, 1, 1, 4.80374e+19
Pixel 93, 158, 1, 1, 4.80374e+19
Pixel 93, 159, 1, 1, 4.80374e+19
Pixel 92, 159, 1, 1, 4.80374e+19
Pixel 92, 160, 1, 1, 4.80374e+19
Pixel 93, 160, 1, 1, 4.80374e+19
Pixel 93, 161, 1, 1, 4.80374e+19
Pixel 92, 161, 1, 1, 4.80374e+19
Pixel 92, 162, 1, 1, 4.80374e+19
Pixel 93, 162, 1, 1, 4.80374e+19
Pixel 93, 163, 1, 1, 4.80374e+19
Pixel 92, 163, 1, 1, 4.80374e+19
Pixel 92, 164, 1, 1, 4.80374e+19
Pixel 93, 164, 1, 1, 4.80374e+19
Pixel 93, 165, 1, 1, 4.80374e+19
Pixel 92, 165, 1, 1, 4.80374e+19
Pixel 92, 166, 1, 1, 4.80374e+19
Pixel 93, 166, 1, 1, 4.80374e+19
Pixel 93, 167, 1, 1, 4.80374e+19
Pixel 92, 167, 1, 1, 4.80374e+19
Pixel 92, 168, 1, 1, 4.80374e+19
Pixel 93, 168, 1, 1, 4.80374e+19
Pixel 93, 169, 1, 1, 4.80374e+19
Pixel 92, 169, 1, 1, 4.80374e+19
Pixel 92, 170, 1, 1, 4.80374e+19
Pixel 93, 170, 1, 1, 4.80374e+19
Pixel 93, 171, 1, 1, 4.80374e+19
Pixel 92, 171, 1, 1, 4.80374e+19
Pixel 92, 172, 1, 1, 4.80374e+19
Pixel 93, 172, 1, 1, 4.80374e+19
Pixel 93, 173, 1, 1, 4.80374e+19
Pixel 92, 173, 1, 1, 4.80374e+19
Pixel 92, 174, 1, 1, 4.80374e+19
Pixel 93, 174, 1, 1, 4.80374e+19
Pixel 93, 175, 1, 1, 4.80374e+19
Pixel 92, 175, 1, 1, 4.80374e+19
Pixel 92, 176, 1, 1, 4.80374e+19
Pixel 93, 176, 1, 1, 4.80374e+19
Pixel 93, 177, 1, 1, 4.80374e+19
Pixel 92, 177, 1, 1, 4.80374e+19
Pixel 92, 178, 1, 1, 4.80374e+19
Pixel 93, 178, 1, 1, 4.80374e+19
Pixel 93, 179, 1, 1, 4.80374e+19
Pixel 92, 179, 1, 1, 4.80374e+19
Pixel 92, 180, 1, 1, 4.80374e+19
Pixel 93, 180, 1, 1, 4.80374e+19
Pixel 93, 181, 1, 1, 4.80374e+19
Pixel 92, 181, 1, 1, 4.80374e+19
Pixel 92, 182, 1, 1, 4.80374e+19
Pixel 93, 182, 1, 1, 4.80374e+19
Pixel 93, 183, 1, 1, 4.80374e+19
Pixel 92, 183, 1, 1, 4.80374e+19
Pixel 92, 184, 1, 1, 4.80374e+19
Pixel 93, 184, 1, 1, 4.80374e+19
Pixel 93, 185, 1, 1, 4.80374e+19
Pixel 92, 185, 1, 1, 4.80374e+19
Pixel 92, 186, 1, 1, 4.80374e+19
Pixel 93, 186, 1, 1, 4.80374e+19
Pixel 93, 187, 1, 1, 4.80374e+19
Pixel 92, 187, 1, 1, 4.80374e+19
Pixel 92, 188, 1, 1, 4.80374e+19
Pixel 93, 188, 1, 1, 4.80374e+19
Pixel 93, 189, 1, 1, 4.80374e+19
Pixel 92, 189, 1, 1, 4.80374e+19
Pixel 92, 190, 1, 1, 4.80374e+19
Pixel 93, 190, 1, 1, 4.80374e+19
Pixel 93, 191, 1, 1, 4.80374e+19
Pixel 92, 191, 1, 1, 4.80374e+19
Pixel 92, 192, 1, 1, 4.80374e+19
Pixel 93, 192, 1, 1, 4.80374e+19
Pixel 93, 193, 1, 1, 4.80374e+19
Pixel 92, 193, 1, 1, 4.80374e+19
Pixel 92, 194, 1, 1, 4.80374e+19
Pixel 93, 194, 1, 1, 4.80374e+19
Pixel 93, 195, 1, 1, 4.80374e+19
Pixel 92, 195, 1, 1, 4.80374e+19
Pixel 92, 196, 1, 1, 4.80374e+19
Pixel 93, 196, 1, 1, 4.80374e+19
Pixel 93, 197, 1, 1, 4.80374e+19
Pixel 92, 197, 1, 1, 4.80374e+19
Pixel 92, 198, 1, 1, 4.80374e+19
Pixel 93, 198, 1, 1, 4.80374e+19
Pixel 93, 199, 1, 1, 4.80374e+19
Pixel 92, 199, 1, 1, 4.80374e+19
Pixel 92, 200, 1, 1, 4.80374e+19
Pixel 93, 200, 1, 1, 4.80374e+19
Pixel 93, 201, 1, 1, 4.80374e+19
Pixel 92, 201, 1, 1, 4.80374e+19
Pixel 92, 202, 1, 1, 4.80374e+19
Pixel 93, 202, 1, 1, 4.80374e+19
Pixel 93, 203, 1, 1, 4.80374e+19
Pixel 92, 203, 1, 1, 4.80374e+19
Pixel 92, 204, 1, 1, 4.80374e+19
Pixel 93, 204, 1, 1, 4.80374e+19
Pixel 93, 205, 1, 1, 4.80374e+19
Pixel 92, 205, 1, 1, 4.80374e+19
Pixel 92, 206, 1, 1, 4.80374e+19
Pixel 93, 206, 1, 1, 4.80374e+19
Pixel 93, 207, 1, 1, 4.80374e+19
Pixel 92, 207, 1, 1, 4.80374e+19
Pixel 92, 208, 1, 1, 4.80374e+19
Pixel 93, 208, 1, 1, 4.80374e+19
Pixel 93, 209, 1, 1, 4.80374e+19
Pixel 92, 209, 1, 1, 4.80374e+19
Pixel 92, 210, 1, 1, 4.80374e+19
Pixel 93, 210, 1, 1, 4.80374e+19
Pixel 93, 211, 1, 1, 4.80374e+19
Pixel 92, 211, 1, 1, 4.80374e+19
Pixel 92, 212, 1, 1, 4.80374e+19
Pixel 93, 212, 1, 1, 4.80374e+19
Pixel 93, 213, 1, 1, 4.80374e+19
Pixel 92, 213, 1, 1, 4.80374e+19
Pixel 92, 214, 1, 1, 4.80374e+19
Pixel 93, 214, 1, 1, 4.80374e+19
Pixel 93, 215, 1, 1, 4.80374e+19
Pixel 92, 215, 1, 1, 4.80374e+19
Pixel 92, 216, 1, 1, 4.80374e+19
Pixel 93, 216, 1, 1, 4.80374e+19
Pixel 93, 217, 1, 1, 4.80374e+19
Pixel 92, 217, 1, 1, 4.80374e+19
Pixel 92, 218, 1, 1, 4.80374e+19
Pixel 93, 218, 1, 1, 4.80374e+19
Pixel 93, 219, 1, 1, 4.80374e+19
Pixel 92, 219, 1, 1, 4.80374e+19
Pixel 92, 220, 1, 1, 4.80374e+19
Pixel 93, 220, 1, 1, 4.80374e+19
Pixel 93, 221, 1, 1, 4.80374e+19
Pixel 92, 221, 1, 1, 4.80374e+19
Pixel 92, 222, 1, 1, 4.80374e+19
Pixel 93, 222, 1, 1, 4.80374e+19
Pixel 93, 223, 1, 1, 4.80374e+19
Pixel 92, 223, 1, 1, 4.80374e+19
Pixel 92, 224, 1, 1, 4.80374e+19
Pixel 93, 224, 1, 1, 4.80374e+19
Pixel 93, 225, 1, 1, 4.80374e+19
Pixel 92, 225, 1, 1, 4.80374e+19
Pixel 92, 226, 1, 1, 4.80374e+19
Pixel 93, 226, 1, 1, 4.80374e+19
Pixel 93, 227, 1, 1, 4.80374e+19
Pixel 92, 227, 1, 1, 4.80374e+19
Pixel 92, 228, 1, 1, 4.80374e+19
Pixel 93, 228, 1, 1, 4.80374e+19
Pixel 93, 229, 1, 1, 4.80374e+19
Pixel 92, 229, 1, 1, 4.80374e+19
Pixel 92, 230, 1, 1, 4.80374e+19
Pixel 93, 230, 1, 1, 4.80374e+19
Pixel 93, 231, 1, 1, 4.80374e+19
Pixel 92, 231, 1, 1, 4.80374e+19
Pixel 92, 232, 1, 1, 4.80374e+19
Pixel 93, 232, 1, 1, 4.80374e+19
Pixel 93, 233, 1, 1, 4.80374e+19
Pixel 92, 233, 1, 1, 4.80374e+19
Pixel 92, 234, 1, 1, 4.80374e+19
Pixel 93, 234, 1, 1, 4.80374e+19
Pixel 93, 235, 1, 1, 4.80374e+19
Pixel 92, 235, 1, 1, 4.80374e+19
Pixel 92, 236, 1, 1, 4.80374e+19
Pixel 93, 236, 1, 1, 4.80374e+19
Pixel 93, 237, 1, 1, 4.80374e+19
Pixel 92, 237, 1, 1, 4.80374e+19
Pixel 92, 238, 1, 1, 4.80374e+19
Pixel 93, 238, 1, 1, 4.80374e+19
Pixel 93, 239, 1, 1, 4.80374e+19
Pixel 92, 239, 1, 1, 4.80374e+19
Pixel 92, 240, 1, 1, 4.80374e+19
Pixel 93, 240, 1, 1, 4.80374e+19
Pixel 93, 241, 1, 1, 4.80374e+19
Pixel 92, 241, 1, 1, 4.80374e+19
Pixel 92, 242, 1, 1, 4.80374e+19
Pixel 93, 242, 1, 1, 4.80374e+19
Pixel 93, 243, 1, 1, 4.80374e+19
Pixel 92, 243, 1, 1, 4.80374e+19
Pixel 92, 244, 1, 1, 4.80374e+19
Pixel 93, 244, 1, 1, 4.80374e+19
Pixel 93, 245, 1, 1, 4.80374e+19
Pixel 92, 245, 1, 1, 4.80374e+19
Pixel 92, 246, 1, 1, 4.80374e+19
Pixel 93, 246, 1, 1, 4.80374e+19
Pixel 93, 247, 1, 1, 4.80374e+19
Pixel 92, 247, 1, 1, 4.80374e+19
Pixel 92, 248, 1, 1, 4.80374e+19
Pixel 93, 248, 1, 1, 4.80374e+19
Pixel 93, 249, 1, 1, 4.80374e+19
Pixel 92, 249, 1, 1, 4.80374e+19
Pixel 92, 250, 1, 1, 4.80374e+19
Pixel 93, 250, 1, 1, 4.80374e+19
Pixel 93, 251, 1, 1, 4.80374e+19
Pixel 92, 251, 1, 1, 4.80374e+19
Pixel 92, 252, 1, 1, 4.80374e+19
Pixel 93, 252, 1, 1, 4.80374e+19
Pixel 93, 253, 1, 1, 4.80374e+19
Pixel 92, 253, 1, 1, 4.80374e+19
Pixel 92, 254, 1, 1, 4.80374e+19
Pixel 93, 254, 1, 1, 4.80374e+19
Pixel 93, 255, 1, 1, 4.80374e+19
Pixel 92, 255, 1, 1, 4.80374e+19
=== 10814 ===
--- pALPIDEfs_0 ---
Pixel 63, 442, 1, 1, 4.80374e+19
Pixel 63, 443, 1, 1, 4.80374e+19
Pixel 64, 442, 1, 1, 4.80374e+19
=== 205881 ===
--- pALPIDEfs_0 ---
Pixel 54, 229, 1, 1, 4.80374e+19
=== 514145 ===
--- pALPIDEfs_0 ---
Pixel 775, 265, 1, 1, 4.80374e+19
Pixel 774, 265, 1, 1, 4.80374e+19
Pixel 774, 266, 1, 1, 4.80374e+19
Pixel 775, 266, 1, 1, 4.80374e+19
Pixel 776, 265, 1, 1, 4.80374e+19
=== 571802 ===
--- pALPIDEfs_0 ---
Pixel 1021, 399, 1, 1, 4.80374e+19
Pixel 1022, 398, 1, 1, 4.80374e+19
Pixel 1023, 399, 1, 1, 4.80374e+19
Pixel 1022, 399, 1, 1, 4.80374e+19
Pixel 1022, 400, 1, 1, 4.80374e+19
Pixel 1023, 400, 1, 1, 4.80374e+19
=== 638733 ===
--- pALPIDEfs_0 ---
Pixel 299, 428, 1, 1, 4.80374e+19
=== 864350 ===
--- pALPIDEfs_0 ---
Pixel 663, 91, 1, 1, 4.80374e+19
Pixel 663, 92, 1, 1, 4.80374e+19
Pixel 664, 91, 1, 1, 4.80374e+19
Pixel 664, 92, 1, 1, 4.80374e+19
=== 919063 ===
--- pALPIDEfs_0 ---
Pixel 349, 151, 1, 1, 4.80374e+19
Pixel 348, 151, 1, 1, 4.80374e+19
=== 1061764 ===
--- pALPIDEfs_0 ---
Pixel 475, 400, 1, 1, 4.80374e+19
Pixel 476, 400, 1, 1, 4.80374e+19
Pixel 476, 401, 1, 1, 4.80374e+19
=== 1576442 ===
--- pALPIDEfs_0 ---
Pixel 93, 359, 1, 1, 4.80374e+19
Pixel 92, 359, 1, 1, 4.80374e+19
Pixel 92, 360, 1, 1, 4.80374e+19
Pixel 93, 360, 1, 1, 4.80374e+19
Pixel 93, 361, 1, 1, 4.80374e+19
Pixel 94, 360, 1, 1, 4.80374e+19
Pixel 94, 361, 1, 1, 4.80374e+19
Pixel 94, 362, 1, 1, 4.80374e+19
Pixel 95, 362, 1, 1, 4.80374e+19
Pixel 95, 363, 1, 1, 4.80374e+19
=== 2060746 ===
--- pALPIDEfs_0 ---
Pixel 103, 423, 1, 1, 4.80374e+19
Pixel 102, 423, 1, 1, 4.80374e+19
Pixel 102, 424, 1, 1, 4.80374e+19
Pixel 103, 424, 1, 1, 4.80374e+19
=== 2162247 ===
--- pALPIDEfs_0 ---
Pixel 250, 221, 1, 1, 4.80374e+19
=== 2278430 ===
--- pALPIDEfs_0 ---
Pixel 797, 281, 1, 1, 4.80374e+19
=== 2281081 ===
--- pALPIDEfs_0 ---
Pixel 43, 400, 1, 1, 4.80374e+19
=== 2816124 ===
--- pALPIDEfs_0 ---
Pixel 581, 438, 1, 1, 4.80374e+19
Pixel 582, 438, 1, 1, 4.80374e+19
Pixel 582, 439, 1, 1, 4.80374e+19
=== 2874628 ===
--- pALPIDEfs_0 ---
Pixel 8, 68, 1, 1, 4.80374e+19
Pixel 9, 68, 1, 1, 4.80374e+19
Pixel 9, 69, 1, 1, 4.80374e+19
Pixel 8, 69, 1, 1, 4.80374e+19
Pixel 8, 70, 1, 1, 4.80374e+19
Pixel 9, 70, 1, 1, 4.80374e+19
=== 3119000 ===
--- pALPIDEfs_0 ---
Pixel 1020, 406, 1, 1, 4.80374e+19
Pixel 1020, 407, 1, 1, 4.80374e+19
=== 3135563 ===
--- pALPIDEfs_0 ---
Pixel 2, 407, 1, 1, 4.80374e+19
=== 3206311 ===
--- pALPIDEfs_0 ---
Pixel 74, 438, 1, 1, 4.80374e+19
Pixel 75, 438, 1, 1, 4.80374e+19
Pixel 75, 439, 1, 1, 4.80374e+19
=== 3417968 ===
--- pALPIDEfs_0 ---
Pixel 85, 158, 1, 1, 4.80374e+19
Pixel 86, 157, 1, 1, 4.80374e+19
Pixel 86, 158, 1, 1, 4.80374e+19
=== 3488823 ===
--- pALPIDEfs_0 ---
Pixel 85, 318, 1, 1, 4.80374e+19
Pixel 85, 319, 1, 1, 4.80374e+19
=== 3491025 ===
--- pALPIDEfs_0 ---
Pixel 689, 30, 1, 1, 4.80374e+19
Pixel 689, 31, 1, 1, 4.80374e+19
Pixel 689, 32, 1, 1, 4.80374e+19
Pixel 691, 26, 1, 1, 4.80374e+19
Pixel 691, 27, 1, 1, 4.80374e+19
Pixel 690, 28, 1, 1, 4.80374e+19
Pixel 691, 28, 1, 1, 4.80374e+19
Pixel 691, 29, 1, 1, 4.80374e+19
Pixel 690, 29, 1, 1, 4.80374e+19
Pixel 690, 30, 1, 1, 4.80374e+19
Pixel 690, 31, 1, 1, 4.80374e+19
Pixel 693, 21, 1, 1, 4.80374e+19
Pixel 693, 22, 1, 1, 4.80374e+19
Pixel 693, 23, 1, 1, 4.80374e+19
Pixel 692, 24, 1, 1, 4.80374e+19
Pixel 693, 24, 1, 1, 4.80374e+19
Pixel 693, 25, 1, 1, 4.80374e+19
Pixel 692, 25, 1, 1, 4.80374e+19
Pixel 692, 26, 1, 1, 4.80374e+19
=== 3540842 ===
--- pALPIDEfs_0 ---
Pixel 278, 458, 1, 1, 4.80374e+19
Pixel 279, 458, 1, 1, 4.80374e+19
Pixel 279, 459, 1, 1, 4.80374e+19
=== 3890616 ===
--- pALPIDEfs_0 ---
Pixel 729, 172, 1, 1, 4.80374e+19
Pixel 729, 173, 1, 1, 4.80374e+19
=== 3959562 ===
--- pALPIDEfs_0 ---
Pixel 461, 218, 1, 1, 4.80374e+19
Pixel 461, 219, 1, 1, 4.80374e+19
Pixel 462, 219, 1, 1, 4.80374e+19
=== 4211704 ===
--- pALPIDEfs_0 ---
Pixel 919, 398, 1, 1, 4.80374e+19
Pixel 920, 398, 1, 1, 4.80374e+19
=== 4460644 ===
--- pALPIDEfs_0 ---
Pixel 477, 333, 1, 1, 4.80374e+19
=== 4975353 ===
--- pALPIDEfs_0 ---
Pixel 607, 28, 1, 1, 4.80374e+19
=== 4978055 ===
--- pALPIDEfs_0 ---
Pixel 172, 93, 1, 1, 4.80374e+19
Pixel 172, 94, 1, 1, 4.80374e+19
=== 5016818 ===
--- pALPIDEfs_0 ---
Pixel 45, 178, 1, 1, 4.80374e+19
Pixel 46, 178, 1, 1, 4.80374e+19
=== 5216222 ===
--- pALPIDEfs_0 ---
Pixel 358, 200, 1, 1, 4.80374e+19
=== 5614402 ===
--- pALPIDEfs_0 ---
Pixel 229, 267, 1, 1, 4.80374e+19
Pixel 228, 267, 1, 1, 4.80374e+19
=== 5631382 ===
--- pALPIDEfs_0 ---
Pixel 349, 132, 1, 1, 4.80374e+19
Pixel 350, 132, 1, 1, 4.80374e+19
=== 5838484 ===
--- pALPIDEfs_0 ---
Pixel 45, 6, 1, 1, 4.80374e+19
Pixel 45, 7, 1, 1, 4.80374e+19
Pixel 45, 8, 1, 1, 4.80374e+19
Pixel 46, 6, 1, 1, 4.80374e+19
Pixel 47, 6, 1, 1, 4.80374e+19
Pixel 47, 7, 1, 1, 4.80374e+19
Pixel 46, 7, 1, 1, 4.80374e+19
=== 6516732 ===
--- pALPIDEfs_0 ---
Pixel 219, 118, 1, 1, 4.80374e+19
Pixel 220, 118, 1, 1, 4.80374e+19
=== 6569715 ===
--- pALPIDEfs_0 ---
Pixel 260, 260, 1, 1, 4.80374e+19
Pixel 261, 260, 1, 1, 4.80374e+19
Pixel 261, 261, 1, 1, 4.80374e+19
Pixel 260, 261, 1, 1, 4.80374e+19
Pixel 262, 260, 1, 1, 4.80374e+19
=== 6612354 ===
--- pALPIDEfs_0 ---
Pixel 765, 226, 1, 1, 4.80374e+19
Pixel 765, 227, 1, 1, 4.80374e+19
=== 6767112 ===
--- pALPIDEfs_0 ---
Pixel 243, 389, 1, 1, 4.80374e+19
Pixel 242, 389, 1, 1, 4.80374e+19
Pixel 244, 389, 1, 1, 4.80374e+19
=== 7043791 ===
--- pALPIDEfs_0 ---
Pixel 445, 25, 1, 1, 4.80374e+19
=== 7172274 ===
--- pALPIDEfs_0 ---
Pixel 484, 141, 1, 1, 4.80374e+19
Pixel 484, 142, 1, 1, 4.80374e+19
=== 7219038 ===
--- pALPIDEfs_0 ---
Pixel 101, 15, 1, 1, 4.80374e+19
=== 7219655 ===
--- pALPIDEfs_0 ---
Pixel 190, 30, 1, 1, 4.80374e+19
Pixel 191, 30, 1, 1, 4.80374e+19
=== 7417202 ===
--- pALPIDEfs_0 ---
Pixel 984, 80, 1, 1, 4.80374e+19
Pixel 984, 81, 1, 1, 4.80374e+19
=== 7602419 ===
--- pALPIDEfs_0 ---
Pixel 629, 457, 1, 1, 4.80374e+19
Pixel 628, 457, 1, 1, 4.80374e+19
=== 7863083 ===
--- pALPIDEfs_0 ---
Pixel 193, 387, 1, 1, 4.80374e+19
Pixel 193, 388, 1, 1, 4.80374e+19
=== 8215658 ===
--- pALPIDEfs_0 ---
Pixel 269, 22, 1, 1, 4.80374e+19
=== 8599516 ===
--- pALPIDEfs_0 ---
Pixel 673, 331, 1, 1, 4.80374e+19
Pixel 672, 331, 1, 1, 4.80374e+19
Pixel 672, 332, 1, 1, 4.80374e+19
Pixel 673, 332, 1, 1, 4.80374e+19
=== 8683656 ===
--- pALPIDEfs_0 ---
Pixel 673, 246, 1, 1, 4.80374e+19
Pixel 673, 247, 1, 1, 4.80374e+19
=== 8980227 ===
--- pALPIDEfs_0 ---
Pixel 539, 35, 1, 1, 4.80374e+19
=== 9150479 ===
--- pALPIDEfs_0 ---
Pixel 1016, 452, 1, 1, 4.80374e+19
Pixel 1017, 452, 1, 1, 4.80374e+19
=== 9271757 ===
--- pALPIDEfs_0 ---
Pixel 699, 425, 1, 1, 4.80374e+19
Pixel 700, 424, 1, 1, 4.80374e+19
Pixel 700, 425, 1, 1, 4.80374e+19
=== 9281802 ===
--- pALPIDEfs_0 ---
Pixel 937, 374, 1, 1, 4.80374e+19
Pixel 937, 375, 1, 1, 4.80374e+19
=== 9281850 ===
--- pALPIDEfs_0 ---
Pixel 715, 297, 1, 1, 4.80374e+19
Pixel 714, 297, 1, 1, 4.80374e+19
Pixel 714, 298, 1, 1, 4.80374e+19
Pixel 715, 298, 1, 1, 4.80374e+19
=== 9543065 ===
--- pALPIDEfs_0 ---
Pixel 189, 177, 1, 1, 4.80374e+19
Pixel 189, 178, 1, 1, 4.80374e+19
Pixel 189, 179, 1, 1, 4.80374e+19
Pixel 189, 180, 1, 1, 4.80374e+19
Pixel 190, 177, 1, 1, 4.80374e+19
Pixel 190, 178, 1, 1, 4.80374e+19
Pixel 191, 179, 1, 1, 4.80374e+19
Pixel 190, 179, 1, 1, 4.80374e+19
Pixel 190, 180, 1, 1, 4.80374e+19
Pixel 190, 181, 1, 1, 4.80374e+19
Pixel 190, 182, 1, 1, 4.80374e+19
Pixel 190, 183, 1, 1, 4.80374e+19
Pixel 190, 184, 1, 1, 4.80374e+19
Pixel 191, 184, 1, 1, 4.80374e+19
Pixel 191, 185, 1, 1, 4.80374e+19
Pixel 190, 185, 1, 1, 4.80374e+19
Pixel 190, 186, 1, 1, 4.80374e+19
Pixel 191, 186, 1, 1, 4.80374e+19
Pixel 191, 187, 1, 1, 4.80374e+19
Pixel 190, 187, 1, 1, 4.80374e+19
Pixel 190, 188, 1, 1, 4.80374e+19
Pixel 191, 188, 1, 1, 4.80374e+19
Pixel 191, 189, 1, 1, 4.80374e+19
Pixel 190, 189, 1, 1, 4.80374e+19
Pixel 190, 190, 1, 1, 4.80374e+19
Pixel 191, 190, 1, 1, 4.80374e+19
Pixel 190, 191, 1, 1, 4.80374e+19
Pixel 190, 192, 1, 1, 4.80374e+19
Pixel 190, 193, 1, 1, 4.80374e+19
=== 9851459 ===
--- pALPIDEfs_0 ---
Pixel 784, 146, 1, 1, 4.80374e+19
=== 10089259 ===
--- pALPIDEfs_0 ---
Pixel 631, 239, 1, 1, 4.80374e+19
Pixel 632, 239, 1, 1, 4.80374e+19
=== 10098853 ===
--- pALPIDEfs_0 ---
Pixel 697, 163, 1, 1, 4.80374e+19
Pixel 698, 163, 1, 1, 4.80374e+19
=== 10206586 ===
--- pALPIDEfs_0 ---
Pixel 855, 413, 1, 1, 4.80374e+19
Pixel 855, 414, 1, 1, 4.80374e+19
=== 10546024 ===
--- pALPIDEfs_0 ---
Pixel 862, 168, 1, 1, 4.80374e+19
=== 10804620 ===
--- pALPIDEfs_0 ---
Pixel 262, 36, 1, 1, 4.80374e+19
Pixel 262, 37, 1, 1, 4.80374e+19
=== 11016336 ===
--- pALPIDEfs_0 ---
Pixel 902, 38, 1, 1, 4.80374e+19
Pixel 903, 38, 1, 1, 4.80374e+19
=== 11426331 ===
--- pALPIDEfs_0 ---
Pixel 686, 263, 1, 1, 4.80374e+19
=== 11465024 ===
--- pALPIDEfs_0 ---
Pixel 406, 27, 1, 1, 4.80374e+19
Pixel 406, 28, 1, 1, 4.80374e+19
=== 11606387 ===
--- pALPIDEfs_0 ---
Pixel 138, 74, 1, 1, 4.80374e+19
=== 11840134 ===
--- pALPIDEfs_0 ---
Pixel 651, 268, 1, 1, 4.80374e+19
Pixel 651, 269, 1, 1, 4.80374e+19
=== 12171394 ===
--- pALPIDEfs_0 ---
Pixel 221, 353, 1, 1, 4.80374e+19
Pixel 221, 354, 1, 1, 4.80374e+19
Pixel 221, 355, 1, 1, 4.80374e+19
=== 12231266 ===
--- pALPIDEfs_0 ---
Pixel 304, 54, 1, 1, 4.80374e+19
Pixel 304, 55, 1, 1, 4.80374e+19
=== 12452981 ===
--- pALPIDEfs_0 ---
Pixel 313, 405, 1, 1, 4.80374e+19
Pixel 314, 405, 1, 1, 4.80374e+19
=== 12527231 ===
--- pALPIDEfs_0 ---
Pixel 891, 438, 1, 1, 4.80374e+19
Pixel 891, 439, 1, 1, 4.80374e+19
Pixel 892, 438, 1, 1, 4.80374e+19
Pixel 892, 439, 1, 1, 4.80374e+19
Pixel 911, 462, 1, 1, 4.80374e+19
=== 12567230 ===
--- pALPIDEfs_0 ---
Pixel 930, 392, 1, 1, 4.80374e+19
Pixel 931, 392, 1, 1, 4.80374e+19
Pixel 931, 393, 1, 1, 4.80374e+19
Pixel 930, 393, 1, 1, 4.80374e+19
=== 12619078 ===
--- pALPIDEfs_0 ---
Pixel 496, 215, 1, 1, 4.80374e+19
Pixel 496, 216, 1, 1, 4.80374e+19
=== 12911260 ===
--- pALPIDEfs_0 ---
Pixel 15, 112, 1, 1, 4.80374e+19
=== 13106592 ===
--- pALPIDEfs_0 ---
Pixel 477, 67, 1, 1, 4.80374e+19
=== 13381814 ===
--- pALPIDEfs_0 ---
Pixel 1000, 101, 1, 1, 4.80374e+19
Pixel 1000, 102, 1, 1, 4.80374e+19
=== 13443314 ===
--- pALPIDEfs_0 ---
Pixel 714, 123, 1, 1, 4.80374e+19
=== 13724170 ===
--- pALPIDEfs_0 ---
Pixel 467, 446, 1, 1, 4.80374e+19
Pixel 467, 447, 1, 1, 4.80374e+19
Pixel 468, 446, 1, 1, 4.80374e+19
Pixel 468, 447, 1, 1, 4.80374e+19
=== 13996290 ===
--- pALPIDEfs_0 ---
Pixel 929, 263, 1, 1, 4.80374e+19
Pixel 928, 263, 1, 1, 4.80374e+19
=== 14393043 ===
--- pALPIDEfs_0 ---
Pixel 108, 374, 1, 1, 4.80374e+19
Pixel 109, 374, 1, 1, 4.80374e+19
=== 14478552 ===
--- pALPIDEfs_0 ---
Pixel 30, 156, 1, 1, 4.80374e+19
Pixel 31, 156, 1, 1, 4.80374e+19
=== 14596434 ===
--- pALPIDEfs_0 ---
Pixel 113, 275, 1, 1, 4.80374e+19
Pixel 112, 275, 1, 1, 4.80374e+19
Pixel 112, 276, 1, 1, 4.80374e+19
Pixel 113, 276, 1, 1, 4.80374e+19
=== 14712269 ===
--- pALPIDEfs_0 ---
Pixel 745, 441, 1, 1, 4.80374e+19
Pixel 745, 442, 1, 1, 4.80374e+19
Pixel 746, 441, 1, 1, 4.80374e+19
Pixel 746, 442, 1, 1, 4.80374e+19
Pixel 747, 442, 1, 1, 4.80374e+19
Pixel 747, 443, 1, 1, 4.80374e+19
Pixel 746, 443, 1, 1, 4.80374e+19
=== 14929270 ===
--- pALPIDEfs_0 ---
Pixel 765, 292, 1, 1, 4.80374e+19
Pixel 765, 293, 1, 1, 4.80374e+19
