=== 12 ===
--- pALPIDEfs_0 ---
Pixel 92, 0, 1, 1, 4.80374e+19
Pixel 93, 0, 1, 1, 4.80374e+19
Pixel 93, 1, 1, 1, 4.80374e+19
Pixel 92, 1, 1, 1, 4.80374e+19
Pixel 92, 2, 1, 1, 4.80374e+19
Pixel 93, 2, 1, 1, 4.80374e+19
Pixel 93, 3, 1, 1, 4.80374e+19
Pixel 92, 3, 1, 1, 4.80374e+19
Pixel 92, 4, 1, 1, 4.80374e+19
Pixel 93, 4, 1, 1, 4.80374e+19
Pixel 93, 5, 1, 1, 4.80374e+19
Pixel 92, 5, 1, 1, 4.80374e+19
Pixel 92, 6, 1, 1, 4.80374e+19
Pixel 93, 6, 1, 1, 4.80374e+19
Pixel 93, 7, 1, 1, 4.80374e+19
Pixel 92, 7, 1, 1, 4.80374e+19
Pixel 92, 8, 1, 1, 4.80374e+19
Pixel 93, 8, 1, 1, 4.80374e+19
Pixel 93, 9, 1, 1, 4.80374e+19
Pixel 92, 9, 1, 1, 4.80374e+19
Pixel 92, 10, 1, 1, 4.80374e+19
Pixel 93, 10, 1, 1, 4.80374e+19
Pixel 93, 11, 1, 1, 4.80374e+19
Pixel 92, 11, 1, 1, 4.80374e+19
Pixel 92, 12, 1, 1, 4.80374e+19
Pixel 93, 12, 1, 1, 4.80374e+19
Pixel 93, 13, 1, 1, 4.80374e+19
Pixel 92, 13, 1, 1, 4.80374e+19
Pixel 92, 14, 1, 1, 4.80374e+19
Pixel 93, 14, 1, 1, 4.80374e+19
Pixel 93, 15, 1, 1, 4.80374e+19
Pixel 92, 15, 1, 1, 4.80374e+19
Pixel 92, 16, 1, 1, 4.80374e+19
Pixel 93, 16, 1, 1, 4.80374e+19
Pixel 93, 17, 1, 1, 4.80374e+19
Pixel 92, 17, 1, 1, 4.80374e+19
Pixel 92, 18, 1, 1, 4.80374e+19
Pixel 93, 18, 1, 1, 4.80374e+19
Pixel 93, 19, 1, 1, 4.80374e+19
Pixel 92, 19, 1, 1, 4.80374e+19
Pixel 92, 20, 1, 1, 4.80374e+19
Pixel 93, 20, 1, 1, 4.80374e+19
Pixel 93, 21, 1, 1, 4.80374e+19
Pixel 92, 21, 1, 1, 4.80374e+19
Pixel 92, 22, 1, 1, 4.80374e+19
Pixel 93, 22, 1, 1, 4.80374e+19
Pixel 93, 23, 1, 1, 4.80374e+19
Pixel 92, 23, 1, 1, 4.80374e+19
Pixel 92, 24, 1, 1, 4.80374e+19
Pixel 93, 24, 1, 1, 4.80374e+19
Pixel 93, 25, 1, 1, 4.80374e+19
Pixel 92, 25, 1, 1, 4.80374e+19
Pixel 92, 26, 1, 1, 4.80374e+19
Pixel 93, 26, 1, 1, 4.80374e+19
Pixel 93, 27, 1, 1, 4.80374e+19
Pixel 92, 27, 1, 1, 4.80374e+19
Pixel 92, 28, 1, 1, 4.80374e+19
Pixel 93, 28, 1, 1, 4.80374e+19
Pixel 93, 29, 1, 1, 4.80374e+19
Pixel 92, 29, 1, 1, 4.80374e+19
Pixel 92, 30, 1, 1, 4.80374e+19
Pixel 93, 30, 1, 1, 4.80374e+19
Pixel 93, 31, 1, 1, 4.80374e+19
Pixel 92, 31, 1, 1, 4.80374e+19
Pixel 92, 32, 1, 1, 4.80374e+19
Pixel 93, 32, 1, 1, 4.80374e+19
Pixel 93, 33, 1, 1, 4.80374e+19
Pixel 92, 33, 1, 1, 4.80374e+19
Pixel 92, 34, 1, 1, 4.80374e+19
Pixel 93, 34, 1, 1, 4.80374e+19
Pixel 93, 35, 1, 1, 4.80374e+19
Pixel 92, 35, 1, 1, 4.80374e+19
Pixel 92, 36, 1, 1, 4.80374e+19
Pixel 93, 36, 1, 1, 4.80374e+19
Pixel 93, 37, 1, 1, 4.80374e+19
Pixel 92, 37, 1, 1, 4.80374e+19
Pixel 92, 38, 1, 1, 4.80374e+19
Pixel 93, 38, 1, 1, 4.80374e+19
Pixel 93, 39, 1, 1, 4.80374e+19
Pixel 92, 39, 1, 1, 4.80374e+19
Pixel 92, 40, 1, 1, 4.80374e+19
Pixel 93, 40, 1, 1, 4.80374e+19
Pixel 93, 41, 1, 1, 4.80374e+19
Pixel 92, 41, 1, 1, 4.80374e+19
Pixel 92, 42, 1, 1, 4.80374e+19
Pixel 93, 42, 1, 1, 4.80374e+19
Pixel 93, 43, 1, 1, 4.80374e+19
Pixel 92, 43, 1, 1, 4.80374e+19
Pixel 93, 44, 1, 1, 4.80374e+19
Pixel 93, 45, 1, 1, 4.80374e+19
Pixel 92, 45, 1, 1, 4.80374e+19
Pixel 92, 46, 1, 1, 4.80374e+19
Pixel 93, 46, 1, 1, 4.80374e+19
Pixel 93, 47, 1, 1, 4.80374e+19
Pixel 92, 47, 1, 1, 4.80374e+19
Pixel 92, 48, 1, 1, 4.80374e+19
Pixel 93, 48, 1, 1, 4.80374e+19
Pixel 93, 49, 1, 1, 4.80374e+19
Pixel 92, 49, 1, 1, 4.80374e+19
Pixel 92, 50, 1, 1, 4.80374e+19
Pixel 93, 50, 1, 1, 4.80374e+19
Pixel 93, 51, 1, 1, 4.80374e+19
Pixel 92, 51, 1, 1, 4.80374e+19
Pixel 92, 52, 1, 1, 4.80374e+19
Pixel 93, 52, 1, 1, 4.80374e+19
Pixel 93, 53, 1, 1, 4.80374e+19
Pixel 92, 53, 1, 1, 4.80374e+19
Pixel 92, 54, 1, 1, 4.80374e+19
Pixel 93, 54, 1, 1, 4.80374e+19
Pixel 93, 55, 1, 1, 4.80374e+19
Pixel 92, 55, 1, 1, 4.80374e+19
Pixel 92, 56, 1, 1, 4.80374e+19
Pixel 93, 56, 1, 1, 4.80374e+19
Pixel 93, 57, 1, 1, 4.80374e+19
Pixel 92, 57, 1, 1, 4.80374e+19
Pixel 92, 58, 1, 1, 4.80374e+19
Pixel 93, 58, 1, 1, 4.80374e+19
Pixel 93, 59, 1, 1, 4.80374e+19
Pixel 92, 59, 1, 1, 4.80374e+19
Pixel 92, 60, 1, 1, 4.80374e+19
Pixel 93, 60, 1, 1, 4.80374e+19
Pixel 93, 61, 1, 1, 4.80374e+19
Pixel 92, 61, 1, 1, 4.80374e+19
Pixel 92, 62, 1, 1, 4.80374e+19
Pixel 93, 62, 1, 1, 4.80374e+19
Pixel 93, 63, 1, 1, 4.80374e+19
Pixel 92, 63, 1, 1, 4.80374e+19
Pixel 92, 64, 1, 1, 4.80374e+19
Pixel 93, 64, 1, 1, 4.80374e+19
Pixel 93, 65, 1, 1, 4.80374e+19
Pixel 92, 65, 1, 1, 4.80374e+19
Pixel 92, 66, 1, 1, 4.80374e+19
Pixel 93, 66, 1, 1, 4.80374e+19
Pixel 93, 67, 1, 1, 4.80374e+19
Pixel 92, 67, 1, 1, 4.80374e+19
Pixel 92, 68, 1, 1, 4.80374e+19
Pixel 93, 68, 1, 1, 4.80374e+19
Pixel 93, 69, 1, 1, 4.80374e+19
Pixel 92, 69, 1, 1, 4.80374e+19
Pixel 92, 70, 1, 1, 4.80374e+19
Pixel 93, 70, 1, 1, 4.80374e+19
Pixel 93, 71, 1, 1, 4.80374e+19
Pixel 92, 71, 1, 1, 4.80374e+19
Pixel 92, 72, 1, 1, 4.80374e+19
Pixel 93, 72, 1, 1, 4.80374e+19
Pixel 93, 73, 1, 1, 4.80374e+19
Pixel 92, 73, 1, 1, 4.80374e+19
Pixel 92, 74, 1, 1, 4.80374e+19
Pixel 93, 74, 1, 1, 4.80374e+19
Pixel 93, 75, 1, 1, 4.80374e+19
Pixel 92, 75, 1, 1, 4.80374e+19
Pixel 92, 76, 1, 1, 4.80374e+19
Pixel 93, 76, 1, 1, 4.80374e+19
Pixel 93, 77, 1, 1, 4.80374e+19
Pixel 92, 77, 1, 1, 4.80374e+19
Pixel 92, 78, 1, 1, 4.80374e+19
Pixel 93, 78, 1, 1, 4.80374e+19
Pixel 93, 79, 1, 1, 4.80374e+19
Pixel 92, 79, 1, 1, 4.80374e+19
Pixel 92, 80, 1, 1, 4.80374e+19
Pixel 93, 80, 1, 1, 4.80374e+19
Pixel 93, 81, 1, 1, 4.80374e+19
Pixel 92, 81, 1, 1, 4.80374e+19
Pixel 92, 82, 1, 1, 4.80374e+19
Pixel 93, 82, 1, 1, 4.80374e+19
Pixel 93, 83, 1, 1, 4.80374e+19
Pixel 92, 83, 1, 1, 4.80374e+19
Pixel 92, 84, 1, 1, 4.80374e+19
Pixel 93, 84, 1, 1, 4.80374e+19
Pixel 93, 85, 1, 1, 4.80374e+19
Pixel 92, 85, 1, 1, 4.80374e+19
Pixel 92, 86, 1, 1, 4.80374e+19
Pixel 93, 86, 1, 1, 4.80374e+19
Pixel 93, 87, 1, 1, 4.80374e+19
Pixel 92, 87, 1, 1, 4.80374e+19
Pixel 92, 88, 1, 1, 4.80374e+19
Pixel 93, 88, 1, 1, 4.80374e+19
Pixel 93, 89, 1, 1, 4.80374e+19
Pixel 92, 89, 1, 1, 4.80374e+19
Pixel 92, 90, 1, 1, 4.80374e+19
Pixel 93, 90, 1, 1, 4.80374e+19
Pixel 93, 91, 1, 1, 4.80374e+19
Pixel 92, 91, 1, 1, 4.80374e+19
Pixel 92, 92, 1, 1, 4.80374e+19
Pixel 93, 92, 1, 1, 4.80374e+19
Pixel 93, 93, 1, 1, 4.80374e+19
Pixel 92, 93, 1, 1, 4.80374e+19
Pixel 92, 94, 1, 1, 4.80374e+19
Pixel 93, 94, 1, 1, 4.80374e+19
Pixel 93, 95, 1, 1, 4.80374e+19
Pixel 92, 95, 1, 1, 4.80374e+19
Pixel 92, 96, 1, 1, 4.80374e+19
Pixel 93, 96, 1, 1, 4.80374e+19
Pixel 93, 97, 1, 1, 4.80374e+19
Pixel 92, 97, 1, 1, 4.80374e+19
Pixel 92, 98, 1, 1, 4.80374e+19
Pixel 93, 98, 1, 1, 4.80374e+19
Pixel 93, 99, 1, 1, 4.80374e+19
Pixel 92, 99, 1, 1, 4.80374e+19
Pixel 92, 100, 1, 1, 4.80374e+19
Pixel 93, 100, 1, 1, 4.80374e+19
Pixel 93, 101, 1, 1, 4.80374e+19
Pixel 92, 101, 1, 1, 4.80374e+19
Pixel 92, 102, 1, 1, 4.80374e+19
Pixel 93, 102, 1, 1, 4.80374e+19
Pixel 93, 103, 1, 1, 4.80374e+19
Pixel 92, 103, 1, 1, 4.80374e+19
Pixel 92, 104, 1, 1, 4.80374e+19
Pixel 93, 104, 1, 1, 4.80374e+19
Pixel 93, 105, 1, 1, 4.80374e+19
Pixel 92, 105, 1, 1, 4.80374e+19
Pixel 92, 106, 1, 1, 4.80374e+19
Pixel 93, 106, 1, 1, 4.80374e+19
Pixel 93, 107, 1, 1, 4.80374e+19
Pixel 92, 107, 1, 1, 4.80374e+19
Pixel 92, 108, 1, 1, 4.80374e+19
Pixel 93, 108, 1, 1, 4.80374e+19
Pixel 93, 109, 1, 1, 4.80374e+19
Pixel 92, 109, 1, 1, 4.80374e+19
Pixel 92, 110, 1, 1, 4.80374e+19
Pixel 93, 110, 1, 1, 4.80374e+19
Pixel 93, 111, 1, 1, 4.80374e+19
Pixel 92, 111, 1, 1, 4.80374e+19
Pixel 92, 112, 1, 1, 4.80374e+19
Pixel 93, 112, 1, 1, 4.80374e+19
Pixel 93, 113, 1, 1, 4.80374e+19
Pixel 92, 113, 1, 1, 4.80374e+19
Pixel 92, 114, 1, 1, 4.80374e+19
Pixel 93, 114, 1, 1, 4.80374e+19
Pixel 93, 115, 1, 1, 4.80374e+19
Pixel 92, 115, 1, 1, 4.80374e+19
Pixel 92, 116, 1, 1, 4.80374e+19
Pixel 93, 116, 1, 1, 4.80374e+19
Pixel 93, 117, 1, 1, 4.80374e+19
Pixel 92, 117, 1, 1, 4.80374e+19
Pixel 92, 118, 1, 1, 4.80374e+19
Pixel 93, 118, 1, 1, 4.80374e+19
Pixel 93, 119, 1, 1, 4.80374e+19
Pixel 92, 119, 1, 1, 4.80374e+19
Pixel 92, 120, 1, 1, 4.80374e+19
Pixel 93, 120, 1, 1, 4.80374e+19
Pixel 93, 121, 1, 1, 4.80374e+19
Pixel 92, 121, 1, 1, 4.80374e+19
Pixel 92, 122, 1, 1, 4.80374e+19
Pixel 93, 122, 1, 1, 4.80374e+19
Pixel 93, 123, 1, 1, 4.80374e+19
Pixel 92, 123, 1, 1, 4.80374e+19
Pixel 92, 124, 1, 1, 4.80374e+19
Pixel 93, 124, 1, 1, 4.80374e+19
Pixel 93, 125, 1, 1, 4.80374e+19
Pixel 92, 125, 1, 1, 4.80374e+19
Pixel 92, 126, 1, 1, 4.80374e+19
Pixel 93, 126, 1, 1, 4.80374e+19
Pixel 93, 127, 1, 1, 4.80374e+19
Pixel 92, 127, 1, 1, 4.80374e+19
Pixel 92, 128, 1, 1, 4.80374e+19
Pixel 93, 128, 1, 1, 4.80374e+19
Pixel 93, 129, 1, 1, 4.80374e+19
Pixel 92, 129, 1, 1, 4.80374e+19
Pixel 92, 130, 1, 1, 4.80374e+19
Pixel 93, 130, 1, 1, 4.80374e+19
Pixel 93, 131, 1, 1, 4.80374e+19
Pixel 92, 131, 1, 1, 4.80374e+19
Pixel 92, 132, 1, 1, 4.80374e+19
Pixel 93, 132, 1, 1, 4.80374e+19
Pixel 93, 133, 1, 1, 4.80374e+19
Pixel 92, 133, 1, 1, 4.80374e+19
Pixel 92, 134, 1, 1, 4.80374e+19
Pixel 93, 134, 1, 1, 4.80374e+19
Pixel 93, 135, 1, 1, 4.80374e+19
Pixel 92, 135, 1, 1, 4.80374e+19
Pixel 92, 136, 1, 1, 4.80374e+19
Pixel 93, 136, 1, 1, 4.80374e+19
Pixel 93, 137, 1, 1, 4.80374e+19
Pixel 92, 137, 1, 1, 4.80374e+19
Pixel 92, 138, 1, 1, 4.80374e+19
Pixel 93, 138, 1, 1, 4.80374e+19
Pixel 93, 139, 1, 1, 4.80374e+19
Pixel 92, 139, 1, 1, 4.80374e+19
Pixel 92, 140, 1, 1, 4.80374e+19
Pixel 93, 140, 1, 1, 4.80374e+19
Pixel 93, 141, 1, 1, 4.80374e+19
Pixel 92, 141, 1, 1, 4.80374e+19
Pixel 92, 142, 1, 1, 4.80374e+19
Pixel 93, 142, 1, 1, 4.80374e+19
Pixel 93, 143, 1, 1, 4.80374e+19
Pixel 92, 143, 1, 1, 4.80374e+19
Pixel 92, 144, 1, 1, 4.80374e+19
Pixel 93, 144, 1, 1, 4.80374e+19
Pixel 93, 145, 1, 1, 4.80374e+19
Pixel 92, 145, 1, 1, 4.80374e+19
Pixel 92, 146, 1, 1, 4.80374e+19
Pixel 93, 146, 1, 1, 4.80374e+19
Pixel 93, 147, 1, 1, 4.80374e+19
Pixel 92, 147, 1, 1, 4.80374e+19
Pixel 92, 148, 1, 1, 4.80374e+19
Pixel 93, 148, 1, 1, 4.80374e+19
Pixel 93, 149, 1, 1, 4.80374e+19
Pixel 92, 149, 1, 1, 4.80374e+19
Pixel 92, 150, 1, 1, 4.80374e+19
Pixel 93, 150, 1, 1, 4.80374e+19
Pixel 93, 151, 1, 1, 4.80374e+19
Pixel 92, 151, 1, 1, 4.80374e+19
Pixel 92, 152, 1, 1, 4.80374e+19
Pixel 93, 152, 1, 1, 4.80374e+19
Pixel 93, 153, 1, 1, 4.80374e+19
Pixel 92, 153, 1, 1, 4.80374e+19
Pixel 92, 154, 1, 1, 4.80374e+19
Pixel 93, 154, 1, 1, 4.80374e+19
Pixel 93, 155, 1, 1, 4.80374e+19
Pixel 92, 155, 1, 1, 4.80374e+19
Pixel 92, 156, 1, 1, 4.80374e+19
Pixel 93, 156, 1, 1, 4.80374e+19
Pixel 93, 157, 1, 1, 4.80374e+19
Pixel 92, 157, 1, 1, 4.80374e+19
Pixel 92, 158, 1, 1, 4.80374e+19
Pixel 93, 158, 1, 1, 4.80374e+19
Pixel 93, 159, 1, 1, 4.80374e+19
Pixel 92, 159, 1, 1, 4.80374e+19
Pixel 92, 160, 1, 1, 4.80374e+19
Pixel 93, 160, 1, 1, 4.80374e+19
Pixel 93, 161, 1, 1, 4.80374e+19
Pixel 92, 161, 1, 1, 4.80374e+19
Pixel 92, 162, 1, 1, 4.80374e+19
Pixel 93, 162, 1, 1, 4.80374e+19
Pixel 93, 163, 1, 1, 4.80374e+19
Pixel 92, 163, 1, 1, 4.80374e+19
Pixel 92, 164, 1, 1, 4.80374e+19
Pixel 93, 164, 1, 1, 4.80374e+19
Pixel 93, 165, 1, 1, 4.80374e+19
Pixel 92, 165, 1, 1, 4.80374e+19
Pixel 92, 166, 1, 1, 4.80374e+19
Pixel 93, 166, 1, 1, 4.80374e+19
Pixel 93, 167, 1, 1, 4.80374e+19
Pixel 92, 167, 1, 1, 4.80374e+19
Pixel 92, 168, 1, 1, 4.80374e+19
Pixel 93, 168, 1, 1, 4.80374e+19
Pixel 93, 169, 1, 1, 4.80374e+19
Pixel 92, 169, 1, 1, 4.80374e+19
Pixel 92, 170, 1, 1, 4.80374e+19
Pixel 93, 170, 1, 1, 4.80374e+19
Pixel 93, 171, 1, 1, 4.80374e+19
Pixel 92, 171, 1, 1, 4.80374e+19
Pixel 92, 172, 1, 1, 4.80374e+19
Pixel 93, 172, 1, 1, 4.80374e+19
Pixel 93, 173, 1, 1, 4.80374e+19
Pixel 92, 173, 1, 1, 4.80374e+19
Pixel 92, 174, 1, 1, 4.80374e+19
Pixel 93, 174, 1, 1, 4.80374e+19
Pixel 93, 175, 1, 1, 4.80374e+19
Pixel 92, 175, 1, 1, 4.80374e+19
Pixel 92, 176, 1, 1, 4.80374e+19
Pixel 93, 176, 1, 1, 4.80374e+19
Pixel 93, 177, 1, 1, 4.80374e+19
Pixel 92, 177, 1, 1, 4.80374e+19
Pixel 92, 178, 1, 1, 4.80374e+19
Pixel 93, 178, 1, 1, 4.80374e+19
Pixel 93, 179, 1, 1, 4.80374e+19
Pixel 92, 179, 1, 1, 4.80374e+19
Pixel 92, 180, 1, 1, 4.80374e+19
Pixel 93, 180, 1, 1, 4.80374e+19
Pixel 93, 181, 1, 1, 4.80374e+19
Pixel 92, 181, 1, 1, 4.80374e+19
Pixel 92, 182, 1, 1, 4.80374e+19
Pixel 93, 182, 1, 1, 4.80374e+19
Pixel 93, 183, 1, 1, 4.80374e+19
Pixel 92, 183, 1, 1, 4.80374e+19
Pixel 92, 184, 1, 1, 4.80374e+19
Pixel 93, 184, 1, 1, 4.80374e+19
Pixel 93, 185, 1, 1, 4.80374e+19
Pixel 92, 185, 1, 1, 4.80374e+19
Pixel 92, 186, 1, 1, 4.80374e+19
Pixel 93, 186, 1, 1, 4.80374e+19
Pixel 93, 187, 1, 1, 4.80374e+19
Pixel 92, 187, 1, 1, 4.80374e+19
Pixel 92, 188, 1, 1, 4.80374e+19
Pixel 93, 188, 1, 1, 4.80374e+19
Pixel 93, 189, 1, 1, 4.80374e+19
Pixel 92, 189, 1, 1, 4.80374e+19
Pixel 92, 190, 1, 1, 4.80374e+19
Pixel 93, 190, 1, 1, 4.80374e+19
Pixel 93, 191, 1, 1, 4.80374e+19
Pixel 92, 191, 1, 1, 4.80374e+19
Pixel 92, 192, 1, 1, 4.80374e+19
Pixel 93, 192, 1, 1, 4.80374e+19
Pixel 93, 193, 1, 1, 4.80374e+19
Pixel 92, 193, 1, 1, 4.80374e+19
Pixel 92, 194, 1, 1, 4.80374e+19
Pixel 93, 194, 1, 1, 4.80374e+19
Pixel 93, 195, 1, 1, 4.80374e+19
Pixel 92, 195, 1, 1, 4.80374e+19
Pixel 92, 196, 1, 1, 4.80374e+19
Pixel 93, 196, 1, 1, 4.80374e+19
Pixel 93, 197, 1, 1, 4.80374e+19
Pixel 92, 197, 1, 1, 4.80374e+19
Pixel 92, 198, 1, 1, 4.80374e+19
Pixel 93, 198, 1, 1, 4.80374e+19
Pixel 93, 199, 1, 1, 4.80374e+19
Pixel 92, 199, 1, 1, 4.80374e+19
Pixel 92, 200, 1, 1, 4.80374e+19
Pixel 93, 200, 1, 1, 4.80374e+19
Pixel 93, 201, 1, 1, 4.80374e+19
Pixel 92, 201, 1, 1, 4.80374e+19
Pixel 92, 202, 1, 1, 4.80374e+19
Pixel 93, 202, 1, 1, 4.80374e+19
Pixel 93, 203, 1, 1, 4.80374e+19
Pixel 92, 203, 1, 1, 4.80374e+19
Pixel 92, 204, 1, 1, 4.80374e+19
Pixel 93, 204, 1, 1, 4.80374e+19
Pixel 93, 205, 1, 1, 4.80374e+19
Pixel 92, 205, 1, 1, 4.80374e+19
Pixel 92, 206, 1, 1, 4.80374e+19
Pixel 93, 206, 1, 1, 4.80374e+19
Pixel 93, 207, 1, 1, 4.80374e+19
Pixel 92, 207, 1, 1, 4.80374e+19
Pixel 92, 208, 1, 1, 4.80374e+19
Pixel 93, 208, 1, 1, 4.80374e+19
Pixel 93, 209, 1, 1, 4.80374e+19
Pixel 92, 209, 1, 1, 4.80374e+19
Pixel 92, 210, 1, 1, 4.80374e+19
Pixel 93, 210, 1, 1, 4.80374e+19
Pixel 93, 211, 1, 1, 4.80374e+19
Pixel 92, 211, 1, 1, 4.80374e+19
Pixel 92, 212, 1, 1, 4.80374e+19
Pixel 93, 212, 1, 1, 4.80374e+19
Pixel 93, 213, 1, 1, 4.80374e+19
Pixel 92, 213, 1, 1, 4.80374e+19
Pixel 92, 214, 1, 1, 4.80374e+19
Pixel 93, 214, 1, 1, 4.80374e+19
Pixel 93, 215, 1, 1, 4.80374e+19
Pixel 92, 215, 1, 1, 4.80374e+19
Pixel 92, 216, 1, 1, 4.80374e+19
Pixel 93, 216, 1, 1, 4.80374e+19
Pixel 93, 217, 1, 1, 4.80374e+19
Pixel 92, 217, 1, 1, 4.80374e+19
Pixel 92, 218, 1, 1, 4.80374e+19
Pixel 93, 218, 1, 1, 4.80374e+19
Pixel 93, 219, 1, 1, 4.80374e+19
Pixel 92, 219, 1, 1, 4.80374e+19
Pixel 92, 220, 1, 1, 4.80374e+19
Pixel 93, 220, 1, 1, 4.80374e+19
Pixel 93, 221, 1, 1, 4.80374e+19
Pixel 92, 221, 1, 1, 4.80374e+19
Pixel 92, 222, 1, 1, 4.80374e+19
Pixel 93, 222, 1, 1, 4.80374e+19
Pixel 93, 223, 1, 1, 4.80374e+19
Pixel 92, 223, 1, 1, 4.80374e+19
Pixel 92, 224, 1, 1, 4.80374e+19
Pixel 93, 224, 1, 1, 4.80374e+19
Pixel 93, 225, 1, 1, 4.80374e+19
Pixel 92, 225, 1, 1, 4.80374e+19
Pixel 92, 226, 1, 1, 4.80374e+19
Pixel 93, 226, 1, 1, 4.80374e+19
Pixel 93, 227, 1, 1, 4.80374e+19
Pixel 92, 227, 1, 1, 4.80374e+19
Pixel 92, 228, 1, 1, 4.80374e+19
Pixel 93, 228, 1, 1, 4.80374e+19
Pixel 93, 229, 1, 1, 4.80374e+19
Pixel 92, 229, 1, 1, 4.80374e+19
Pixel 92, 230, 1, 1, 4.80374e+19
Pixel 93, 230, 1, 1, 4.80374e+19
Pixel 93, 231, 1, 1, 4.80374e+19
Pixel 92, 231, 1, 1, 4.80374e+19
Pixel 92, 232, 1, 1, 4.80374e+19
Pixel 93, 232, 1, 1, 4.80374e+19
Pixel 93, 233, 1, 1, 4.80374e+19
Pixel 92, 233, 1, 1, 4.80374e+19
Pixel 92, 234, 1, 1, 4.80374e+19
Pixel 93, 234, 1, 1, 4.80374e+19
Pixel 93, 235, 1, 1, 4.80374e+19
Pixel 92, 235, 1, 1, 4.80374e+19
Pixel 92, 236, 1, 1, 4.80374e+19
Pixel 93, 236, 1, 1, 4.80374e+19
Pixel 93, 237, 1, 1, 4.80374e+19
Pixel 92, 237, 1, 1, 4.80374e+19
Pixel 92, 238, 1, 1, 4.80374e+19
Pixel 93, 238, 1, 1, 4.80374e+19
Pixel 93, 239, 1, 1, 4.80374e+19
Pixel 92, 239, 1, 1, 4.80374e+19
Pixel 92, 240, 1, 1, 4.80374e+19
Pixel 93, 240, 1, 1, 4.80374e+19
Pixel 93, 241, 1, 1, 4.80374e+19
Pixel 92, 241, 1, 1, 4.80374e+19
Pixel 92, 242, 1, 1, 4.80374e+19
Pixel 93, 242, 1, 1, 4.80374e+19
Pixel 93, 243, 1, 1, 4.80374e+19
Pixel 92, 243, 1, 1, 4.80374e+19
Pixel 92, 244, 1, 1, 4.80374e+19
Pixel 93, 244, 1, 1, 4.80374e+19
Pixel 93, 245, 1, 1, 4.80374e+19
Pixel 92, 245, 1, 1, 4.80374e+19
Pixel 92, 246, 1, 1, 4.80374e+19
Pixel 93, 246, 1, 1, 4.80374e+19
Pixel 93, 247, 1, 1, 4.80374e+19
Pixel 92, 247, 1, 1, 4.80374e+19
Pixel 92, 248, 1, 1, 4.80374e+19
Pixel 93, 248, 1, 1, 4.80374e+19
Pixel 93, 249, 1, 1, 4.80374e+19
Pixel 92, 249, 1, 1, 4.80374e+19
Pixel 92, 250, 1, 1, 4.80374e+19
Pixel 93, 250, 1, 1, 4.80374e+19
Pixel 93, 251, 1, 1, 4.80374e+19
Pixel 92, 251, 1, 1, 4.80374e+19
Pixel 92, 252, 1, 1, 4.80374e+19
Pixel 93, 252, 1, 1, 4.80374e+19
Pixel 93, 253, 1, 1, 4.80374e+19
Pixel 92, 253, 1, 1, 4.80374e+19
Pixel 92, 254, 1, 1, 4.80374e+19
Pixel 93, 254, 1, 1, 4.80374e+19
Pixel 93, 255, 1, 1, 4.80374e+19
Pixel 92, 255, 1, 1, 4.80374e+19
=== 92936 ===
--- pALPIDEfs_0 ---
Pixel 431, 425, 1, 1, 4.80374e+19
Pixel 431, 426, 1, 1, 4.80374e+19
Pixel 433, 419, 1, 1, 4.80374e+19
Pixel 433, 420, 1, 1, 4.80374e+19
Pixel 433, 421, 1, 1, 4.80374e+19
Pixel 433, 422, 1, 1, 4.80374e+19
Pixel 433, 423, 1, 1, 4.80374e+19
Pixel 432, 423, 1, 1, 4.80374e+19
Pixel 432, 424, 1, 1, 4.80374e+19
Pixel 432, 425, 1, 1, 4.80374e+19
Pixel 435, 416, 1, 1, 4.80374e+19
Pixel 435, 417, 1, 1, 4.80374e+19
Pixel 434, 417, 1, 1, 4.80374e+19
Pixel 434, 418, 1, 1, 4.80374e+19
Pixel 435, 418, 1, 1, 4.80374e+19
Pixel 434, 419, 1, 1, 4.80374e+19
Pixel 434, 420, 1, 1, 4.80374e+19
Pixel 437, 413, 1, 1, 4.80374e+19
Pixel 437, 414, 1, 1, 4.80374e+19
Pixel 436, 415, 1, 1, 4.80374e+19
Pixel 436, 416, 1, 1, 4.80374e+19
Pixel 439, 411, 1, 1, 4.80374e+19
Pixel 438, 412, 1, 1, 4.80374e+19
Pixel 439, 412, 1, 1, 4.80374e+19
Pixel 438, 413, 1, 1, 4.80374e+19
=== 112903 ===
--- pALPIDEfs_0 ---
Pixel 796, 348, 1, 1, 4.80374e+19
Pixel 797, 348, 1, 1, 4.80374e+19
Pixel 797, 349, 1, 1, 4.80374e+19
Pixel 796, 349, 1, 1, 4.80374e+19
Pixel 796, 350, 1, 1, 4.80374e+19
Pixel 797, 350, 1, 1, 4.80374e+19
=== 648710 ===
--- pALPIDEfs_0 ---
Pixel 424, 302, 1, 1, 4.80374e+19
Pixel 425, 303, 1, 1, 4.80374e+19
Pixel 424, 303, 1, 1, 4.80374e+19
=== 794928 ===
--- pALPIDEfs_0 ---
Pixel 1021, 361, 1, 1, 4.80374e+19
Pixel 1021, 362, 1, 1, 4.80374e+19
Pixel 1021, 363, 1, 1, 4.80374e+19
Pixel 1021, 364, 1, 1, 4.80374e+19
Pixel 1022, 361, 1, 1, 4.80374e+19
Pixel 1022, 362, 1, 1, 4.80374e+19
Pixel 1022, 363, 1, 1, 4.80374e+19
=== 971033 ===
--- pALPIDEfs_0 ---
Pixel 891, 476, 1, 1, 4.80374e+19
=== 1167682 ===
--- pALPIDEfs_0 ---
Pixel 131, 414, 1, 1, 4.80374e+19
=== 1453392 ===
--- pALPIDEfs_0 ---
Pixel 352, 355, 1, 1, 4.80374e+19
=== 1564919 ===
--- pALPIDEfs_0 ---
Pixel 525, 219, 1, 1, 4.80374e+19
Pixel 525, 220, 1, 1, 4.80374e+19
Pixel 526, 219, 1, 1, 4.80374e+19
Pixel 526, 220, 1, 1, 4.80374e+19
=== 1737169 ===
--- pALPIDEfs_0 ---
Pixel 707, 339, 1, 1, 4.80374e+19
=== 1953690 ===
--- pALPIDEfs_0 ---
Pixel 855, 126, 1, 1, 4.80374e+19
Pixel 855, 127, 1, 1, 4.80374e+19
Pixel 856, 126, 1, 1, 4.80374e+19
Pixel 856, 127, 1, 1, 4.80374e+19
=== 2127695 ===
--- pALPIDEfs_0 ---
Pixel 398, 332, 1, 1, 4.80374e+19
=== 2230108 ===
--- pALPIDEfs_0 ---
Pixel 959, 43, 1, 1, 4.80374e+19
Pixel 958, 44, 1, 1, 4.80374e+19
Pixel 959, 44, 1, 1, 4.80374e+19
Pixel 959, 45, 1, 1, 4.80374e+19
Pixel 958, 45, 1, 1, 4.80374e+19
Pixel 960, 44, 1, 1, 4.80374e+19
=== 2547995 ===
--- pALPIDEfs_0 ---
Pixel 189, 452, 1, 1, 4.80374e+19
Pixel 189, 453, 1, 1, 4.80374e+19
Pixel 188, 453, 1, 1, 4.80374e+19
=== 2818758 ===
--- pALPIDEfs_0 ---
Pixel 923, 470, 1, 1, 4.80374e+19
Pixel 923, 471, 1, 1, 4.80374e+19
=== 2890410 ===
--- pALPIDEfs_0 ---
Pixel 156, 506, 1, 1, 4.80374e+19
Pixel 157, 506, 1, 1, 4.80374e+19
Pixel 157, 507, 1, 1, 4.80374e+19
Pixel 156, 507, 1, 1, 4.80374e+19
=== 2895038 ===
--- pALPIDEfs_0 ---
Pixel 839, 403, 1, 1, 4.80374e+19
Pixel 839, 404, 1, 1, 4.80374e+19
Pixel 840, 403, 1, 1, 4.80374e+19
Pixel 840, 404, 1, 1, 4.80374e+19
=== 2910262 ===
--- pALPIDEfs_0 ---
Pixel 8, 270, 1, 1, 4.80374e+19
=== 2916420 ===
--- pALPIDEfs_0 ---
Pixel 243, 57, 1, 1, 4.80374e+19
Pixel 242, 57, 1, 1, 4.80374e+19
=== 3041469 ===
--- pALPIDEfs_0 ---
Pixel 64, 120, 1, 1, 4.80374e+19
Pixel 65, 120, 1, 1, 4.80374e+19
Pixel 65, 121, 1, 1, 4.80374e+19
Pixel 64, 121, 1, 1, 4.80374e+19
Pixel 64, 122, 1, 1, 4.80374e+19
Pixel 65, 122, 1, 1, 4.80374e+19
Pixel 66, 120, 1, 1, 4.80374e+19
=== 3042467 ===
--- pALPIDEfs_0 ---
Pixel 143, 249, 1, 1, 4.80374e+19
Pixel 142, 250, 1, 1, 4.80374e+19
Pixel 143, 250, 1, 1, 4.80374e+19
Pixel 143, 251, 1, 1, 4.80374e+19
Pixel 142, 251, 1, 1, 4.80374e+19
=== 3064901 ===
--- pALPIDEfs_0 ---
Pixel 98, 190, 1, 1, 4.80374e+19
=== 3235063 ===
--- pALPIDEfs_0 ---
Pixel 857, 117, 1, 1, 4.80374e+19
=== 3608271 ===
--- pALPIDEfs_0 ---
Pixel 394, 230, 1, 1, 4.80374e+19
Pixel 395, 230, 1, 1, 4.80374e+19
Pixel 395, 231, 1, 1, 4.80374e+19
=== 4004647 ===
--- pALPIDEfs_0 ---
Pixel 962, 312, 1, 1, 4.80374e+19
=== 4253073 ===
--- pALPIDEfs_0 ---
Pixel 89, 328, 1, 1, 4.80374e+19
=== 4340051 ===
--- pALPIDEfs_0 ---
Pixel 173, 293, 1, 1, 4.80374e+19
Pixel 172, 294, 1, 1, 4.80374e+19
Pixel 173, 294, 1, 1, 4.80374e+19
Pixel 173, 295, 1, 1, 4.80374e+19
Pixel 174, 293, 1, 1, 4.80374e+19
Pixel 174, 294, 1, 1, 4.80374e+19
=== 4374711 ===
--- pALPIDEfs_0 ---
Pixel 518, 197, 1, 1, 4.80374e+19
Pixel 518, 198, 1, 1, 4.80374e+19
=== 4430103 ===
--- pALPIDEfs_0 ---
Pixel 760, 311, 1, 1, 4.80374e+19
Pixel 760, 312, 1, 1, 4.80374e+19
Pixel 761, 312, 1, 1, 4.80374e+19
Pixel 761, 313, 1, 1, 4.80374e+19
Pixel 762, 312, 1, 1, 4.80374e+19
Pixel 763, 313, 1, 1, 4.80374e+19
Pixel 762, 313, 1, 1, 4.80374e+19
Pixel 763, 314, 1, 1, 4.80374e+19
=== 4468257 ===
--- pALPIDEfs_0 ---
Pixel 160, 113, 1, 1, 4.80374e+19
Pixel 160, 114, 1, 1, 4.80374e+19
Pixel 161, 114, 1, 1, 4.80374e+19
=== 4730506 ===
--- pALPIDEfs_0 ---
Pixel 459, 375, 1, 1, 4.80374e+19
Pixel 459, 376, 1, 1, 4.80374e+19
Pixel 460, 375, 1, 1, 4.80374e+19
Pixel 460, 376, 1, 1, 4.80374e+19
=== 4819107 ===
--- pALPIDEfs_0 ---
Pixel 460, 424, 1, 1, 4.80374e+19
Pixel 461, 425, 1, 1, 4.80374e+19
Pixel 460, 425, 1, 1, 4.80374e+19
Pixel 461, 426, 1, 1, 4.80374e+19
=== 4857590 ===
--- pALPIDEfs_0 ---
Pixel 591, 25, 1, 1, 4.80374e+19
Pixel 592, 25, 1, 1, 4.80374e+19
Pixel 592, 26, 1, 1, 4.80374e+19
=== 4895259 ===
--- pALPIDEfs_0 ---
Pixel 48, 238, 1, 1, 4.80374e+19
Pixel 49, 238, 1, 1, 4.80374e+19
=== 4961706 ===
--- pALPIDEfs_0 ---
Pixel 921, 477, 1, 1, 4.80374e+19
Pixel 920, 477, 1, 1, 4.80374e+19
Pixel 920, 478, 1, 1, 4.80374e+19
=== 5152477 ===
--- pALPIDEfs_0 ---
Pixel 253, 332, 1, 1, 4.80374e+19
Pixel 254, 332, 1, 1, 4.80374e+19
=== 5568844 ===
--- pALPIDEfs_0 ---
Pixel 660, 420, 1, 1, 4.80374e+19
Pixel 661, 420, 1, 1, 4.80374e+19
Pixel 661, 421, 1, 1, 4.80374e+19
Pixel 660, 421, 1, 1, 4.80374e+19
Pixel 660, 422, 1, 1, 4.80374e+19
Pixel 661, 422, 1, 1, 4.80374e+19
Pixel 662, 421, 1, 1, 4.80374e+19
Pixel 662, 422, 1, 1, 4.80374e+19
=== 5590975 ===
--- pALPIDEfs_0 ---
Pixel 393, 134, 1, 1, 4.80374e+19
Pixel 393, 135, 1, 1, 4.80374e+19
Pixel 394, 134, 1, 1, 4.80374e+19
Pixel 394, 135, 1, 1, 4.80374e+19
Pixel 394, 136, 1, 1, 4.80374e+19
Pixel 395, 136, 1, 1, 4.80374e+19
Pixel 395, 137, 1, 1, 4.80374e+19
Pixel 397, 136, 1, 1, 4.80374e+19
Pixel 397, 137, 1, 1, 4.80374e+19
Pixel 396, 137, 1, 1, 4.80374e+19
Pixel 398, 136, 1, 1, 4.80374e+19
Pixel 398, 137, 1, 1, 4.80374e+19
=== 5593004 ===
--- pALPIDEfs_0 ---
Pixel 363, 206, 1, 1, 4.80374e+19
=== 5702686 ===
--- pALPIDEfs_0 ---
Pixel 925, 459, 1, 1, 4.80374e+19
Pixel 925, 460, 1, 1, 4.80374e+19
Pixel 926, 459, 1, 1, 4.80374e+19
Pixel 926, 460, 1, 1, 4.80374e+19
=== 6272781 ===
--- pALPIDEfs_0 ---
Pixel 779, 62, 1, 1, 4.80374e+19
Pixel 779, 63, 1, 1, 4.80374e+19
Pixel 780, 63, 1, 1, 4.80374e+19
=== 6626404 ===
--- pALPIDEfs_0 ---
Pixel 11, 161, 1, 1, 4.80374e+19
Pixel 10, 161, 1, 1, 4.80374e+19
Pixel 10, 162, 1, 1, 4.80374e+19
Pixel 11, 162, 1, 1, 4.80374e+19
=== 6704004 ===
--- pALPIDEfs_0 ---
Pixel 618, 296, 1, 1, 4.80374e+19
Pixel 618, 297, 1, 1, 4.80374e+19
Pixel 618, 298, 1, 1, 4.80374e+19
=== 6880750 ===
--- pALPIDEfs_0 ---
Pixel 491, 415, 1, 1, 4.80374e+19
Pixel 492, 415, 1, 1, 4.80374e+19
=== 7452364 ===
--- pALPIDEfs_0 ---
Pixel 313, 167, 1, 1, 4.80374e+19
=== 7452369 ===
--- pALPIDEfs_0 ---
Pixel 313, 166, 1, 1, 4.80374e+19
Pixel 312, 167, 1, 1, 4.80374e+19
=== 7582788 ===
--- pALPIDEfs_0 ---
Pixel 625, 97, 1, 1, 4.80374e+19
Pixel 626, 97, 1, 1, 4.80374e+19
=== 7796406 ===
--- pALPIDEfs_0 ---
Pixel 417, 490, 1, 1, 4.80374e+19
Pixel 417, 491, 1, 1, 4.80374e+19
=== 7835856 ===
--- pALPIDEfs_0 ---
Pixel 363, 486, 1, 1, 4.80374e+19
Pixel 363, 487, 1, 1, 4.80374e+19
Pixel 362, 487, 1, 1, 4.80374e+19
Pixel 362, 488, 1, 1, 4.80374e+19
Pixel 363, 488, 1, 1, 4.80374e+19
=== 7940265 ===
--- pALPIDEfs_0 ---
Pixel 691, 372, 1, 1, 4.80374e+19
Pixel 692, 372, 1, 1, 4.80374e+19
=== 8038497 ===
--- pALPIDEfs_0 ---
Pixel 533, 288, 1, 1, 4.80374e+19
=== 8050541 ===
--- pALPIDEfs_0 ---
Pixel 561, 352, 1, 1, 4.80374e+19
=== 8107051 ===
--- pALPIDEfs_0 ---
Pixel 908, 101, 1, 1, 4.80374e+19
Pixel 908, 102, 1, 1, 4.80374e+19
=== 8229142 ===
--- pALPIDEfs_0 ---
Pixel 95, 72, 1, 1, 4.80374e+19
Pixel 95, 73, 1, 1, 4.80374e+19
=== 8284618 ===
--- pALPIDEfs_0 ---
Pixel 1006, 149, 1, 1, 4.80374e+19
Pixel 1006, 150, 1, 1, 4.80374e+19
=== 8685880 ===
--- pALPIDEfs_0 ---
Pixel 409, 236, 1, 1, 4.80374e+19
Pixel 410, 236, 1, 1, 4.80374e+19
Pixel 410, 237, 1, 1, 4.80374e+19
Pixel 410, 238, 1, 1, 4.80374e+19
Pixel 411, 238, 1, 1, 4.80374e+19
Pixel 411, 239, 1, 1, 4.80374e+19
=== 8833343 ===
--- pALPIDEfs_0 ---
Pixel 771, 69, 1, 1, 4.80374e+19
Pixel 772, 69, 1, 1, 4.80374e+19
=== 8892737 ===
--- pALPIDEfs_0 ---
Pixel 11, 92, 1, 1, 4.80374e+19
=== 9518080 ===
--- pALPIDEfs_0 ---
Pixel 24, 494, 1, 1, 4.80374e+19
Pixel 25, 494, 1, 1, 4.80374e+19
Pixel 25, 495, 1, 1, 4.80374e+19
=== 9889883 ===
--- pALPIDEfs_0 ---
Pixel 487, 217, 1, 1, 4.80374e+19
Pixel 487, 218, 1, 1, 4.80374e+19
=== 9918440 ===
--- pALPIDEfs_0 ---
Pixel 711, 265, 1, 1, 4.80374e+19
Pixel 711, 266, 1, 1, 4.80374e+19
=== 9988982 ===
--- pALPIDEfs_0 ---
Pixel 465, 216, 1, 1, 4.80374e+19
Pixel 465, 217, 1, 1, 4.80374e+19
Pixel 464, 217, 1, 1, 4.80374e+19
=== 10093191 ===
--- pALPIDEfs_0 ---
Pixel 683, 231, 1, 1, 4.80374e+19
Pixel 684, 231, 1, 1, 4.80374e+19
=== 10107024 ===
--- pALPIDEfs_0 ---
Pixel 46, 20, 1, 1, 4.80374e+19
Pixel 47, 20, 1, 1, 4.80374e+19
=== 10328046 ===
--- pALPIDEfs_0 ---
Pixel 45, 331, 1, 1, 4.80374e+19
=== 10752608 ===
--- pALPIDEfs_0 ---
Pixel 467, 29, 1, 1, 4.80374e+19
Pixel 466, 29, 1, 1, 4.80374e+19
Pixel 466, 30, 1, 1, 4.80374e+19
Pixel 467, 30, 1, 1, 4.80374e+19
=== 10773112 ===
--- pALPIDEfs_0 ---
Pixel 810, 127, 1, 1, 4.80374e+19
=== 10781961 ===
--- pALPIDEfs_0 ---
Pixel 105, 35, 1, 1, 4.80374e+19
Pixel 104, 36, 1, 1, 4.80374e+19
Pixel 105, 36, 1, 1, 4.80374e+19
Pixel 107, 35, 1, 1, 4.80374e+19
Pixel 106, 35, 1, 1, 4.80374e+19
Pixel 106, 36, 1, 1, 4.80374e+19
=== 11288911 ===
--- pALPIDEfs_0 ---
Pixel 403, 271, 1, 1, 4.80374e+19
Pixel 404, 271, 1, 1, 4.80374e+19
=== 11513047 ===
--- pALPIDEfs_0 ---
Pixel 251, 257, 1, 1, 4.80374e+19
Pixel 251, 258, 1, 1, 4.80374e+19
=== 11615785 ===
--- pALPIDEfs_0 ---
Pixel 545, 403, 1, 1, 4.80374e+19
Pixel 546, 403, 1, 1, 4.80374e+19
=== 11638822 ===
--- pALPIDEfs_0 ---
Pixel 877, 409, 1, 1, 4.80374e+19
Pixel 876, 409, 1, 1, 4.80374e+19
=== 11678848 ===
--- pALPIDEfs_0 ---
Pixel 347, 247, 1, 1, 4.80374e+19
Pixel 346, 247, 1, 1, 4.80374e+19
=== 11872276 ===
--- pALPIDEfs_0 ---
Pixel 19, 342, 1, 1, 4.80374e+19
Pixel 19, 343, 1, 1, 4.80374e+19
Pixel 18, 343, 1, 1, 4.80374e+19
Pixel 18, 344, 1, 1, 4.80374e+19
Pixel 19, 344, 1, 1, 4.80374e+19
=== 12074797 ===
--- pALPIDEfs_0 ---
Pixel 339, 499, 1, 1, 4.80374e+19
Pixel 338, 499, 1, 1, 4.80374e+19
=== 12079933 ===
--- pALPIDEfs_0 ---
Pixel 873, 185, 1, 1, 4.80374e+19
=== 12113451 ===
--- pALPIDEfs_0 ---
Pixel 99, 241, 1, 1, 4.80374e+19
=== 12176003 ===
--- pALPIDEfs_0 ---
Pixel 603, 287, 1, 1, 4.80374e+19
Pixel 602, 287, 1, 1, 4.80374e+19
Pixel 602, 288, 1, 1, 4.80374e+19
Pixel 603, 288, 1, 1, 4.80374e+19
=== 12207808 ===
--- pALPIDEfs_0 ---
Pixel 713, 501, 1, 1, 4.80374e+19
Pixel 713, 502, 1, 1, 4.80374e+19
Pixel 714, 502, 1, 1, 4.80374e+19
=== 12508826 ===
--- pALPIDEfs_0 ---
Pixel 831, 365, 1, 1, 4.80374e+19
Pixel 831, 366, 1, 1, 4.80374e+19
=== 12782810 ===
--- pALPIDEfs_0 ---
Pixel 830, 316, 1, 1, 4.80374e+19
Pixel 831, 316, 1, 1, 4.80374e+19
Pixel 831, 317, 1, 1, 4.80374e+19
Pixel 830, 317, 1, 1, 4.80374e+19
=== 13028593 ===
--- pALPIDEfs_0 ---
Pixel 927, 295, 1, 1, 4.80374e+19
Pixel 927, 296, 1, 1, 4.80374e+19
=== 13120258 ===
--- pALPIDEfs_0 ---
Pixel 649, 447, 1, 1, 4.80374e+19
Pixel 648, 448, 1, 1, 4.80374e+19
Pixel 649, 448, 1, 1, 4.80374e+19
Pixel 649, 449, 1, 1, 4.80374e+19
Pixel 649, 450, 1, 1, 4.80374e+19
Pixel 649, 451, 1, 1, 4.80374e+19
=== 13157639 ===
--- pALPIDEfs_0 ---
Pixel 441, 304, 1, 1, 4.80374e+19
Pixel 441, 305, 1, 1, 4.80374e+19
Pixel 441, 306, 1, 1, 4.80374e+19
Pixel 442, 303, 1, 1, 4.80374e+19
Pixel 442, 304, 1, 1, 4.80374e+19
Pixel 442, 305, 1, 1, 4.80374e+19
Pixel 442, 306, 1, 1, 4.80374e+19
Pixel 443, 306, 1, 1, 4.80374e+19
Pixel 443, 307, 1, 1, 4.80374e+19
Pixel 442, 307, 1, 1, 4.80374e+19
Pixel 444, 307, 1, 1, 4.80374e+19
=== 13165487 ===
--- pALPIDEfs_0 ---
Pixel 891, 47, 1, 1, 4.80374e+19
Pixel 892, 47, 1, 1, 4.80374e+19
=== 13277588 ===
--- pALPIDEfs_0 ---
Pixel 218, 163, 1, 1, 4.80374e+19
=== 13342765 ===
--- pALPIDEfs_0 ---
Pixel 613, 57, 1, 1, 4.80374e+19
Pixel 612, 57, 1, 1, 4.80374e+19
Pixel 612, 58, 1, 1, 4.80374e+19
=== 13386923 ===
--- pALPIDEfs_0 ---
Pixel 195, 126, 1, 1, 4.80374e+19
=== 13622905 ===
--- pALPIDEfs_0 ---
Pixel 144, 177, 1, 1, 4.80374e+19
=== 13685268 ===
--- pALPIDEfs_0 ---
Pixel 167, 62, 1, 1, 4.80374e+19
Pixel 168, 62, 1, 1, 4.80374e+19
=== 13845084 ===
--- pALPIDEfs_0 ---
Pixel 331, 386, 1, 1, 4.80374e+19
Pixel 331, 387, 1, 1, 4.80374e+19
Pixel 332, 386, 1, 1, 4.80374e+19
Pixel 332, 387, 1, 1, 4.80374e+19
=== 14838764 ===
--- pALPIDEfs_0 ---
Pixel 513, 38, 1, 1, 4.80374e+19
Pixel 513, 39, 1, 1, 4.80374e+19
Pixel 512, 39, 1, 1, 4.80374e+19
