Run: Cosmics000389
=== 2 ===
--- pALPIDEfs_3 ---
Pixel 238, 320, 1, 1, 4.80374e+19
Pixel 238, 320, 1, 1, 4.80374e+19
=== 3 ===
--- pALPIDEfs_0 ---
Pixel 92, 0, 1, 1, 4.80374e+19
Pixel 93, 0, 1, 1, 4.80374e+19
Pixel 93, 1, 1, 1, 4.80374e+19
Pixel 92, 1, 1, 1, 4.80374e+19
Pixel 92, 2, 1, 1, 4.80374e+19
Pixel 93, 2, 1, 1, 4.80374e+19
Pixel 93, 3, 1, 1, 4.80374e+19
Pixel 92, 3, 1, 1, 4.80374e+19
Pixel 92, 4, 1, 1, 4.80374e+19
Pixel 93, 4, 1, 1, 4.80374e+19
Pixel 93, 5, 1, 1, 4.80374e+19
Pixel 92, 5, 1, 1, 4.80374e+19
Pixel 92, 6, 1, 1, 4.80374e+19
Pixel 93, 6, 1, 1, 4.80374e+19
Pixel 93, 7, 1, 1, 4.80374e+19
Pixel 92, 7, 1, 1, 4.80374e+19
Pixel 92, 8, 1, 1, 4.80374e+19
Pixel 93, 8, 1, 1, 4.80374e+19
Pixel 93, 9, 1, 1, 4.80374e+19
Pixel 92, 9, 1, 1, 4.80374e+19
Pixel 92, 10, 1, 1, 4.80374e+19
Pixel 93, 10, 1, 1, 4.80374e+19
Pixel 93, 11, 1, 1, 4.80374e+19
Pixel 92, 11, 1, 1, 4.80374e+19
Pixel 92, 12, 1, 1, 4.80374e+19
Pixel 93, 12, 1, 1, 4.80374e+19
Pixel 93, 13, 1, 1, 4.80374e+19
Pixel 92, 13, 1, 1, 4.80374e+19
Pixel 92, 14, 1, 1, 4.80374e+19
Pixel 93, 14, 1, 1, 4.80374e+19
Pixel 93, 15, 1, 1, 4.80374e+19
Pixel 92, 15, 1, 1, 4.80374e+19
Pixel 92, 16, 1, 1, 4.80374e+19
Pixel 93, 16, 1, 1, 4.80374e+19
Pixel 93, 17, 1, 1, 4.80374e+19
Pixel 92, 17, 1, 1, 4.80374e+19
Pixel 92, 18, 1, 1, 4.80374e+19
Pixel 93, 18, 1, 1, 4.80374e+19
Pixel 93, 19, 1, 1, 4.80374e+19
Pixel 92, 19, 1, 1, 4.80374e+19
Pixel 92, 20, 1, 1, 4.80374e+19
Pixel 93, 20, 1, 1, 4.80374e+19
Pixel 93, 21, 1, 1, 4.80374e+19
Pixel 92, 21, 1, 1, 4.80374e+19
Pixel 92, 22, 1, 1, 4.80374e+19
Pixel 93, 22, 1, 1, 4.80374e+19
Pixel 93, 23, 1, 1, 4.80374e+19
Pixel 92, 23, 1, 1, 4.80374e+19
Pixel 92, 24, 1, 1, 4.80374e+19
Pixel 93, 24, 1, 1, 4.80374e+19
Pixel 93, 25, 1, 1, 4.80374e+19
Pixel 92, 25, 1, 1, 4.80374e+19
Pixel 92, 26, 1, 1, 4.80374e+19
Pixel 93, 26, 1, 1, 4.80374e+19
Pixel 93, 27, 1, 1, 4.80374e+19
Pixel 92, 27, 1, 1, 4.80374e+19
Pixel 92, 28, 1, 1, 4.80374e+19
Pixel 93, 28, 1, 1, 4.80374e+19
Pixel 93, 29, 1, 1, 4.80374e+19
Pixel 92, 29, 1, 1, 4.80374e+19
Pixel 92, 30, 1, 1, 4.80374e+19
Pixel 93, 30, 1, 1, 4.80374e+19
Pixel 93, 31, 1, 1, 4.80374e+19
Pixel 92, 31, 1, 1, 4.80374e+19
Pixel 92, 32, 1, 1, 4.80374e+19
Pixel 93, 32, 1, 1, 4.80374e+19
Pixel 93, 33, 1, 1, 4.80374e+19
Pixel 92, 33, 1, 1, 4.80374e+19
Pixel 92, 34, 1, 1, 4.80374e+19
Pixel 93, 34, 1, 1, 4.80374e+19
Pixel 93, 35, 1, 1, 4.80374e+19
Pixel 92, 35, 1, 1, 4.80374e+19
Pixel 92, 36, 1, 1, 4.80374e+19
Pixel 93, 36, 1, 1, 4.80374e+19
Pixel 93, 37, 1, 1, 4.80374e+19
Pixel 92, 37, 1, 1, 4.80374e+19
Pixel 92, 38, 1, 1, 4.80374e+19
Pixel 93, 38, 1, 1, 4.80374e+19
Pixel 93, 39, 1, 1, 4.80374e+19
Pixel 92, 39, 1, 1, 4.80374e+19
Pixel 92, 40, 1, 1, 4.80374e+19
Pixel 93, 40, 1, 1, 4.80374e+19
Pixel 93, 41, 1, 1, 4.80374e+19
Pixel 92, 41, 1, 1, 4.80374e+19
Pixel 92, 42, 1, 1, 4.80374e+19
Pixel 93, 42, 1, 1, 4.80374e+19
Pixel 93, 43, 1, 1, 4.80374e+19
Pixel 92, 43, 1, 1, 4.80374e+19
Pixel 92, 44, 1, 1, 4.80374e+19
Pixel 93, 44, 1, 1, 4.80374e+19
Pixel 93, 45, 1, 1, 4.80374e+19
Pixel 92, 45, 1, 1, 4.80374e+19
Pixel 92, 46, 1, 1, 4.80374e+19
Pixel 93, 46, 1, 1, 4.80374e+19
Pixel 93, 47, 1, 1, 4.80374e+19
Pixel 92, 47, 1, 1, 4.80374e+19
Pixel 92, 48, 1, 1, 4.80374e+19
Pixel 93, 48, 1, 1, 4.80374e+19
Pixel 93, 49, 1, 1, 4.80374e+19
Pixel 92, 49, 1, 1, 4.80374e+19
Pixel 92, 50, 1, 1, 4.80374e+19
Pixel 93, 50, 1, 1, 4.80374e+19
Pixel 93, 51, 1, 1, 4.80374e+19
Pixel 92, 51, 1, 1, 4.80374e+19
Pixel 92, 52, 1, 1, 4.80374e+19
Pixel 93, 52, 1, 1, 4.80374e+19
Pixel 93, 53, 1, 1, 4.80374e+19
Pixel 92, 53, 1, 1, 4.80374e+19
Pixel 92, 54, 1, 1, 4.80374e+19
Pixel 93, 54, 1, 1, 4.80374e+19
Pixel 93, 55, 1, 1, 4.80374e+19
Pixel 92, 55, 1, 1, 4.80374e+19
Pixel 92, 56, 1, 1, 4.80374e+19
Pixel 93, 56, 1, 1, 4.80374e+19
Pixel 93, 57, 1, 1, 4.80374e+19
Pixel 92, 57, 1, 1, 4.80374e+19
Pixel 92, 58, 1, 1, 4.80374e+19
Pixel 93, 58, 1, 1, 4.80374e+19
Pixel 93, 59, 1, 1, 4.80374e+19
Pixel 92, 59, 1, 1, 4.80374e+19
Pixel 92, 60, 1, 1, 4.80374e+19
Pixel 93, 60, 1, 1, 4.80374e+19
Pixel 93, 61, 1, 1, 4.80374e+19
Pixel 92, 61, 1, 1, 4.80374e+19
Pixel 92, 62, 1, 1, 4.80374e+19
Pixel 93, 62, 1, 1, 4.80374e+19
Pixel 93, 63, 1, 1, 4.80374e+19
Pixel 92, 63, 1, 1, 4.80374e+19
Pixel 92, 64, 1, 1, 4.80374e+19
Pixel 93, 64, 1, 1, 4.80374e+19
Pixel 93, 65, 1, 1, 4.80374e+19
Pixel 92, 65, 1, 1, 4.80374e+19
Pixel 92, 66, 1, 1, 4.80374e+19
Pixel 93, 66, 1, 1, 4.80374e+19
Pixel 93, 67, 1, 1, 4.80374e+19
Pixel 92, 67, 1, 1, 4.80374e+19
Pixel 92, 68, 1, 1, 4.80374e+19
Pixel 93, 68, 1, 1, 4.80374e+19
Pixel 93, 69, 1, 1, 4.80374e+19
Pixel 92, 69, 1, 1, 4.80374e+19
Pixel 92, 70, 1, 1, 4.80374e+19
Pixel 93, 70, 1, 1, 4.80374e+19
Pixel 93, 71, 1, 1, 4.80374e+19
Pixel 92, 71, 1, 1, 4.80374e+19
Pixel 92, 72, 1, 1, 4.80374e+19
Pixel 93, 72, 1, 1, 4.80374e+19
Pixel 93, 73, 1, 1, 4.80374e+19
Pixel 92, 73, 1, 1, 4.80374e+19
Pixel 92, 74, 1, 1, 4.80374e+19
Pixel 93, 74, 1, 1, 4.80374e+19
Pixel 93, 75, 1, 1, 4.80374e+19
Pixel 92, 75, 1, 1, 4.80374e+19
Pixel 92, 76, 1, 1, 4.80374e+19
Pixel 93, 76, 1, 1, 4.80374e+19
Pixel 93, 77, 1, 1, 4.80374e+19
Pixel 92, 77, 1, 1, 4.80374e+19
Pixel 92, 78, 1, 1, 4.80374e+19
Pixel 93, 78, 1, 1, 4.80374e+19
Pixel 93, 79, 1, 1, 4.80374e+19
Pixel 92, 79, 1, 1, 4.80374e+19
Pixel 92, 80, 1, 1, 4.80374e+19
Pixel 93, 80, 1, 1, 4.80374e+19
Pixel 93, 81, 1, 1, 4.80374e+19
Pixel 92, 81, 1, 1, 4.80374e+19
Pixel 92, 82, 1, 1, 4.80374e+19
Pixel 93, 82, 1, 1, 4.80374e+19
Pixel 93, 83, 1, 1, 4.80374e+19
Pixel 92, 83, 1, 1, 4.80374e+19
Pixel 92, 84, 1, 1, 4.80374e+19
Pixel 93, 84, 1, 1, 4.80374e+19
Pixel 93, 85, 1, 1, 4.80374e+19
Pixel 92, 85, 1, 1, 4.80374e+19
Pixel 92, 86, 1, 1, 4.80374e+19
Pixel 93, 86, 1, 1, 4.80374e+19
Pixel 93, 87, 1, 1, 4.80374e+19
Pixel 92, 87, 1, 1, 4.80374e+19
Pixel 92, 88, 1, 1, 4.80374e+19
Pixel 93, 88, 1, 1, 4.80374e+19
Pixel 93, 89, 1, 1, 4.80374e+19
Pixel 92, 89, 1, 1, 4.80374e+19
Pixel 92, 90, 1, 1, 4.80374e+19
Pixel 93, 90, 1, 1, 4.80374e+19
Pixel 93, 91, 1, 1, 4.80374e+19
Pixel 92, 91, 1, 1, 4.80374e+19
Pixel 92, 92, 1, 1, 4.80374e+19
Pixel 93, 92, 1, 1, 4.80374e+19
Pixel 93, 93, 1, 1, 4.80374e+19
Pixel 92, 93, 1, 1, 4.80374e+19
Pixel 92, 94, 1, 1, 4.80374e+19
Pixel 93, 94, 1, 1, 4.80374e+19
Pixel 93, 95, 1, 1, 4.80374e+19
Pixel 92, 95, 1, 1, 4.80374e+19
Pixel 92, 96, 1, 1, 4.80374e+19
Pixel 93, 96, 1, 1, 4.80374e+19
Pixel 93, 97, 1, 1, 4.80374e+19
Pixel 92, 97, 1, 1, 4.80374e+19
Pixel 92, 98, 1, 1, 4.80374e+19
Pixel 93, 98, 1, 1, 4.80374e+19
Pixel 93, 99, 1, 1, 4.80374e+19
Pixel 92, 99, 1, 1, 4.80374e+19
Pixel 92, 100, 1, 1, 4.80374e+19
Pixel 93, 100, 1, 1, 4.80374e+19
Pixel 93, 101, 1, 1, 4.80374e+19
Pixel 92, 101, 1, 1, 4.80374e+19
Pixel 92, 102, 1, 1, 4.80374e+19
Pixel 93, 102, 1, 1, 4.80374e+19
Pixel 93, 103, 1, 1, 4.80374e+19
Pixel 92, 103, 1, 1, 4.80374e+19
Pixel 92, 104, 1, 1, 4.80374e+19
Pixel 93, 104, 1, 1, 4.80374e+19
Pixel 93, 105, 1, 1, 4.80374e+19
Pixel 92, 105, 1, 1, 4.80374e+19
Pixel 92, 106, 1, 1, 4.80374e+19
Pixel 93, 106, 1, 1, 4.80374e+19
Pixel 93, 107, 1, 1, 4.80374e+19
Pixel 92, 107, 1, 1, 4.80374e+19
Pixel 92, 108, 1, 1, 4.80374e+19
Pixel 93, 108, 1, 1, 4.80374e+19
Pixel 93, 109, 1, 1, 4.80374e+19
Pixel 92, 109, 1, 1, 4.80374e+19
Pixel 92, 110, 1, 1, 4.80374e+19
Pixel 93, 110, 1, 1, 4.80374e+19
Pixel 93, 111, 1, 1, 4.80374e+19
Pixel 92, 111, 1, 1, 4.80374e+19
Pixel 92, 112, 1, 1, 4.80374e+19
Pixel 93, 112, 1, 1, 4.80374e+19
Pixel 93, 113, 1, 1, 4.80374e+19
Pixel 92, 113, 1, 1, 4.80374e+19
Pixel 92, 114, 1, 1, 4.80374e+19
Pixel 93, 114, 1, 1, 4.80374e+19
Pixel 93, 115, 1, 1, 4.80374e+19
Pixel 92, 115, 1, 1, 4.80374e+19
Pixel 92, 116, 1, 1, 4.80374e+19
Pixel 93, 116, 1, 1, 4.80374e+19
Pixel 93, 117, 1, 1, 4.80374e+19
Pixel 92, 117, 1, 1, 4.80374e+19
Pixel 92, 118, 1, 1, 4.80374e+19
Pixel 93, 118, 1, 1, 4.80374e+19
Pixel 93, 119, 1, 1, 4.80374e+19
Pixel 92, 119, 1, 1, 4.80374e+19
Pixel 92, 120, 1, 1, 4.80374e+19
Pixel 93, 120, 1, 1, 4.80374e+19
Pixel 93, 121, 1, 1, 4.80374e+19
Pixel 92, 121, 1, 1, 4.80374e+19
Pixel 92, 122, 1, 1, 4.80374e+19
Pixel 93, 122, 1, 1, 4.80374e+19
Pixel 93, 123, 1, 1, 4.80374e+19
Pixel 92, 123, 1, 1, 4.80374e+19
Pixel 92, 124, 1, 1, 4.80374e+19
Pixel 93, 124, 1, 1, 4.80374e+19
Pixel 93, 125, 1, 1, 4.80374e+19
Pixel 92, 125, 1, 1, 4.80374e+19
Pixel 92, 126, 1, 1, 4.80374e+19
Pixel 93, 126, 1, 1, 4.80374e+19
Pixel 93, 127, 1, 1, 4.80374e+19
Pixel 92, 127, 1, 1, 4.80374e+19
Pixel 92, 128, 1, 1, 4.80374e+19
Pixel 93, 128, 1, 1, 4.80374e+19
Pixel 93, 129, 1, 1, 4.80374e+19
Pixel 92, 129, 1, 1, 4.80374e+19
Pixel 92, 130, 1, 1, 4.80374e+19
Pixel 93, 130, 1, 1, 4.80374e+19
Pixel 93, 131, 1, 1, 4.80374e+19
Pixel 92, 131, 1, 1, 4.80374e+19
Pixel 92, 132, 1, 1, 4.80374e+19
Pixel 93, 132, 1, 1, 4.80374e+19
Pixel 93, 133, 1, 1, 4.80374e+19
Pixel 92, 133, 1, 1, 4.80374e+19
Pixel 92, 134, 1, 1, 4.80374e+19
Pixel 93, 134, 1, 1, 4.80374e+19
Pixel 93, 135, 1, 1, 4.80374e+19
Pixel 92, 135, 1, 1, 4.80374e+19
Pixel 92, 136, 1, 1, 4.80374e+19
Pixel 93, 136, 1, 1, 4.80374e+19
Pixel 93, 137, 1, 1, 4.80374e+19
Pixel 92, 137, 1, 1, 4.80374e+19
Pixel 92, 138, 1, 1, 4.80374e+19
Pixel 93, 138, 1, 1, 4.80374e+19
Pixel 93, 139, 1, 1, 4.80374e+19
Pixel 92, 139, 1, 1, 4.80374e+19
Pixel 92, 140, 1, 1, 4.80374e+19
Pixel 93, 140, 1, 1, 4.80374e+19
Pixel 93, 141, 1, 1, 4.80374e+19
Pixel 92, 141, 1, 1, 4.80374e+19
Pixel 92, 142, 1, 1, 4.80374e+19
Pixel 93, 142, 1, 1, 4.80374e+19
Pixel 93, 143, 1, 1, 4.80374e+19
Pixel 92, 143, 1, 1, 4.80374e+19
Pixel 92, 144, 1, 1, 4.80374e+19
Pixel 93, 144, 1, 1, 4.80374e+19
Pixel 93, 145, 1, 1, 4.80374e+19
Pixel 92, 145, 1, 1, 4.80374e+19
Pixel 92, 146, 1, 1, 4.80374e+19
Pixel 93, 146, 1, 1, 4.80374e+19
Pixel 93, 147, 1, 1, 4.80374e+19
Pixel 92, 147, 1, 1, 4.80374e+19
Pixel 92, 148, 1, 1, 4.80374e+19
Pixel 93, 148, 1, 1, 4.80374e+19
Pixel 93, 149, 1, 1, 4.80374e+19
Pixel 92, 149, 1, 1, 4.80374e+19
Pixel 92, 150, 1, 1, 4.80374e+19
Pixel 93, 150, 1, 1, 4.80374e+19
Pixel 93, 151, 1, 1, 4.80374e+19
Pixel 92, 151, 1, 1, 4.80374e+19
Pixel 92, 152, 1, 1, 4.80374e+19
Pixel 93, 152, 1, 1, 4.80374e+19
Pixel 93, 153, 1, 1, 4.80374e+19
Pixel 92, 153, 1, 1, 4.80374e+19
Pixel 92, 154, 1, 1, 4.80374e+19
Pixel 93, 154, 1, 1, 4.80374e+19
Pixel 93, 155, 1, 1, 4.80374e+19
Pixel 92, 155, 1, 1, 4.80374e+19
Pixel 92, 156, 1, 1, 4.80374e+19
Pixel 93, 156, 1, 1, 4.80374e+19
Pixel 93, 157, 1, 1, 4.80374e+19
Pixel 92, 157, 1, 1, 4.80374e+19
Pixel 92, 158, 1, 1, 4.80374e+19
Pixel 93, 158, 1, 1, 4.80374e+19
Pixel 93, 159, 1, 1, 4.80374e+19
Pixel 92, 159, 1, 1, 4.80374e+19
Pixel 92, 160, 1, 1, 4.80374e+19
Pixel 93, 160, 1, 1, 4.80374e+19
Pixel 93, 161, 1, 1, 4.80374e+19
Pixel 92, 161, 1, 1, 4.80374e+19
Pixel 92, 162, 1, 1, 4.80374e+19
Pixel 93, 162, 1, 1, 4.80374e+19
Pixel 93, 163, 1, 1, 4.80374e+19
Pixel 92, 163, 1, 1, 4.80374e+19
Pixel 92, 164, 1, 1, 4.80374e+19
Pixel 93, 164, 1, 1, 4.80374e+19
Pixel 93, 165, 1, 1, 4.80374e+19
Pixel 92, 165, 1, 1, 4.80374e+19
Pixel 92, 166, 1, 1, 4.80374e+19
Pixel 93, 166, 1, 1, 4.80374e+19
Pixel 93, 167, 1, 1, 4.80374e+19
Pixel 92, 167, 1, 1, 4.80374e+19
Pixel 92, 168, 1, 1, 4.80374e+19
Pixel 93, 168, 1, 1, 4.80374e+19
Pixel 93, 169, 1, 1, 4.80374e+19
Pixel 92, 169, 1, 1, 4.80374e+19
Pixel 92, 170, 1, 1, 4.80374e+19
Pixel 93, 170, 1, 1, 4.80374e+19
Pixel 93, 171, 1, 1, 4.80374e+19
Pixel 92, 171, 1, 1, 4.80374e+19
Pixel 92, 172, 1, 1, 4.80374e+19
Pixel 93, 172, 1, 1, 4.80374e+19
Pixel 93, 173, 1, 1, 4.80374e+19
Pixel 92, 173, 1, 1, 4.80374e+19
Pixel 92, 174, 1, 1, 4.80374e+19
Pixel 93, 174, 1, 1, 4.80374e+19
Pixel 93, 175, 1, 1, 4.80374e+19
Pixel 92, 175, 1, 1, 4.80374e+19
Pixel 92, 176, 1, 1, 4.80374e+19
Pixel 93, 176, 1, 1, 4.80374e+19
Pixel 93, 177, 1, 1, 4.80374e+19
Pixel 92, 177, 1, 1, 4.80374e+19
Pixel 92, 178, 1, 1, 4.80374e+19
Pixel 93, 178, 1, 1, 4.80374e+19
Pixel 93, 179, 1, 1, 4.80374e+19
Pixel 92, 179, 1, 1, 4.80374e+19
Pixel 92, 180, 1, 1, 4.80374e+19
Pixel 93, 180, 1, 1, 4.80374e+19
Pixel 93, 181, 1, 1, 4.80374e+19
Pixel 92, 181, 1, 1, 4.80374e+19
Pixel 92, 182, 1, 1, 4.80374e+19
Pixel 93, 182, 1, 1, 4.80374e+19
Pixel 93, 183, 1, 1, 4.80374e+19
Pixel 92, 183, 1, 1, 4.80374e+19
Pixel 92, 184, 1, 1, 4.80374e+19
Pixel 93, 184, 1, 1, 4.80374e+19
Pixel 93, 185, 1, 1, 4.80374e+19
Pixel 92, 185, 1, 1, 4.80374e+19
Pixel 92, 186, 1, 1, 4.80374e+19
Pixel 93, 186, 1, 1, 4.80374e+19
Pixel 93, 187, 1, 1, 4.80374e+19
Pixel 92, 187, 1, 1, 4.80374e+19
Pixel 92, 188, 1, 1, 4.80374e+19
Pixel 93, 188, 1, 1, 4.80374e+19
Pixel 93, 189, 1, 1, 4.80374e+19
Pixel 92, 189, 1, 1, 4.80374e+19
Pixel 92, 190, 1, 1, 4.80374e+19
Pixel 93, 190, 1, 1, 4.80374e+19
Pixel 93, 191, 1, 1, 4.80374e+19
Pixel 92, 191, 1, 1, 4.80374e+19
Pixel 92, 192, 1, 1, 4.80374e+19
Pixel 93, 192, 1, 1, 4.80374e+19
Pixel 93, 193, 1, 1, 4.80374e+19
Pixel 92, 193, 1, 1, 4.80374e+19
Pixel 92, 194, 1, 1, 4.80374e+19
Pixel 93, 194, 1, 1, 4.80374e+19
Pixel 93, 195, 1, 1, 4.80374e+19
Pixel 92, 195, 1, 1, 4.80374e+19
Pixel 92, 196, 1, 1, 4.80374e+19
Pixel 93, 196, 1, 1, 4.80374e+19
Pixel 93, 197, 1, 1, 4.80374e+19
Pixel 92, 197, 1, 1, 4.80374e+19
Pixel 92, 198, 1, 1, 4.80374e+19
Pixel 93, 198, 1, 1, 4.80374e+19
Pixel 93, 199, 1, 1, 4.80374e+19
Pixel 92, 199, 1, 1, 4.80374e+19
Pixel 92, 200, 1, 1, 4.80374e+19
Pixel 93, 200, 1, 1, 4.80374e+19
Pixel 93, 201, 1, 1, 4.80374e+19
Pixel 92, 201, 1, 1, 4.80374e+19
Pixel 92, 202, 1, 1, 4.80374e+19
Pixel 93, 202, 1, 1, 4.80374e+19
Pixel 93, 203, 1, 1, 4.80374e+19
Pixel 92, 203, 1, 1, 4.80374e+19
Pixel 92, 204, 1, 1, 4.80374e+19
Pixel 93, 204, 1, 1, 4.80374e+19
Pixel 93, 205, 1, 1, 4.80374e+19
Pixel 92, 205, 1, 1, 4.80374e+19
Pixel 92, 206, 1, 1, 4.80374e+19
Pixel 93, 206, 1, 1, 4.80374e+19
Pixel 93, 207, 1, 1, 4.80374e+19
Pixel 92, 207, 1, 1, 4.80374e+19
Pixel 92, 208, 1, 1, 4.80374e+19
Pixel 93, 208, 1, 1, 4.80374e+19
Pixel 93, 209, 1, 1, 4.80374e+19
Pixel 92, 209, 1, 1, 4.80374e+19
Pixel 92, 210, 1, 1, 4.80374e+19
Pixel 93, 210, 1, 1, 4.80374e+19
Pixel 93, 211, 1, 1, 4.80374e+19
Pixel 92, 211, 1, 1, 4.80374e+19
Pixel 92, 212, 1, 1, 4.80374e+19
Pixel 93, 212, 1, 1, 4.80374e+19
Pixel 93, 213, 1, 1, 4.80374e+19
Pixel 92, 213, 1, 1, 4.80374e+19
Pixel 92, 214, 1, 1, 4.80374e+19
Pixel 93, 214, 1, 1, 4.80374e+19
Pixel 93, 215, 1, 1, 4.80374e+19
Pixel 92, 215, 1, 1, 4.80374e+19
Pixel 92, 216, 1, 1, 4.80374e+19
Pixel 93, 216, 1, 1, 4.80374e+19
Pixel 93, 217, 1, 1, 4.80374e+19
Pixel 92, 217, 1, 1, 4.80374e+19
Pixel 92, 218, 1, 1, 4.80374e+19
Pixel 93, 218, 1, 1, 4.80374e+19
Pixel 93, 219, 1, 1, 4.80374e+19
Pixel 92, 219, 1, 1, 4.80374e+19
Pixel 92, 220, 1, 1, 4.80374e+19
Pixel 93, 220, 1, 1, 4.80374e+19
Pixel 93, 221, 1, 1, 4.80374e+19
Pixel 92, 221, 1, 1, 4.80374e+19
Pixel 92, 222, 1, 1, 4.80374e+19
Pixel 93, 222, 1, 1, 4.80374e+19
Pixel 93, 223, 1, 1, 4.80374e+19
Pixel 92, 223, 1, 1, 4.80374e+19
Pixel 92, 224, 1, 1, 4.80374e+19
Pixel 93, 224, 1, 1, 4.80374e+19
Pixel 93, 225, 1, 1, 4.80374e+19
Pixel 92, 225, 1, 1, 4.80374e+19
Pixel 92, 226, 1, 1, 4.80374e+19
Pixel 93, 226, 1, 1, 4.80374e+19
Pixel 93, 227, 1, 1, 4.80374e+19
Pixel 92, 227, 1, 1, 4.80374e+19
Pixel 92, 228, 1, 1, 4.80374e+19
Pixel 93, 228, 1, 1, 4.80374e+19
Pixel 93, 229, 1, 1, 4.80374e+19
Pixel 92, 229, 1, 1, 4.80374e+19
Pixel 92, 230, 1, 1, 4.80374e+19
Pixel 93, 230, 1, 1, 4.80374e+19
Pixel 93, 231, 1, 1, 4.80374e+19
Pixel 92, 231, 1, 1, 4.80374e+19
Pixel 92, 232, 1, 1, 4.80374e+19
Pixel 93, 232, 1, 1, 4.80374e+19
Pixel 93, 233, 1, 1, 4.80374e+19
Pixel 92, 233, 1, 1, 4.80374e+19
Pixel 92, 234, 1, 1, 4.80374e+19
Pixel 93, 234, 1, 1, 4.80374e+19
Pixel 93, 235, 1, 1, 4.80374e+19
Pixel 92, 235, 1, 1, 4.80374e+19
Pixel 92, 236, 1, 1, 4.80374e+19
Pixel 93, 236, 1, 1, 4.80374e+19
Pixel 93, 237, 1, 1, 4.80374e+19
Pixel 92, 237, 1, 1, 4.80374e+19
Pixel 92, 238, 1, 1, 4.80374e+19
Pixel 93, 238, 1, 1, 4.80374e+19
Pixel 93, 239, 1, 1, 4.80374e+19
Pixel 92, 239, 1, 1, 4.80374e+19
Pixel 92, 240, 1, 1, 4.80374e+19
Pixel 93, 240, 1, 1, 4.80374e+19
Pixel 93, 241, 1, 1, 4.80374e+19
Pixel 92, 241, 1, 1, 4.80374e+19
Pixel 92, 242, 1, 1, 4.80374e+19
Pixel 93, 242, 1, 1, 4.80374e+19
Pixel 93, 243, 1, 1, 4.80374e+19
Pixel 92, 243, 1, 1, 4.80374e+19
Pixel 92, 244, 1, 1, 4.80374e+19
Pixel 93, 244, 1, 1, 4.80374e+19
Pixel 93, 245, 1, 1, 4.80374e+19
Pixel 92, 245, 1, 1, 4.80374e+19
Pixel 92, 246, 1, 1, 4.80374e+19
Pixel 93, 246, 1, 1, 4.80374e+19
Pixel 93, 247, 1, 1, 4.80374e+19
Pixel 92, 247, 1, 1, 4.80374e+19
Pixel 92, 248, 1, 1, 4.80374e+19
Pixel 93, 248, 1, 1, 4.80374e+19
Pixel 93, 249, 1, 1, 4.80374e+19
Pixel 92, 249, 1, 1, 4.80374e+19
Pixel 92, 250, 1, 1, 4.80374e+19
Pixel 93, 250, 1, 1, 4.80374e+19
Pixel 93, 251, 1, 1, 4.80374e+19
Pixel 92, 251, 1, 1, 4.80374e+19
Pixel 92, 252, 1, 1, 4.80374e+19
Pixel 93, 252, 1, 1, 4.80374e+19
Pixel 93, 253, 1, 1, 4.80374e+19
Pixel 92, 253, 1, 1, 4.80374e+19
Pixel 92, 254, 1, 1, 4.80374e+19
Pixel 93, 254, 1, 1, 4.80374e+19
Pixel 93, 255, 1, 1, 4.80374e+19
Pixel 92, 255, 1, 1, 4.80374e+19
=== 15386 ===
--- pALPIDEfs_2 ---
Pixel 2, 478, 1, 1, 4.80374e+19
Pixel 3, 478, 1, 1, 4.80374e+19
=== 23418 ===
--- pALPIDEfs_0 ---
Pixel 590, 422, 1, 1, 4.80374e+19
=== 23475 ===
--- pALPIDEfs_0 ---
Pixel 796, 382, 1, 1, 4.80374e+19
Pixel 796, 383, 1, 1, 4.80374e+19
=== 33999 ===
--- pALPIDEfs_0 ---
Pixel 527, 89, 1, 1, 4.80374e+19
Pixel 526, 89, 1, 1, 4.80374e+19
Pixel 526, 90, 1, 1, 4.80374e+19
Pixel 527, 90, 1, 1, 4.80374e+19
=== 68334 ===
--- pALPIDEfs_6 ---
Pixel 314, 184, 1, 1, 4.80374e+19
Pixel 315, 184, 1, 1, 4.80374e+19
Pixel 315, 185, 1, 1, 4.80374e+19
Pixel 314, 185, 1, 1, 4.80374e+19
Pixel 314, 186, 1, 1, 4.80374e+19
Pixel 315, 186, 1, 1, 4.80374e+19
Pixel 316, 188, 1, 1, 4.80374e+19
Pixel 316, 189, 1, 1, 4.80374e+19
Pixel 316, 190, 1, 1, 4.80374e+19
=== 78584 ===
--- pALPIDEfs_0 ---
Pixel 827, 379, 1, 1, 4.80374e+19
Pixel 826, 380, 1, 1, 4.80374e+19
Pixel 827, 380, 1, 1, 4.80374e+19
Pixel 828, 379, 1, 1, 4.80374e+19
=== 101382 ===
--- pALPIDEfs_1 ---
Pixel 119, 19, 1, 1, 4.80374e+19
Pixel 119, 20, 1, 1, 4.80374e+19
Pixel 119, 21, 1, 1, 4.80374e+19
Pixel 120, 19, 1, 1, 4.80374e+19
Pixel 120, 20, 1, 1, 4.80374e+19
=== 106715 ===
--- pALPIDEfs_1 ---
Pixel 749, 9, 1, 1, 4.80374e+19
Pixel 749, 10, 1, 1, 4.80374e+19
Pixel 749, 11, 1, 1, 4.80374e+19
Pixel 750, 10, 1, 1, 4.80374e+19
Pixel 750, 11, 1, 1, 4.80374e+19
=== 122770 ===
--- pALPIDEfs_1 ---
Pixel 750, 170, 1, 1, 4.80374e+19
Pixel 750, 171, 1, 1, 4.80374e+19
=== 122813 ===
--- pALPIDEfs_3 ---
Pixel 683, 227, 1, 1, 4.80374e+19
Pixel 683, 228, 1, 1, 4.80374e+19
=== 149297 ===
--- pALPIDEfs_3 ---
Pixel 327, 426, 1, 1, 4.80374e+19
Pixel 327, 427, 1, 1, 4.80374e+19
Pixel 328, 427, 1, 1, 4.80374e+19
--- pALPIDEfs_4 ---
Pixel 480, 27, 1, 1, 4.80374e+19
=== 182477 ===
--- pALPIDEfs_1 ---
Pixel 564, 165, 1, 1, 4.80374e+19
Pixel 564, 166, 1, 1, 4.80374e+19
=== 197573 ===
--- pALPIDEfs_4 ---
Pixel 825, 85, 1, 1, 4.80374e+19
Pixel 824, 85, 1, 1, 4.80374e+19
Pixel 824, 86, 1, 1, 4.80374e+19
Pixel 825, 86, 1, 1, 4.80374e+19
=== 201179 ===
--- pALPIDEfs_1 ---
Pixel 227, 381, 1, 1, 4.80374e+19
Pixel 227, 382, 1, 1, 4.80374e+19
=== 219328 ===
--- pALPIDEfs_5 ---
Pixel 545, 183, 1, 1, 4.80374e+19
Pixel 545, 184, 1, 1, 4.80374e+19
Pixel 546, 183, 1, 1, 4.80374e+19
=== 225462 ===
--- pALPIDEfs_1 ---
Pixel 791, 113, 1, 1, 4.80374e+19
Pixel 791, 114, 1, 1, 4.80374e+19
Pixel 792, 113, 1, 1, 4.80374e+19
Pixel 792, 114, 1, 1, 4.80374e+19
=== 229771 ===
--- pALPIDEfs_4 ---
Pixel 760, 139, 1, 1, 4.80374e+19
--- pALPIDEfs_5 ---
Pixel 679, 352, 1, 1, 4.80374e+19
--- pALPIDEfs_6 ---
Pixel 703, 490, 1, 1, 4.80374e+19
=== 230662 ===
--- pALPIDEfs_3 ---
Pixel 654, 302, 1, 1, 4.80374e+19
--- pALPIDEfs_4 ---
Pixel 129, 503, 1, 1, 4.80374e+19
Pixel 129, 504, 1, 1, 4.80374e+19
Pixel 130, 503, 1, 1, 4.80374e+19
Pixel 130, 504, 1, 1, 4.80374e+19
Pixel 134, 502, 1, 1, 4.80374e+19
Pixel 134, 503, 1, 1, 4.80374e+19
=== 238074 ===
--- pALPIDEfs_2 ---
Pixel 1008, 305, 1, 1, 4.80374e+19
=== 254346 ===
--- pALPIDEfs_4 ---
Pixel 233, 355, 1, 1, 4.80374e+19
Pixel 232, 356, 1, 1, 4.80374e+19
Pixel 233, 356, 1, 1, 4.80374e+19
Pixel 233, 357, 1, 1, 4.80374e+19
Pixel 232, 357, 1, 1, 4.80374e+19
Pixel 232, 358, 1, 1, 4.80374e+19
Pixel 234, 355, 1, 1, 4.80374e+19
Pixel 234, 356, 1, 1, 4.80374e+19
=== 260878 ===
--- pALPIDEfs_2 ---
Pixel 552, 6, 1, 1, 4.80374e+19
=== 263816 ===
--- pALPIDEfs_5 ---
Pixel 740, 80, 1, 1, 4.80374e+19
Pixel 741, 80, 1, 1, 4.80374e+19
Pixel 741, 81, 1, 1, 4.80374e+19
Pixel 740, 81, 1, 1, 4.80374e+19
Pixel 740, 82, 1, 1, 4.80374e+19
Pixel 741, 82, 1, 1, 4.80374e+19
=== 273584 ===
--- pALPIDEfs_6 ---
Pixel 587, 52, 1, 1, 4.80374e+19
Pixel 587, 53, 1, 1, 4.80374e+19
=== 282037 ===
--- pALPIDEfs_3 ---
Pixel 315, 83, 1, 1, 4.80374e+19
Pixel 314, 83, 1, 1, 4.80374e+19
Pixel 315, 84, 1, 1, 4.80374e+19
Pixel 316, 83, 1, 1, 4.80374e+19
Pixel 316, 84, 1, 1, 4.80374e+19
=== 286126 ===
--- pALPIDEfs_4 ---
Pixel 355, 501, 1, 1, 4.80374e+19
Pixel 356, 501, 1, 1, 4.80374e+19
=== 291076 ===
--- pALPIDEfs_2 ---
Pixel 903, 162, 1, 1, 4.80374e+19
Pixel 903, 163, 1, 1, 4.80374e+19
Pixel 904, 162, 1, 1, 4.80374e+19
Pixel 904, 163, 1, 1, 4.80374e+19
=== 302800 ===
--- pALPIDEfs_6 ---
Pixel 798, 160, 1, 1, 4.80374e+19
Pixel 798, 161, 1, 1, 4.80374e+19
=== 303258 ===
--- pALPIDEfs_5 ---
Pixel 150, 48, 1, 1, 4.80374e+19
Pixel 150, 49, 1, 1, 4.80374e+19
=== 330098 ===
--- pALPIDEfs_5 ---
Pixel 649, 171, 1, 1, 4.80374e+19
Pixel 648, 172, 1, 1, 4.80374e+19
Pixel 649, 172, 1, 1, 4.80374e+19
=== 349671 ===
--- pALPIDEfs_1 ---
Pixel 567, 21, 1, 1, 4.80374e+19
Pixel 568, 21, 1, 1, 4.80374e+19
=== 356931 ===
--- pALPIDEfs_4 ---
Pixel 431, 223, 1, 1, 4.80374e+19
Pixel 432, 223, 1, 1, 4.80374e+19
=== 424336 ===
--- pALPIDEfs_0 ---
Pixel 711, 4, 1, 1, 4.80374e+19
Pixel 711, 5, 1, 1, 4.80374e+19
Pixel 712, 4, 1, 1, 4.80374e+19
Pixel 712, 5, 1, 1, 4.80374e+19
=== 434725 ===
--- pALPIDEfs_0 ---
Pixel 177, 437, 1, 1, 4.80374e+19
Pixel 177, 438, 1, 1, 4.80374e+19
Pixel 178, 438, 1, 1, 4.80374e+19
=== 437460 ===
--- pALPIDEfs_4 ---
Pixel 513, 502, 1, 1, 4.80374e+19
Pixel 514, 502, 1, 1, 4.80374e+19
=== 452181 ===
--- pALPIDEfs_1 ---
Pixel 1019, 216, 1, 1, 4.80374e+19
Pixel 1020, 216, 1, 1, 4.80374e+19
--- pALPIDEfs_2 ---
Pixel 629, 322, 1, 1, 4.80374e+19
Pixel 630, 322, 1, 1, 4.80374e+19
=== 491917 ===
--- pALPIDEfs_3 ---
Pixel 391, 437, 1, 1, 4.80374e+19
Pixel 391, 438, 1, 1, 4.80374e+19
Pixel 392, 437, 1, 1, 4.80374e+19
Pixel 392, 438, 1, 1, 4.80374e+19
--- pALPIDEfs_4 ---
Pixel 155, 102, 1, 1, 4.80374e+19
=== 503163 ===
--- pALPIDEfs_0 ---
Pixel 976, 225, 1, 1, 4.80374e+19
=== 510488 ===
--- pALPIDEfs_3 ---
Pixel 29, 195, 1, 1, 4.80374e+19
Pixel 29, 196, 1, 1, 4.80374e+19
=== 511922 ===
--- pALPIDEfs_0 ---
Pixel 955, 327, 1, 1, 4.80374e+19
Pixel 956, 326, 1, 1, 4.80374e+19
Pixel 957, 326, 1, 1, 4.80374e+19
Pixel 957, 327, 1, 1, 4.80374e+19
Pixel 956, 327, 1, 1, 4.80374e+19
Pixel 957, 328, 1, 1, 4.80374e+19
Pixel 958, 327, 1, 1, 4.80374e+19
=== 530499 ===
--- pALPIDEfs_6 ---
Pixel 617, 33, 1, 1, 4.80374e+19
Pixel 617, 34, 1, 1, 4.80374e+19
Pixel 618, 33, 1, 1, 4.80374e+19
Pixel 618, 34, 1, 1, 4.80374e+19
=== 530790 ===
--- pALPIDEfs_4 ---
Pixel 332, 362, 1, 1, 4.80374e+19
Pixel 333, 362, 1, 1, 4.80374e+19
--- pALPIDEfs_5 ---
Pixel 419, 212, 1, 1, 4.80374e+19
Pixel 420, 212, 1, 1, 4.80374e+19
=== 542999 ===
--- pALPIDEfs_2 ---
Pixel 49, 324, 1, 1, 4.80374e+19
Pixel 50, 324, 1, 1, 4.80374e+19
=== 549706 ===
--- pALPIDEfs_0 ---
Pixel 527, 199, 1, 1, 4.80374e+19
Pixel 526, 199, 1, 1, 4.80374e+19
--- pALPIDEfs_1 ---
Pixel 385, 192, 1, 1, 4.80374e+19
Pixel 386, 192, 1, 1, 4.80374e+19
--- pALPIDEfs_2 ---
Pixel 237, 97, 1, 1, 4.80374e+19
=== 588791 ===
--- pALPIDEfs_2 ---
Pixel 551, 47, 1, 1, 4.80374e+19
Pixel 553, 40, 1, 1, 4.80374e+19
Pixel 553, 44, 1, 1, 4.80374e+19
Pixel 553, 45, 1, 1, 4.80374e+19
Pixel 552, 46, 1, 1, 4.80374e+19
Pixel 553, 46, 1, 1, 4.80374e+19
Pixel 552, 47, 1, 1, 4.80374e+19
Pixel 554, 40, 1, 1, 4.80374e+19
Pixel 554, 41, 1, 1, 4.80374e+19
Pixel 554, 42, 1, 1, 4.80374e+19
Pixel 554, 43, 1, 1, 4.80374e+19
Pixel 554, 44, 1, 1, 4.80374e+19
=== 627996 ===
--- pALPIDEfs_4 ---
Pixel 325, 358, 1, 1, 4.80374e+19
Pixel 326, 358, 1, 1, 4.80374e+19
=== 655739 ===
--- pALPIDEfs_4 ---
Pixel 882, 234, 1, 1, 4.80374e+19
=== 660476 ===
--- pALPIDEfs_6 ---
Pixel 196, 510, 1, 1, 4.80374e+19
Pixel 197, 510, 1, 1, 4.80374e+19
Pixel 197, 511, 1, 1, 4.80374e+19
Pixel 196, 511, 1, 1, 4.80374e+19
=== 663453 ===
--- pALPIDEfs_1 ---
Pixel 858, 198, 1, 1, 4.80374e+19
=== 664325 ===
--- pALPIDEfs_3 ---
Pixel 805, 449, 1, 1, 4.80374e+19
Pixel 805, 450, 1, 1, 4.80374e+19
Pixel 806, 449, 1, 1, 4.80374e+19
Pixel 806, 450, 1, 1, 4.80374e+19
=== 679239 ===
--- pALPIDEfs_0 ---
Pixel 645, 267, 1, 1, 4.80374e+19
Pixel 644, 267, 1, 1, 4.80374e+19
Pixel 644, 268, 1, 1, 4.80374e+19
Pixel 645, 268, 1, 1, 4.80374e+19
=== 690861 ===
--- pALPIDEfs_6 ---
Pixel 671, 451, 1, 1, 4.80374e+19
=== 699778 ===
--- pALPIDEfs_3 ---
Pixel 234, 118, 1, 1, 4.80374e+19
Pixel 235, 118, 1, 1, 4.80374e+19
=== 699779 ===
--- pALPIDEfs_3 ---
Pixel 234, 118, 1, 1, 4.80374e+19
Pixel 235, 118, 1, 1, 4.80374e+19
=== 709751 ===
--- pALPIDEfs_0 ---
Pixel 693, 240, 1, 1, 4.80374e+19
Pixel 693, 241, 1, 1, 4.80374e+19
Pixel 692, 241, 1, 1, 4.80374e+19
=== 737042 ===
--- pALPIDEfs_3 ---
Pixel 585, 279, 1, 1, 4.80374e+19
=== 749095 ===
--- pALPIDEfs_6 ---
Pixel 85, 268, 1, 1, 4.80374e+19
Pixel 85, 269, 1, 1, 4.80374e+19
Pixel 84, 269, 1, 1, 4.80374e+19
=== 759089 ===
--- pALPIDEfs_6 ---
Pixel 191, 387, 1, 1, 4.80374e+19
Pixel 191, 388, 1, 1, 4.80374e+19
Pixel 192, 387, 1, 1, 4.80374e+19
=== 779967 ===
--- pALPIDEfs_1 ---
Pixel 29, 375, 1, 1, 4.80374e+19
Pixel 29, 376, 1, 1, 4.80374e+19
=== 798398 ===
--- pALPIDEfs_5 ---
Pixel 457, 177, 1, 1, 4.80374e+19
Pixel 458, 177, 1, 1, 4.80374e+19
=== 799127 ===
--- pALPIDEfs_0 ---
Pixel 235, 269, 1, 1, 4.80374e+19
Pixel 235, 270, 1, 1, 4.80374e+19
Pixel 235, 271, 1, 1, 4.80374e+19
=== 824036 ===
--- pALPIDEfs_0 ---
Pixel 413, 139, 1, 1, 4.80374e+19
Pixel 412, 139, 1, 1, 4.80374e+19
Pixel 412, 140, 1, 1, 4.80374e+19
Pixel 413, 140, 1, 1, 4.80374e+19
=== 826623 ===
--- pALPIDEfs_6 ---
Pixel 629, 165, 1, 1, 4.80374e+19
Pixel 629, 166, 1, 1, 4.80374e+19
Pixel 630, 165, 1, 1, 4.80374e+19
Pixel 630, 166, 1, 1, 4.80374e+19
=== 837537 ===
--- pALPIDEfs_6 ---
Pixel 200, 184, 1, 1, 4.80374e+19
Pixel 201, 184, 1, 1, 4.80374e+19
Pixel 203, 179, 1, 1, 4.80374e+19
Pixel 202, 179, 1, 1, 4.80374e+19
Pixel 202, 180, 1, 1, 4.80374e+19
Pixel 203, 180, 1, 1, 4.80374e+19
Pixel 202, 182, 1, 1, 4.80374e+19
Pixel 203, 182, 1, 1, 4.80374e+19
Pixel 203, 183, 1, 1, 4.80374e+19
Pixel 202, 183, 1, 1, 4.80374e+19
Pixel 202, 184, 1, 1, 4.80374e+19
=== 846419 ===
--- pALPIDEfs_2 ---
Pixel 864, 188, 1, 1, 4.80374e+19
Pixel 865, 188, 1, 1, 4.80374e+19
Pixel 865, 189, 1, 1, 4.80374e+19
Pixel 864, 189, 1, 1, 4.80374e+19
Pixel 866, 188, 1, 1, 4.80374e+19
Pixel 867, 188, 1, 1, 4.80374e+19
Pixel 867, 189, 1, 1, 4.80374e+19
Pixel 866, 189, 1, 1, 4.80374e+19
Pixel 869, 187, 1, 1, 4.80374e+19
Pixel 868, 188, 1, 1, 4.80374e+19
Pixel 869, 188, 1, 1, 4.80374e+19
Pixel 868, 189, 1, 1, 4.80374e+19
Pixel 871, 186, 1, 1, 4.80374e+19
Pixel 871, 187, 1, 1, 4.80374e+19
Pixel 870, 187, 1, 1, 4.80374e+19
Pixel 870, 188, 1, 1, 4.80374e+19
Pixel 872, 186, 1, 1, 4.80374e+19
Pixel 873, 186, 1, 1, 4.80374e+19
Pixel 874, 186, 1, 1, 4.80374e+19
Pixel 875, 186, 1, 1, 4.80374e+19
Pixel 876, 186, 1, 1, 4.80374e+19
Pixel 877, 186, 1, 1, 4.80374e+19
Pixel 877, 187, 1, 1, 4.80374e+19
Pixel 876, 187, 1, 1, 4.80374e+19
=== 857242 ===
--- pALPIDEfs_0 ---
Pixel 580, 112, 1, 1, 4.80374e+19
=== 911551 ===
--- pALPIDEfs_1 ---
Pixel 590, 231, 1, 1, 4.80374e+19
=== 918510 ===
--- pALPIDEfs_5 ---
Pixel 405, 447, 1, 1, 4.80374e+19
Pixel 405, 448, 1, 1, 4.80374e+19
Pixel 405, 449, 1, 1, 4.80374e+19
Pixel 406, 448, 1, 1, 4.80374e+19
Pixel 406, 449, 1, 1, 4.80374e+19
=== 944826 ===
--- pALPIDEfs_0 ---
Pixel 663, 321, 1, 1, 4.80374e+19
Pixel 663, 322, 1, 1, 4.80374e+19
Pixel 664, 321, 1, 1, 4.80374e+19
=== 951510 ===
--- pALPIDEfs_1 ---
Pixel 393, 183, 1, 1, 4.80374e+19
Pixel 393, 184, 1, 1, 4.80374e+19
Pixel 394, 179, 1, 1, 4.80374e+19
Pixel 394, 180, 1, 1, 4.80374e+19
Pixel 395, 181, 1, 1, 4.80374e+19
Pixel 394, 181, 1, 1, 4.80374e+19
Pixel 394, 182, 1, 1, 4.80374e+19
Pixel 395, 182, 1, 1, 4.80374e+19
Pixel 395, 183, 1, 1, 4.80374e+19
Pixel 394, 183, 1, 1, 4.80374e+19
=== 958584 ===
--- pALPIDEfs_2 ---
Pixel 281, 386, 1, 1, 4.80374e+19
Pixel 281, 387, 1, 1, 4.80374e+19
Pixel 282, 386, 1, 1, 4.80374e+19
=== 986088 ===
--- pALPIDEfs_2 ---
Pixel 173, 220, 1, 1, 4.80374e+19
=== 987699 ===
--- pALPIDEfs_0 ---
Pixel 942, 171, 1, 1, 4.80374e+19
Pixel 942, 172, 1, 1, 4.80374e+19
Pixel 943, 172, 1, 1, 4.80374e+19
=== 992057 ===
--- pALPIDEfs_0 ---
Pixel 665, 434, 1, 1, 4.80374e+19
Pixel 665, 435, 1, 1, 4.80374e+19
=== 999301 ===
--- pALPIDEfs_4 ---
Pixel 393, 313, 1, 1, 4.80374e+19
Pixel 392, 313, 1, 1, 4.80374e+19
Pixel 392, 314, 1, 1, 4.80374e+19
Pixel 393, 314, 1, 1, 4.80374e+19
=== 1029517 ===
--- pALPIDEfs_0 ---
Pixel 882, 482, 1, 1, 4.80374e+19
Pixel 883, 482, 1, 1, 4.80374e+19
--- pALPIDEfs_1 ---
Pixel 877, 479, 1, 1, 4.80374e+19
--- pALPIDEfs_2 ---
Pixel 895, 368, 1, 1, 4.80374e+19
--- pALPIDEfs_3 ---
Pixel 912, 329, 1, 1, 4.80374e+19
Pixel 912, 330, 1, 1, 4.80374e+19
--- pALPIDEfs_4 ---
Pixel 952, 278, 1, 1, 4.80374e+19
Pixel 952, 279, 1, 1, 4.80374e+19
--- pALPIDEfs_5 ---
Pixel 962, 270, 1, 1, 4.80374e+19
=== 1046820 ===
--- pALPIDEfs_0 ---
Pixel 485, 413, 1, 1, 4.80374e+19
Pixel 484, 413, 1, 1, 4.80374e+19
--- pALPIDEfs_1 ---
Pixel 600, 336, 1, 1, 4.80374e+19
Pixel 600, 337, 1, 1, 4.80374e+19
--- pALPIDEfs_2 ---
Pixel 736, 155, 1, 1, 4.80374e+19
--- pALPIDEfs_3 ---
Pixel 874, 44, 1, 1, 4.80374e+19
=== 1046821 ===
--- pALPIDEfs_0 ---
Pixel 485, 413, 1, 1, 4.80374e+19
Pixel 484, 413, 1, 1, 4.80374e+19
--- pALPIDEfs_1 ---
Pixel 600, 336, 1, 1, 4.80374e+19
--- pALPIDEfs_2 ---
Pixel 737, 155, 1, 1, 4.80374e+19
Pixel 736, 155, 1, 1, 4.80374e+19
--- pALPIDEfs_3 ---
Pixel 874, 44, 1, 1, 4.80374e+19
=== 1048691 ===
--- pALPIDEfs_2 ---
Pixel 589, 253, 1, 1, 4.80374e+19
Pixel 588, 253, 1, 1, 4.80374e+19
=== 1062609 ===
--- pALPIDEfs_4 ---
Pixel 12, 62, 1, 1, 4.80374e+19
Pixel 13, 63, 1, 1, 4.80374e+19
Pixel 12, 63, 1, 1, 4.80374e+19
=== 1069711 ===
--- pALPIDEfs_0 ---
Pixel 355, 221, 1, 1, 4.80374e+19
Pixel 354, 221, 1, 1, 4.80374e+19
=== 1081257 ===
--- pALPIDEfs_1 ---
Pixel 272, 274, 1, 1, 4.80374e+19
Pixel 273, 274, 1, 1, 4.80374e+19
Pixel 273, 275, 1, 1, 4.80374e+19
Pixel 272, 275, 1, 1, 4.80374e+19
=== 1085991 ===
--- pALPIDEfs_2 ---
Pixel 255, 443, 1, 1, 4.80374e+19
Pixel 256, 443, 1, 1, 4.80374e+19
--- pALPIDEfs_3 ---
Pixel 327, 149, 1, 1, 4.80374e+19
Pixel 327, 150, 1, 1, 4.80374e+19
=== 1096805 ===
--- pALPIDEfs_2 ---
Pixel 665, 407, 1, 1, 4.80374e+19
Pixel 664, 407, 1, 1, 4.80374e+19
--- pALPIDEfs_3 ---
Pixel 609, 207, 1, 1, 4.80374e+19
=== 1098171 ===
--- pALPIDEfs_3 ---
Pixel 139, 278, 1, 1, 4.80374e+19
Pixel 139, 279, 1, 1, 4.80374e+19
Pixel 138, 279, 1, 1, 4.80374e+19
Pixel 138, 280, 1, 1, 4.80374e+19
Pixel 139, 280, 1, 1, 4.80374e+19
=== 1108090 ===
--- pALPIDEfs_5 ---
Pixel 993, 339, 1, 1, 4.80374e+19
Pixel 993, 340, 1, 1, 4.80374e+19
Pixel 993, 341, 1, 1, 4.80374e+19
Pixel 993, 342, 1, 1, 4.80374e+19
Pixel 993, 343, 1, 1, 4.80374e+19
Pixel 994, 341, 1, 1, 4.80374e+19
=== 1131325 ===
--- pALPIDEfs_1 ---
Pixel 174, 451, 1, 1, 4.80374e+19
=== 1136796 ===
--- pALPIDEfs_6 ---
Pixel 141, 311, 1, 1, 4.80374e+19
Pixel 140, 311, 1, 1, 4.80374e+19
Pixel 140, 312, 1, 1, 4.80374e+19
=== 1168646 ===
--- pALPIDEfs_0 ---
Pixel 201, 171, 1, 1, 4.80374e+19
Pixel 200, 171, 1, 1, 4.80374e+19
Pixel 200, 172, 1, 1, 4.80374e+19
Pixel 201, 172, 1, 1, 4.80374e+19
Pixel 201, 173, 1, 1, 4.80374e+19
Pixel 201, 174, 1, 1, 4.80374e+19
Pixel 202, 173, 1, 1, 4.80374e+19
Pixel 202, 174, 1, 1, 4.80374e+19
Pixel 202, 175, 1, 1, 4.80374e+19
=== 1174418 ===
--- pALPIDEfs_0 ---
Pixel 101, 455, 1, 1, 4.80374e+19
Pixel 101, 456, 1, 1, 4.80374e+19
Pixel 102, 456, 1, 1, 4.80374e+19
=== 1178171 ===
--- pALPIDEfs_0 ---
Pixel 103, 25, 1, 1, 4.80374e+19
Pixel 104, 25, 1, 1, 4.80374e+19
=== 1186280 ===
--- pALPIDEfs_0 ---
Pixel 356, 248, 1, 1, 4.80374e+19
Pixel 356, 249, 1, 1, 4.80374e+19
=== 1194119 ===
--- pALPIDEfs_2 ---
Pixel 743, 109, 1, 1, 4.80374e+19
Pixel 743, 110, 1, 1, 4.80374e+19
Pixel 744, 109, 1, 1, 4.80374e+19
Pixel 744, 110, 1, 1, 4.80374e+19
=== 1208215 ===
--- pALPIDEfs_1 ---
Pixel 997, 492, 1, 1, 4.80374e+19
Pixel 999, 482, 1, 1, 4.80374e+19
Pixel 999, 483, 1, 1, 4.80374e+19
Pixel 999, 484, 1, 1, 4.80374e+19
Pixel 999, 485, 1, 1, 4.80374e+19
Pixel 1000, 482, 1, 1, 4.80374e+19
Pixel 1001, 482, 1, 1, 4.80374e+19
Pixel 1001, 483, 1, 1, 4.80374e+19
Pixel 1000, 483, 1, 1, 4.80374e+19
Pixel 1001, 484, 1, 1, 4.80374e+19
=== 1208370 ===
--- pALPIDEfs_5 ---
Pixel 617, 410, 1, 1, 4.80374e+19
Pixel 618, 410, 1, 1, 4.80374e+19
Pixel 619, 410, 1, 1, 4.80374e+19
=== 1213289 ===
--- pALPIDEfs_2 ---
Pixel 665, 477, 1, 1, 4.80374e+19
Pixel 664, 477, 1, 1, 4.80374e+19
--- pALPIDEfs_3 ---
Pixel 665, 243, 1, 1, 4.80374e+19
=== 1226203 ===
--- pALPIDEfs_4 ---
Pixel 285, 169, 1, 1, 4.80374e+19
Pixel 284, 170, 1, 1, 4.80374e+19
Pixel 285, 170, 1, 1, 4.80374e+19
=== 1228293 ===
--- pALPIDEfs_2 ---
Pixel 897, 407, 1, 1, 4.80374e+19
Pixel 896, 407, 1, 1, 4.80374e+19
Pixel 896, 408, 1, 1, 4.80374e+19
Pixel 897, 408, 1, 1, 4.80374e+19
=== 1249495 ===
--- pALPIDEfs_6 ---
Pixel 94, 352, 1, 1, 4.80374e+19
Pixel 95, 352, 1, 1, 4.80374e+19
=== 1250053 ===
--- pALPIDEfs_6 ---
Pixel 902, 389, 1, 1, 4.80374e+19
Pixel 902, 390, 1, 1, 4.80374e+19
=== 1269716 ===
--- pALPIDEfs_6 ---
Pixel 322, 337, 1, 1, 4.80374e+19
=== 1272384 ===
--- pALPIDEfs_1 ---
Pixel 433, 92, 1, 1, 4.80374e+19
Pixel 433, 93, 1, 1, 4.80374e+19
Pixel 433, 94, 1, 1, 4.80374e+19
Pixel 434, 92, 1, 1, 4.80374e+19
=== 1275556 ===
--- pALPIDEfs_2 ---
Pixel 643, 86, 1, 1, 4.80374e+19
--- pALPIDEfs_3 ---
Pixel 993, 300, 1, 1, 4.80374e+19
--- pALPIDEfs_4 ---
Pixel 869, 325, 1, 1, 4.80374e+19
Pixel 868, 326, 1, 1, 4.80374e+19
Pixel 869, 326, 1, 1, 4.80374e+19
=== 1298963 ===
--- pALPIDEfs_5 ---
Pixel 99, 333, 1, 1, 4.80374e+19
Pixel 98, 333, 1, 1, 4.80374e+19
Pixel 98, 334, 1, 1, 4.80374e+19
Pixel 99, 334, 1, 1, 4.80374e+19
Pixel 98, 335, 1, 1, 4.80374e+19
=== 1303623 ===
--- pALPIDEfs_5 ---
Pixel 649, 206, 1, 1, 4.80374e+19
Pixel 649, 207, 1, 1, 4.80374e+19
Pixel 650, 206, 1, 1, 4.80374e+19
Pixel 651, 207, 1, 1, 4.80374e+19
Pixel 650, 207, 1, 1, 4.80374e+19
Pixel 650, 208, 1, 1, 4.80374e+19
=== 1327488 ===
--- pALPIDEfs_2 ---
Pixel 501, 142, 1, 1, 4.80374e+19
Pixel 501, 143, 1, 1, 4.80374e+19
--- pALPIDEfs_3 ---
Pixel 894, 420, 1, 1, 4.80374e+19
Pixel 895, 420, 1, 1, 4.80374e+19
=== 1330152 ===
--- pALPIDEfs_1 ---
Pixel 197, 77, 1, 1, 4.80374e+19
Pixel 196, 77, 1, 1, 4.80374e+19
Pixel 196, 78, 1, 1, 4.80374e+19
=== 1338154 ===
--- pALPIDEfs_6 ---
Pixel 549, 287, 1, 1, 4.80374e+19
Pixel 549, 288, 1, 1, 4.80374e+19
Pixel 550, 287, 1, 1, 4.80374e+19
=== 1344233 ===
--- pALPIDEfs_3 ---
Pixel 471, 385, 1, 1, 4.80374e+19
Pixel 473, 385, 1, 1, 4.80374e+19
Pixel 472, 385, 1, 1, 4.80374e+19
Pixel 473, 386, 1, 1, 4.80374e+19
Pixel 474, 385, 1, 1, 4.80374e+19
Pixel 474, 386, 1, 1, 4.80374e+19
Pixel 475, 386, 1, 1, 4.80374e+19
Pixel 475, 387, 1, 1, 4.80374e+19
Pixel 476, 386, 1, 1, 4.80374e+19
Pixel 476, 387, 1, 1, 4.80374e+19
=== 1344234 ===
--- pALPIDEfs_3 ---
Pixel 473, 386, 1, 1, 4.80374e+19
Pixel 475, 387, 1, 1, 4.80374e+19
Pixel 476, 386, 1, 1, 4.80374e+19
Pixel 476, 387, 1, 1, 4.80374e+19
=== 1359366 ===
--- pALPIDEfs_3 ---
Pixel 102, 106, 1, 1, 4.80374e+19
Pixel 103, 106, 1, 1, 4.80374e+19
Pixel 102, 107, 1, 1, 4.80374e+19
=== 1361077 ===
--- pALPIDEfs_0 ---
Pixel 837, 87, 1, 1, 4.80374e+19
Pixel 836, 87, 1, 1, 4.80374e+19
=== 1361785 ===
--- pALPIDEfs_3 ---
Pixel 89, 113, 1, 1, 4.80374e+19
Pixel 88, 114, 1, 1, 4.80374e+19
Pixel 89, 114, 1, 1, 4.80374e+19
Pixel 90, 114, 1, 1, 4.80374e+19
=== 1373211 ===
--- pALPIDEfs_1 ---
Pixel 576, 158, 1, 1, 4.80374e+19
Pixel 576, 159, 1, 1, 4.80374e+19
=== 1386446 ===
--- pALPIDEfs_1 ---
Pixel 256, 344, 1, 1, 4.80374e+19
=== 1390502 ===
--- pALPIDEfs_1 ---
Pixel 528, 476, 1, 1, 4.80374e+19
=== 1407681 ===
--- pALPIDEfs_4 ---
Pixel 443, 323, 1, 1, 4.80374e+19
--- pALPIDEfs_5 ---
Pixel 35, 156, 1, 1, 4.80374e+19
Pixel 36, 156, 1, 1, 4.80374e+19
=== 1415215 ===
--- pALPIDEfs_4 ---
Pixel 411, 339, 1, 1, 4.80374e+19
Pixel 411, 340, 1, 1, 4.80374e+19
Pixel 411, 341, 1, 1, 4.80374e+19
Pixel 412, 340, 1, 1, 4.80374e+19
=== 1421670 ===
--- pALPIDEfs_0 ---
Pixel 788, 496, 1, 1, 4.80374e+19
Pixel 789, 496, 1, 1, 4.80374e+19
Pixel 788, 497, 1, 1, 4.80374e+19
=== 1423281 ===
--- pALPIDEfs_3 ---
Pixel 937, 495, 1, 1, 4.80374e+19
=== 1423282 ===
--- pALPIDEfs_3 ---
Pixel 937, 495, 1, 1, 4.80374e+19
=== 1436476 ===
--- pALPIDEfs_5 ---
Pixel 285, 259, 1, 1, 4.80374e+19
Pixel 286, 259, 1, 1, 4.80374e+19
=== 1441583 ===
--- pALPIDEfs_2 ---
Pixel 674, 94, 1, 1, 4.80374e+19
Pixel 675, 94, 1, 1, 4.80374e+19
Pixel 675, 95, 1, 1, 4.80374e+19
=== 1447092 ===
--- pALPIDEfs_1 ---
Pixel 809, 163, 1, 1, 4.80374e+19
Pixel 808, 164, 1, 1, 4.80374e+19
Pixel 809, 164, 1, 1, 4.80374e+19
Pixel 810, 163, 1, 1, 4.80374e+19
Pixel 810, 164, 1, 1, 4.80374e+19
=== 1495321 ===
--- pALPIDEfs_3 ---
Pixel 106, 108, 1, 1, 4.80374e+19
Pixel 106, 109, 1, 1, 4.80374e+19
=== 1500466 ===
--- pALPIDEfs_4 ---
Pixel 902, 496, 1, 1, 4.80374e+19
Pixel 902, 497, 1, 1, 4.80374e+19
=== 1500578 ===
--- pALPIDEfs_5 ---
Pixel 368, 40, 1, 1, 4.80374e+19
=== 1501559 ===
--- pALPIDEfs_0 ---
Pixel 841, 353, 1, 1, 4.80374e+19
Pixel 840, 353, 1, 1, 4.80374e+19
Pixel 841, 354, 1, 1, 4.80374e+19
Pixel 842, 353, 1, 1, 4.80374e+19
Pixel 842, 354, 1, 1, 4.80374e+19
=== 1503921 ===
--- pALPIDEfs_2 ---
Pixel 52, 414, 1, 1, 4.80374e+19
Pixel 53, 414, 1, 1, 4.80374e+19
=== 1509323 ===
--- pALPIDEfs_0 ---
Pixel 637, 281, 1, 1, 4.80374e+19
Pixel 638, 281, 1, 1, 4.80374e+19
Pixel 865, 475, 1, 1, 4.80374e+19
=== 1520884 ===
--- pALPIDEfs_6 ---
Pixel 291, 4, 1, 1, 4.80374e+19
Pixel 292, 4, 1, 1, 4.80374e+19
Pixel 293, 5, 1, 1, 4.80374e+19
Pixel 292, 5, 1, 1, 4.80374e+19
=== 1533019 ===
--- pALPIDEfs_0 ---
Pixel 969, 312, 1, 1, 4.80374e+19
Pixel 969, 313, 1, 1, 4.80374e+19
=== 1536445 ===
--- pALPIDEfs_1 ---
Pixel 169, 122, 1, 1, 4.80374e+19
--- pALPIDEfs_2 ---
Pixel 609, 132, 1, 1, 4.80374e+19
Pixel 609, 133, 1, 1, 4.80374e+19
Pixel 610, 133, 1, 1, 4.80374e+19
=== 1546647 ===
--- pALPIDEfs_5 ---
Pixel 586, 297, 1, 1, 4.80374e+19
Pixel 586, 298, 1, 1, 4.80374e+19
=== 1547655 ===
--- pALPIDEfs_0 ---
Pixel 821, 424, 1, 1, 4.80374e+19
Pixel 821, 425, 1, 1, 4.80374e+19
Pixel 822, 425, 1, 1, 4.80374e+19
=== 1564757 ===
--- pALPIDEfs_2 ---
Pixel 301, 132, 1, 1, 4.80374e+19
Pixel 302, 132, 1, 1, 4.80374e+19
=== 1571376 ===
--- pALPIDEfs_2 ---
Pixel 362, 185, 1, 1, 4.80374e+19
Pixel 362, 186, 1, 1, 4.80374e+19
=== 1585760 ===
--- pALPIDEfs_3 ---
Pixel 123, 221, 1, 1, 4.80374e+19
Pixel 123, 222, 1, 1, 4.80374e+19
Pixel 124, 221, 1, 1, 4.80374e+19
Pixel 124, 222, 1, 1, 4.80374e+19
Pixel 1013, 414, 1, 1, 4.80374e+19
Pixel 1013, 415, 1, 1, 4.80374e+19
Pixel 1014, 414, 1, 1, 4.80374e+19
Pixel 1014, 415, 1, 1, 4.80374e+19
=== 1591884 ===
--- pALPIDEfs_2 ---
Pixel 633, 339, 1, 1, 4.80374e+19
Pixel 634, 339, 1, 1, 4.80374e+19
--- pALPIDEfs_3 ---
Pixel 839, 225, 1, 1, 4.80374e+19
Pixel 840, 225, 1, 1, 4.80374e+19
=== 1591885 ===
--- pALPIDEfs_2 ---
Pixel 633, 339, 1, 1, 4.80374e+19
Pixel 634, 339, 1, 1, 4.80374e+19
--- pALPIDEfs_3 ---
Pixel 839, 225, 1, 1, 4.80374e+19
Pixel 840, 225, 1, 1, 4.80374e+19
=== 1594456 ===
--- pALPIDEfs_5 ---
Pixel 765, 477, 1, 1, 4.80374e+19
Pixel 764, 478, 1, 1, 4.80374e+19
Pixel 765, 478, 1, 1, 4.80374e+19
Pixel 765, 479, 1, 1, 4.80374e+19
Pixel 764, 479, 1, 1, 4.80374e+19
=== 1594715 ===
--- pALPIDEfs_0 ---
Pixel 49, 179, 1, 1, 4.80374e+19
=== 1612465 ===
--- pALPIDEfs_5 ---
Pixel 801, 444, 1, 1, 4.80374e+19
Pixel 802, 444, 1, 1, 4.80374e+19
Pixel 803, 444, 1, 1, 4.80374e+19
Pixel 803, 445, 1, 1, 4.80374e+19
=== 1613329 ===
--- pALPIDEfs_6 ---
Pixel 938, 435, 1, 1, 4.80374e+19
Pixel 938, 436, 1, 1, 4.80374e+19
=== 1613846 ===
--- pALPIDEfs_5 ---
Pixel 52, 16, 1, 1, 4.80374e+19
Pixel 53, 16, 1, 1, 4.80374e+19
Pixel 53, 17, 1, 1, 4.80374e+19
Pixel 52, 17, 1, 1, 4.80374e+19
Pixel 53, 18, 1, 1, 4.80374e+19
Pixel 53, 19, 1, 1, 4.80374e+19
Pixel 53, 20, 1, 1, 4.80374e+19
Pixel 53, 21, 1, 1, 4.80374e+19
Pixel 54, 19, 1, 1, 4.80374e+19
Pixel 54, 20, 1, 1, 4.80374e+19
=== 1624442 ===
--- pALPIDEfs_4 ---
Pixel 622, 318, 1, 1, 4.80374e+19
Pixel 623, 318, 1, 1, 4.80374e+19
=== 1629405 ===
--- pALPIDEfs_3 ---
Pixel 333, 134, 1, 1, 4.80374e+19
Pixel 333, 135, 1, 1, 4.80374e+19
Pixel 333, 136, 1, 1, 4.80374e+19
Pixel 334, 136, 1, 1, 4.80374e+19
Pixel 335, 137, 1, 1, 4.80374e+19
Pixel 334, 137, 1, 1, 4.80374e+19
=== 1671431 ===
--- pALPIDEfs_1 ---
Pixel 552, 410, 1, 1, 4.80374e+19
=== 1701673 ===
--- pALPIDEfs_3 ---
Pixel 651, 398, 1, 1, 4.80374e+19
Pixel 652, 398, 1, 1, 4.80374e+19
Pixel 653, 398, 1, 1, 4.80374e+19
Pixel 653, 399, 1, 1, 4.80374e+19
Pixel 652, 399, 1, 1, 4.80374e+19
Pixel 652, 400, 1, 1, 4.80374e+19
Pixel 653, 400, 1, 1, 4.80374e+19
Pixel 653, 401, 1, 1, 4.80374e+19
Pixel 654, 401, 1, 1, 4.80374e+19
=== 1721406 ===
--- pALPIDEfs_4 ---
Pixel 897, 469, 1, 1, 4.80374e+19
Pixel 896, 469, 1, 1, 4.80374e+19
Pixel 896, 470, 1, 1, 4.80374e+19
Pixel 897, 470, 1, 1, 4.80374e+19
=== 1737396 ===
--- pALPIDEfs_1 ---
Pixel 713, 31, 1, 1, 4.80374e+19
Pixel 712, 31, 1, 1, 4.80374e+19
Pixel 712, 32, 1, 1, 4.80374e+19
Pixel 713, 32, 1, 1, 4.80374e+19
Pixel 713, 33, 1, 1, 4.80374e+19
Pixel 712, 33, 1, 1, 4.80374e+19
=== 1744149 ===
--- pALPIDEfs_0 ---
Pixel 219, 217, 1, 1, 4.80374e+19
Pixel 219, 218, 1, 1, 4.80374e+19
Pixel 220, 217, 1, 1, 4.80374e+19
Pixel 220, 218, 1, 1, 4.80374e+19
=== 1744482 ===
--- pALPIDEfs_2 ---
Pixel 635, 384, 1, 1, 4.80374e+19
Pixel 635, 385, 1, 1, 4.80374e+19
Pixel 636, 384, 1, 1, 4.80374e+19
Pixel 636, 385, 1, 1, 4.80374e+19
=== 1751021 ===
--- pALPIDEfs_6 ---
Pixel 617, 152, 1, 1, 4.80374e+19
Pixel 617, 153, 1, 1, 4.80374e+19
Pixel 618, 151, 1, 1, 4.80374e+19
Pixel 618, 152, 1, 1, 4.80374e+19
Pixel 619, 153, 1, 1, 4.80374e+19
Pixel 618, 153, 1, 1, 4.80374e+19
Pixel 618, 154, 1, 1, 4.80374e+19
Pixel 619, 154, 1, 1, 4.80374e+19
=== 1771780 ===
--- pALPIDEfs_6 ---
Pixel 192, 106, 1, 1, 4.80374e+19
Pixel 192, 107, 1, 1, 4.80374e+19
=== 1788535 ===
--- pALPIDEfs_0 ---
Pixel 606, 66, 1, 1, 4.80374e+19
Pixel 607, 66, 1, 1, 4.80374e+19
=== 1789189 ===
--- pALPIDEfs_0 ---
Pixel 527, 496, 1, 1, 4.80374e+19
Pixel 527, 497, 1, 1, 4.80374e+19
Pixel 528, 497, 1, 1, 4.80374e+19
=== 1791784 ===
--- pALPIDEfs_6 ---
Pixel 139, 370, 1, 1, 4.80374e+19
Pixel 139, 371, 1, 1, 4.80374e+19
Pixel 138, 371, 1, 1, 4.80374e+19
Pixel 138, 372, 1, 1, 4.80374e+19
Pixel 139, 372, 1, 1, 4.80374e+19
=== 1799748 ===
--- pALPIDEfs_4 ---
Pixel 47, 145, 1, 1, 4.80374e+19
Pixel 46, 145, 1, 1, 4.80374e+19
=== 1808423 ===
--- pALPIDEfs_2 ---
Pixel 355, 76, 1, 1, 4.80374e+19
Pixel 355, 77, 1, 1, 4.80374e+19
Pixel 356, 77, 1, 1, 4.80374e+19
=== 1811928 ===
--- pALPIDEfs_5 ---
Pixel 559, 488, 1, 1, 4.80374e+19
Pixel 560, 488, 1, 1, 4.80374e+19
Pixel 561, 488, 1, 1, 4.80374e+19
Pixel 561, 489, 1, 1, 4.80374e+19
Pixel 560, 489, 1, 1, 4.80374e+19
--- pALPIDEfs_6 ---
Pixel 735, 346, 1, 1, 4.80374e+19
Pixel 735, 347, 1, 1, 4.80374e+19
Pixel 736, 346, 1, 1, 4.80374e+19
Pixel 736, 347, 1, 1, 4.80374e+19
=== 1836214 ===
--- pALPIDEfs_5 ---
Pixel 1005, 403, 1, 1, 4.80374e+19
Pixel 1007, 403, 1, 1, 4.80374e+19
Pixel 1006, 403, 1, 1, 4.80374e+19
=== 1845202 ===
--- pALPIDEfs_4 ---
Pixel 831, 168, 1, 1, 4.80374e+19
Pixel 831, 169, 1, 1, 4.80374e+19
Pixel 830, 169, 1, 1, 4.80374e+19
Pixel 832, 168, 1, 1, 4.80374e+19
Pixel 832, 169, 1, 1, 4.80374e+19
=== 1851184 ===
--- pALPIDEfs_1 ---
Pixel 469, 225, 1, 1, 4.80374e+19
--- pALPIDEfs_2 ---
Pixel 247, 467, 1, 1, 4.80374e+19
Pixel 246, 467, 1, 1, 4.80374e+19
Pixel 246, 468, 1, 1, 4.80374e+19
Pixel 247, 468, 1, 1, 4.80374e+19
=== 1859508 ===
--- pALPIDEfs_3 ---
Pixel 557, 180, 1, 1, 4.80374e+19
=== 1860705 ===
--- pALPIDEfs_3 ---
Pixel 413, 144, 1, 1, 4.80374e+19
Pixel 413, 145, 1, 1, 4.80374e+19
Pixel 414, 144, 1, 1, 4.80374e+19
Pixel 414, 145, 1, 1, 4.80374e+19
=== 1891360 ===
--- pALPIDEfs_3 ---
Pixel 214, 452, 1, 1, 4.80374e+19
Pixel 215, 452, 1, 1, 4.80374e+19
Pixel 214, 453, 1, 1, 4.80374e+19
Pixel 255, 119, 1, 1, 4.80374e+19
Pixel 254, 119, 1, 1, 4.80374e+19
Pixel 254, 120, 1, 1, 4.80374e+19
--- pALPIDEfs_4 ---
Pixel 183, 488, 1, 1, 4.80374e+19
Pixel 182, 489, 1, 1, 4.80374e+19
Pixel 182, 490, 1, 1, 4.80374e+19
Pixel 183, 490, 1, 1, 4.80374e+19
=== 1894741 ===
--- pALPIDEfs_1 ---
Pixel 639, 47, 1, 1, 4.80374e+19
Pixel 639, 48, 1, 1, 4.80374e+19
Pixel 641, 47, 1, 1, 4.80374e+19
Pixel 640, 47, 1, 1, 4.80374e+19
Pixel 640, 48, 1, 1, 4.80374e+19
Pixel 641, 48, 1, 1, 4.80374e+19
Pixel 643, 47, 1, 1, 4.80374e+19
Pixel 642, 47, 1, 1, 4.80374e+19
Pixel 642, 48, 1, 1, 4.80374e+19
Pixel 643, 48, 1, 1, 4.80374e+19
Pixel 644, 48, 1, 1, 4.80374e+19
=== 1907836 ===
--- pALPIDEfs_5 ---
Pixel 277, 3, 1, 1, 4.80374e+19
Pixel 276, 3, 1, 1, 4.80374e+19
Pixel 276, 4, 1, 1, 4.80374e+19
Pixel 277, 4, 1, 1, 4.80374e+19
Pixel 278, 3, 1, 1, 4.80374e+19
Pixel 278, 4, 1, 1, 4.80374e+19
=== 1915184 ===
--- pALPIDEfs_5 ---
Pixel 687, 43, 1, 1, 4.80374e+19
Pixel 686, 44, 1, 1, 4.80374e+19
Pixel 687, 44, 1, 1, 4.80374e+19
Pixel 688, 43, 1, 1, 4.80374e+19
Pixel 688, 44, 1, 1, 4.80374e+19
--- pALPIDEfs_6 ---
Pixel 200, 258, 1, 1, 4.80374e+19
Pixel 201, 259, 1, 1, 4.80374e+19
Pixel 200, 259, 1, 1, 4.80374e+19
Pixel 200, 260, 1, 1, 4.80374e+19
=== 1924891 ===
--- pALPIDEfs_6 ---
Pixel 1003, 316, 1, 1, 4.80374e+19
Pixel 1003, 317, 1, 1, 4.80374e+19
Pixel 1002, 317, 1, 1, 4.80374e+19
Pixel 1002, 318, 1, 1, 4.80374e+19
Pixel 1003, 318, 1, 1, 4.80374e+19
Pixel 1005, 315, 1, 1, 4.80374e+19
Pixel 1004, 315, 1, 1, 4.80374e+19
Pixel 1004, 316, 1, 1, 4.80374e+19
Pixel 1005, 316, 1, 1, 4.80374e+19
Pixel 1004, 317, 1, 1, 4.80374e+19
Pixel 1006, 314, 1, 1, 4.80374e+19
Pixel 1007, 314, 1, 1, 4.80374e+19
Pixel 1007, 315, 1, 1, 4.80374e+19
Pixel 1006, 315, 1, 1, 4.80374e+19
Pixel 1008, 311, 1, 1, 4.80374e+19
Pixel 1008, 312, 1, 1, 4.80374e+19
Pixel 1008, 314, 1, 1, 4.80374e+19
=== 1952010 ===
--- pALPIDEfs_4 ---
Pixel 21, 181, 1, 1, 4.80374e+19
Pixel 21, 182, 1, 1, 4.80374e+19
Pixel 22, 181, 1, 1, 4.80374e+19
Pixel 22, 182, 1, 1, 4.80374e+19
=== 1971313 ===
--- pALPIDEfs_3 ---
Pixel 1006, 28, 1, 1, 4.80374e+19
Pixel 1007, 28, 1, 1, 4.80374e+19
Pixel 1007, 29, 1, 1, 4.80374e+19
Pixel 1006, 29, 1, 1, 4.80374e+19
=== 2001148 ===
--- pALPIDEfs_0 ---
Pixel 92, 96, 1, 1, 4.80374e+19
=== 2006243 ===
--- pALPIDEfs_1 ---
Pixel 15, 215, 1, 1, 4.80374e+19
=== 2032026 ===
--- pALPIDEfs_2 ---
Pixel 483, 481, 1, 1, 4.80374e+19
Pixel 482, 482, 1, 1, 4.80374e+19
Pixel 483, 482, 1, 1, 4.80374e+19
Pixel 483, 483, 1, 1, 4.80374e+19
Pixel 482, 483, 1, 1, 4.80374e+19
Pixel 482, 484, 1, 1, 4.80374e+19
Pixel 483, 485, 1, 1, 4.80374e+19
Pixel 482, 485, 1, 1, 4.80374e+19
Pixel 482, 486, 1, 1, 4.80374e+19
Pixel 483, 486, 1, 1, 4.80374e+19
Pixel 483, 487, 1, 1, 4.80374e+19
Pixel 482, 487, 1, 1, 4.80374e+19
Pixel 483, 488, 1, 1, 4.80374e+19
Pixel 484, 481, 1, 1, 4.80374e+19
Pixel 484, 482, 1, 1, 4.80374e+19
Pixel 485, 482, 1, 1, 4.80374e+19
Pixel 485, 483, 1, 1, 4.80374e+19
Pixel 484, 483, 1, 1, 4.80374e+19
=== 2046081 ===
--- pALPIDEfs_4 ---
Pixel 723, 195, 1, 1, 4.80374e+19
Pixel 724, 194, 1, 1, 4.80374e+19
Pixel 724, 195, 1, 1, 4.80374e+19
=== 2073924 ===
--- pALPIDEfs_4 ---
Pixel 131, 379, 1, 1, 4.80374e+19
Pixel 131, 380, 1, 1, 4.80374e+19
Pixel 131, 381, 1, 1, 4.80374e+19
Pixel 132, 379, 1, 1, 4.80374e+19
Pixel 132, 380, 1, 1, 4.80374e+19
Pixel 132, 381, 1, 1, 4.80374e+19
=== 2081216 ===
--- pALPIDEfs_4 ---
Pixel 940, 392, 1, 1, 4.80374e+19
Pixel 940, 393, 1, 1, 4.80374e+19
=== 2082541 ===
--- pALPIDEfs_4 ---
Pixel 63, 454, 1, 1, 4.80374e+19
=== 2088654 ===
--- pALPIDEfs_0 ---
Pixel 775, 157, 1, 1, 4.80374e+19
Pixel 774, 157, 1, 1, 4.80374e+19
Pixel 775, 158, 1, 1, 4.80374e+19
=== 2108352 ===
--- pALPIDEfs_0 ---
Pixel 113, 228, 1, 1, 4.80374e+19
Pixel 114, 228, 1, 1, 4.80374e+19
Pixel 114, 229, 1, 1, 4.80374e+19
=== 2112096 ===
--- pALPIDEfs_4 ---
Pixel 291, 388, 1, 1, 4.80374e+19
Pixel 291, 389, 1, 1, 4.80374e+19
Pixel 290, 389, 1, 1, 4.80374e+19
=== 2135359 ===
--- pALPIDEfs_3 ---
Pixel 413, 240, 1, 1, 4.80374e+19
=== 2139739 ===
--- pALPIDEfs_2 ---
Pixel 940, 133, 1, 1, 4.80374e+19
--- pALPIDEfs_3 ---
Pixel 585, 151, 1, 1, 4.80374e+19
Pixel 585, 152, 1, 1, 4.80374e+19
Pixel 586, 151, 1, 1, 4.80374e+19
Pixel 586, 152, 1, 1, 4.80374e+19
--- pALPIDEfs_4 ---
Pixel 253, 156, 1, 1, 4.80374e+19
Pixel 254, 156, 1, 1, 4.80374e+19
=== 2161263 ===
--- pALPIDEfs_0 ---
Pixel 439, 407, 1, 1, 4.80374e+19
Pixel 439, 408, 1, 1, 4.80374e+19
Pixel 440, 407, 1, 1, 4.80374e+19
Pixel 440, 408, 1, 1, 4.80374e+19
--- pALPIDEfs_1 ---
Pixel 60, 50, 1, 1, 4.80374e+19
Pixel 61, 50, 1, 1, 4.80374e+19
Pixel 61, 51, 1, 1, 4.80374e+19
Pixel 60, 51, 1, 1, 4.80374e+19
Pixel 60, 52, 1, 1, 4.80374e+19
Pixel 61, 52, 1, 1, 4.80374e+19
Pixel 61, 53, 1, 1, 4.80374e+19
Pixel 60, 53, 1, 1, 4.80374e+19
Pixel 60, 54, 1, 1, 4.80374e+19
Pixel 61, 54, 1, 1, 4.80374e+19
Pixel 62, 52, 1, 1, 4.80374e+19
=== 2168961 ===
--- pALPIDEfs_2 ---
Pixel 43, 256, 1, 1, 4.80374e+19
Pixel 43, 257, 1, 1, 4.80374e+19
--- pALPIDEfs_3 ---
Pixel 330, 26, 1, 1, 4.80374e+19
=== 2193407 ===
--- pALPIDEfs_3 ---
Pixel 65, 475, 1, 1, 4.80374e+19
Pixel 64, 475, 1, 1, 4.80374e+19
--- pALPIDEfs_4 ---
Pixel 303, 473, 1, 1, 4.80374e+19
Pixel 304, 473, 1, 1, 4.80374e+19
=== 2217887 ===
--- pALPIDEfs_1 ---
Pixel 418, 212, 1, 1, 4.80374e+19
Pixel 419, 212, 1, 1, 4.80374e+19
=== 2240466 ===
--- pALPIDEfs_0 ---
Pixel 117, 81, 1, 1, 4.80374e+19
Pixel 118, 81, 1, 1, 4.80374e+19
=== 2250749 ===
--- pALPIDEfs_4 ---
Pixel 78, 287, 1, 1, 4.80374e+19
Pixel 78, 288, 1, 1, 4.80374e+19
Pixel 79, 288, 1, 1, 4.80374e+19
Pixel 79, 289, 1, 1, 4.80374e+19
Pixel 78, 289, 1, 1, 4.80374e+19
Pixel 79, 290, 1, 1, 4.80374e+19
=== 2273585 ===
--- pALPIDEfs_4 ---
Pixel 163, 126, 1, 1, 4.80374e+19
Pixel 163, 127, 1, 1, 4.80374e+19
Pixel 164, 126, 1, 1, 4.80374e+19
=== 2274061 ===
--- pALPIDEfs_1 ---
Pixel 266, 450, 1, 1, 4.80374e+19
Pixel 267, 451, 1, 1, 4.80374e+19
Pixel 266, 451, 1, 1, 4.80374e+19
--- pALPIDEfs_2 ---
Pixel 531, 29, 1, 1, 4.80374e+19
Pixel 531, 30, 1, 1, 4.80374e+19
Pixel 532, 28, 1, 1, 4.80374e+19
Pixel 532, 29, 1, 1, 4.80374e+19
--- pALPIDEfs_4 ---
Pixel 213, 1, 1, 1, 4.80374e+19
Pixel 214, 0, 1, 1, 4.80374e+19
Pixel 215, 1, 1, 1, 4.80374e+19
Pixel 214, 1, 1, 1, 4.80374e+19
Pixel 214, 2, 1, 1, 4.80374e+19
Pixel 215, 2, 1, 1, 4.80374e+19
=== 2274941 ===
--- pALPIDEfs_4 ---
Pixel 851, 494, 1, 1, 4.80374e+19
Pixel 851, 495, 1, 1, 4.80374e+19
Pixel 850, 495, 1, 1, 4.80374e+19
=== 2333085 ===
--- pALPIDEfs_4 ---
Pixel 283, 168, 1, 1, 4.80374e+19
Pixel 283, 169, 1, 1, 4.80374e+19
--- pALPIDEfs_5 ---
Pixel 558, 204, 1, 1, 4.80374e+19
Pixel 559, 204, 1, 1, 4.80374e+19
--- pALPIDEfs_6 ---
Pixel 891, 182, 1, 1, 4.80374e+19
Pixel 891, 183, 1, 1, 4.80374e+19
=== 2335143 ===
--- pALPIDEfs_5 ---
Pixel 269, 233, 1, 1, 4.80374e+19
Pixel 268, 233, 1, 1, 4.80374e+19
Pixel 268, 234, 1, 1, 4.80374e+19
Pixel 269, 234, 1, 1, 4.80374e+19
Pixel 269, 235, 1, 1, 4.80374e+19
Pixel 268, 235, 1, 1, 4.80374e+19
Pixel 268, 236, 1, 1, 4.80374e+19
Pixel 269, 236, 1, 1, 4.80374e+19
Pixel 268, 237, 1, 1, 4.80374e+19
=== 2356236 ===
--- pALPIDEfs_3 ---
Pixel 522, 462, 1, 1, 4.80374e+19
Pixel 523, 462, 1, 1, 4.80374e+19
Pixel 523, 463, 1, 1, 4.80374e+19
Pixel 522, 463, 1, 1, 4.80374e+19
Pixel 523, 464, 1, 1, 4.80374e+19
=== 2356329 ===
--- pALPIDEfs_4 ---
Pixel 935, 291, 1, 1, 4.80374e+19
Pixel 935, 292, 1, 1, 4.80374e+19
=== 2366507 ===
--- pALPIDEfs_0 ---
Pixel 251, 422, 1, 1, 4.80374e+19
=== 2379981 ===
--- pALPIDEfs_1 ---
Pixel 24, 248, 1, 1, 4.80374e+19
Pixel 25, 248, 1, 1, 4.80374e+19
Pixel 25, 249, 1, 1, 4.80374e+19
Pixel 24, 249, 1, 1, 4.80374e+19
Pixel 26, 248, 1, 1, 4.80374e+19
Pixel 26, 249, 1, 1, 4.80374e+19
=== 2392632 ===
--- pALPIDEfs_4 ---
Pixel 802, 266, 1, 1, 4.80374e+19
Pixel 803, 266, 1, 1, 4.80374e+19
=== 2414302 ===
--- pALPIDEfs_1 ---
Pixel 182, 270, 1, 1, 4.80374e+19
Pixel 183, 270, 1, 1, 4.80374e+19
=== 2452022 ===
--- pALPIDEfs_0 ---
Pixel 651, 208, 1, 1, 4.80374e+19
Pixel 651, 209, 1, 1, 4.80374e+19
Pixel 652, 209, 1, 1, 4.80374e+19
=== 2453655 ===
--- pALPIDEfs_2 ---
Pixel 185, 59, 1, 1, 4.80374e+19
--- pALPIDEfs_3 ---
Pixel 865, 433, 1, 1, 4.80374e+19
Pixel 865, 434, 1, 1, 4.80374e+19
Pixel 866, 433, 1, 1, 4.80374e+19
Pixel 866, 434, 1, 1, 4.80374e+19
=== 2453776 ===
--- pALPIDEfs_3 ---
Pixel 549, 57, 1, 1, 4.80374e+19
Pixel 549, 58, 1, 1, 4.80374e+19
Pixel 550, 57, 1, 1, 4.80374e+19
Pixel 550, 58, 1, 1, 4.80374e+19
=== 2493291 ===
--- pALPIDEfs_2 ---
Pixel 307, 43, 1, 1, 4.80374e+19
--- pALPIDEfs_3 ---
Pixel 498, 52, 1, 1, 4.80374e+19
--- pALPIDEfs_4 ---
Pixel 209, 36, 1, 1, 4.80374e+19
Pixel 210, 36, 1, 1, 4.80374e+19
=== 2498022 ===
--- pALPIDEfs_1 ---
Pixel 535, 399, 1, 1, 4.80374e+19
Pixel 535, 400, 1, 1, 4.80374e+19
Pixel 535, 401, 1, 1, 4.80374e+19
Pixel 536, 399, 1, 1, 4.80374e+19
Pixel 536, 400, 1, 1, 4.80374e+19
=== 2502674 ===
--- pALPIDEfs_0 ---
Pixel 642, 300, 1, 1, 4.80374e+19
Pixel 643, 300, 1, 1, 4.80374e+19
=== 2524490 ===
--- pALPIDEfs_1 ---
Pixel 696, 44, 1, 1, 4.80374e+19
Pixel 697, 45, 1, 1, 4.80374e+19
Pixel 696, 45, 1, 1, 4.80374e+19
=== 2530782 ===
--- pALPIDEfs_4 ---
Pixel 789, 102, 1, 1, 4.80374e+19
Pixel 789, 103, 1, 1, 4.80374e+19
Pixel 789, 104, 1, 1, 4.80374e+19
Pixel 790, 101, 1, 1, 4.80374e+19
Pixel 790, 102, 1, 1, 4.80374e+19
Pixel 791, 102, 1, 1, 4.80374e+19
Pixel 790, 103, 1, 1, 4.80374e+19
Pixel 790, 104, 1, 1, 4.80374e+19
=== 2542838 ===
--- pALPIDEfs_0 ---
Pixel 971, 276, 1, 1, 4.80374e+19
Pixel 972, 276, 1, 1, 4.80374e+19
=== 2551577 ===
--- pALPIDEfs_1 ---
Pixel 277, 321, 1, 1, 4.80374e+19
Pixel 277, 322, 1, 1, 4.80374e+19
=== 2600659 ===
--- pALPIDEfs_0 ---
Pixel 143, 100, 1, 1, 4.80374e+19
=== 2602950 ===
--- pALPIDEfs_1 ---
Pixel 720, 28, 1, 1, 4.80374e+19
Pixel 721, 28, 1, 1, 4.80374e+19
Pixel 721, 29, 1, 1, 4.80374e+19
Pixel 720, 29, 1, 1, 4.80374e+19
=== 2611676 ===
--- pALPIDEfs_4 ---
Pixel 485, 67, 1, 1, 4.80374e+19
--- pALPIDEfs_5 ---
Pixel 100, 194, 1, 1, 4.80374e+19
Pixel 101, 194, 1, 1, 4.80374e+19
Pixel 101, 195, 1, 1, 4.80374e+19
Pixel 100, 195, 1, 1, 4.80374e+19
=== 2621296 ===
--- pALPIDEfs_0 ---
Pixel 87, 475, 1, 1, 4.80374e+19
Pixel 86, 475, 1, 1, 4.80374e+19
Pixel 87, 476, 1, 1, 4.80374e+19
Pixel 88, 476, 1, 1, 4.80374e+19
Pixel 100, 476, 1, 1, 4.80374e+19
=== 2628873 ===
--- pALPIDEfs_5 ---
Pixel 220, 80, 1, 1, 4.80374e+19
Pixel 221, 80, 1, 1, 4.80374e+19
Pixel 221, 81, 1, 1, 4.80374e+19
Pixel 220, 81, 1, 1, 4.80374e+19
=== 2659005 ===
--- pALPIDEfs_4 ---
Pixel 471, 99, 1, 1, 4.80374e+19
Pixel 470, 100, 1, 1, 4.80374e+19
Pixel 471, 100, 1, 1, 4.80374e+19
=== 2661412 ===
--- pALPIDEfs_2 ---
Pixel 290, 465, 1, 1, 4.80374e+19
Pixel 290, 466, 1, 1, 4.80374e+19
Pixel 291, 466, 1, 1, 4.80374e+19
Pixel 291, 467, 1, 1, 4.80374e+19
=== 2674878 ===
--- pALPIDEfs_2 ---
Pixel 47, 255, 1, 1, 4.80374e+19
=== 2689832 ===
--- pALPIDEfs_0 ---
Pixel 87, 83, 1, 1, 4.80374e+19
Pixel 86, 83, 1, 1, 4.80374e+19
Pixel 86, 84, 1, 1, 4.80374e+19
=== 2697787 ===
--- pALPIDEfs_1 ---
Pixel 255, 87, 1, 1, 4.80374e+19
Pixel 255, 88, 1, 1, 4.80374e+19
Pixel 255, 89, 1, 1, 4.80374e+19
Pixel 256, 87, 1, 1, 4.80374e+19
Pixel 256, 88, 1, 1, 4.80374e+19
=== 2699039 ===
--- pALPIDEfs_1 ---
Pixel 971, 276, 1, 1, 4.80374e+19
Pixel 971, 277, 1, 1, 4.80374e+19
Pixel 972, 276, 1, 1, 4.80374e+19
Pixel 972, 277, 1, 1, 4.80374e+19
=== 2701220 ===
--- pALPIDEfs_5 ---
Pixel 157, 181, 1, 1, 4.80374e+19
Pixel 157, 182, 1, 1, 4.80374e+19
--- pALPIDEfs_6 ---
Pixel 433, 149, 1, 1, 4.80374e+19
Pixel 433, 150, 1, 1, 4.80374e+19
Pixel 434, 149, 1, 1, 4.80374e+19
Pixel 434, 150, 1, 1, 4.80374e+19
=== 2703890 ===
--- pALPIDEfs_6 ---
Pixel 285, 34, 1, 1, 4.80374e+19
Pixel 286, 34, 1, 1, 4.80374e+19
=== 2714798 ===
--- pALPIDEfs_0 ---
Pixel 758, 316, 1, 1, 4.80374e+19
Pixel 758, 317, 1, 1, 4.80374e+19
=== 2728738 ===
--- pALPIDEfs_3 ---
Pixel 174, 158, 1, 1, 4.80374e+19
Pixel 175, 159, 1, 1, 4.80374e+19
Pixel 174, 159, 1, 1, 4.80374e+19
Pixel 175, 160, 1, 1, 4.80374e+19
=== 2741736 ===
--- pALPIDEfs_6 ---
Pixel 774, 446, 1, 1, 4.80374e+19
Pixel 782, 414, 1, 1, 4.80374e+19
Pixel 782, 415, 1, 1, 4.80374e+19
Pixel 782, 416, 1, 1, 4.80374e+19
=== 2746094 ===
--- pALPIDEfs_4 ---
Pixel 525, 19, 1, 1, 4.80374e+19
Pixel 524, 19, 1, 1, 4.80374e+19
Pixel 524, 20, 1, 1, 4.80374e+19
Pixel 525, 20, 1, 1, 4.80374e+19
=== 2753513 ===
--- pALPIDEfs_6 ---
Pixel 19, 302, 1, 1, 4.80374e+19
=== 2764425 ===
--- pALPIDEfs_6 ---
Pixel 3, 434, 1, 1, 4.80374e+19
Pixel 3, 435, 1, 1, 4.80374e+19
Pixel 4, 430, 1, 1, 4.80374e+19
Pixel 5, 430, 1, 1, 4.80374e+19
Pixel 5, 431, 1, 1, 4.80374e+19
Pixel 4, 431, 1, 1, 4.80374e+19
Pixel 5, 432, 1, 1, 4.80374e+19
Pixel 5, 433, 1, 1, 4.80374e+19
=== 2766323 ===
--- pALPIDEfs_5 ---
Pixel 755, 117, 1, 1, 4.80374e+19
Pixel 755, 118, 1, 1, 4.80374e+19
=== 2766542 ===
--- pALPIDEfs_4 ---
Pixel 68, 50, 1, 1, 4.80374e+19
--- pALPIDEfs_5 ---
Pixel 467, 392, 1, 1, 4.80374e+19
Pixel 468, 392, 1, 1, 4.80374e+19
Pixel 468, 393, 1, 1, 4.80374e+19
=== 2780645 ===
--- pALPIDEfs_6 ---
Pixel 10, 324, 1, 1, 4.80374e+19
Pixel 11, 324, 1, 1, 4.80374e+19
Pixel 11, 325, 1, 1, 4.80374e+19
Pixel 10, 325, 1, 1, 4.80374e+19
Pixel 11, 326, 1, 1, 4.80374e+19
Pixel 12, 325, 1, 1, 4.80374e+19
=== 2795023 ===
--- pALPIDEfs_5 ---
Pixel 260, 115, 1, 1, 4.80374e+19
--- pALPIDEfs_6 ---
Pixel 338, 480, 1, 1, 4.80374e+19
Pixel 339, 480, 1, 1, 4.80374e+19
Pixel 339, 481, 1, 1, 4.80374e+19
Pixel 338, 481, 1, 1, 4.80374e+19
=== 2826183 ===
--- pALPIDEfs_5 ---
Pixel 625, 382, 1, 1, 4.80374e+19
Pixel 625, 383, 1, 1, 4.80374e+19
=== 2828419 ===
--- pALPIDEfs_0 ---
Pixel 950, 114, 1, 1, 4.80374e+19
=== 2845151 ===
--- pALPIDEfs_5 ---
Pixel 861, 125, 1, 1, 4.80374e+19
Pixel 863, 125, 1, 1, 4.80374e+19
Pixel 862, 125, 1, 1, 4.80374e+19
Pixel 864, 124, 1, 1, 4.80374e+19
Pixel 865, 124, 1, 1, 4.80374e+19
Pixel 864, 125, 1, 1, 4.80374e+19
=== 2853140 ===
--- pALPIDEfs_0 ---
Pixel 977, 300, 1, 1, 4.80374e+19
Pixel 978, 300, 1, 1, 4.80374e+19
=== 2865474 ===
--- pALPIDEfs_1 ---
Pixel 781, 469, 1, 1, 4.80374e+19
Pixel 780, 469, 1, 1, 4.80374e+19
=== 2884959 ===
--- pALPIDEfs_4 ---
Pixel 249, 232, 1, 1, 4.80374e+19
Pixel 249, 233, 1, 1, 4.80374e+19
Pixel 249, 234, 1, 1, 4.80374e+19
Pixel 250, 232, 1, 1, 4.80374e+19
Pixel 251, 232, 1, 1, 4.80374e+19
Pixel 251, 233, 1, 1, 4.80374e+19
Pixel 250, 233, 1, 1, 4.80374e+19
Pixel 250, 234, 1, 1, 4.80374e+19
Pixel 251, 234, 1, 1, 4.80374e+19
Pixel 252, 232, 1, 1, 4.80374e+19
Pixel 252, 233, 1, 1, 4.80374e+19
=== 2885869 ===
--- pALPIDEfs_4 ---
Pixel 509, 25, 1, 1, 4.80374e+19
Pixel 510, 25, 1, 1, 4.80374e+19
=== 2886596 ===
--- pALPIDEfs_5 ---
Pixel 975, 279, 1, 1, 4.80374e+19
Pixel 974, 279, 1, 1, 4.80374e+19
=== 2889224 ===
--- pALPIDEfs_2 ---
Pixel 34, 378, 1, 1, 4.80374e+19
Pixel 35, 378, 1, 1, 4.80374e+19
Pixel 35, 379, 1, 1, 4.80374e+19
Pixel 34, 379, 1, 1, 4.80374e+19
=== 2918691 ===
--- pALPIDEfs_2 ---
Pixel 985, 139, 1, 1, 4.80374e+19
Pixel 985, 140, 1, 1, 4.80374e+19
Pixel 986, 138, 1, 1, 4.80374e+19
Pixel 987, 138, 1, 1, 4.80374e+19
Pixel 987, 139, 1, 1, 4.80374e+19
Pixel 986, 139, 1, 1, 4.80374e+19
Pixel 986, 140, 1, 1, 4.80374e+19
Pixel 987, 140, 1, 1, 4.80374e+19
=== 2921136 ===
--- pALPIDEfs_3 ---
Pixel 33, 24, 1, 1, 4.80374e+19
Pixel 33, 25, 1, 1, 4.80374e+19
Pixel 33, 26, 1, 1, 4.80374e+19
Pixel 34, 24, 1, 1, 4.80374e+19
Pixel 34, 25, 1, 1, 4.80374e+19
Pixel 34, 26, 1, 1, 4.80374e+19
=== 2931469 ===
--- pALPIDEfs_4 ---
Pixel 112, 99, 1, 1, 4.80374e+19
=== 2933277 ===
--- pALPIDEfs_0 ---
Pixel 748, 479, 1, 1, 4.80374e+19
=== 2944483 ===
--- pALPIDEfs_0 ---
Pixel 317, 267, 1, 1, 4.80374e+19
Pixel 317, 268, 1, 1, 4.80374e+19
Pixel 318, 267, 1, 1, 4.80374e+19
=== 2954975 ===
--- pALPIDEfs_5 ---
Pixel 29, 340, 1, 1, 4.80374e+19
Pixel 29, 341, 1, 1, 4.80374e+19
=== 2968603 ===
--- pALPIDEfs_2 ---
Pixel 565, 107, 1, 1, 4.80374e+19
Pixel 564, 108, 1, 1, 4.80374e+19
Pixel 565, 108, 1, 1, 4.80374e+19
Pixel 564, 109, 1, 1, 4.80374e+19
Pixel 566, 107, 1, 1, 4.80374e+19
Pixel 566, 108, 1, 1, 4.80374e+19
=== 2978882 ===
--- pALPIDEfs_5 ---
Pixel 332, 60, 1, 1, 4.80374e+19
Pixel 333, 60, 1, 1, 4.80374e+19
Pixel 333, 61, 1, 1, 4.80374e+19
Pixel 332, 61, 1, 1, 4.80374e+19
=== 2988844 ===
--- pALPIDEfs_4 ---
Pixel 345, 449, 1, 1, 4.80374e+19
Pixel 345, 450, 1, 1, 4.80374e+19
Pixel 346, 449, 1, 1, 4.80374e+19
Pixel 346, 450, 1, 1, 4.80374e+19
Pixel 351, 461, 1, 1, 4.80374e+19
Pixel 350, 461, 1, 1, 4.80374e+19
Pixel 350, 462, 1, 1, 4.80374e+19
Pixel 351, 462, 1, 1, 4.80374e+19
=== 3003093 ===
--- pALPIDEfs_4 ---
Pixel 703, 121, 1, 1, 4.80374e+19
Pixel 703, 122, 1, 1, 4.80374e+19
Pixel 704, 122, 1, 1, 4.80374e+19
=== 3003183 ===
--- pALPIDEfs_3 ---
Pixel 212, 46, 1, 1, 4.80374e+19
Pixel 212, 47, 1, 1, 4.80374e+19
=== 3004469 ===
--- pALPIDEfs_4 ---
Pixel 584, 435, 1, 1, 4.80374e+19
Pixel 584, 436, 1, 1, 4.80374e+19
=== 3061789 ===
--- pALPIDEfs_0 ---
Pixel 648, 250, 1, 1, 4.80374e+19
--- pALPIDEfs_1 ---
Pixel 531, 181, 1, 1, 4.80374e+19
--- pALPIDEfs_2 ---
Pixel 434, 8, 1, 1, 4.80374e+19
Pixel 435, 8, 1, 1, 4.80374e+19
=== 3080468 ===
--- pALPIDEfs_4 ---
Pixel 215, 507, 1, 1, 4.80374e+19
Pixel 215, 508, 1, 1, 4.80374e+19
Pixel 216, 506, 1, 1, 4.80374e+19
Pixel 216, 507, 1, 1, 4.80374e+19
Pixel 216, 508, 1, 1, 4.80374e+19
=== 3084200 ===
--- pALPIDEfs_4 ---
Pixel 765, 443, 1, 1, 4.80374e+19
Pixel 766, 443, 1, 1, 4.80374e+19
--- pALPIDEfs_5 ---
Pixel 171, 395, 1, 1, 4.80374e+19
=== 3096667 ===
--- pALPIDEfs_5 ---
Pixel 685, 172, 1, 1, 4.80374e+19
=== 3103938 ===
--- pALPIDEfs_6 ---
Pixel 673, 332, 1, 1, 4.80374e+19
Pixel 673, 333, 1, 1, 4.80374e+19
Pixel 674, 332, 1, 1, 4.80374e+19
Pixel 675, 333, 1, 1, 4.80374e+19
Pixel 674, 333, 1, 1, 4.80374e+19
=== 3112842 ===
--- pALPIDEfs_3 ---
Pixel 826, 18, 1, 1, 4.80374e+19
Pixel 827, 18, 1, 1, 4.80374e+19
--- pALPIDEfs_5 ---
Pixel 847, 236, 1, 1, 4.80374e+19
Pixel 847, 237, 1, 1, 4.80374e+19
--- pALPIDEfs_6 ---
Pixel 716, 336, 1, 1, 4.80374e+19
=== 3143680 ===
--- pALPIDEfs_2 ---
Pixel 920, 146, 1, 1, 4.80374e+19
Pixel 921, 146, 1, 1, 4.80374e+19
Pixel 921, 147, 1, 1, 4.80374e+19
Pixel 920, 147, 1, 1, 4.80374e+19
=== 3174171 ===
--- pALPIDEfs_1 ---
Pixel 851, 492, 1, 1, 4.80374e+19
Pixel 851, 493, 1, 1, 4.80374e+19
Pixel 852, 492, 1, 1, 4.80374e+19
Pixel 852, 493, 1, 1, 4.80374e+19
=== 3193087 ===
--- pALPIDEfs_6 ---
Pixel 891, 219, 1, 1, 4.80374e+19
Pixel 890, 220, 1, 1, 4.80374e+19
Pixel 891, 220, 1, 1, 4.80374e+19
=== 3204869 ===
--- pALPIDEfs_4 ---
Pixel 230, 82, 1, 1, 4.80374e+19
Pixel 231, 82, 1, 1, 4.80374e+19
Pixel 231, 83, 1, 1, 4.80374e+19
Pixel 230, 83, 1, 1, 4.80374e+19
=== 3211902 ===
--- pALPIDEfs_6 ---
Pixel 619, 217, 1, 1, 4.80374e+19
Pixel 618, 217, 1, 1, 4.80374e+19
=== 3224645 ===
--- pALPIDEfs_5 ---
Pixel 815, 421, 1, 1, 4.80374e+19
Pixel 815, 422, 1, 1, 4.80374e+19
Pixel 816, 421, 1, 1, 4.80374e+19
=== 3236031 ===
--- pALPIDEfs_5 ---
Pixel 627, 442, 1, 1, 4.80374e+19
Pixel 627, 443, 1, 1, 4.80374e+19
--- pALPIDEfs_6 ---
Pixel 632, 66, 1, 1, 4.80374e+19
=== 3246625 ===
--- pALPIDEfs_0 ---
Pixel 92, 472, 1, 1, 4.80374e+19
=== 3250432 ===
--- pALPIDEfs_0 ---
Pixel 869, 404, 1, 1, 4.80374e+19
Pixel 869, 405, 1, 1, 4.80374e+19
--- pALPIDEfs_1 ---
Pixel 657, 262, 1, 1, 4.80374e+19
=== 3250481 ===
--- pALPIDEfs_0 ---
Pixel 212, 204, 1, 1, 4.80374e+19
Pixel 213, 204, 1, 1, 4.80374e+19
Pixel 213, 205, 1, 1, 4.80374e+19
Pixel 212, 205, 1, 1, 4.80374e+19
=== 3260233 ===
--- pALPIDEfs_0 ---
Pixel 902, 177, 1, 1, 4.80374e+19
=== 3302495 ===
--- pALPIDEfs_2 ---
Pixel 979, 335, 1, 1, 4.80374e+19
Pixel 978, 335, 1, 1, 4.80374e+19
Pixel 978, 336, 1, 1, 4.80374e+19
Pixel 979, 336, 1, 1, 4.80374e+19
--- pALPIDEfs_3 ---
Pixel 233, 7, 1, 1, 4.80374e+19
Pixel 232, 7, 1, 1, 4.80374e+19
Pixel 232, 8, 1, 1, 4.80374e+19
Pixel 233, 8, 1, 1, 4.80374e+19
Pixel 234, 7, 1, 1, 4.80374e+19
Pixel 234, 8, 1, 1, 4.80374e+19
=== 3312144 ===
--- pALPIDEfs_3 ---
Pixel 888, 488, 1, 1, 4.80374e+19
Pixel 888, 489, 1, 1, 4.80374e+19
Pixel 888, 490, 1, 1, 4.80374e+19
Pixel 889, 490, 1, 1, 4.80374e+19
Pixel 889, 491, 1, 1, 4.80374e+19
Pixel 888, 491, 1, 1, 4.80374e+19
Pixel 891, 495, 1, 1, 4.80374e+19
Pixel 890, 495, 1, 1, 4.80374e+19
Pixel 892, 495, 1, 1, 4.80374e+19
=== 3323241 ===
--- pALPIDEfs_2 ---
Pixel 772, 271, 1, 1, 4.80374e+19
=== 3326420 ===
--- pALPIDEfs_3 ---
Pixel 344, 446, 1, 1, 4.80374e+19
Pixel 344, 447, 1, 1, 4.80374e+19
=== 3341571 ===
--- pALPIDEfs_2 ---
Pixel 387, 227, 1, 1, 4.80374e+19
Pixel 387, 228, 1, 1, 4.80374e+19
Pixel 387, 229, 1, 1, 4.80374e+19
--- pALPIDEfs_3 ---
Pixel 568, 204, 1, 1, 4.80374e+19
Pixel 569, 204, 1, 1, 4.80374e+19
Pixel 569, 205, 1, 1, 4.80374e+19
Pixel 568, 205, 1, 1, 4.80374e+19
=== 3377492 ===
--- pALPIDEfs_3 ---
Pixel 97, 217, 1, 1, 4.80374e+19
Pixel 97, 218, 1, 1, 4.80374e+19
=== 3379973 ===
--- pALPIDEfs_6 ---
Pixel 473, 149, 1, 1, 4.80374e+19
Pixel 472, 149, 1, 1, 4.80374e+19
Pixel 472, 150, 1, 1, 4.80374e+19
=== 3406585 ===
--- pALPIDEfs_1 ---
Pixel 689, 379, 1, 1, 4.80374e+19
Pixel 688, 379, 1, 1, 4.80374e+19
--- pALPIDEfs_2 ---
Pixel 280, 441, 1, 1, 4.80374e+19
=== 3410781 ===
--- pALPIDEfs_2 ---
Pixel 629, 287, 1, 1, 4.80374e+19
Pixel 630, 287, 1, 1, 4.80374e+19
=== 3422790 ===
--- pALPIDEfs_4 ---
Pixel 141, 69, 1, 1, 4.80374e+19
Pixel 142, 68, 1, 1, 4.80374e+19
Pixel 143, 68, 1, 1, 4.80374e+19
Pixel 142, 69, 1, 1, 4.80374e+19
=== 3435689 ===
--- pALPIDEfs_3 ---
Pixel 70, 234, 1, 1, 4.80374e+19
=== 3440293 ===
--- pALPIDEfs_1 ---
Pixel 641, 10, 1, 1, 4.80374e+19
Pixel 641, 11, 1, 1, 4.80374e+19
Pixel 640, 11, 1, 1, 4.80374e+19
Pixel 640, 12, 1, 1, 4.80374e+19
=== 3449062 ===
--- pALPIDEfs_6 ---
Pixel 141, 420, 1, 1, 4.80374e+19
Pixel 141, 421, 1, 1, 4.80374e+19
=== 3466963 ===
--- pALPIDEfs_6 ---
Pixel 816, 258, 1, 1, 4.80374e+19
Pixel 817, 258, 1, 1, 4.80374e+19
Pixel 817, 259, 1, 1, 4.80374e+19
Pixel 816, 259, 1, 1, 4.80374e+19
=== 3481949 ===
--- pALPIDEfs_6 ---
Pixel 203, 365, 1, 1, 4.80374e+19
Pixel 202, 365, 1, 1, 4.80374e+19
Pixel 202, 366, 1, 1, 4.80374e+19
Pixel 203, 366, 1, 1, 4.80374e+19
=== 3485645 ===
--- pALPIDEfs_2 ---
Pixel 943, 330, 1, 1, 4.80374e+19
Pixel 944, 330, 1, 1, 4.80374e+19
=== 3492714 ===
--- pALPIDEfs_5 ---
Pixel 359, 239, 1, 1, 4.80374e+19
Pixel 358, 239, 1, 1, 4.80374e+19
Pixel 358, 240, 1, 1, 4.80374e+19
Pixel 359, 240, 1, 1, 4.80374e+19
=== 3495350 ===
--- pALPIDEfs_0 ---
Pixel 510, 257, 1, 1, 4.80374e+19
Pixel 510, 258, 1, 1, 4.80374e+19
--- pALPIDEfs_1 ---
Pixel 309, 375, 1, 1, 4.80374e+19
Pixel 309, 376, 1, 1, 4.80374e+19
Pixel 310, 375, 1, 1, 4.80374e+19
--- pALPIDEfs_2 ---
Pixel 402, 302, 1, 1, 4.80374e+19
--- pALPIDEfs_3 ---
Pixel 421, 229, 1, 1, 4.80374e+19
Pixel 422, 229, 1, 1, 4.80374e+19
=== 3504347 ===
--- pALPIDEfs_2 ---
Pixel 1019, 262, 1, 1, 4.80374e+19
Pixel 1019, 263, 1, 1, 4.80374e+19
Pixel 1018, 263, 1, 1, 4.80374e+19
=== 3517898 ===
--- pALPIDEfs_0 ---
Pixel 465, 104, 1, 1, 4.80374e+19
--- pALPIDEfs_1 ---
Pixel 357, 311, 1, 1, 4.80374e+19
Pixel 356, 311, 1, 1, 4.80374e+19
Pixel 356, 312, 1, 1, 4.80374e+19
Pixel 357, 312, 1, 1, 4.80374e+19
--- pALPIDEfs_2 ---
Pixel 271, 416, 1, 1, 4.80374e+19
Pixel 271, 417, 1, 1, 4.80374e+19
Pixel 272, 416, 1, 1, 4.80374e+19
Pixel 272, 417, 1, 1, 4.80374e+19
Pixel 413, 73, 1, 1, 4.80374e+19
Pixel 414, 72, 1, 1, 4.80374e+19
Pixel 414, 73, 1, 1, 4.80374e+19
=== 3537110 ===
--- pALPIDEfs_0 ---
Pixel 29, 288, 1, 1, 4.80374e+19
Pixel 30, 288, 1, 1, 4.80374e+19
=== 3542586 ===
--- pALPIDEfs_0 ---
Pixel 1018, 224, 1, 1, 4.80374e+19
Pixel 1018, 225, 1, 1, 4.80374e+19
=== 3553633 ===
--- pALPIDEfs_3 ---
Pixel 992, 278, 1, 1, 4.80374e+19
Pixel 993, 278, 1, 1, 4.80374e+19
Pixel 992, 279, 1, 1, 4.80374e+19
=== 3561125 ===
--- pALPIDEfs_1 ---
Pixel 538, 84, 1, 1, 4.80374e+19
Pixel 538, 85, 1, 1, 4.80374e+19
=== 3561724 ===
--- pALPIDEfs_2 ---
Pixel 190, 462, 1, 1, 4.80374e+19
Pixel 191, 462, 1, 1, 4.80374e+19
=== 3589593 ===
--- pALPIDEfs_4 ---
Pixel 193, 87, 1, 1, 4.80374e+19
Pixel 193, 88, 1, 1, 4.80374e+19
Pixel 194, 87, 1, 1, 4.80374e+19
--- pALPIDEfs_5 ---
Pixel 459, 307, 1, 1, 4.80374e+19
Pixel 459, 308, 1, 1, 4.80374e+19
Pixel 459, 309, 1, 1, 4.80374e+19
Pixel 460, 307, 1, 1, 4.80374e+19
Pixel 460, 308, 1, 1, 4.80374e+19
Pixel 460, 309, 1, 1, 4.80374e+19
Pixel 460, 310, 1, 1, 4.80374e+19
=== 3602416 ===
--- pALPIDEfs_0 ---
Pixel 703, 453, 1, 1, 4.80374e+19
Pixel 705, 453, 1, 1, 4.80374e+19
Pixel 704, 453, 1, 1, 4.80374e+19
Pixel 704, 454, 1, 1, 4.80374e+19
Pixel 705, 454, 1, 1, 4.80374e+19
Pixel 705, 455, 1, 1, 4.80374e+19
Pixel 706, 453, 1, 1, 4.80374e+19
Pixel 706, 454, 1, 1, 4.80374e+19
Pixel 706, 458, 1, 1, 4.80374e+19
Pixel 706, 459, 1, 1, 4.80374e+19
--- pALPIDEfs_1 ---
Pixel 390, 36, 1, 1, 4.80374e+19
Pixel 390, 37, 1, 1, 4.80374e+19
=== 3617235 ===
--- pALPIDEfs_4 ---
Pixel 113, 405, 1, 1, 4.80374e+19
Pixel 112, 405, 1, 1, 4.80374e+19
Pixel 112, 406, 1, 1, 4.80374e+19
Pixel 113, 406, 1, 1, 4.80374e+19
Pixel 113, 407, 1, 1, 4.80374e+19
Pixel 113, 408, 1, 1, 4.80374e+19
Pixel 113, 410, 1, 1, 4.80374e+19
Pixel 113, 411, 1, 1, 4.80374e+19
Pixel 114, 405, 1, 1, 4.80374e+19
Pixel 114, 406, 1, 1, 4.80374e+19
Pixel 114, 409, 1, 1, 4.80374e+19
Pixel 114, 410, 1, 1, 4.80374e+19
Pixel 115, 411, 1, 1, 4.80374e+19
Pixel 114, 411, 1, 1, 4.80374e+19
Pixel 115, 412, 1, 1, 4.80374e+19
Pixel 116, 413, 1, 1, 4.80374e+19
Pixel 117, 414, 1, 1, 4.80374e+19
=== 3639350 ===
--- pALPIDEfs_1 ---
Pixel 1015, 78, 1, 1, 4.80374e+19
Pixel 1015, 79, 1, 1, 4.80374e+19
Pixel 1016, 79, 1, 1, 4.80374e+19
=== 3670658 ===
--- pALPIDEfs_5 ---
Pixel 310, 334, 1, 1, 4.80374e+19
Pixel 311, 334, 1, 1, 4.80374e+19
Pixel 311, 335, 1, 1, 4.80374e+19
Pixel 310, 335, 1, 1, 4.80374e+19
Pixel 310, 336, 1, 1, 4.80374e+19
Pixel 311, 336, 1, 1, 4.80374e+19
=== 3674774 ===
--- pALPIDEfs_2 ---
Pixel 883, 425, 1, 1, 4.80374e+19
Pixel 882, 425, 1, 1, 4.80374e+19
Pixel 882, 426, 1, 1, 4.80374e+19
Pixel 883, 426, 1, 1, 4.80374e+19
--- pALPIDEfs_3 ---
Pixel 860, 430, 1, 1, 4.80374e+19
Pixel 860, 431, 1, 1, 4.80374e+19
=== 3674838 ===
--- pALPIDEfs_5 ---
Pixel 169, 275, 1, 1, 4.80374e+19
Pixel 169, 276, 1, 1, 4.80374e+19
Pixel 170, 275, 1, 1, 4.80374e+19
Pixel 170, 276, 1, 1, 4.80374e+19
=== 3686448 ===
--- pALPIDEfs_6 ---
Pixel 351, 258, 1, 1, 4.80374e+19
Pixel 351, 259, 1, 1, 4.80374e+19
=== 3690132 ===
--- pALPIDEfs_3 ---
Pixel 896, 0, 1, 1, 4.80374e+19
=== 3701277 ===
--- pALPIDEfs_1 ---
Pixel 627, 186, 1, 1, 4.80374e+19
Pixel 627, 187, 1, 1, 4.80374e+19
=== 3758437 ===
--- pALPIDEfs_2 ---
Pixel 894, 300, 1, 1, 4.80374e+19
Pixel 895, 300, 1, 1, 4.80374e+19
Pixel 895, 301, 1, 1, 4.80374e+19
=== 3763228 ===
--- pALPIDEfs_3 ---
Pixel 557, 180, 1, 1, 4.80374e+19
=== 3766162 ===
--- pALPIDEfs_3 ---
Pixel 195, 205, 1, 1, 4.80374e+19
Pixel 194, 205, 1, 1, 4.80374e+19
Pixel 194, 206, 1, 1, 4.80374e+19
=== 3772696 ===
--- pALPIDEfs_6 ---
Pixel 426, 479, 1, 1, 4.80374e+19
Pixel 426, 480, 1, 1, 4.80374e+19
=== 3772697 ===
--- pALPIDEfs_6 ---
Pixel 426, 479, 1, 1, 4.80374e+19
Pixel 426, 480, 1, 1, 4.80374e+19
=== 3776151 ===
--- pALPIDEfs_0 ---
Pixel 427, 83, 1, 1, 4.80374e+19
Pixel 427, 84, 1, 1, 4.80374e+19
--- pALPIDEfs_4 ---
Pixel 354, 329, 1, 1, 4.80374e+19
Pixel 354, 330, 1, 1, 4.80374e+19
Pixel 355, 330, 1, 1, 4.80374e+19
=== 3780890 ===
--- pALPIDEfs_0 ---
Pixel 818, 330, 1, 1, 4.80374e+19
=== 3793571 ===
--- pALPIDEfs_6 ---
Pixel 61, 326, 1, 1, 4.80374e+19
=== 3794893 ===
--- pALPIDEfs_0 ---
Pixel 655, 12, 1, 1, 4.80374e+19
Pixel 656, 12, 1, 1, 4.80374e+19
--- pALPIDEfs_1 ---
Pixel 85, 185, 1, 1, 4.80374e+19
Pixel 85, 186, 1, 1, 4.80374e+19
=== 3804636 ===
--- pALPIDEfs_4 ---
Pixel 345, 504, 1, 1, 4.80374e+19
--- pALPIDEfs_5 ---
Pixel 317, 432, 1, 1, 4.80374e+19
Pixel 317, 433, 1, 1, 4.80374e+19
--- pALPIDEfs_6 ---
Pixel 342, 302, 1, 1, 4.80374e+19
Pixel 343, 302, 1, 1, 4.80374e+19
Pixel 343, 303, 1, 1, 4.80374e+19
Pixel 342, 303, 1, 1, 4.80374e+19
=== 3832294 ===
--- pALPIDEfs_4 ---
Pixel 711, 127, 1, 1, 4.80374e+19
Pixel 711, 128, 1, 1, 4.80374e+19
--- pALPIDEfs_5 ---
Pixel 313, 45, 1, 1, 4.80374e+19
Pixel 313, 46, 1, 1, 4.80374e+19
Pixel 314, 44, 1, 1, 4.80374e+19
Pixel 315, 44, 1, 1, 4.80374e+19
Pixel 315, 45, 1, 1, 4.80374e+19
Pixel 314, 45, 1, 1, 4.80374e+19
Pixel 314, 46, 1, 1, 4.80374e+19
=== 3833042 ===
--- pALPIDEfs_5 ---
Pixel 48, 28, 1, 1, 4.80374e+19
Pixel 49, 28, 1, 1, 4.80374e+19
Pixel 49, 29, 1, 1, 4.80374e+19
Pixel 48, 29, 1, 1, 4.80374e+19
Pixel 48, 30, 1, 1, 4.80374e+19
Pixel 49, 30, 1, 1, 4.80374e+19
=== 3833423 ===
--- pALPIDEfs_6 ---
Pixel 322, 375, 1, 1, 4.80374e+19
=== 3842298 ===
--- pALPIDEfs_2 ---
Pixel 335, 16, 1, 1, 4.80374e+19
Pixel 335, 17, 1, 1, 4.80374e+19
=== 3843603 ===
--- pALPIDEfs_4 ---
Pixel 884, 54, 1, 1, 4.80374e+19
Pixel 884, 55, 1, 1, 4.80374e+19
--- pALPIDEfs_5 ---
Pixel 749, 259, 1, 1, 4.80374e+19
Pixel 749, 260, 1, 1, 4.80374e+19
Pixel 750, 259, 1, 1, 4.80374e+19
--- pALPIDEfs_6 ---
Pixel 668, 410, 1, 1, 4.80374e+19
Pixel 668, 411, 1, 1, 4.80374e+19
=== 3844928 ===
--- pALPIDEfs_2 ---
Pixel 4, 298, 1, 1, 4.80374e+19
Pixel 4, 299, 1, 1, 4.80374e+19
--- pALPIDEfs_3 ---
Pixel 379, 3, 1, 1, 4.80374e+19
Pixel 378, 3, 1, 1, 4.80374e+19
=== 3851685 ===
--- pALPIDEfs_6 ---
Pixel 831, 55, 1, 1, 4.80374e+19
=== 3853604 ===
--- pALPIDEfs_5 ---
Pixel 1011, 434, 1, 1, 4.80374e+19
Pixel 1011, 435, 1, 1, 4.80374e+19
--- pALPIDEfs_6 ---
Pixel 279, 17, 1, 1, 4.80374e+19
Pixel 279, 18, 1, 1, 4.80374e+19
Pixel 280, 18, 1, 1, 4.80374e+19
=== 3854722 ===
--- pALPIDEfs_1 ---
Pixel 37, 281, 1, 1, 4.80374e+19
Pixel 37, 282, 1, 1, 4.80374e+19
Pixel 38, 280, 1, 1, 4.80374e+19
Pixel 38, 281, 1, 1, 4.80374e+19
Pixel 38, 282, 1, 1, 4.80374e+19
=== 3863992 ===
--- pALPIDEfs_1 ---
Pixel 787, 295, 1, 1, 4.80374e+19
Pixel 786, 295, 1, 1, 4.80374e+19
=== 3868699 ===
--- pALPIDEfs_4 ---
Pixel 103, 447, 1, 1, 4.80374e+19
Pixel 102, 447, 1, 1, 4.80374e+19
Pixel 102, 448, 1, 1, 4.80374e+19
Pixel 103, 448, 1, 1, 4.80374e+19
=== 3871529 ===
--- pALPIDEfs_2 ---
Pixel 116, 81, 1, 1, 4.80374e+19
Pixel 116, 82, 1, 1, 4.80374e+19
=== 3887280 ===
--- pALPIDEfs_2 ---
Pixel 270, 508, 1, 1, 4.80374e+19
Pixel 271, 509, 1, 1, 4.80374e+19
Pixel 270, 509, 1, 1, 4.80374e+19
Pixel 270, 510, 1, 1, 4.80374e+19
Pixel 271, 510, 1, 1, 4.80374e+19
=== 3901335 ===
--- pALPIDEfs_0 ---
Pixel 337, 327, 1, 1, 4.80374e+19
Pixel 336, 327, 1, 1, 4.80374e+19
--- pALPIDEfs_1 ---
Pixel 309, 271, 1, 1, 4.80374e+19
=== 3923308 ===
--- pALPIDEfs_3 ---
Pixel 704, 414, 1, 1, 4.80374e+19
Pixel 705, 414, 1, 1, 4.80374e+19
Pixel 705, 415, 1, 1, 4.80374e+19
Pixel 704, 415, 1, 1, 4.80374e+19
Pixel 704, 416, 1, 1, 4.80374e+19
Pixel 705, 416, 1, 1, 4.80374e+19
=== 3950730 ===
--- pALPIDEfs_5 ---
Pixel 501, 291, 1, 1, 4.80374e+19
Pixel 501, 292, 1, 1, 4.80374e+19
Pixel 503, 291, 1, 1, 4.80374e+19
Pixel 502, 291, 1, 1, 4.80374e+19
Pixel 502, 292, 1, 1, 4.80374e+19
=== 3957131 ===
--- pALPIDEfs_3 ---
Pixel 130, 327, 1, 1, 4.80374e+19
Pixel 130, 328, 1, 1, 4.80374e+19
--- pALPIDEfs_4 ---
Pixel 145, 492, 1, 1, 4.80374e+19
Pixel 146, 492, 1, 1, 4.80374e+19
=== 3962034 ===
--- pALPIDEfs_0 ---
Pixel 151, 203, 1, 1, 4.80374e+19
Pixel 150, 203, 1, 1, 4.80374e+19
--- pALPIDEfs_1 ---
Pixel 395, 177, 1, 1, 4.80374e+19
Pixel 395, 178, 1, 1, 4.80374e+19
--- pALPIDEfs_2 ---
Pixel 133, 205, 1, 1, 4.80374e+19
Pixel 132, 206, 1, 1, 4.80374e+19
Pixel 133, 206, 1, 1, 4.80374e+19
Pixel 133, 207, 1, 1, 4.80374e+19
Pixel 132, 207, 1, 1, 4.80374e+19
Pixel 134, 205, 1, 1, 4.80374e+19
Pixel 134, 206, 1, 1, 4.80374e+19
Pixel 665, 46, 1, 1, 4.80374e+19
Pixel 665, 47, 1, 1, 4.80374e+19
=== 3971897 ===
--- pALPIDEfs_1 ---
Pixel 949, 45, 1, 1, 4.80374e+19
Pixel 949, 46, 1, 1, 4.80374e+19
Pixel 950, 45, 1, 1, 4.80374e+19
Pixel 950, 46, 1, 1, 4.80374e+19
=== 3979016 ===
--- pALPIDEfs_0 ---
Pixel 539, 326, 1, 1, 4.80374e+19
Pixel 539, 327, 1, 1, 4.80374e+19
=== 3990582 ===
--- pALPIDEfs_0 ---
Pixel 654, 459, 1, 1, 4.80374e+19
=== 3994859 ===
--- pALPIDEfs_3 ---
Pixel 112, 440, 1, 1, 4.80374e+19
Pixel 112, 441, 1, 1, 4.80374e+19
Pixel 112, 442, 1, 1, 4.80374e+19
=== 3996076 ===
--- pALPIDEfs_1 ---
Pixel 447, 331, 1, 1, 4.80374e+19
Pixel 446, 331, 1, 1, 4.80374e+19
Pixel 446, 332, 1, 1, 4.80374e+19
Pixel 447, 332, 1, 1, 4.80374e+19
=== 3999131 ===
--- pALPIDEfs_1 ---
Pixel 59, 455, 1, 1, 4.80374e+19
Pixel 58, 455, 1, 1, 4.80374e+19
Pixel 58, 456, 1, 1, 4.80374e+19
Pixel 59, 456, 1, 1, 4.80374e+19
Pixel 60, 455, 1, 1, 4.80374e+19
Pixel 60, 456, 1, 1, 4.80374e+19
Pixel 61, 456, 1, 1, 4.80374e+19
Pixel 61, 457, 1, 1, 4.80374e+19
Pixel 63, 454, 1, 1, 4.80374e+19
Pixel 63, 455, 1, 1, 4.80374e+19
Pixel 62, 456, 1, 1, 4.80374e+19
Pixel 63, 456, 1, 1, 4.80374e+19
Pixel 62, 457, 1, 1, 4.80374e+19
Pixel 65, 447, 1, 1, 4.80374e+19
Pixel 65, 448, 1, 1, 4.80374e+19
Pixel 65, 449, 1, 1, 4.80374e+19
Pixel 65, 451, 1, 1, 4.80374e+19
Pixel 65, 452, 1, 1, 4.80374e+19
Pixel 64, 453, 1, 1, 4.80374e+19
Pixel 64, 454, 1, 1, 4.80374e+19
Pixel 66, 448, 1, 1, 4.80374e+19
=== 4009316 ===
--- pALPIDEfs_6 ---
Pixel 793, 5, 1, 1, 4.80374e+19
Pixel 792, 6, 1, 1, 4.80374e+19
Pixel 793, 6, 1, 1, 4.80374e+19
Pixel 793, 7, 1, 1, 4.80374e+19
Pixel 794, 6, 1, 1, 4.80374e+19
Pixel 794, 7, 1, 1, 4.80374e+19
=== 4016454 ===
--- pALPIDEfs_0 ---
Pixel 813, 242, 1, 1, 4.80374e+19
Pixel 813, 243, 1, 1, 4.80374e+19
Pixel 814, 243, 1, 1, 4.80374e+19
Pixel 814, 244, 1, 1, 4.80374e+19
Pixel 815, 244, 1, 1, 4.80374e+19
Pixel 815, 245, 1, 1, 4.80374e+19
=== 4016455 ===
--- pALPIDEfs_0 ---
Pixel 813, 242, 1, 1, 4.80374e+19
Pixel 813, 243, 1, 1, 4.80374e+19
Pixel 814, 244, 1, 1, 4.80374e+19
Pixel 815, 244, 1, 1, 4.80374e+19
Pixel 815, 245, 1, 1, 4.80374e+19
Pixel 816, 245, 1, 1, 4.80374e+19
=== 4020088 ===
--- pALPIDEfs_2 ---
Pixel 696, 424, 1, 1, 4.80374e+19
=== 4021858 ===
--- pALPIDEfs_4 ---
Pixel 411, 151, 1, 1, 4.80374e+19
Pixel 412, 151, 1, 1, 4.80374e+19
--- pALPIDEfs_5 ---
Pixel 845, 114, 1, 1, 4.80374e+19
Pixel 845, 115, 1, 1, 4.80374e+19
=== 4042294 ===
--- pALPIDEfs_2 ---
Pixel 554, 44, 1, 1, 4.80374e+19
Pixel 555, 44, 1, 1, 4.80374e+19
Pixel 555, 45, 1, 1, 4.80374e+19
Pixel 556, 44, 1, 1, 4.80374e+19
Pixel 556, 45, 1, 1, 4.80374e+19
Pixel 556, 46, 1, 1, 4.80374e+19
Pixel 557, 46, 1, 1, 4.80374e+19
Pixel 557, 47, 1, 1, 4.80374e+19
Pixel 558, 46, 1, 1, 4.80374e+19
Pixel 559, 47, 1, 1, 4.80374e+19
Pixel 558, 47, 1, 1, 4.80374e+19
=== 4055418 ===
--- pALPIDEfs_5 ---
Pixel 563, 62, 1, 1, 4.80374e+19
--- pALPIDEfs_6 ---
Pixel 516, 187, 1, 1, 4.80374e+19
=== 4063598 ===
--- pALPIDEfs_1 ---
Pixel 271, 104, 1, 1, 4.80374e+19
Pixel 272, 103, 1, 1, 4.80374e+19
Pixel 272, 104, 1, 1, 4.80374e+19
=== 4079147 ===
--- pALPIDEfs_6 ---
Pixel 977, 167, 1, 1, 4.80374e+19
=== 4079601 ===
--- pALPIDEfs_1 ---
Pixel 624, 321, 1, 1, 4.80374e+19
--- pALPIDEfs_2 ---
Pixel 137, 204, 1, 1, 4.80374e+19
=== 4090003 ===
--- pALPIDEfs_2 ---
Pixel 497, 197, 1, 1, 4.80374e+19
Pixel 496, 197, 1, 1, 4.80374e+19
Pixel 496, 198, 1, 1, 4.80374e+19
Pixel 497, 198, 1, 1, 4.80374e+19
--- pALPIDEfs_3 ---
Pixel 313, 92, 1, 1, 4.80374e+19
Pixel 313, 93, 1, 1, 4.80374e+19
Pixel 314, 92, 1, 1, 4.80374e+19
Pixel 314, 93, 1, 1, 4.80374e+19
=== 4100008 ===
--- pALPIDEfs_0 ---
Pixel 51, 483, 1, 1, 4.80374e+19
Pixel 51, 484, 1, 1, 4.80374e+19
=== 4100915 ===
--- pALPIDEfs_2 ---
Pixel 223, 85, 1, 1, 4.80374e+19
Pixel 224, 84, 1, 1, 4.80374e+19
Pixel 224, 85, 1, 1, 4.80374e+19
=== 4115825 ===
--- pALPIDEfs_2 ---
Pixel 209, 260, 1, 1, 4.80374e+19
=== 4118042 ===
--- pALPIDEfs_0 ---
Pixel 1010, 101, 1, 1, 4.80374e+19
=== 4121798 ===
--- pALPIDEfs_4 ---
Pixel 797, 440, 1, 1, 4.80374e+19
--- pALPIDEfs_5 ---
Pixel 398, 271, 1, 1, 4.80374e+19
--- pALPIDEfs_6 ---
Pixel 49, 44, 1, 1, 4.80374e+19
=== 4128157 ===
--- pALPIDEfs_3 ---
Pixel 189, 228, 1, 1, 4.80374e+19
Pixel 189, 229, 1, 1, 4.80374e+19
Pixel 190, 228, 1, 1, 4.80374e+19
Pixel 190, 229, 1, 1, 4.80374e+19
Pixel 190, 230, 1, 1, 4.80374e+19
Pixel 191, 230, 1, 1, 4.80374e+19
Pixel 191, 231, 1, 1, 4.80374e+19
Pixel 190, 231, 1, 1, 4.80374e+19
=== 4136701 ===
--- pALPIDEfs_5 ---
Pixel 113, 327, 1, 1, 4.80374e+19
Pixel 112, 327, 1, 1, 4.80374e+19
Pixel 113, 328, 1, 1, 4.80374e+19
=== 4149213 ===
--- pALPIDEfs_0 ---
Pixel 1008, 320, 1, 1, 4.80374e+19
Pixel 1009, 320, 1, 1, 4.80374e+19
Pixel 1009, 321, 1, 1, 4.80374e+19
Pixel 1008, 321, 1, 1, 4.80374e+19
=== 4164360 ===
--- pALPIDEfs_4 ---
Pixel 791, 365, 1, 1, 4.80374e+19
Pixel 790, 365, 1, 1, 4.80374e+19
Pixel 791, 366, 1, 1, 4.80374e+19
Pixel 793, 363, 1, 1, 4.80374e+19
Pixel 793, 364, 1, 1, 4.80374e+19
Pixel 792, 365, 1, 1, 4.80374e+19
Pixel 792, 366, 1, 1, 4.80374e+19
Pixel 794, 362, 1, 1, 4.80374e+19
Pixel 794, 363, 1, 1, 4.80374e+19
Pixel 794, 364, 1, 1, 4.80374e+19
=== 4170866 ===
--- pALPIDEfs_2 ---
Pixel 648, 496, 1, 1, 4.80374e+19
Pixel 649, 496, 1, 1, 4.80374e+19
Pixel 649, 497, 1, 1, 4.80374e+19
Pixel 648, 497, 1, 1, 4.80374e+19
Pixel 649, 498, 1, 1, 4.80374e+19
Pixel 650, 496, 1, 1, 4.80374e+19
Pixel 650, 497, 1, 1, 4.80374e+19
Pixel 650, 498, 1, 1, 4.80374e+19
Pixel 651, 498, 1, 1, 4.80374e+19
=== 4178460 ===
--- pALPIDEfs_1 ---
Pixel 387, 461, 1, 1, 4.80374e+19
Pixel 387, 462, 1, 1, 4.80374e+19
Pixel 388, 461, 1, 1, 4.80374e+19
Pixel 388, 462, 1, 1, 4.80374e+19
=== 4178461 ===
--- pALPIDEfs_1 ---
Pixel 387, 461, 1, 1, 4.80374e+19
Pixel 387, 462, 1, 1, 4.80374e+19
Pixel 388, 461, 1, 1, 4.80374e+19
Pixel 388, 462, 1, 1, 4.80374e+19
=== 4182683 ===
--- pALPIDEfs_4 ---
Pixel 307, 411, 1, 1, 4.80374e+19
Pixel 307, 412, 1, 1, 4.80374e+19
Pixel 308, 411, 1, 1, 4.80374e+19
Pixel 308, 412, 1, 1, 4.80374e+19
Pixel 309, 412, 1, 1, 4.80374e+19
Pixel 690, 353, 1, 1, 4.80374e+19
=== 4205170 ===
--- pALPIDEfs_0 ---
Pixel 729, 450, 1, 1, 4.80374e+19
=== 4214765 ===
--- pALPIDEfs_5 ---
Pixel 111, 390, 1, 1, 4.80374e+19
Pixel 111, 391, 1, 1, 4.80374e+19
Pixel 112, 390, 1, 1, 4.80374e+19
Pixel 112, 391, 1, 1, 4.80374e+19
=== 4227433 ===
--- pALPIDEfs_0 ---
Pixel 83, 240, 1, 1, 4.80374e+19
Pixel 84, 240, 1, 1, 4.80374e+19
Pixel 85, 241, 1, 1, 4.80374e+19
Pixel 84, 241, 1, 1, 4.80374e+19
=== 4231847 ===
--- pALPIDEfs_5 ---
Pixel 951, 382, 1, 1, 4.80374e+19
Pixel 951, 383, 1, 1, 4.80374e+19
Pixel 951, 384, 1, 1, 4.80374e+19
Pixel 951, 385, 1, 1, 4.80374e+19
Pixel 952, 382, 1, 1, 4.80374e+19
Pixel 953, 383, 1, 1, 4.80374e+19
Pixel 952, 383, 1, 1, 4.80374e+19
Pixel 952, 384, 1, 1, 4.80374e+19
Pixel 953, 384, 1, 1, 4.80374e+19
Pixel 952, 385, 1, 1, 4.80374e+19
Pixel 1016, 396, 1, 1, 4.80374e+19
Pixel 1017, 396, 1, 1, 4.80374e+19
Pixel 1017, 397, 1, 1, 4.80374e+19
Pixel 1016, 397, 1, 1, 4.80374e+19
=== 4236372 ===
--- pALPIDEfs_1 ---
Pixel 52, 11, 1, 1, 4.80374e+19
Pixel 54, 13, 1, 1, 4.80374e+19
=== 4245567 ===
--- pALPIDEfs_6 ---
Pixel 77, 242, 1, 1, 4.80374e+19
Pixel 78, 242, 1, 1, 4.80374e+19
Pixel 78, 243, 1, 1, 4.80374e+19
=== 4248194 ===
--- pALPIDEfs_0 ---
Pixel 921, 437, 1, 1, 4.80374e+19
Pixel 920, 437, 1, 1, 4.80374e+19
--- pALPIDEfs_1 ---
Pixel 983, 481, 1, 1, 4.80374e+19
Pixel 983, 482, 1, 1, 4.80374e+19
=== 4266332 ===
--- pALPIDEfs_2 ---
Pixel 985, 57, 1, 1, 4.80374e+19
Pixel 984, 57, 1, 1, 4.80374e+19
=== 4267704 ===
--- pALPIDEfs_0 ---
Pixel 325, 33, 1, 1, 4.80374e+19
Pixel 324, 33, 1, 1, 4.80374e+19
Pixel 326, 33, 1, 1, 4.80374e+19
=== 4274564 ===
--- pALPIDEfs_1 ---
Pixel 18, 325, 1, 1, 4.80374e+19
=== 4300346 ===
--- pALPIDEfs_5 ---
Pixel 204, 212, 1, 1, 4.80374e+19
Pixel 205, 213, 1, 1, 4.80374e+19
Pixel 204, 213, 1, 1, 4.80374e+19
=== 4304605 ===
--- pALPIDEfs_4 ---
Pixel 883, 381, 1, 1, 4.80374e+19
Pixel 884, 381, 1, 1, 4.80374e+19
--- pALPIDEfs_5 ---
Pixel 963, 289, 1, 1, 4.80374e+19
=== 4310915 ===
--- pALPIDEfs_5 ---
Pixel 699, 456, 1, 1, 4.80374e+19
Pixel 699, 457, 1, 1, 4.80374e+19
--- pALPIDEfs_6 ---
Pixel 415, 439, 1, 1, 4.80374e+19
Pixel 414, 439, 1, 1, 4.80374e+19
=== 4331132 ===
--- pALPIDEfs_3 ---
Pixel 789, 282, 1, 1, 4.80374e+19
Pixel 789, 283, 1, 1, 4.80374e+19
Pixel 790, 282, 1, 1, 4.80374e+19
Pixel 791, 283, 1, 1, 4.80374e+19
Pixel 790, 283, 1, 1, 4.80374e+19
=== 4360202 ===
--- pALPIDEfs_0 ---
Pixel 47, 80, 1, 1, 4.80374e+19
Pixel 47, 81, 1, 1, 4.80374e+19
Pixel 48, 81, 1, 1, 4.80374e+19
--- pALPIDEfs_1 ---
Pixel 40, 204, 1, 1, 4.80374e+19
Pixel 41, 205, 1, 1, 4.80374e+19
Pixel 40, 205, 1, 1, 4.80374e+19
--- pALPIDEfs_2 ---
Pixel 55, 228, 1, 1, 4.80374e+19
Pixel 55, 229, 1, 1, 4.80374e+19
Pixel 56, 228, 1, 1, 4.80374e+19
Pixel 56, 229, 1, 1, 4.80374e+19
--- pALPIDEfs_3 ---
Pixel 73, 317, 1, 1, 4.80374e+19
Pixel 72, 317, 1, 1, 4.80374e+19
Pixel 72, 318, 1, 1, 4.80374e+19
Pixel 73, 318, 1, 1, 4.80374e+19
--- pALPIDEfs_4 ---
Pixel 111, 393, 1, 1, 4.80374e+19
Pixel 111, 394, 1, 1, 4.80374e+19
=== 4368420 ===
--- pALPIDEfs_6 ---
Pixel 338, 304, 1, 1, 4.80374e+19
Pixel 339, 304, 1, 1, 4.80374e+19
=== 4373690 ===
--- pALPIDEfs_2 ---
Pixel 7, 31, 1, 1, 4.80374e+19
=== 4374857 ===
--- pALPIDEfs_4 ---
Pixel 917, 508, 1, 1, 4.80374e+19
Pixel 918, 508, 1, 1, 4.80374e+19
Pixel 919, 508, 1, 1, 4.80374e+19
Pixel 919, 509, 1, 1, 4.80374e+19
Pixel 918, 509, 1, 1, 4.80374e+19
Pixel 920, 508, 1, 1, 4.80374e+19
Pixel 921, 508, 1, 1, 4.80374e+19
Pixel 921, 509, 1, 1, 4.80374e+19
Pixel 920, 509, 1, 1, 4.80374e+19
=== 4432157 ===
--- pALPIDEfs_0 ---
Pixel 585, 406, 1, 1, 4.80374e+19
Pixel 586, 404, 1, 1, 4.80374e+19
Pixel 586, 405, 1, 1, 4.80374e+19
--- pALPIDEfs_1 ---
Pixel 816, 300, 1, 1, 4.80374e+19
Pixel 817, 300, 1, 1, 4.80374e+19
=== 4444787 ===
--- pALPIDEfs_6 ---
Pixel 268, 79, 1, 1, 4.80374e+19
=== 4445855 ===
--- pALPIDEfs_1 ---
Pixel 435, 290, 1, 1, 4.80374e+19
Pixel 435, 291, 1, 1, 4.80374e+19
=== 4466098 ===
--- pALPIDEfs_5 ---
Pixel 721, 409, 1, 1, 4.80374e+19
--- pALPIDEfs_6 ---
Pixel 17, 508, 1, 1, 4.80374e+19
Pixel 17, 509, 1, 1, 4.80374e+19
=== 4467717 ===
--- pALPIDEfs_6 ---
Pixel 679, 399, 1, 1, 4.80374e+19
Pixel 678, 399, 1, 1, 4.80374e+19
Pixel 679, 400, 1, 1, 4.80374e+19
=== 4478942 ===
--- pALPIDEfs_4 ---
Pixel 921, 476, 1, 1, 4.80374e+19
Pixel 921, 477, 1, 1, 4.80374e+19
Pixel 922, 476, 1, 1, 4.80374e+19
Pixel 922, 477, 1, 1, 4.80374e+19
=== 4483469 ===
--- pALPIDEfs_0 ---
Pixel 580, 234, 1, 1, 4.80374e+19
Pixel 581, 234, 1, 1, 4.80374e+19
=== 4496817 ===
--- pALPIDEfs_0 ---
Pixel 973, 508, 1, 1, 4.80374e+19
=== 4496818 ===
--- pALPIDEfs_0 ---
Pixel 973, 508, 1, 1, 4.80374e+19
=== 4506680 ===
--- pALPIDEfs_4 ---
Pixel 369, 465, 1, 1, 4.80374e+19
=== 4537578 ===
--- pALPIDEfs_1 ---
Pixel 483, 343, 1, 1, 4.80374e+19
Pixel 483, 344, 1, 1, 4.80374e+19
=== 4548928 ===
--- pALPIDEfs_6 ---
Pixel 683, 140, 1, 1, 4.80374e+19
Pixel 683, 141, 1, 1, 4.80374e+19
Pixel 683, 142, 1, 1, 4.80374e+19
Pixel 684, 142, 1, 1, 4.80374e+19
=== 4551977 ===
--- pALPIDEfs_6 ---
Pixel 901, 434, 1, 1, 4.80374e+19
Pixel 901, 435, 1, 1, 4.80374e+19
Pixel 902, 434, 1, 1, 4.80374e+19
Pixel 902, 435, 1, 1, 4.80374e+19
=== 4570941 ===
--- pALPIDEfs_0 ---
Pixel 363, 162, 1, 1, 4.80374e+19
=== 4575199 ===
--- pALPIDEfs_3 ---
Pixel 263, 328, 1, 1, 4.80374e+19
Pixel 263, 329, 1, 1, 4.80374e+19
Pixel 264, 327, 1, 1, 4.80374e+19
Pixel 264, 328, 1, 1, 4.80374e+19
Pixel 265, 328, 1, 1, 4.80374e+19
Pixel 265, 329, 1, 1, 4.80374e+19
Pixel 264, 329, 1, 1, 4.80374e+19
Pixel 264, 330, 1, 1, 4.80374e+19
Pixel 265, 330, 1, 1, 4.80374e+19
Pixel 267, 332, 1, 1, 4.80374e+19
Pixel 267, 333, 1, 1, 4.80374e+19
Pixel 268, 332, 1, 1, 4.80374e+19
Pixel 268, 333, 1, 1, 4.80374e+19
Pixel 268, 334, 1, 1, 4.80374e+19
=== 4576010 ===
--- pALPIDEfs_3 ---
Pixel 413, 240, 1, 1, 4.80374e+19
=== 4577849 ===
--- pALPIDEfs_2 ---
Pixel 655, 481, 1, 1, 4.80374e+19
--- pALPIDEfs_3 ---
Pixel 701, 126, 1, 1, 4.80374e+19
Pixel 702, 126, 1, 1, 4.80374e+19
=== 4585594 ===
--- pALPIDEfs_0 ---
Pixel 437, 82, 1, 1, 4.80374e+19
Pixel 437, 83, 1, 1, 4.80374e+19
Pixel 438, 82, 1, 1, 4.80374e+19
Pixel 438, 83, 1, 1, 4.80374e+19
=== 4613250 ===
--- pALPIDEfs_6 ---
Pixel 152, 8, 1, 1, 4.80374e+19
Pixel 152, 9, 1, 1, 4.80374e+19
=== 4617607 ===
--- pALPIDEfs_3 ---
Pixel 557, 180, 1, 1, 4.80374e+19
=== 4629738 ===
--- pALPIDEfs_6 ---
Pixel 813, 349, 1, 1, 4.80374e+19
Pixel 814, 349, 1, 1, 4.80374e+19
Pixel 814, 350, 1, 1, 4.80374e+19
=== 4649349 ===
--- pALPIDEfs_2 ---
Pixel 886, 350, 1, 1, 4.80374e+19
Pixel 887, 351, 1, 1, 4.80374e+19
Pixel 886, 351, 1, 1, 4.80374e+19
=== 4659059 ===
--- pALPIDEfs_3 ---
Pixel 16, 10, 1, 1, 4.80374e+19
Pixel 17, 10, 1, 1, 4.80374e+19
Pixel 17, 11, 1, 1, 4.80374e+19
Pixel 16, 11, 1, 1, 4.80374e+19
Pixel 18, 10, 1, 1, 4.80374e+19
Pixel 18, 11, 1, 1, 4.80374e+19
=== 4676067 ===
--- pALPIDEfs_1 ---
Pixel 349, 132, 1, 1, 4.80374e+19
=== 4677446 ===
--- pALPIDEfs_2 ---
Pixel 565, 315, 1, 1, 4.80374e+19
Pixel 564, 315, 1, 1, 4.80374e+19
Pixel 564, 316, 1, 1, 4.80374e+19
Pixel 565, 316, 1, 1, 4.80374e+19
=== 4728640 ===
--- pALPIDEfs_4 ---
Pixel 758, 44, 1, 1, 4.80374e+19
Pixel 759, 44, 1, 1, 4.80374e+19
Pixel 759, 45, 1, 1, 4.80374e+19
Pixel 758, 45, 1, 1, 4.80374e+19
=== 4741431 ===
--- pALPIDEfs_2 ---
Pixel 404, 403, 1, 1, 4.80374e+19
Pixel 404, 404, 1, 1, 4.80374e+19
=== 4742300 ===
--- pALPIDEfs_1 ---
Pixel 415, 29, 1, 1, 4.80374e+19
Pixel 414, 29, 1, 1, 4.80374e+19
Pixel 414, 30, 1, 1, 4.80374e+19
Pixel 415, 30, 1, 1, 4.80374e+19
=== 4744149 ===
--- pALPIDEfs_3 ---
Pixel 607, 347, 1, 1, 4.80374e+19
Pixel 606, 347, 1, 1, 4.80374e+19
Pixel 606, 348, 1, 1, 4.80374e+19
Pixel 607, 348, 1, 1, 4.80374e+19
=== 4769342 ===
--- pALPIDEfs_0 ---
Pixel 992, 365, 1, 1, 4.80374e+19
--- pALPIDEfs_1 ---
Pixel 938, 454, 1, 1, 4.80374e+19
--- pALPIDEfs_2 ---
Pixel 908, 435, 1, 1, 4.80374e+19
--- pALPIDEfs_3 ---
Pixel 877, 490, 1, 1, 4.80374e+19
=== 4769343 ===
--- pALPIDEfs_0 ---
Pixel 992, 365, 1, 1, 4.80374e+19
--- pALPIDEfs_1 ---
Pixel 938, 454, 1, 1, 4.80374e+19
--- pALPIDEfs_2 ---
Pixel 908, 435, 1, 1, 4.80374e+19
--- pALPIDEfs_3 ---
Pixel 877, 490, 1, 1, 4.80374e+19
=== 4778900 ===
--- pALPIDEfs_0 ---
Pixel 141, 389, 1, 1, 4.80374e+19
Pixel 142, 389, 1, 1, 4.80374e+19
=== 4794964 ===
--- pALPIDEfs_1 ---
Pixel 628, 286, 1, 1, 4.80374e+19
Pixel 629, 286, 1, 1, 4.80374e+19
=== 4811293 ===
--- pALPIDEfs_0 ---
Pixel 801, 335, 1, 1, 4.80374e+19
Pixel 803, 335, 1, 1, 4.80374e+19
Pixel 802, 335, 1, 1, 4.80374e+19
Pixel 802, 336, 1, 1, 4.80374e+19
=== 4837103 ===
--- pALPIDEfs_0 ---
Pixel 696, 180, 1, 1, 4.80374e+19
=== 4845998 ===
--- pALPIDEfs_0 ---
Pixel 307, 163, 1, 1, 4.80374e+19
=== 4850976 ===
--- pALPIDEfs_6 ---
Pixel 763, 76, 1, 1, 4.80374e+19
=== 4857116 ===
--- pALPIDEfs_4 ---
Pixel 150, 310, 1, 1, 4.80374e+19
Pixel 151, 310, 1, 1, 4.80374e+19
=== 4857881 ===
--- pALPIDEfs_4 ---
Pixel 382, 478, 1, 1, 4.80374e+19
Pixel 382, 479, 1, 1, 4.80374e+19
=== 4877660 ===
--- pALPIDEfs_5 ---
Pixel 973, 273, 1, 1, 4.80374e+19
Pixel 973, 274, 1, 1, 4.80374e+19
Pixel 973, 276, 1, 1, 4.80374e+19
Pixel 973, 277, 1, 1, 4.80374e+19
Pixel 974, 274, 1, 1, 4.80374e+19
Pixel 974, 275, 1, 1, 4.80374e+19
Pixel 974, 276, 1, 1, 4.80374e+19
Pixel 974, 277, 1, 1, 4.80374e+19
=== 4882908 ===
--- pALPIDEfs_5 ---
Pixel 855, 321, 1, 1, 4.80374e+19
Pixel 854, 321, 1, 1, 4.80374e+19
Pixel 854, 322, 1, 1, 4.80374e+19
Pixel 855, 322, 1, 1, 4.80374e+19
Pixel 855, 323, 1, 1, 4.80374e+19
Pixel 855, 324, 1, 1, 4.80374e+19
=== 4885366 ===
--- pALPIDEfs_4 ---
Pixel 733, 140, 1, 1, 4.80374e+19
Pixel 734, 140, 1, 1, 4.80374e+19
Pixel 735, 140, 1, 1, 4.80374e+19
Pixel 735, 141, 1, 1, 4.80374e+19
Pixel 734, 141, 1, 1, 4.80374e+19
=== 4896929 ===
--- pALPIDEfs_1 ---
Pixel 339, 452, 1, 1, 4.80374e+19
Pixel 339, 453, 1, 1, 4.80374e+19
Pixel 340, 452, 1, 1, 4.80374e+19
=== 4896930 ===
--- pALPIDEfs_1 ---
Pixel 339, 452, 1, 1, 4.80374e+19
Pixel 339, 453, 1, 1, 4.80374e+19
Pixel 340, 452, 1, 1, 4.80374e+19
=== 4908812 ===
--- pALPIDEfs_1 ---
Pixel 886, 116, 1, 1, 4.80374e+19
=== 4909246 ===
--- pALPIDEfs_2 ---
Pixel 793, 411, 1, 1, 4.80374e+19
=== 4918361 ===
--- pALPIDEfs_6 ---
Pixel 733, 482, 1, 1, 4.80374e+19
=== 4930036 ===
--- pALPIDEfs_0 ---
Pixel 255, 475, 1, 1, 4.80374e+19
Pixel 256, 474, 1, 1, 4.80374e+19
=== 4933217 ===
--- pALPIDEfs_4 ---
Pixel 758, 40, 1, 1, 4.80374e+19
Pixel 758, 41, 1, 1, 4.80374e+19
=== 4940521 ===
--- pALPIDEfs_2 ---
Pixel 3, 261, 1, 1, 4.80374e+19
=== 4953328 ===
--- pALPIDEfs_6 ---
Pixel 326, 417, 1, 1, 4.80374e+19
=== 4982047 ===
--- pALPIDEfs_4 ---
Pixel 261, 361, 1, 1, 4.80374e+19
Pixel 260, 361, 1, 1, 4.80374e+19
--- pALPIDEfs_5 ---
Pixel 913, 138, 1, 1, 4.80374e+19
Pixel 913, 139, 1, 1, 4.80374e+19
Pixel 914, 138, 1, 1, 4.80374e+19
Pixel 914, 139, 1, 1, 4.80374e+19
=== 4986692 ===
--- pALPIDEfs_2 ---
Pixel 792, 114, 1, 1, 4.80374e+19
Pixel 792, 115, 1, 1, 4.80374e+19
=== 4987878 ===
--- pALPIDEfs_1 ---
Pixel 819, 152, 1, 1, 4.80374e+19
Pixel 819, 153, 1, 1, 4.80374e+19
Pixel 820, 152, 1, 1, 4.80374e+19
Pixel 820, 153, 1, 1, 4.80374e+19
=== 5000992 ===
--- pALPIDEfs_6 ---
Pixel 479, 489, 1, 1, 4.80374e+19
Pixel 479, 490, 1, 1, 4.80374e+19
Pixel 480, 489, 1, 1, 4.80374e+19
Pixel 488, 480, 1, 1, 4.80374e+19
