Run: Cosmics000381
=== 2 ===
--- pALPIDEfs_3 ---
Pixel 238, 320, 1, 1, 4.80374e+19
Pixel 238, 320, 1, 1, 4.80374e+19
=== 3 ===
--- pALPIDEfs_0 ---
Pixel 92, 0, 1, 1, 4.80374e+19
Pixel 93, 0, 1, 1, 4.80374e+19
Pixel 93, 1, 1, 1, 4.80374e+19
Pixel 92, 1, 1, 1, 4.80374e+19
Pixel 92, 2, 1, 1, 4.80374e+19
Pixel 93, 2, 1, 1, 4.80374e+19
Pixel 93, 3, 1, 1, 4.80374e+19
Pixel 92, 3, 1, 1, 4.80374e+19
Pixel 92, 4, 1, 1, 4.80374e+19
Pixel 93, 4, 1, 1, 4.80374e+19
Pixel 93, 5, 1, 1, 4.80374e+19
Pixel 92, 5, 1, 1, 4.80374e+19
Pixel 92, 6, 1, 1, 4.80374e+19
Pixel 93, 6, 1, 1, 4.80374e+19
Pixel 93, 7, 1, 1, 4.80374e+19
Pixel 92, 7, 1, 1, 4.80374e+19
Pixel 92, 8, 1, 1, 4.80374e+19
Pixel 93, 8, 1, 1, 4.80374e+19
Pixel 93, 9, 1, 1, 4.80374e+19
Pixel 92, 9, 1, 1, 4.80374e+19
Pixel 92, 10, 1, 1, 4.80374e+19
Pixel 93, 10, 1, 1, 4.80374e+19
Pixel 93, 11, 1, 1, 4.80374e+19
Pixel 92, 11, 1, 1, 4.80374e+19
Pixel 92, 12, 1, 1, 4.80374e+19
Pixel 93, 12, 1, 1, 4.80374e+19
Pixel 93, 13, 1, 1, 4.80374e+19
Pixel 92, 13, 1, 1, 4.80374e+19
Pixel 92, 14, 1, 1, 4.80374e+19
Pixel 93, 14, 1, 1, 4.80374e+19
Pixel 93, 15, 1, 1, 4.80374e+19
Pixel 92, 15, 1, 1, 4.80374e+19
Pixel 92, 16, 1, 1, 4.80374e+19
Pixel 93, 16, 1, 1, 4.80374e+19
Pixel 93, 17, 1, 1, 4.80374e+19
Pixel 92, 17, 1, 1, 4.80374e+19
Pixel 92, 18, 1, 1, 4.80374e+19
Pixel 93, 18, 1, 1, 4.80374e+19
Pixel 93, 19, 1, 1, 4.80374e+19
Pixel 92, 19, 1, 1, 4.80374e+19
Pixel 92, 20, 1, 1, 4.80374e+19
Pixel 93, 20, 1, 1, 4.80374e+19
Pixel 93, 21, 1, 1, 4.80374e+19
Pixel 92, 21, 1, 1, 4.80374e+19
Pixel 92, 22, 1, 1, 4.80374e+19
Pixel 93, 22, 1, 1, 4.80374e+19
Pixel 93, 23, 1, 1, 4.80374e+19
Pixel 92, 23, 1, 1, 4.80374e+19
Pixel 92, 24, 1, 1, 4.80374e+19
Pixel 93, 24, 1, 1, 4.80374e+19
Pixel 93, 25, 1, 1, 4.80374e+19
Pixel 92, 25, 1, 1, 4.80374e+19
Pixel 92, 26, 1, 1, 4.80374e+19
Pixel 93, 26, 1, 1, 4.80374e+19
Pixel 93, 27, 1, 1, 4.80374e+19
Pixel 92, 27, 1, 1, 4.80374e+19
Pixel 92, 28, 1, 1, 4.80374e+19
Pixel 93, 28, 1, 1, 4.80374e+19
Pixel 93, 29, 1, 1, 4.80374e+19
Pixel 92, 29, 1, 1, 4.80374e+19
Pixel 92, 30, 1, 1, 4.80374e+19
Pixel 93, 30, 1, 1, 4.80374e+19
Pixel 93, 31, 1, 1, 4.80374e+19
Pixel 92, 31, 1, 1, 4.80374e+19
Pixel 92, 32, 1, 1, 4.80374e+19
Pixel 93, 32, 1, 1, 4.80374e+19
Pixel 93, 33, 1, 1, 4.80374e+19
Pixel 92, 33, 1, 1, 4.80374e+19
Pixel 92, 34, 1, 1, 4.80374e+19
Pixel 93, 34, 1, 1, 4.80374e+19
Pixel 93, 35, 1, 1, 4.80374e+19
Pixel 92, 35, 1, 1, 4.80374e+19
Pixel 92, 36, 1, 1, 4.80374e+19
Pixel 93, 36, 1, 1, 4.80374e+19
Pixel 93, 37, 1, 1, 4.80374e+19
Pixel 92, 37, 1, 1, 4.80374e+19
Pixel 92, 38, 1, 1, 4.80374e+19
Pixel 93, 38, 1, 1, 4.80374e+19
Pixel 93, 39, 1, 1, 4.80374e+19
Pixel 92, 39, 1, 1, 4.80374e+19
Pixel 92, 40, 1, 1, 4.80374e+19
Pixel 93, 40, 1, 1, 4.80374e+19
Pixel 93, 41, 1, 1, 4.80374e+19
Pixel 92, 41, 1, 1, 4.80374e+19
Pixel 92, 42, 1, 1, 4.80374e+19
Pixel 93, 42, 1, 1, 4.80374e+19
Pixel 93, 43, 1, 1, 4.80374e+19
Pixel 92, 43, 1, 1, 4.80374e+19
Pixel 92, 44, 1, 1, 4.80374e+19
Pixel 93, 44, 1, 1, 4.80374e+19
Pixel 93, 45, 1, 1, 4.80374e+19
Pixel 92, 45, 1, 1, 4.80374e+19
Pixel 92, 46, 1, 1, 4.80374e+19
Pixel 93, 46, 1, 1, 4.80374e+19
Pixel 93, 47, 1, 1, 4.80374e+19
Pixel 92, 47, 1, 1, 4.80374e+19
Pixel 92, 48, 1, 1, 4.80374e+19
Pixel 93, 48, 1, 1, 4.80374e+19
Pixel 93, 49, 1, 1, 4.80374e+19
Pixel 92, 49, 1, 1, 4.80374e+19
Pixel 92, 50, 1, 1, 4.80374e+19
Pixel 93, 50, 1, 1, 4.80374e+19
Pixel 93, 51, 1, 1, 4.80374e+19
Pixel 92, 51, 1, 1, 4.80374e+19
Pixel 92, 52, 1, 1, 4.80374e+19
Pixel 93, 52, 1, 1, 4.80374e+19
Pixel 93, 53, 1, 1, 4.80374e+19
Pixel 92, 53, 1, 1, 4.80374e+19
Pixel 92, 54, 1, 1, 4.80374e+19
Pixel 93, 54, 1, 1, 4.80374e+19
Pixel 93, 55, 1, 1, 4.80374e+19
Pixel 92, 55, 1, 1, 4.80374e+19
Pixel 92, 56, 1, 1, 4.80374e+19
Pixel 93, 56, 1, 1, 4.80374e+19
Pixel 93, 57, 1, 1, 4.80374e+19
Pixel 92, 57, 1, 1, 4.80374e+19
Pixel 92, 58, 1, 1, 4.80374e+19
Pixel 93, 58, 1, 1, 4.80374e+19
Pixel 93, 59, 1, 1, 4.80374e+19
Pixel 92, 59, 1, 1, 4.80374e+19
Pixel 92, 60, 1, 1, 4.80374e+19
Pixel 93, 60, 1, 1, 4.80374e+19
Pixel 93, 61, 1, 1, 4.80374e+19
Pixel 92, 61, 1, 1, 4.80374e+19
Pixel 92, 62, 1, 1, 4.80374e+19
Pixel 93, 62, 1, 1, 4.80374e+19
Pixel 93, 63, 1, 1, 4.80374e+19
Pixel 92, 63, 1, 1, 4.80374e+19
Pixel 92, 64, 1, 1, 4.80374e+19
Pixel 93, 64, 1, 1, 4.80374e+19
Pixel 93, 65, 1, 1, 4.80374e+19
Pixel 92, 65, 1, 1, 4.80374e+19
Pixel 92, 66, 1, 1, 4.80374e+19
Pixel 93, 66, 1, 1, 4.80374e+19
Pixel 93, 67, 1, 1, 4.80374e+19
Pixel 92, 67, 1, 1, 4.80374e+19
Pixel 92, 68, 1, 1, 4.80374e+19
Pixel 93, 68, 1, 1, 4.80374e+19
Pixel 93, 69, 1, 1, 4.80374e+19
Pixel 92, 69, 1, 1, 4.80374e+19
Pixel 92, 70, 1, 1, 4.80374e+19
Pixel 93, 70, 1, 1, 4.80374e+19
Pixel 93, 71, 1, 1, 4.80374e+19
Pixel 92, 71, 1, 1, 4.80374e+19
Pixel 92, 72, 1, 1, 4.80374e+19
Pixel 93, 72, 1, 1, 4.80374e+19
Pixel 93, 73, 1, 1, 4.80374e+19
Pixel 92, 73, 1, 1, 4.80374e+19
Pixel 92, 74, 1, 1, 4.80374e+19
Pixel 93, 74, 1, 1, 4.80374e+19
Pixel 93, 75, 1, 1, 4.80374e+19
Pixel 92, 75, 1, 1, 4.80374e+19
Pixel 92, 76, 1, 1, 4.80374e+19
Pixel 93, 76, 1, 1, 4.80374e+19
Pixel 93, 77, 1, 1, 4.80374e+19
Pixel 92, 77, 1, 1, 4.80374e+19
Pixel 92, 78, 1, 1, 4.80374e+19
Pixel 93, 78, 1, 1, 4.80374e+19
Pixel 93, 79, 1, 1, 4.80374e+19
Pixel 92, 79, 1, 1, 4.80374e+19
Pixel 92, 80, 1, 1, 4.80374e+19
Pixel 93, 80, 1, 1, 4.80374e+19
Pixel 93, 81, 1, 1, 4.80374e+19
Pixel 92, 81, 1, 1, 4.80374e+19
Pixel 92, 82, 1, 1, 4.80374e+19
Pixel 93, 82, 1, 1, 4.80374e+19
Pixel 93, 83, 1, 1, 4.80374e+19
Pixel 92, 83, 1, 1, 4.80374e+19
Pixel 92, 84, 1, 1, 4.80374e+19
Pixel 93, 84, 1, 1, 4.80374e+19
Pixel 93, 85, 1, 1, 4.80374e+19
Pixel 92, 85, 1, 1, 4.80374e+19
Pixel 92, 86, 1, 1, 4.80374e+19
Pixel 93, 86, 1, 1, 4.80374e+19
Pixel 93, 87, 1, 1, 4.80374e+19
Pixel 92, 87, 1, 1, 4.80374e+19
Pixel 92, 88, 1, 1, 4.80374e+19
Pixel 93, 88, 1, 1, 4.80374e+19
Pixel 93, 89, 1, 1, 4.80374e+19
Pixel 92, 89, 1, 1, 4.80374e+19
Pixel 92, 90, 1, 1, 4.80374e+19
Pixel 93, 90, 1, 1, 4.80374e+19
Pixel 93, 91, 1, 1, 4.80374e+19
Pixel 92, 91, 1, 1, 4.80374e+19
Pixel 92, 92, 1, 1, 4.80374e+19
Pixel 93, 92, 1, 1, 4.80374e+19
Pixel 93, 93, 1, 1, 4.80374e+19
Pixel 92, 93, 1, 1, 4.80374e+19
Pixel 92, 94, 1, 1, 4.80374e+19
Pixel 93, 94, 1, 1, 4.80374e+19
Pixel 93, 95, 1, 1, 4.80374e+19
Pixel 92, 95, 1, 1, 4.80374e+19
Pixel 92, 96, 1, 1, 4.80374e+19
Pixel 93, 96, 1, 1, 4.80374e+19
Pixel 93, 97, 1, 1, 4.80374e+19
Pixel 92, 97, 1, 1, 4.80374e+19
Pixel 92, 98, 1, 1, 4.80374e+19
Pixel 93, 98, 1, 1, 4.80374e+19
Pixel 93, 99, 1, 1, 4.80374e+19
Pixel 92, 99, 1, 1, 4.80374e+19
Pixel 92, 100, 1, 1, 4.80374e+19
Pixel 93, 100, 1, 1, 4.80374e+19
Pixel 93, 101, 1, 1, 4.80374e+19
Pixel 92, 101, 1, 1, 4.80374e+19
Pixel 92, 102, 1, 1, 4.80374e+19
Pixel 93, 102, 1, 1, 4.80374e+19
Pixel 93, 103, 1, 1, 4.80374e+19
Pixel 92, 103, 1, 1, 4.80374e+19
Pixel 92, 104, 1, 1, 4.80374e+19
Pixel 93, 104, 1, 1, 4.80374e+19
Pixel 93, 105, 1, 1, 4.80374e+19
Pixel 92, 105, 1, 1, 4.80374e+19
Pixel 92, 106, 1, 1, 4.80374e+19
Pixel 93, 106, 1, 1, 4.80374e+19
Pixel 93, 107, 1, 1, 4.80374e+19
Pixel 92, 107, 1, 1, 4.80374e+19
Pixel 92, 108, 1, 1, 4.80374e+19
Pixel 93, 108, 1, 1, 4.80374e+19
Pixel 93, 109, 1, 1, 4.80374e+19
Pixel 92, 109, 1, 1, 4.80374e+19
Pixel 92, 110, 1, 1, 4.80374e+19
Pixel 93, 110, 1, 1, 4.80374e+19
Pixel 93, 111, 1, 1, 4.80374e+19
Pixel 92, 111, 1, 1, 4.80374e+19
Pixel 92, 112, 1, 1, 4.80374e+19
Pixel 93, 112, 1, 1, 4.80374e+19
Pixel 93, 113, 1, 1, 4.80374e+19
Pixel 92, 113, 1, 1, 4.80374e+19
Pixel 92, 114, 1, 1, 4.80374e+19
Pixel 93, 114, 1, 1, 4.80374e+19
Pixel 93, 115, 1, 1, 4.80374e+19
Pixel 92, 115, 1, 1, 4.80374e+19
Pixel 92, 116, 1, 1, 4.80374e+19
Pixel 93, 116, 1, 1, 4.80374e+19
Pixel 93, 117, 1, 1, 4.80374e+19
Pixel 92, 117, 1, 1, 4.80374e+19
Pixel 92, 118, 1, 1, 4.80374e+19
Pixel 93, 118, 1, 1, 4.80374e+19
Pixel 93, 119, 1, 1, 4.80374e+19
Pixel 92, 119, 1, 1, 4.80374e+19
Pixel 92, 120, 1, 1, 4.80374e+19
Pixel 93, 120, 1, 1, 4.80374e+19
Pixel 93, 121, 1, 1, 4.80374e+19
Pixel 92, 121, 1, 1, 4.80374e+19
Pixel 92, 122, 1, 1, 4.80374e+19
Pixel 93, 122, 1, 1, 4.80374e+19
Pixel 93, 123, 1, 1, 4.80374e+19
Pixel 92, 123, 1, 1, 4.80374e+19
Pixel 92, 124, 1, 1, 4.80374e+19
Pixel 93, 124, 1, 1, 4.80374e+19
Pixel 93, 125, 1, 1, 4.80374e+19
Pixel 92, 125, 1, 1, 4.80374e+19
Pixel 92, 126, 1, 1, 4.80374e+19
Pixel 93, 126, 1, 1, 4.80374e+19
Pixel 93, 127, 1, 1, 4.80374e+19
Pixel 92, 127, 1, 1, 4.80374e+19
Pixel 92, 128, 1, 1, 4.80374e+19
Pixel 93, 128, 1, 1, 4.80374e+19
Pixel 93, 129, 1, 1, 4.80374e+19
Pixel 92, 129, 1, 1, 4.80374e+19
Pixel 92, 130, 1, 1, 4.80374e+19
Pixel 93, 130, 1, 1, 4.80374e+19
Pixel 93, 131, 1, 1, 4.80374e+19
Pixel 92, 131, 1, 1, 4.80374e+19
Pixel 92, 132, 1, 1, 4.80374e+19
Pixel 93, 132, 1, 1, 4.80374e+19
Pixel 93, 133, 1, 1, 4.80374e+19
Pixel 92, 133, 1, 1, 4.80374e+19
Pixel 92, 134, 1, 1, 4.80374e+19
Pixel 93, 134, 1, 1, 4.80374e+19
Pixel 93, 135, 1, 1, 4.80374e+19
Pixel 92, 135, 1, 1, 4.80374e+19
Pixel 92, 136, 1, 1, 4.80374e+19
Pixel 93, 136, 1, 1, 4.80374e+19
Pixel 93, 137, 1, 1, 4.80374e+19
Pixel 92, 137, 1, 1, 4.80374e+19
Pixel 92, 138, 1, 1, 4.80374e+19
Pixel 93, 138, 1, 1, 4.80374e+19
Pixel 93, 139, 1, 1, 4.80374e+19
Pixel 92, 139, 1, 1, 4.80374e+19
Pixel 92, 140, 1, 1, 4.80374e+19
Pixel 93, 140, 1, 1, 4.80374e+19
Pixel 93, 141, 1, 1, 4.80374e+19
Pixel 92, 141, 1, 1, 4.80374e+19
Pixel 92, 142, 1, 1, 4.80374e+19
Pixel 93, 142, 1, 1, 4.80374e+19
Pixel 93, 143, 1, 1, 4.80374e+19
Pixel 92, 143, 1, 1, 4.80374e+19
Pixel 92, 144, 1, 1, 4.80374e+19
Pixel 93, 144, 1, 1, 4.80374e+19
Pixel 93, 145, 1, 1, 4.80374e+19
Pixel 92, 145, 1, 1, 4.80374e+19
Pixel 92, 146, 1, 1, 4.80374e+19
Pixel 93, 146, 1, 1, 4.80374e+19
Pixel 93, 147, 1, 1, 4.80374e+19
Pixel 92, 147, 1, 1, 4.80374e+19
Pixel 92, 148, 1, 1, 4.80374e+19
Pixel 93, 148, 1, 1, 4.80374e+19
Pixel 93, 149, 1, 1, 4.80374e+19
Pixel 92, 149, 1, 1, 4.80374e+19
Pixel 92, 150, 1, 1, 4.80374e+19
Pixel 93, 150, 1, 1, 4.80374e+19
Pixel 93, 151, 1, 1, 4.80374e+19
Pixel 92, 151, 1, 1, 4.80374e+19
Pixel 92, 152, 1, 1, 4.80374e+19
Pixel 93, 152, 1, 1, 4.80374e+19
Pixel 93, 153, 1, 1, 4.80374e+19
Pixel 92, 153, 1, 1, 4.80374e+19
Pixel 92, 154, 1, 1, 4.80374e+19
Pixel 93, 154, 1, 1, 4.80374e+19
Pixel 93, 155, 1, 1, 4.80374e+19
Pixel 92, 155, 1, 1, 4.80374e+19
Pixel 92, 156, 1, 1, 4.80374e+19
Pixel 93, 156, 1, 1, 4.80374e+19
Pixel 93, 157, 1, 1, 4.80374e+19
Pixel 92, 157, 1, 1, 4.80374e+19
Pixel 92, 158, 1, 1, 4.80374e+19
Pixel 93, 158, 1, 1, 4.80374e+19
Pixel 93, 159, 1, 1, 4.80374e+19
Pixel 92, 159, 1, 1, 4.80374e+19
Pixel 92, 160, 1, 1, 4.80374e+19
Pixel 93, 160, 1, 1, 4.80374e+19
Pixel 93, 161, 1, 1, 4.80374e+19
Pixel 92, 161, 1, 1, 4.80374e+19
Pixel 92, 162, 1, 1, 4.80374e+19
Pixel 93, 162, 1, 1, 4.80374e+19
Pixel 93, 163, 1, 1, 4.80374e+19
Pixel 92, 163, 1, 1, 4.80374e+19
Pixel 92, 164, 1, 1, 4.80374e+19
Pixel 93, 164, 1, 1, 4.80374e+19
Pixel 93, 165, 1, 1, 4.80374e+19
Pixel 92, 165, 1, 1, 4.80374e+19
Pixel 92, 166, 1, 1, 4.80374e+19
Pixel 93, 166, 1, 1, 4.80374e+19
Pixel 93, 167, 1, 1, 4.80374e+19
Pixel 92, 167, 1, 1, 4.80374e+19
Pixel 92, 168, 1, 1, 4.80374e+19
Pixel 93, 168, 1, 1, 4.80374e+19
Pixel 93, 169, 1, 1, 4.80374e+19
Pixel 92, 169, 1, 1, 4.80374e+19
Pixel 92, 170, 1, 1, 4.80374e+19
Pixel 93, 170, 1, 1, 4.80374e+19
Pixel 93, 171, 1, 1, 4.80374e+19
Pixel 92, 171, 1, 1, 4.80374e+19
Pixel 92, 172, 1, 1, 4.80374e+19
Pixel 93, 172, 1, 1, 4.80374e+19
Pixel 93, 173, 1, 1, 4.80374e+19
Pixel 92, 173, 1, 1, 4.80374e+19
Pixel 92, 174, 1, 1, 4.80374e+19
Pixel 93, 174, 1, 1, 4.80374e+19
Pixel 93, 175, 1, 1, 4.80374e+19
Pixel 92, 175, 1, 1, 4.80374e+19
Pixel 92, 176, 1, 1, 4.80374e+19
Pixel 93, 176, 1, 1, 4.80374e+19
Pixel 93, 177, 1, 1, 4.80374e+19
Pixel 92, 177, 1, 1, 4.80374e+19
Pixel 92, 178, 1, 1, 4.80374e+19
Pixel 93, 178, 1, 1, 4.80374e+19
Pixel 93, 179, 1, 1, 4.80374e+19
Pixel 92, 179, 1, 1, 4.80374e+19
Pixel 92, 180, 1, 1, 4.80374e+19
Pixel 93, 180, 1, 1, 4.80374e+19
Pixel 93, 181, 1, 1, 4.80374e+19
Pixel 92, 181, 1, 1, 4.80374e+19
Pixel 92, 182, 1, 1, 4.80374e+19
Pixel 93, 182, 1, 1, 4.80374e+19
Pixel 93, 183, 1, 1, 4.80374e+19
Pixel 92, 183, 1, 1, 4.80374e+19
Pixel 92, 184, 1, 1, 4.80374e+19
Pixel 93, 184, 1, 1, 4.80374e+19
Pixel 93, 185, 1, 1, 4.80374e+19
Pixel 92, 185, 1, 1, 4.80374e+19
Pixel 92, 186, 1, 1, 4.80374e+19
Pixel 93, 186, 1, 1, 4.80374e+19
Pixel 93, 187, 1, 1, 4.80374e+19
Pixel 92, 187, 1, 1, 4.80374e+19
Pixel 92, 188, 1, 1, 4.80374e+19
Pixel 93, 188, 1, 1, 4.80374e+19
Pixel 93, 189, 1, 1, 4.80374e+19
Pixel 92, 189, 1, 1, 4.80374e+19
Pixel 92, 190, 1, 1, 4.80374e+19
Pixel 93, 190, 1, 1, 4.80374e+19
Pixel 93, 191, 1, 1, 4.80374e+19
Pixel 92, 191, 1, 1, 4.80374e+19
Pixel 92, 192, 1, 1, 4.80374e+19
Pixel 93, 192, 1, 1, 4.80374e+19
Pixel 93, 193, 1, 1, 4.80374e+19
Pixel 92, 193, 1, 1, 4.80374e+19
Pixel 92, 194, 1, 1, 4.80374e+19
Pixel 93, 194, 1, 1, 4.80374e+19
Pixel 93, 195, 1, 1, 4.80374e+19
Pixel 92, 195, 1, 1, 4.80374e+19
Pixel 92, 196, 1, 1, 4.80374e+19
Pixel 93, 196, 1, 1, 4.80374e+19
Pixel 93, 197, 1, 1, 4.80374e+19
Pixel 92, 197, 1, 1, 4.80374e+19
Pixel 92, 198, 1, 1, 4.80374e+19
Pixel 93, 198, 1, 1, 4.80374e+19
Pixel 93, 199, 1, 1, 4.80374e+19
Pixel 92, 199, 1, 1, 4.80374e+19
Pixel 92, 200, 1, 1, 4.80374e+19
Pixel 93, 200, 1, 1, 4.80374e+19
Pixel 93, 201, 1, 1, 4.80374e+19
Pixel 92, 201, 1, 1, 4.80374e+19
Pixel 92, 202, 1, 1, 4.80374e+19
Pixel 93, 202, 1, 1, 4.80374e+19
Pixel 93, 203, 1, 1, 4.80374e+19
Pixel 92, 203, 1, 1, 4.80374e+19
Pixel 92, 204, 1, 1, 4.80374e+19
Pixel 93, 204, 1, 1, 4.80374e+19
Pixel 93, 205, 1, 1, 4.80374e+19
Pixel 92, 205, 1, 1, 4.80374e+19
Pixel 92, 206, 1, 1, 4.80374e+19
Pixel 93, 206, 1, 1, 4.80374e+19
Pixel 93, 207, 1, 1, 4.80374e+19
Pixel 92, 207, 1, 1, 4.80374e+19
Pixel 92, 208, 1, 1, 4.80374e+19
Pixel 93, 208, 1, 1, 4.80374e+19
Pixel 93, 209, 1, 1, 4.80374e+19
Pixel 92, 209, 1, 1, 4.80374e+19
Pixel 92, 210, 1, 1, 4.80374e+19
Pixel 93, 210, 1, 1, 4.80374e+19
Pixel 93, 211, 1, 1, 4.80374e+19
Pixel 92, 211, 1, 1, 4.80374e+19
Pixel 92, 212, 1, 1, 4.80374e+19
Pixel 93, 212, 1, 1, 4.80374e+19
Pixel 93, 213, 1, 1, 4.80374e+19
Pixel 92, 213, 1, 1, 4.80374e+19
Pixel 92, 214, 1, 1, 4.80374e+19
Pixel 93, 214, 1, 1, 4.80374e+19
Pixel 93, 215, 1, 1, 4.80374e+19
Pixel 92, 215, 1, 1, 4.80374e+19
Pixel 92, 216, 1, 1, 4.80374e+19
Pixel 93, 216, 1, 1, 4.80374e+19
Pixel 93, 217, 1, 1, 4.80374e+19
Pixel 92, 217, 1, 1, 4.80374e+19
Pixel 92, 218, 1, 1, 4.80374e+19
Pixel 93, 218, 1, 1, 4.80374e+19
Pixel 93, 219, 1, 1, 4.80374e+19
Pixel 92, 219, 1, 1, 4.80374e+19
Pixel 92, 220, 1, 1, 4.80374e+19
Pixel 93, 220, 1, 1, 4.80374e+19
Pixel 93, 221, 1, 1, 4.80374e+19
Pixel 92, 221, 1, 1, 4.80374e+19
Pixel 92, 222, 1, 1, 4.80374e+19
Pixel 93, 222, 1, 1, 4.80374e+19
Pixel 93, 223, 1, 1, 4.80374e+19
Pixel 92, 223, 1, 1, 4.80374e+19
Pixel 92, 224, 1, 1, 4.80374e+19
Pixel 93, 224, 1, 1, 4.80374e+19
Pixel 93, 225, 1, 1, 4.80374e+19
Pixel 92, 225, 1, 1, 4.80374e+19
Pixel 92, 226, 1, 1, 4.80374e+19
Pixel 93, 226, 1, 1, 4.80374e+19
Pixel 93, 227, 1, 1, 4.80374e+19
Pixel 92, 227, 1, 1, 4.80374e+19
Pixel 92, 228, 1, 1, 4.80374e+19
Pixel 93, 228, 1, 1, 4.80374e+19
Pixel 93, 229, 1, 1, 4.80374e+19
Pixel 92, 229, 1, 1, 4.80374e+19
Pixel 92, 230, 1, 1, 4.80374e+19
Pixel 93, 230, 1, 1, 4.80374e+19
Pixel 93, 231, 1, 1, 4.80374e+19
Pixel 92, 231, 1, 1, 4.80374e+19
Pixel 92, 232, 1, 1, 4.80374e+19
Pixel 93, 232, 1, 1, 4.80374e+19
Pixel 93, 233, 1, 1, 4.80374e+19
Pixel 92, 233, 1, 1, 4.80374e+19
Pixel 92, 234, 1, 1, 4.80374e+19
Pixel 93, 234, 1, 1, 4.80374e+19
Pixel 93, 235, 1, 1, 4.80374e+19
Pixel 92, 235, 1, 1, 4.80374e+19
Pixel 92, 236, 1, 1, 4.80374e+19
Pixel 93, 236, 1, 1, 4.80374e+19
Pixel 93, 237, 1, 1, 4.80374e+19
Pixel 92, 237, 1, 1, 4.80374e+19
Pixel 92, 238, 1, 1, 4.80374e+19
Pixel 93, 238, 1, 1, 4.80374e+19
Pixel 93, 239, 1, 1, 4.80374e+19
Pixel 92, 239, 1, 1, 4.80374e+19
Pixel 92, 240, 1, 1, 4.80374e+19
Pixel 93, 240, 1, 1, 4.80374e+19
Pixel 93, 241, 1, 1, 4.80374e+19
Pixel 92, 241, 1, 1, 4.80374e+19
Pixel 92, 242, 1, 1, 4.80374e+19
Pixel 93, 242, 1, 1, 4.80374e+19
Pixel 93, 243, 1, 1, 4.80374e+19
Pixel 92, 243, 1, 1, 4.80374e+19
Pixel 92, 244, 1, 1, 4.80374e+19
Pixel 93, 244, 1, 1, 4.80374e+19
Pixel 93, 245, 1, 1, 4.80374e+19
Pixel 92, 245, 1, 1, 4.80374e+19
Pixel 92, 246, 1, 1, 4.80374e+19
Pixel 93, 246, 1, 1, 4.80374e+19
Pixel 93, 247, 1, 1, 4.80374e+19
Pixel 92, 247, 1, 1, 4.80374e+19
Pixel 92, 248, 1, 1, 4.80374e+19
Pixel 93, 248, 1, 1, 4.80374e+19
Pixel 93, 249, 1, 1, 4.80374e+19
Pixel 92, 249, 1, 1, 4.80374e+19
Pixel 92, 250, 1, 1, 4.80374e+19
Pixel 93, 250, 1, 1, 4.80374e+19
Pixel 93, 251, 1, 1, 4.80374e+19
Pixel 92, 251, 1, 1, 4.80374e+19
Pixel 92, 252, 1, 1, 4.80374e+19
Pixel 93, 252, 1, 1, 4.80374e+19
Pixel 93, 253, 1, 1, 4.80374e+19
Pixel 92, 253, 1, 1, 4.80374e+19
Pixel 92, 254, 1, 1, 4.80374e+19
Pixel 93, 254, 1, 1, 4.80374e+19
Pixel 93, 255, 1, 1, 4.80374e+19
Pixel 92, 255, 1, 1, 4.80374e+19
=== 17615 ===
--- pALPIDEfs_4 ---
Pixel 717, 201, 1, 1, 4.80374e+19
Pixel 716, 202, 1, 1, 4.80374e+19
Pixel 717, 202, 1, 1, 4.80374e+19
Pixel 716, 203, 1, 1, 4.80374e+19
=== 26846 ===
--- pALPIDEfs_4 ---
Pixel 693, 118, 1, 1, 4.80374e+19
=== 30807 ===
--- pALPIDEfs_0 ---
Pixel 431, 425, 1, 1, 4.80374e+19
Pixel 431, 426, 1, 1, 4.80374e+19
Pixel 433, 419, 1, 1, 4.80374e+19
Pixel 433, 420, 1, 1, 4.80374e+19
Pixel 433, 421, 1, 1, 4.80374e+19
Pixel 433, 422, 1, 1, 4.80374e+19
Pixel 433, 423, 1, 1, 4.80374e+19
Pixel 432, 423, 1, 1, 4.80374e+19
Pixel 432, 424, 1, 1, 4.80374e+19
Pixel 432, 425, 1, 1, 4.80374e+19
Pixel 435, 416, 1, 1, 4.80374e+19
Pixel 435, 417, 1, 1, 4.80374e+19
Pixel 434, 417, 1, 1, 4.80374e+19
Pixel 434, 418, 1, 1, 4.80374e+19
Pixel 435, 418, 1, 1, 4.80374e+19
Pixel 434, 419, 1, 1, 4.80374e+19
Pixel 434, 420, 1, 1, 4.80374e+19
Pixel 437, 413, 1, 1, 4.80374e+19
Pixel 437, 414, 1, 1, 4.80374e+19
Pixel 436, 415, 1, 1, 4.80374e+19
Pixel 436, 416, 1, 1, 4.80374e+19
Pixel 439, 411, 1, 1, 4.80374e+19
Pixel 438, 412, 1, 1, 4.80374e+19
Pixel 439, 412, 1, 1, 4.80374e+19
Pixel 438, 413, 1, 1, 4.80374e+19
=== 37454 ===
--- pALPIDEfs_0 ---
Pixel 796, 348, 1, 1, 4.80374e+19
Pixel 797, 348, 1, 1, 4.80374e+19
Pixel 797, 349, 1, 1, 4.80374e+19
Pixel 796, 349, 1, 1, 4.80374e+19
Pixel 796, 350, 1, 1, 4.80374e+19
Pixel 797, 350, 1, 1, 4.80374e+19
=== 46450 ===
--- pALPIDEfs_2 ---
Pixel 457, 15, 1, 1, 4.80374e+19
Pixel 457, 16, 1, 1, 4.80374e+19
Pixel 458, 15, 1, 1, 4.80374e+19
=== 53228 ===
--- pALPIDEfs_2 ---
Pixel 883, 82, 1, 1, 4.80374e+19
Pixel 884, 82, 1, 1, 4.80374e+19
Pixel 884, 83, 1, 1, 4.80374e+19
=== 81945 ===
--- pALPIDEfs_4 ---
Pixel 371, 455, 1, 1, 4.80374e+19
=== 88757 ===
--- pALPIDEfs_6 ---
Pixel 718, 208, 1, 1, 4.80374e+19
Pixel 718, 209, 1, 1, 4.80374e+19
=== 96408 ===
--- pALPIDEfs_4 ---
Pixel 167, 506, 1, 1, 4.80374e+19
Pixel 168, 506, 1, 1, 4.80374e+19
=== 103104 ===
--- pALPIDEfs_5 ---
Pixel 459, 98, 1, 1, 4.80374e+19
=== 104943 ===
--- pALPIDEfs_6 ---
Pixel 701, 340, 1, 1, 4.80374e+19
Pixel 701, 341, 1, 1, 4.80374e+19
=== 116622 ===
--- pALPIDEfs_1 ---
Pixel 765, 411, 1, 1, 4.80374e+19
=== 157193 ===
--- pALPIDEfs_3 ---
Pixel 845, 376, 1, 1, 4.80374e+19
Pixel 846, 376, 1, 1, 4.80374e+19
=== 178642 ===
--- pALPIDEfs_4 ---
Pixel 757, 43, 1, 1, 4.80374e+19
Pixel 756, 43, 1, 1, 4.80374e+19
Pixel 757, 44, 1, 1, 4.80374e+19
=== 180592 ===
--- pALPIDEfs_5 ---
Pixel 233, 160, 1, 1, 4.80374e+19
=== 189535 ===
--- pALPIDEfs_1 ---
Pixel 223, 267, 1, 1, 4.80374e+19
Pixel 223, 268, 1, 1, 4.80374e+19
Pixel 224, 267, 1, 1, 4.80374e+19
Pixel 224, 268, 1, 1, 4.80374e+19
=== 200972 ===
--- pALPIDEfs_3 ---
Pixel 557, 180, 1, 1, 4.80374e+19
=== 201446 ===
--- pALPIDEfs_2 ---
Pixel 770, 206, 1, 1, 4.80374e+19
Pixel 771, 206, 1, 1, 4.80374e+19
Pixel 772, 206, 1, 1, 4.80374e+19
=== 207789 ===
--- pALPIDEfs_2 ---
Pixel 385, 428, 1, 1, 4.80374e+19
Pixel 385, 429, 1, 1, 4.80374e+19
Pixel 386, 428, 1, 1, 4.80374e+19
Pixel 386, 429, 1, 1, 4.80374e+19
=== 216054 ===
--- pALPIDEfs_0 ---
Pixel 424, 302, 1, 1, 4.80374e+19
Pixel 425, 303, 1, 1, 4.80374e+19
Pixel 424, 303, 1, 1, 4.80374e+19
--- pALPIDEfs_1 ---
Pixel 305, 246, 1, 1, 4.80374e+19
Pixel 305, 247, 1, 1, 4.80374e+19
--- pALPIDEfs_2 ---
Pixel 221, 122, 1, 1, 4.80374e+19
Pixel 222, 122, 1, 1, 4.80374e+19
=== 251116 ===
--- pALPIDEfs_1 ---
Pixel 326, 18, 1, 1, 4.80374e+19
=== 259851 ===
--- pALPIDEfs_1 ---
Pixel 615, 389, 1, 1, 4.80374e+19
Pixel 615, 390, 1, 1, 4.80374e+19
=== 264792 ===
--- pALPIDEfs_0 ---
Pixel 1021, 361, 1, 1, 4.80374e+19
Pixel 1021, 362, 1, 1, 4.80374e+19
Pixel 1021, 363, 1, 1, 4.80374e+19
Pixel 1021, 364, 1, 1, 4.80374e+19
Pixel 1022, 361, 1, 1, 4.80374e+19
Pixel 1022, 362, 1, 1, 4.80374e+19
Pixel 1022, 363, 1, 1, 4.80374e+19
=== 287394 ===
--- pALPIDEfs_4 ---
Pixel 59, 195, 1, 1, 4.80374e+19
Pixel 59, 196, 1, 1, 4.80374e+19
Pixel 59, 197, 1, 1, 4.80374e+19
Pixel 60, 195, 1, 1, 4.80374e+19
Pixel 60, 196, 1, 1, 4.80374e+19
Pixel 60, 197, 1, 1, 4.80374e+19
=== 288873 ===
--- pALPIDEfs_2 ---
Pixel 918, 385, 1, 1, 4.80374e+19
Pixel 918, 386, 1, 1, 4.80374e+19
=== 297582 ===
--- pALPIDEfs_6 ---
Pixel 554, 98, 1, 1, 4.80374e+19
=== 300316 ===
--- pALPIDEfs_3 ---
Pixel 981, 388, 1, 1, 4.80374e+19
=== 304529 ===
--- pALPIDEfs_2 ---
Pixel 71, 425, 1, 1, 4.80374e+19
=== 320781 ===
--- pALPIDEfs_3 ---
Pixel 815, 311, 1, 1, 4.80374e+19
Pixel 815, 312, 1, 1, 4.80374e+19
--- pALPIDEfs_4 ---
Pixel 370, 54, 1, 1, 4.80374e+19
Pixel 371, 54, 1, 1, 4.80374e+19
Pixel 371, 55, 1, 1, 4.80374e+19
Pixel 370, 55, 1, 1, 4.80374e+19
=== 323491 ===
--- pALPIDEfs_0 ---
Pixel 891, 476, 1, 1, 4.80374e+19
=== 342898 ===
--- pALPIDEfs_3 ---
Pixel 353, 437, 1, 1, 4.80374e+19
Pixel 352, 438, 1, 1, 4.80374e+19
Pixel 353, 438, 1, 1, 4.80374e+19
Pixel 352, 439, 1, 1, 4.80374e+19
Pixel 354, 437, 1, 1, 4.80374e+19
Pixel 354, 438, 1, 1, 4.80374e+19
=== 343153 ===
--- pALPIDEfs_5 ---
Pixel 770, 133, 1, 1, 4.80374e+19
Pixel 770, 134, 1, 1, 4.80374e+19
--- pALPIDEfs_6 ---
Pixel 837, 372, 1, 1, 4.80374e+19
Pixel 837, 373, 1, 1, 4.80374e+19
Pixel 838, 372, 1, 1, 4.80374e+19
Pixel 838, 373, 1, 1, 4.80374e+19
=== 343402 ===
--- pALPIDEfs_3 ---
Pixel 557, 180, 1, 1, 4.80374e+19
=== 345078 ===
--- pALPIDEfs_6 ---
Pixel 407, 421, 1, 1, 4.80374e+19
Pixel 406, 421, 1, 1, 4.80374e+19
Pixel 407, 422, 1, 1, 4.80374e+19
=== 385534 ===
--- pALPIDEfs_2 ---
Pixel 343, 273, 1, 1, 4.80374e+19
--- pALPIDEfs_3 ---
Pixel 313, 109, 1, 1, 4.80374e+19
Pixel 313, 110, 1, 1, 4.80374e+19
=== 389040 ===
--- pALPIDEfs_0 ---
Pixel 131, 414, 1, 1, 4.80374e+19
=== 396343 ===
--- pALPIDEfs_1 ---
Pixel 442, 426, 1, 1, 4.80374e+19
Pixel 443, 426, 1, 1, 4.80374e+19
Pixel 442, 427, 1, 1, 4.80374e+19
=== 396685 ===
--- pALPIDEfs_1 ---
Pixel 837, 52, 1, 1, 4.80374e+19
=== 403999 ===
--- pALPIDEfs_1 ---
Pixel 863, 486, 1, 1, 4.80374e+19
Pixel 863, 487, 1, 1, 4.80374e+19
=== 417796 ===
--- pALPIDEfs_4 ---
Pixel 40, 155, 1, 1, 4.80374e+19
=== 422416 ===
--- pALPIDEfs_1 ---
Pixel 50, 132, 1, 1, 4.80374e+19
Pixel 51, 132, 1, 1, 4.80374e+19
Pixel 51, 133, 1, 1, 4.80374e+19
Pixel 50, 133, 1, 1, 4.80374e+19
=== 437164 ===
--- pALPIDEfs_4 ---
Pixel 953, 248, 1, 1, 4.80374e+19
Pixel 954, 248, 1, 1, 4.80374e+19
=== 443117 ===
--- pALPIDEfs_2 ---
Pixel 459, 224, 1, 1, 4.80374e+19
Pixel 459, 225, 1, 1, 4.80374e+19
=== 446881 ===
--- pALPIDEfs_1 ---
Pixel 491, 164, 1, 1, 4.80374e+19
Pixel 492, 164, 1, 1, 4.80374e+19
=== 447689 ===
--- pALPIDEfs_3 ---
Pixel 470, 219, 1, 1, 4.80374e+19
Pixel 470, 220, 1, 1, 4.80374e+19
Pixel 471, 220, 1, 1, 4.80374e+19
=== 457055 ===
--- pALPIDEfs_4 ---
Pixel 505, 283, 1, 1, 4.80374e+19
=== 484276 ===
--- pALPIDEfs_0 ---
Pixel 352, 355, 1, 1, 4.80374e+19
=== 489494 ===
--- pALPIDEfs_6 ---
Pixel 529, 355, 1, 1, 4.80374e+19
Pixel 529, 356, 1, 1, 4.80374e+19
Pixel 530, 355, 1, 1, 4.80374e+19
Pixel 530, 356, 1, 1, 4.80374e+19
=== 521451 ===
--- pALPIDEfs_0 ---
Pixel 525, 219, 1, 1, 4.80374e+19
Pixel 525, 220, 1, 1, 4.80374e+19
Pixel 526, 219, 1, 1, 4.80374e+19
Pixel 526, 220, 1, 1, 4.80374e+19
=== 524049 ===
--- pALPIDEfs_2 ---
Pixel 428, 198, 1, 1, 4.80374e+19
Pixel 429, 198, 1, 1, 4.80374e+19
Pixel 428, 199, 1, 1, 4.80374e+19
=== 535928 ===
--- pALPIDEfs_3 ---
Pixel 715, 295, 1, 1, 4.80374e+19
Pixel 715, 296, 1, 1, 4.80374e+19
Pixel 716, 295, 1, 1, 4.80374e+19
Pixel 716, 296, 1, 1, 4.80374e+19
--- pALPIDEfs_4 ---
Pixel 761, 175, 1, 1, 4.80374e+19
Pixel 760, 175, 1, 1, 4.80374e+19
--- pALPIDEfs_5 ---
Pixel 939, 203, 1, 1, 4.80374e+19
Pixel 938, 203, 1, 1, 4.80374e+19
Pixel 938, 204, 1, 1, 4.80374e+19
Pixel 939, 204, 1, 1, 4.80374e+19
=== 536819 ===
--- pALPIDEfs_1 ---
Pixel 441, 361, 1, 1, 4.80374e+19
Pixel 441, 362, 1, 1, 4.80374e+19
=== 576659 ===
--- pALPIDEfs_2 ---
Pixel 713, 430, 1, 1, 4.80374e+19
Pixel 713, 431, 1, 1, 4.80374e+19
=== 578866 ===
--- pALPIDEfs_0 ---
Pixel 707, 339, 1, 1, 4.80374e+19
--- pALPIDEfs_1 ---
Pixel 886, 255, 1, 1, 4.80374e+19
=== 582695 ===
--- pALPIDEfs_1 ---
Pixel 702, 442, 1, 1, 4.80374e+19
Pixel 703, 442, 1, 1, 4.80374e+19
Pixel 703, 443, 1, 1, 4.80374e+19
Pixel 702, 443, 1, 1, 4.80374e+19
=== 584646 ===
--- pALPIDEfs_6 ---
Pixel 979, 489, 1, 1, 4.80374e+19
Pixel 979, 490, 1, 1, 4.80374e+19
Pixel 979, 491, 1, 1, 4.80374e+19
=== 590062 ===
--- pALPIDEfs_1 ---
Pixel 23, 359, 1, 1, 4.80374e+19
Pixel 24, 359, 1, 1, 4.80374e+19
=== 592687 ===
--- pALPIDEfs_5 ---
Pixel 455, 162, 1, 1, 4.80374e+19
Pixel 455, 163, 1, 1, 4.80374e+19
Pixel 456, 162, 1, 1, 4.80374e+19
Pixel 456, 163, 1, 1, 4.80374e+19
=== 592941 ===
--- pALPIDEfs_4 ---
Pixel 74, 312, 1, 1, 4.80374e+19
Pixel 75, 312, 1, 1, 4.80374e+19
=== 609196 ===
--- pALPIDEfs_1 ---
Pixel 339, 203, 1, 1, 4.80374e+19
Pixel 338, 203, 1, 1, 4.80374e+19
=== 617072 ===
--- pALPIDEfs_3 ---
Pixel 557, 180, 1, 1, 4.80374e+19
=== 632130 ===
--- pALPIDEfs_2 ---
Pixel 393, 413, 1, 1, 4.80374e+19
Pixel 395, 413, 1, 1, 4.80374e+19
Pixel 394, 413, 1, 1, 4.80374e+19
=== 651039 ===
--- pALPIDEfs_0 ---
Pixel 855, 126, 1, 1, 4.80374e+19
Pixel 855, 127, 1, 1, 4.80374e+19
Pixel 856, 126, 1, 1, 4.80374e+19
Pixel 856, 127, 1, 1, 4.80374e+19
=== 682717 ===
--- pALPIDEfs_3 ---
Pixel 557, 180, 1, 1, 4.80374e+19
=== 695292 ===
--- pALPIDEfs_3 ---
Pixel 669, 172, 1, 1, 4.80374e+19
Pixel 669, 173, 1, 1, 4.80374e+19
Pixel 670, 172, 1, 1, 4.80374e+19
Pixel 670, 173, 1, 1, 4.80374e+19
--- pALPIDEfs_4 ---
Pixel 305, 489, 1, 1, 4.80374e+19
Pixel 304, 489, 1, 1, 4.80374e+19
Pixel 304, 490, 1, 1, 4.80374e+19
Pixel 305, 490, 1, 1, 4.80374e+19
=== 702201 ===
--- pALPIDEfs_5 ---
Pixel 640, 106, 1, 1, 4.80374e+19
Pixel 641, 107, 1, 1, 4.80374e+19
Pixel 640, 107, 1, 1, 4.80374e+19
=== 709039 ===
--- pALPIDEfs_0 ---
Pixel 398, 332, 1, 1, 4.80374e+19
=== 716486 ===
--- pALPIDEfs_5 ---
Pixel 909, 191, 1, 1, 4.80374e+19
Pixel 909, 192, 1, 1, 4.80374e+19
Pixel 910, 191, 1, 1, 4.80374e+19
Pixel 910, 192, 1, 1, 4.80374e+19
Pixel 911, 192, 1, 1, 4.80374e+19
Pixel 911, 193, 1, 1, 4.80374e+19
Pixel 910, 193, 1, 1, 4.80374e+19
Pixel 911, 194, 1, 1, 4.80374e+19
Pixel 911, 195, 1, 1, 4.80374e+19
Pixel 912, 194, 1, 1, 4.80374e+19
Pixel 912, 195, 1, 1, 4.80374e+19
Pixel 912, 196, 1, 1, 4.80374e+19
=== 731812 ===
--- pALPIDEfs_6 ---
Pixel 15, 37, 1, 1, 4.80374e+19
=== 736193 ===
--- pALPIDEfs_5 ---
Pixel 278, 192, 1, 1, 4.80374e+19
=== 743176 ===
--- pALPIDEfs_0 ---
Pixel 959, 43, 1, 1, 4.80374e+19
Pixel 958, 44, 1, 1, 4.80374e+19
Pixel 959, 44, 1, 1, 4.80374e+19
Pixel 959, 45, 1, 1, 4.80374e+19
Pixel 958, 45, 1, 1, 4.80374e+19
Pixel 960, 44, 1, 1, 4.80374e+19
=== 757483 ===
--- pALPIDEfs_2 ---
Pixel 37, 66, 1, 1, 4.80374e+19
Pixel 38, 66, 1, 1, 4.80374e+19
=== 767812 ===
--- pALPIDEfs_6 ---
Pixel 534, 506, 1, 1, 4.80374e+19
Pixel 534, 507, 1, 1, 4.80374e+19
=== 779131 ===
--- pALPIDEfs_3 ---
Pixel 336, 152, 1, 1, 4.80374e+19
--- pALPIDEfs_5 ---
Pixel 284, 267, 1, 1, 4.80374e+19
Pixel 284, 268, 1, 1, 4.80374e+19
--- pALPIDEfs_6 ---
Pixel 335, 189, 1, 1, 4.80374e+19
Pixel 334, 189, 1, 1, 4.80374e+19
=== 800702 ===
--- pALPIDEfs_1 ---
Pixel 525, 141, 1, 1, 4.80374e+19
Pixel 525, 142, 1, 1, 4.80374e+19
Pixel 526, 141, 1, 1, 4.80374e+19
Pixel 526, 142, 1, 1, 4.80374e+19
=== 801989 ===
--- pALPIDEfs_4 ---
Pixel 111, 90, 1, 1, 4.80374e+19
=== 821474 ===
--- pALPIDEfs_3 ---
Pixel 1007, 351, 1, 1, 4.80374e+19
--- pALPIDEfs_4 ---
Pixel 933, 183, 1, 1, 4.80374e+19
Pixel 932, 183, 1, 1, 4.80374e+19
--- pALPIDEfs_5 ---
Pixel 828, 59, 1, 1, 4.80374e+19
=== 821475 ===
--- pALPIDEfs_3 ---
Pixel 1007, 351, 1, 1, 4.80374e+19
--- pALPIDEfs_4 ---
Pixel 933, 183, 1, 1, 4.80374e+19
--- pALPIDEfs_5 ---
Pixel 828, 59, 1, 1, 4.80374e+19
=== 826141 ===
--- pALPIDEfs_6 ---
Pixel 220, 385, 1, 1, 4.80374e+19
Pixel 220, 386, 1, 1, 4.80374e+19
Pixel 221, 386, 1, 1, 4.80374e+19
Pixel 221, 387, 1, 1, 4.80374e+19
Pixel 223, 387, 1, 1, 4.80374e+19
Pixel 222, 387, 1, 1, 4.80374e+19
Pixel 222, 388, 1, 1, 4.80374e+19
Pixel 223, 388, 1, 1, 4.80374e+19
=== 829121 ===
--- pALPIDEfs_5 ---
Pixel 690, 141, 1, 1, 4.80374e+19
Pixel 690, 142, 1, 1, 4.80374e+19
Pixel 690, 143, 1, 1, 4.80374e+19
=== 841450 ===
--- pALPIDEfs_4 ---
Pixel 691, 274, 1, 1, 4.80374e+19
Pixel 691, 275, 1, 1, 4.80374e+19
Pixel 691, 276, 1, 1, 4.80374e+19
Pixel 693, 272, 1, 1, 4.80374e+19
Pixel 693, 273, 1, 1, 4.80374e+19
Pixel 692, 274, 1, 1, 4.80374e+19
Pixel 693, 274, 1, 1, 4.80374e+19
Pixel 692, 275, 1, 1, 4.80374e+19
Pixel 692, 276, 1, 1, 4.80374e+19
Pixel 694, 272, 1, 1, 4.80374e+19
Pixel 694, 273, 1, 1, 4.80374e+19
--- pALPIDEfs_5 ---
Pixel 994, 289, 1, 1, 4.80374e+19
Pixel 994, 290, 1, 1, 4.80374e+19
Pixel 995, 290, 1, 1, 4.80374e+19
--- pALPIDEfs_6 ---
Pixel 55, 367, 1, 1, 4.80374e+19
Pixel 55, 368, 1, 1, 4.80374e+19
Pixel 57, 367, 1, 1, 4.80374e+19
Pixel 56, 367, 1, 1, 4.80374e+19
Pixel 56, 368, 1, 1, 4.80374e+19
Pixel 57, 368, 1, 1, 4.80374e+19
=== 845189 ===
--- pALPIDEfs_6 ---
Pixel 26, 54, 1, 1, 4.80374e+19
Pixel 27, 54, 1, 1, 4.80374e+19
Pixel 27, 55, 1, 1, 4.80374e+19
Pixel 26, 55, 1, 1, 4.80374e+19
Pixel 26, 56, 1, 1, 4.80374e+19
Pixel 27, 56, 1, 1, 4.80374e+19
=== 849136 ===
--- pALPIDEfs_0 ---
Pixel 189, 452, 1, 1, 4.80374e+19
Pixel 189, 453, 1, 1, 4.80374e+19
Pixel 188, 453, 1, 1, 4.80374e+19
=== 852269 ===
--- pALPIDEfs_1 ---
Pixel 681, 335, 1, 1, 4.80374e+19
Pixel 682, 335, 1, 1, 4.80374e+19
=== 856387 ===
--- pALPIDEfs_5 ---
Pixel 21, 219, 1, 1, 4.80374e+19
Pixel 21, 220, 1, 1, 4.80374e+19
Pixel 22, 219, 1, 1, 4.80374e+19
Pixel 22, 220, 1, 1, 4.80374e+19
=== 862705 ===
--- pALPIDEfs_6 ---
Pixel 293, 406, 1, 1, 4.80374e+19
=== 876374 ===
--- pALPIDEfs_2 ---
Pixel 779, 255, 1, 1, 4.80374e+19
Pixel 779, 256, 1, 1, 4.80374e+19
Pixel 781, 254, 1, 1, 4.80374e+19
Pixel 781, 255, 1, 1, 4.80374e+19
Pixel 780, 255, 1, 1, 4.80374e+19
Pixel 780, 256, 1, 1, 4.80374e+19
=== 876518 ===
--- pALPIDEfs_1 ---
Pixel 13, 107, 1, 1, 4.80374e+19
Pixel 14, 107, 1, 1, 4.80374e+19
Pixel 1013, 395, 1, 1, 4.80374e+19
Pixel 1012, 395, 1, 1, 4.80374e+19
--- pALPIDEfs_2 ---
Pixel 522, 403, 1, 1, 4.80374e+19
Pixel 522, 404, 1, 1, 4.80374e+19
Pixel 523, 404, 1, 1, 4.80374e+19
Pixel 571, 469, 1, 1, 4.80374e+19
=== 878148 ===
--- pALPIDEfs_4 ---
Pixel 821, 369, 1, 1, 4.80374e+19
Pixel 822, 368, 1, 1, 4.80374e+19
Pixel 823, 368, 1, 1, 4.80374e+19
Pixel 822, 369, 1, 1, 4.80374e+19
Pixel 824, 366, 1, 1, 4.80374e+19
Pixel 825, 367, 1, 1, 4.80374e+19
Pixel 824, 367, 1, 1, 4.80374e+19
=== 881078 ===
--- pALPIDEfs_6 ---
Pixel 647, 181, 1, 1, 4.80374e+19
Pixel 646, 181, 1, 1, 4.80374e+19
Pixel 646, 182, 1, 1, 4.80374e+19
=== 893777 ===
--- pALPIDEfs_1 ---
Pixel 427, 44, 1, 1, 4.80374e+19
Pixel 427, 45, 1, 1, 4.80374e+19
Pixel 426, 45, 1, 1, 4.80374e+19
Pixel 426, 46, 1, 1, 4.80374e+19
=== 902250 ===
--- pALPIDEfs_6 ---
Pixel 939, 266, 1, 1, 4.80374e+19
Pixel 939, 267, 1, 1, 4.80374e+19
Pixel 940, 266, 1, 1, 4.80374e+19
Pixel 940, 267, 1, 1, 4.80374e+19
Pixel 940, 268, 1, 1, 4.80374e+19
=== 907288 ===
--- pALPIDEfs_2 ---
Pixel 422, 107, 1, 1, 4.80374e+19
Pixel 422, 108, 1, 1, 4.80374e+19
=== 938031 ===
--- pALPIDEfs_3 ---
Pixel 853, 496, 1, 1, 4.80374e+19
Pixel 853, 497, 1, 1, 4.80374e+19
=== 939389 ===
--- pALPIDEfs_0 ---
Pixel 923, 470, 1, 1, 4.80374e+19
Pixel 923, 471, 1, 1, 4.80374e+19
=== 948551 ===
--- pALPIDEfs_6 ---
Pixel 263, 161, 1, 1, 4.80374e+19
Pixel 263, 162, 1, 1, 4.80374e+19
=== 955747 ===
--- pALPIDEfs_1 ---
Pixel 223, 144, 1, 1, 4.80374e+19
Pixel 223, 145, 1, 1, 4.80374e+19
Pixel 224, 144, 1, 1, 4.80374e+19
Pixel 225, 145, 1, 1, 4.80374e+19
Pixel 224, 145, 1, 1, 4.80374e+19
Pixel 225, 146, 1, 1, 4.80374e+19
=== 959518 ===
--- pALPIDEfs_2 ---
Pixel 565, 343, 1, 1, 4.80374e+19
Pixel 564, 343, 1, 1, 4.80374e+19
Pixel 565, 344, 1, 1, 4.80374e+19
Pixel 566, 343, 1, 1, 4.80374e+19
Pixel 566, 344, 1, 1, 4.80374e+19
=== 963272 ===
--- pALPIDEfs_0 ---
Pixel 156, 506, 1, 1, 4.80374e+19
Pixel 157, 506, 1, 1, 4.80374e+19
Pixel 157, 507, 1, 1, 4.80374e+19
Pixel 156, 507, 1, 1, 4.80374e+19
=== 964813 ===
--- pALPIDEfs_0 ---
Pixel 839, 403, 1, 1, 4.80374e+19
Pixel 839, 404, 1, 1, 4.80374e+19
Pixel 840, 403, 1, 1, 4.80374e+19
Pixel 840, 404, 1, 1, 4.80374e+19
=== 969886 ===
--- pALPIDEfs_0 ---
Pixel 8, 270, 1, 1, 4.80374e+19
=== 971938 ===
--- pALPIDEfs_0 ---
Pixel 243, 57, 1, 1, 4.80374e+19
Pixel 242, 57, 1, 1, 4.80374e+19
--- pALPIDEfs_1 ---
Pixel 607, 507, 1, 1, 4.80374e+19
Pixel 606, 508, 1, 1, 4.80374e+19
Pixel 607, 508, 1, 1, 4.80374e+19
Pixel 614, 476, 1, 1, 4.80374e+19
Pixel 614, 477, 1, 1, 4.80374e+19
=== 981975 ===
--- pALPIDEfs_3 ---
Pixel 557, 180, 1, 1, 4.80374e+19
=== 982268 ===
--- pALPIDEfs_6 ---
Pixel 290, 308, 1, 1, 4.80374e+19
Pixel 291, 308, 1, 1, 4.80374e+19
Pixel 291, 309, 1, 1, 4.80374e+19
Pixel 290, 309, 1, 1, 4.80374e+19
=== 988496 ===
--- pALPIDEfs_2 ---
Pixel 148, 506, 1, 1, 4.80374e+19
=== 997506 ===
--- pALPIDEfs_2 ---
Pixel 336, 332, 1, 1, 4.80374e+19
=== 1009397 ===
--- pALPIDEfs_2 ---
Pixel 39, 462, 1, 1, 4.80374e+19
Pixel 39, 463, 1, 1, 4.80374e+19
Pixel 40, 462, 1, 1, 4.80374e+19
=== 1013620 ===
--- pALPIDEfs_0 ---
Pixel 64, 120, 1, 1, 4.80374e+19
Pixel 65, 120, 1, 1, 4.80374e+19
Pixel 65, 121, 1, 1, 4.80374e+19
Pixel 64, 121, 1, 1, 4.80374e+19
Pixel 64, 122, 1, 1, 4.80374e+19
Pixel 65, 122, 1, 1, 4.80374e+19
Pixel 66, 120, 1, 1, 4.80374e+19
=== 1013950 ===
--- pALPIDEfs_0 ---
Pixel 143, 249, 1, 1, 4.80374e+19
Pixel 142, 250, 1, 1, 4.80374e+19
Pixel 143, 250, 1, 1, 4.80374e+19
Pixel 143, 251, 1, 1, 4.80374e+19
Pixel 142, 251, 1, 1, 4.80374e+19
=== 1016203 ===
--- pALPIDEfs_3 ---
Pixel 819, 90, 1, 1, 4.80374e+19
Pixel 820, 90, 1, 1, 4.80374e+19
--- pALPIDEfs_4 ---
Pixel 968, 370, 1, 1, 4.80374e+19
Pixel 969, 370, 1, 1, 4.80374e+19
=== 1019432 ===
--- pALPIDEfs_6 ---
Pixel 315, 133, 1, 1, 4.80374e+19
=== 1021426 ===
--- pALPIDEfs_0 ---
Pixel 98, 190, 1, 1, 4.80374e+19
=== 1023814 ===
--- pALPIDEfs_6 ---
Pixel 101, 508, 1, 1, 4.80374e+19
Pixel 101, 509, 1, 1, 4.80374e+19
=== 1024970 ===
--- pALPIDEfs_4 ---
Pixel 307, 239, 1, 1, 4.80374e+19
Pixel 307, 240, 1, 1, 4.80374e+19
Pixel 307, 241, 1, 1, 4.80374e+19
Pixel 308, 239, 1, 1, 4.80374e+19
Pixel 308, 240, 1, 1, 4.80374e+19
Pixel 309, 240, 1, 1, 4.80374e+19
Pixel 309, 241, 1, 1, 4.80374e+19
Pixel 308, 241, 1, 1, 4.80374e+19
=== 1032662 ===
--- pALPIDEfs_6 ---
Pixel 773, 478, 1, 1, 4.80374e+19
Pixel 773, 479, 1, 1, 4.80374e+19
Pixel 774, 478, 1, 1, 4.80374e+19
Pixel 775, 478, 1, 1, 4.80374e+19
Pixel 775, 479, 1, 1, 4.80374e+19
Pixel 774, 479, 1, 1, 4.80374e+19
Pixel 775, 480, 1, 1, 4.80374e+19
Pixel 776, 480, 1, 1, 4.80374e+19
=== 1034160 ===
--- pALPIDEfs_1 ---
Pixel 798, 408, 1, 1, 4.80374e+19
Pixel 798, 409, 1, 1, 4.80374e+19
=== 1042352 ===
--- pALPIDEfs_2 ---
Pixel 924, 179, 1, 1, 4.80374e+19
Pixel 924, 180, 1, 1, 4.80374e+19
=== 1052024 ===
--- pALPIDEfs_2 ---
Pixel 664, 124, 1, 1, 4.80374e+19
Pixel 664, 125, 1, 1, 4.80374e+19
=== 1076410 ===
--- pALPIDEfs_3 ---
Pixel 180, 346, 1, 1, 4.80374e+19
Pixel 180, 347, 1, 1, 4.80374e+19
=== 1078146 ===
--- pALPIDEfs_0 ---
Pixel 857, 117, 1, 1, 4.80374e+19
=== 1093678 ===
--- pALPIDEfs_5 ---
Pixel 993, 193, 1, 1, 4.80374e+19
=== 1095668 ===
--- pALPIDEfs_1 ---
Pixel 949, 38, 1, 1, 4.80374e+19
Pixel 949, 39, 1, 1, 4.80374e+19
Pixel 950, 38, 1, 1, 4.80374e+19
Pixel 950, 39, 1, 1, 4.80374e+19
=== 1096147 ===
--- pALPIDEfs_4 ---
Pixel 343, 57, 1, 1, 4.80374e+19
Pixel 344, 57, 1, 1, 4.80374e+19
Pixel 344, 58, 1, 1, 4.80374e+19
Pixel 345, 58, 1, 1, 4.80374e+19
Pixel 346, 58, 1, 1, 4.80374e+19
=== 1101128 ===
--- pALPIDEfs_4 ---
Pixel 893, 505, 1, 1, 4.80374e+19
=== 1115678 ===
--- pALPIDEfs_3 ---
Pixel 741, 15, 1, 1, 4.80374e+19
Pixel 742, 14, 1, 1, 4.80374e+19
Pixel 742, 15, 1, 1, 4.80374e+19
=== 1123766 ===
--- pALPIDEfs_3 ---
Pixel 557, 180, 1, 1, 4.80374e+19
=== 1129142 ===
--- pALPIDEfs_3 ---
Pixel 557, 180, 1, 1, 4.80374e+19
=== 1137920 ===
--- pALPIDEfs_5 ---
Pixel 12, 146, 1, 1, 4.80374e+19
Pixel 13, 146, 1, 1, 4.80374e+19
Pixel 12, 147, 1, 1, 4.80374e+19
=== 1148083 ===
--- pALPIDEfs_4 ---
Pixel 588, 170, 1, 1, 4.80374e+19
Pixel 589, 171, 1, 1, 4.80374e+19
Pixel 588, 171, 1, 1, 4.80374e+19
Pixel 591, 171, 1, 1, 4.80374e+19
Pixel 590, 171, 1, 1, 4.80374e+19
Pixel 590, 172, 1, 1, 4.80374e+19
Pixel 591, 172, 1, 1, 4.80374e+19
Pixel 592, 172, 1, 1, 4.80374e+19
=== 1168787 ===
--- pALPIDEfs_5 ---
Pixel 51, 258, 1, 1, 4.80374e+19
Pixel 51, 259, 1, 1, 4.80374e+19
=== 1184727 ===
--- pALPIDEfs_5 ---
Pixel 859, 332, 1, 1, 4.80374e+19
Pixel 859, 333, 1, 1, 4.80374e+19
Pixel 860, 332, 1, 1, 4.80374e+19
Pixel 860, 333, 1, 1, 4.80374e+19
=== 1185727 ===
--- pALPIDEfs_3 ---
Pixel 363, 338, 1, 1, 4.80374e+19
Pixel 364, 337, 1, 1, 4.80374e+19
Pixel 364, 338, 1, 1, 4.80374e+19
=== 1202548 ===
--- pALPIDEfs_0 ---
Pixel 394, 230, 1, 1, 4.80374e+19
Pixel 395, 230, 1, 1, 4.80374e+19
Pixel 395, 231, 1, 1, 4.80374e+19
=== 1202596 ===
--- pALPIDEfs_5 ---
Pixel 683, 255, 1, 1, 4.80374e+19
Pixel 682, 256, 1, 1, 4.80374e+19
Pixel 683, 256, 1, 1, 4.80374e+19
=== 1207813 ===
--- pALPIDEfs_3 ---
Pixel 977, 248, 1, 1, 4.80374e+19
Pixel 977, 249, 1, 1, 4.80374e+19
Pixel 978, 248, 1, 1, 4.80374e+19
Pixel 978, 249, 1, 1, 4.80374e+19
=== 1261912 ===
--- pALPIDEfs_2 ---
Pixel 417, 200, 1, 1, 4.80374e+19
=== 1268317 ===
--- pALPIDEfs_6 ---
Pixel 179, 409, 1, 1, 4.80374e+19
Pixel 180, 408, 1, 1, 4.80374e+19
Pixel 180, 409, 1, 1, 4.80374e+19
=== 1277466 ===
--- pALPIDEfs_5 ---
Pixel 153, 273, 1, 1, 4.80374e+19
Pixel 152, 273, 1, 1, 4.80374e+19
Pixel 153, 274, 1, 1, 4.80374e+19
=== 1279409 ===
--- pALPIDEfs_3 ---
Pixel 557, 180, 1, 1, 4.80374e+19
=== 1285630 ===
--- pALPIDEfs_4 ---
Pixel 315, 45, 1, 1, 4.80374e+19
Pixel 316, 45, 1, 1, 4.80374e+19
=== 1285861 ===
--- pALPIDEfs_4 ---
Pixel 717, 355, 1, 1, 4.80374e+19
Pixel 718, 355, 1, 1, 4.80374e+19
--- pALPIDEfs_5 ---
Pixel 891, 82, 1, 1, 4.80374e+19
Pixel 892, 82, 1, 1, 4.80374e+19
=== 1292929 ===
--- pALPIDEfs_4 ---
Pixel 285, 254, 1, 1, 4.80374e+19
Pixel 286, 254, 1, 1, 4.80374e+19
=== 1302866 ===
--- pALPIDEfs_3 ---
Pixel 391, 183, 1, 1, 4.80374e+19
Pixel 391, 184, 1, 1, 4.80374e+19
Pixel 392, 183, 1, 1, 4.80374e+19
Pixel 392, 184, 1, 1, 4.80374e+19
Pixel 392, 185, 1, 1, 4.80374e+19
=== 1303082 ===
--- pALPIDEfs_4 ---
Pixel 551, 223, 1, 1, 4.80374e+19
Pixel 550, 223, 1, 1, 4.80374e+19
=== 1303349 ===
--- pALPIDEfs_4 ---
Pixel 225, 69, 1, 1, 4.80374e+19
Pixel 224, 70, 1, 1, 4.80374e+19
Pixel 225, 70, 1, 1, 4.80374e+19
Pixel 225, 71, 1, 1, 4.80374e+19
Pixel 226, 70, 1, 1, 4.80374e+19
Pixel 226, 71, 1, 1, 4.80374e+19
=== 1324691 ===
--- pALPIDEfs_5 ---
Pixel 943, 254, 1, 1, 4.80374e+19
Pixel 945, 253, 1, 1, 4.80374e+19
Pixel 944, 253, 1, 1, 4.80374e+19
Pixel 944, 254, 1, 1, 4.80374e+19
Pixel 945, 254, 1, 1, 4.80374e+19
Pixel 945, 255, 1, 1, 4.80374e+19
Pixel 944, 255, 1, 1, 4.80374e+19
=== 1334672 ===
--- pALPIDEfs_0 ---
Pixel 962, 312, 1, 1, 4.80374e+19
=== 1339571 ===
--- pALPIDEfs_2 ---
Pixel 704, 93, 1, 1, 4.80374e+19
=== 1365008 ===
--- pALPIDEfs_1 ---
Pixel 293, 123, 1, 1, 4.80374e+19
--- pALPIDEfs_2 ---
Pixel 13, 248, 1, 1, 4.80374e+19
Pixel 13, 249, 1, 1, 4.80374e+19
=== 1381631 ===
--- pALPIDEfs_3 ---
Pixel 53, 497, 1, 1, 4.80374e+19
Pixel 53, 498, 1, 1, 4.80374e+19
Pixel 53, 499, 1, 1, 4.80374e+19
Pixel 54, 497, 1, 1, 4.80374e+19
Pixel 54, 498, 1, 1, 4.80374e+19
=== 1388647 ===
--- pALPIDEfs_1 ---
Pixel 543, 7, 1, 1, 4.80374e+19
Pixel 544, 7, 1, 1, 4.80374e+19
Pixel 544, 8, 1, 1, 4.80374e+19
=== 1391361 ===
--- pALPIDEfs_1 ---
Pixel 11, 371, 1, 1, 4.80374e+19
Pixel 11, 372, 1, 1, 4.80374e+19
=== 1412921 ===
--- pALPIDEfs_2 ---
Pixel 69, 48, 1, 1, 4.80374e+19
Pixel 69, 49, 1, 1, 4.80374e+19
=== 1417480 ===
--- pALPIDEfs_0 ---
Pixel 89, 328, 1, 1, 4.80374e+19
--- pALPIDEfs_1 ---
Pixel 745, 368, 1, 1, 4.80374e+19
--- pALPIDEfs_2 ---
Pixel 624, 213, 1, 1, 4.80374e+19
=== 1422712 ===
--- pALPIDEfs_2 ---
Pixel 500, 271, 1, 1, 4.80374e+19
=== 1427135 ===
--- pALPIDEfs_2 ---
Pixel 271, 499, 1, 1, 4.80374e+19
Pixel 271, 500, 1, 1, 4.80374e+19
=== 1431969 ===
--- pALPIDEfs_3 ---
Pixel 70, 234, 1, 1, 4.80374e+19
=== 1439072 ===
--- pALPIDEfs_1 ---
Pixel 415, 19, 1, 1, 4.80374e+19
=== 1446472 ===
--- pALPIDEfs_0 ---
Pixel 173, 293, 1, 1, 4.80374e+19
Pixel 172, 294, 1, 1, 4.80374e+19
Pixel 173, 294, 1, 1, 4.80374e+19
Pixel 173, 295, 1, 1, 4.80374e+19
Pixel 174, 293, 1, 1, 4.80374e+19
Pixel 174, 294, 1, 1, 4.80374e+19
=== 1458023 ===
--- pALPIDEfs_0 ---
Pixel 518, 197, 1, 1, 4.80374e+19
Pixel 518, 198, 1, 1, 4.80374e+19
=== 1476486 ===
--- pALPIDEfs_0 ---
Pixel 760, 311, 1, 1, 4.80374e+19
Pixel 760, 312, 1, 1, 4.80374e+19
Pixel 761, 312, 1, 1, 4.80374e+19
Pixel 761, 313, 1, 1, 4.80374e+19
Pixel 762, 312, 1, 1, 4.80374e+19
Pixel 763, 313, 1, 1, 4.80374e+19
Pixel 762, 313, 1, 1, 4.80374e+19
Pixel 763, 314, 1, 1, 4.80374e+19
=== 1487870 ===
--- pALPIDEfs_3 ---
Pixel 673, 461, 1, 1, 4.80374e+19
Pixel 672, 461, 1, 1, 4.80374e+19
Pixel 672, 462, 1, 1, 4.80374e+19
Pixel 673, 462, 1, 1, 4.80374e+19
=== 1489201 ===
--- pALPIDEfs_0 ---
Pixel 160, 113, 1, 1, 4.80374e+19
Pixel 160, 114, 1, 1, 4.80374e+19
Pixel 161, 114, 1, 1, 4.80374e+19
=== 1492106 ===
--- pALPIDEfs_6 ---
Pixel 53, 421, 1, 1, 4.80374e+19
=== 1504709 ===
--- pALPIDEfs_1 ---
Pixel 643, 14, 1, 1, 4.80374e+19
--- pALPIDEfs_2 ---
Pixel 897, 305, 1, 1, 4.80374e+19
Pixel 897, 306, 1, 1, 4.80374e+19
=== 1504710 ===
--- pALPIDEfs_1 ---
Pixel 643, 14, 1, 1, 4.80374e+19
--- pALPIDEfs_2 ---
Pixel 897, 305, 1, 1, 4.80374e+19
Pixel 897, 306, 1, 1, 4.80374e+19
=== 1515513 ===
--- pALPIDEfs_5 ---
Pixel 993, 180, 1, 1, 4.80374e+19
Pixel 993, 181, 1, 1, 4.80374e+19
Pixel 994, 180, 1, 1, 4.80374e+19
Pixel 994, 181, 1, 1, 4.80374e+19
--- pALPIDEfs_6 ---
Pixel 828, 5, 1, 1, 4.80374e+19
Pixel 828, 6, 1, 1, 4.80374e+19
=== 1517459 ===
--- pALPIDEfs_3 ---
Pixel 413, 240, 1, 1, 4.80374e+19
=== 1530678 ===
--- pALPIDEfs_3 ---
Pixel 572, 14, 1, 1, 4.80374e+19
Pixel 573, 15, 1, 1, 4.80374e+19
Pixel 572, 15, 1, 1, 4.80374e+19
Pixel 574, 16, 1, 1, 4.80374e+19
Pixel 575, 16, 1, 1, 4.80374e+19
Pixel 575, 17, 1, 1, 4.80374e+19
Pixel 574, 17, 1, 1, 4.80374e+19
Pixel 574, 18, 1, 1, 4.80374e+19
Pixel 575, 18, 1, 1, 4.80374e+19
Pixel 576, 18, 1, 1, 4.80374e+19
Pixel 577, 19, 1, 1, 4.80374e+19
Pixel 576, 19, 1, 1, 4.80374e+19
Pixel 576, 20, 1, 1, 4.80374e+19
Pixel 577, 20, 1, 1, 4.80374e+19
Pixel 577, 21, 1, 1, 4.80374e+19
Pixel 578, 21, 1, 1, 4.80374e+19
Pixel 578, 22, 1, 1, 4.80374e+19
Pixel 579, 22, 1, 1, 4.80374e+19
Pixel 579, 23, 1, 1, 4.80374e+19
Pixel 578, 23, 1, 1, 4.80374e+19
Pixel 579, 24, 1, 1, 4.80374e+19
=== 1537303 ===
--- pALPIDEfs_1 ---
Pixel 70, 155, 1, 1, 4.80374e+19
Pixel 71, 156, 1, 1, 4.80374e+19
=== 1555122 ===
--- pALPIDEfs_5 ---
Pixel 803, 199, 1, 1, 4.80374e+19
Pixel 802, 199, 1, 1, 4.80374e+19
Pixel 802, 200, 1, 1, 4.80374e+19
Pixel 803, 200, 1, 1, 4.80374e+19
=== 1573574 ===
--- pALPIDEfs_6 ---
Pixel 210, 84, 1, 1, 4.80374e+19
Pixel 211, 84, 1, 1, 4.80374e+19
Pixel 211, 85, 1, 1, 4.80374e+19
=== 1576616 ===
--- pALPIDEfs_0 ---
Pixel 459, 375, 1, 1, 4.80374e+19
Pixel 459, 376, 1, 1, 4.80374e+19
Pixel 460, 375, 1, 1, 4.80374e+19
Pixel 460, 376, 1, 1, 4.80374e+19
=== 1606148 ===
--- pALPIDEfs_0 ---
Pixel 460, 424, 1, 1, 4.80374e+19
Pixel 461, 425, 1, 1, 4.80374e+19
Pixel 460, 425, 1, 1, 4.80374e+19
Pixel 461, 426, 1, 1, 4.80374e+19
=== 1611522 ===
--- pALPIDEfs_4 ---
Pixel 951, 281, 1, 1, 4.80374e+19
Pixel 950, 282, 1, 1, 4.80374e+19
Pixel 951, 282, 1, 1, 4.80374e+19
=== 1618974 ===
--- pALPIDEfs_0 ---
Pixel 591, 25, 1, 1, 4.80374e+19
Pixel 592, 25, 1, 1, 4.80374e+19
Pixel 592, 26, 1, 1, 4.80374e+19
=== 1631529 ===
--- pALPIDEfs_0 ---
Pixel 48, 238, 1, 1, 4.80374e+19
Pixel 49, 238, 1, 1, 4.80374e+19
--- pALPIDEfs_1 ---
Pixel 557, 347, 1, 1, 4.80374e+19
=== 1633261 ===
--- pALPIDEfs_2 ---
Pixel 973, 194, 1, 1, 4.80374e+19
Pixel 973, 195, 1, 1, 4.80374e+19
=== 1645729 ===
--- pALPIDEfs_2 ---
Pixel 156, 23, 1, 1, 4.80374e+19
=== 1645730 ===
--- pALPIDEfs_2 ---
Pixel 156, 23, 1, 1, 4.80374e+19
=== 1653677 ===
--- pALPIDEfs_0 ---
Pixel 921, 477, 1, 1, 4.80374e+19
Pixel 920, 477, 1, 1, 4.80374e+19
Pixel 920, 478, 1, 1, 4.80374e+19
=== 1662999 ===
--- pALPIDEfs_1 ---
Pixel 29, 148, 1, 1, 4.80374e+19
Pixel 29, 149, 1, 1, 4.80374e+19
Pixel 30, 149, 1, 1, 4.80374e+19
=== 1707316 ===
--- pALPIDEfs_5 ---
Pixel 549, 399, 1, 1, 4.80374e+19
Pixel 548, 400, 1, 1, 4.80374e+19
Pixel 549, 400, 1, 1, 4.80374e+19
Pixel 550, 399, 1, 1, 4.80374e+19
=== 1717266 ===
--- pALPIDEfs_0 ---
Pixel 253, 332, 1, 1, 4.80374e+19
Pixel 254, 332, 1, 1, 4.80374e+19
=== 1719349 ===
--- pALPIDEfs_4 ---
Pixel 809, 432, 1, 1, 4.80374e+19
Pixel 809, 433, 1, 1, 4.80374e+19
Pixel 808, 433, 1, 1, 4.80374e+19
=== 1720224 ===
--- pALPIDEfs_5 ---
Pixel 953, 511, 1, 1, 4.80374e+19
=== 1726713 ===
--- pALPIDEfs_3 ---
Pixel 86, 28, 1, 1, 4.80374e+19
=== 1756842 ===
--- pALPIDEfs_4 ---
Pixel 73, 246, 1, 1, 4.80374e+19
Pixel 74, 244, 1, 1, 4.80374e+19
Pixel 75, 244, 1, 1, 4.80374e+19
Pixel 75, 245, 1, 1, 4.80374e+19
Pixel 74, 245, 1, 1, 4.80374e+19
Pixel 74, 246, 1, 1, 4.80374e+19
Pixel 75, 246, 1, 1, 4.80374e+19
Pixel 74, 247, 1, 1, 4.80374e+19
Pixel 76, 245, 1, 1, 4.80374e+19
Pixel 76, 246, 1, 1, 4.80374e+19
=== 1776938 ===
--- pALPIDEfs_5 ---
Pixel 135, 485, 1, 1, 4.80374e+19
Pixel 134, 485, 1, 1, 4.80374e+19
Pixel 134, 486, 1, 1, 4.80374e+19
Pixel 135, 486, 1, 1, 4.80374e+19
Pixel 135, 487, 1, 1, 4.80374e+19
Pixel 136, 486, 1, 1, 4.80374e+19
=== 1777389 ===
--- pALPIDEfs_3 ---
Pixel 536, 184, 1, 1, 4.80374e+19
Pixel 536, 185, 1, 1, 4.80374e+19
Pixel 536, 186, 1, 1, 4.80374e+19
=== 1788727 ===
--- pALPIDEfs_6 ---
Pixel 759, 431, 1, 1, 4.80374e+19
Pixel 758, 431, 1, 1, 4.80374e+19
Pixel 758, 432, 1, 1, 4.80374e+19
Pixel 759, 432, 1, 1, 4.80374e+19
=== 1802765 ===
--- pALPIDEfs_4 ---
Pixel 491, 33, 1, 1, 4.80374e+19
--- pALPIDEfs_5 ---
Pixel 648, 197, 1, 1, 4.80374e+19
--- pALPIDEfs_6 ---
Pixel 860, 306, 1, 1, 4.80374e+19
Pixel 860, 307, 1, 1, 4.80374e+19
=== 1810307 ===
--- pALPIDEfs_2 ---
Pixel 726, 320, 1, 1, 4.80374e+19
Pixel 726, 321, 1, 1, 4.80374e+19
Pixel 726, 322, 1, 1, 4.80374e+19
Pixel 726, 323, 1, 1, 4.80374e+19
Pixel 726, 324, 1, 1, 4.80374e+19
Pixel 727, 325, 1, 1, 4.80374e+19
Pixel 726, 325, 1, 1, 4.80374e+19
Pixel 727, 326, 1, 1, 4.80374e+19
Pixel 728, 326, 1, 1, 4.80374e+19
Pixel 729, 327, 1, 1, 4.80374e+19
Pixel 728, 327, 1, 1, 4.80374e+19
Pixel 728, 328, 1, 1, 4.80374e+19
Pixel 729, 328, 1, 1, 4.80374e+19
=== 1811692 ===
--- pALPIDEfs_3 ---
Pixel 557, 180, 1, 1, 4.80374e+19
=== 1813175 ===
--- pALPIDEfs_2 ---
Pixel 19, 450, 1, 1, 4.80374e+19
Pixel 19, 451, 1, 1, 4.80374e+19
Pixel 18, 451, 1, 1, 4.80374e+19
Pixel 18, 452, 1, 1, 4.80374e+19
Pixel 19, 452, 1, 1, 4.80374e+19
Pixel 19, 453, 1, 1, 4.80374e+19
Pixel 18, 453, 1, 1, 4.80374e+19
Pixel 20, 451, 1, 1, 4.80374e+19
Pixel 20, 452, 1, 1, 4.80374e+19
=== 1824316 ===
--- pALPIDEfs_3 ---
Pixel 807, 15, 1, 1, 4.80374e+19
Pixel 807, 16, 1, 1, 4.80374e+19
Pixel 807, 17, 1, 1, 4.80374e+19
Pixel 808, 15, 1, 1, 4.80374e+19
Pixel 808, 16, 1, 1, 4.80374e+19
Pixel 808, 17, 1, 1, 4.80374e+19
=== 1826300 ===
--- pALPIDEfs_6 ---
Pixel 200, 488, 1, 1, 4.80374e+19
Pixel 201, 488, 1, 1, 4.80374e+19
=== 1826916 ===
--- pALPIDEfs_6 ---
Pixel 793, 240, 1, 1, 4.80374e+19
Pixel 793, 241, 1, 1, 4.80374e+19
Pixel 793, 242, 1, 1, 4.80374e+19
Pixel 793, 243, 1, 1, 4.80374e+19
Pixel 794, 242, 1, 1, 4.80374e+19
Pixel 795, 243, 1, 1, 4.80374e+19
Pixel 794, 243, 1, 1, 4.80374e+19
Pixel 795, 244, 1, 1, 4.80374e+19
Pixel 796, 243, 1, 1, 4.80374e+19
Pixel 796, 244, 1, 1, 4.80374e+19
=== 1829584 ===
--- pALPIDEfs_6 ---
Pixel 519, 359, 1, 1, 4.80374e+19
Pixel 518, 359, 1, 1, 4.80374e+19
Pixel 518, 360, 1, 1, 4.80374e+19
Pixel 519, 360, 1, 1, 4.80374e+19
Pixel 521, 359, 1, 1, 4.80374e+19
Pixel 520, 359, 1, 1, 4.80374e+19
Pixel 520, 360, 1, 1, 4.80374e+19
Pixel 521, 360, 1, 1, 4.80374e+19
Pixel 522, 360, 1, 1, 4.80374e+19
=== 1831021 ===
--- pALPIDEfs_3 ---
Pixel 151, 65, 1, 1, 4.80374e+19
Pixel 150, 66, 1, 1, 4.80374e+19
Pixel 151, 66, 1, 1, 4.80374e+19
Pixel 152, 65, 1, 1, 4.80374e+19
Pixel 152, 66, 1, 1, 4.80374e+19
=== 1833306 ===
--- pALPIDEfs_2 ---
Pixel 581, 28, 1, 1, 4.80374e+19
Pixel 582, 27, 1, 1, 4.80374e+19
Pixel 582, 28, 1, 1, 4.80374e+19
Pixel 583, 28, 1, 1, 4.80374e+19
Pixel 583, 29, 1, 1, 4.80374e+19
=== 1840008 ===
--- pALPIDEfs_1 ---
Pixel 776, 399, 1, 1, 4.80374e+19
=== 1841691 ===
--- pALPIDEfs_4 ---
Pixel 389, 25, 1, 1, 4.80374e+19
Pixel 389, 26, 1, 1, 4.80374e+19
Pixel 389, 27, 1, 1, 4.80374e+19
=== 1856054 ===
--- pALPIDEfs_0 ---
Pixel 660, 420, 1, 1, 4.80374e+19
Pixel 661, 420, 1, 1, 4.80374e+19
Pixel 661, 421, 1, 1, 4.80374e+19
Pixel 660, 421, 1, 1, 4.80374e+19
Pixel 660, 422, 1, 1, 4.80374e+19
Pixel 661, 422, 1, 1, 4.80374e+19
Pixel 662, 421, 1, 1, 4.80374e+19
Pixel 662, 422, 1, 1, 4.80374e+19
=== 1863428 ===
--- pALPIDEfs_0 ---
Pixel 393, 134, 1, 1, 4.80374e+19
Pixel 393, 135, 1, 1, 4.80374e+19
Pixel 394, 134, 1, 1, 4.80374e+19
Pixel 394, 135, 1, 1, 4.80374e+19
Pixel 394, 136, 1, 1, 4.80374e+19
Pixel 395, 136, 1, 1, 4.80374e+19
Pixel 395, 137, 1, 1, 4.80374e+19
Pixel 397, 136, 1, 1, 4.80374e+19
Pixel 397, 137, 1, 1, 4.80374e+19
Pixel 396, 137, 1, 1, 4.80374e+19
Pixel 398, 136, 1, 1, 4.80374e+19
Pixel 398, 137, 1, 1, 4.80374e+19
=== 1864100 ===
--- pALPIDEfs_0 ---
Pixel 363, 206, 1, 1, 4.80374e+19
--- pALPIDEfs_1 ---
Pixel 17, 187, 1, 1, 4.80374e+19
Pixel 18, 187, 1, 1, 4.80374e+19
=== 1884990 ===
--- pALPIDEfs_3 ---
Pixel 557, 180, 1, 1, 4.80374e+19
=== 1900660 ===
--- pALPIDEfs_0 ---
Pixel 925, 459, 1, 1, 4.80374e+19
Pixel 925, 460, 1, 1, 4.80374e+19
Pixel 926, 459, 1, 1, 4.80374e+19
Pixel 926, 460, 1, 1, 4.80374e+19
=== 1912013 ===
--- pALPIDEfs_5 ---
Pixel 993, 445, 1, 1, 4.80374e+19
Pixel 992, 445, 1, 1, 4.80374e+19
Pixel 1019, 469, 1, 1, 4.80374e+19
Pixel 1019, 470, 1, 1, 4.80374e+19
Pixel 1021, 469, 1, 1, 4.80374e+19
Pixel 1020, 469, 1, 1, 4.80374e+19
Pixel 1020, 470, 1, 1, 4.80374e+19
Pixel 1021, 470, 1, 1, 4.80374e+19
=== 1927407 ===
--- pALPIDEfs_1 ---
Pixel 311, 385, 1, 1, 4.80374e+19
Pixel 311, 386, 1, 1, 4.80374e+19
Pixel 313, 385, 1, 1, 4.80374e+19
Pixel 312, 385, 1, 1, 4.80374e+19
=== 1941892 ===
--- pALPIDEfs_5 ---
Pixel 987, 464, 1, 1, 4.80374e+19
Pixel 987, 465, 1, 1, 4.80374e+19
Pixel 988, 464, 1, 1, 4.80374e+19
=== 1946137 ===
--- pALPIDEfs_1 ---
Pixel 7, 37, 1, 1, 4.80374e+19
Pixel 6, 37, 1, 1, 4.80374e+19
--- pALPIDEfs_2 ---
Pixel 344, 372, 1, 1, 4.80374e+19
Pixel 345, 372, 1, 1, 4.80374e+19
Pixel 345, 373, 1, 1, 4.80374e+19
Pixel 344, 373, 1, 1, 4.80374e+19
Pixel 345, 374, 1, 1, 4.80374e+19
Pixel 346, 373, 1, 1, 4.80374e+19
Pixel 346, 374, 1, 1, 4.80374e+19
Pixel 347, 374, 1, 1, 4.80374e+19
Pixel 347, 375, 1, 1, 4.80374e+19
Pixel 346, 375, 1, 1, 4.80374e+19
=== 1956496 ===
--- pALPIDEfs_3 ---
Pixel 79, 31, 1, 1, 4.80374e+19
Pixel 80, 31, 1, 1, 4.80374e+19
=== 1966296 ===
--- pALPIDEfs_2 ---
Pixel 473, 63, 1, 1, 4.80374e+19
Pixel 472, 63, 1, 1, 4.80374e+19
Pixel 472, 64, 1, 1, 4.80374e+19
Pixel 473, 64, 1, 1, 4.80374e+19
=== 1968630 ===
--- pALPIDEfs_3 ---
Pixel 562, 441, 1, 1, 4.80374e+19
Pixel 562, 442, 1, 1, 4.80374e+19
Pixel 563, 442, 1, 1, 4.80374e+19
Pixel 562, 468, 1, 1, 4.80374e+19
Pixel 563, 468, 1, 1, 4.80374e+19
=== 2012075 ===
--- pALPIDEfs_6 ---
Pixel 569, 119, 1, 1, 4.80374e+19
Pixel 568, 119, 1, 1, 4.80374e+19
=== 2018927 ===
--- pALPIDEfs_3 ---
Pixel 225, 110, 1, 1, 4.80374e+19
Pixel 226, 110, 1, 1, 4.80374e+19
--- pALPIDEfs_4 ---
Pixel 706, 17, 1, 1, 4.80374e+19
=== 2021369 ===
--- pALPIDEfs_5 ---
Pixel 211, 242, 1, 1, 4.80374e+19
Pixel 211, 243, 1, 1, 4.80374e+19
Pixel 212, 243, 1, 1, 4.80374e+19
=== 2022809 ===
--- pALPIDEfs_2 ---
Pixel 1014, 460, 1, 1, 4.80374e+19
=== 2033156 ===
--- pALPIDEfs_1 ---
Pixel 574, 12, 1, 1, 4.80374e+19
Pixel 575, 12, 1, 1, 4.80374e+19
--- pALPIDEfs_2 ---
Pixel 543, 195, 1, 1, 4.80374e+19
Pixel 543, 196, 1, 1, 4.80374e+19
--- pALPIDEfs_3 ---
Pixel 725, 275, 1, 1, 4.80374e+19
Pixel 724, 275, 1, 1, 4.80374e+19
Pixel 724, 276, 1, 1, 4.80374e+19
Pixel 725, 276, 1, 1, 4.80374e+19
--- pALPIDEfs_4 ---
Pixel 889, 282, 1, 1, 4.80374e+19
=== 2047677 ===
--- pALPIDEfs_5 ---
Pixel 493, 52, 1, 1, 4.80374e+19
Pixel 493, 53, 1, 1, 4.80374e+19
Pixel 494, 52, 1, 1, 4.80374e+19
=== 2070983 ===
--- pALPIDEfs_3 ---
Pixel 150, 44, 1, 1, 4.80374e+19
=== 2073100 ===
--- pALPIDEfs_5 ---
Pixel 284, 396, 1, 1, 4.80374e+19
Pixel 285, 396, 1, 1, 4.80374e+19
--- pALPIDEfs_6 ---
Pixel 531, 206, 1, 1, 4.80374e+19
Pixel 531, 207, 1, 1, 4.80374e+19
Pixel 532, 206, 1, 1, 4.80374e+19
Pixel 532, 207, 1, 1, 4.80374e+19
=== 2086238 ===
--- pALPIDEfs_1 ---
Pixel 384, 390, 1, 1, 4.80374e+19
Pixel 385, 390, 1, 1, 4.80374e+19
=== 2090690 ===
--- pALPIDEfs_0 ---
Pixel 779, 62, 1, 1, 4.80374e+19
Pixel 779, 63, 1, 1, 4.80374e+19
Pixel 780, 63, 1, 1, 4.80374e+19
=== 2102828 ===
--- pALPIDEfs_4 ---
Pixel 731, 21, 1, 1, 4.80374e+19
Pixel 732, 20, 1, 1, 4.80374e+19
Pixel 733, 20, 1, 1, 4.80374e+19
Pixel 733, 21, 1, 1, 4.80374e+19
Pixel 732, 21, 1, 1, 4.80374e+19
Pixel 732, 22, 1, 1, 4.80374e+19
=== 2109022 ===
--- pALPIDEfs_6 ---
Pixel 222, 488, 1, 1, 4.80374e+19
Pixel 223, 488, 1, 1, 4.80374e+19
Pixel 223, 489, 1, 1, 4.80374e+19
Pixel 222, 489, 1, 1, 4.80374e+19
Pixel 222, 490, 1, 1, 4.80374e+19
Pixel 223, 490, 1, 1, 4.80374e+19
Pixel 241, 470, 1, 1, 4.80374e+19
Pixel 242, 470, 1, 1, 4.80374e+19
Pixel 243, 470, 1, 1, 4.80374e+19
=== 2120239 ===
--- pALPIDEfs_6 ---
Pixel 496, 428, 1, 1, 4.80374e+19
Pixel 497, 428, 1, 1, 4.80374e+19
Pixel 497, 429, 1, 1, 4.80374e+19
Pixel 496, 429, 1, 1, 4.80374e+19
Pixel 496, 430, 1, 1, 4.80374e+19
Pixel 497, 453, 1, 1, 4.80374e+19
Pixel 497, 454, 1, 1, 4.80374e+19
Pixel 498, 453, 1, 1, 4.80374e+19
Pixel 498, 454, 1, 1, 4.80374e+19
=== 2126775 ===
--- pALPIDEfs_3 ---
Pixel 557, 180, 1, 1, 4.80374e+19
=== 2127263 ===
--- pALPIDEfs_1 ---
Pixel 953, 13, 1, 1, 4.80374e+19
Pixel 953, 14, 1, 1, 4.80374e+19
--- pALPIDEfs_2 ---
Pixel 310, 40, 1, 1, 4.80374e+19
Pixel 311, 40, 1, 1, 4.80374e+19
=== 2129995 ===
--- pALPIDEfs_4 ---
Pixel 183, 361, 1, 1, 4.80374e+19
Pixel 184, 361, 1, 1, 4.80374e+19
Pixel 184, 362, 1, 1, 4.80374e+19
=== 2130752 ===
--- pALPIDEfs_1 ---
Pixel 822, 167, 1, 1, 4.80374e+19
=== 2173451 ===
--- pALPIDEfs_4 ---
Pixel 351, 44, 1, 1, 4.80374e+19
Pixel 351, 45, 1, 1, 4.80374e+19
=== 2183825 ===
--- pALPIDEfs_6 ---
Pixel 945, 154, 1, 1, 4.80374e+19
=== 2184844 ===
--- pALPIDEfs_3 ---
Pixel 557, 180, 1, 1, 4.80374e+19
=== 2208274 ===
--- pALPIDEfs_6 ---
Pixel 573, 442, 1, 1, 4.80374e+19
Pixel 573, 443, 1, 1, 4.80374e+19
Pixel 575, 442, 1, 1, 4.80374e+19
Pixel 575, 443, 1, 1, 4.80374e+19
=== 2208563 ===
--- pALPIDEfs_0 ---
Pixel 11, 161, 1, 1, 4.80374e+19
Pixel 10, 161, 1, 1, 4.80374e+19
Pixel 10, 162, 1, 1, 4.80374e+19
Pixel 11, 162, 1, 1, 4.80374e+19
=== 2234415 ===
--- pALPIDEfs_6 ---
Pixel 375, 465, 1, 1, 4.80374e+19
Pixel 374, 465, 1, 1, 4.80374e+19
Pixel 374, 466, 1, 1, 4.80374e+19
Pixel 375, 466, 1, 1, 4.80374e+19
=== 2234428 ===
--- pALPIDEfs_0 ---
Pixel 618, 296, 1, 1, 4.80374e+19
Pixel 618, 297, 1, 1, 4.80374e+19
Pixel 618, 298, 1, 1, 4.80374e+19
=== 2238112 ===
--- pALPIDEfs_3 ---
Pixel 23, 47, 1, 1, 4.80374e+19
Pixel 25, 41, 1, 1, 4.80374e+19
Pixel 24, 41, 1, 1, 4.80374e+19
Pixel 24, 42, 1, 1, 4.80374e+19
Pixel 25, 42, 1, 1, 4.80374e+19
=== 2247986 ===
--- pALPIDEfs_3 ---
Pixel 557, 180, 1, 1, 4.80374e+19
=== 2274707 ===
--- pALPIDEfs_5 ---
Pixel 243, 63, 1, 1, 4.80374e+19
Pixel 242, 63, 1, 1, 4.80374e+19
Pixel 243, 64, 1, 1, 4.80374e+19
=== 2278945 ===
--- pALPIDEfs_1 ---
Pixel 157, 120, 1, 1, 4.80374e+19
Pixel 157, 121, 1, 1, 4.80374e+19
=== 2281577 ===
--- pALPIDEfs_6 ---
Pixel 115, 109, 1, 1, 4.80374e+19
Pixel 116, 109, 1, 1, 4.80374e+19
Pixel 116, 110, 1, 1, 4.80374e+19
=== 2293342 ===
--- pALPIDEfs_0 ---
Pixel 491, 415, 1, 1, 4.80374e+19
Pixel 492, 415, 1, 1, 4.80374e+19
--- pALPIDEfs_1 ---
Pixel 469, 163, 1, 1, 4.80374e+19
=== 2295702 ===
--- pALPIDEfs_6 ---
Pixel 659, 243, 1, 1, 4.80374e+19
Pixel 659, 244, 1, 1, 4.80374e+19
=== 2315326 ===
--- pALPIDEfs_3 ---
Pixel 557, 180, 1, 1, 4.80374e+19
=== 2333626 ===
--- pALPIDEfs_6 ---
Pixel 75, 72, 1, 1, 4.80374e+19
Pixel 75, 73, 1, 1, 4.80374e+19
Pixel 76, 72, 1, 1, 4.80374e+19
Pixel 76, 73, 1, 1, 4.80374e+19
=== 2404281 ===
--- pALPIDEfs_4 ---
Pixel 141, 464, 1, 1, 4.80374e+19
Pixel 141, 465, 1, 1, 4.80374e+19
Pixel 140, 465, 1, 1, 4.80374e+19
Pixel 140, 466, 1, 1, 4.80374e+19
=== 2405799 ===
--- pALPIDEfs_3 ---
Pixel 585, 461, 1, 1, 4.80374e+19
Pixel 586, 461, 1, 1, 4.80374e+19
=== 2419187 ===
--- pALPIDEfs_4 ---
Pixel 460, 493, 1, 1, 4.80374e+19
Pixel 460, 494, 1, 1, 4.80374e+19
Pixel 461, 494, 1, 1, 4.80374e+19
Pixel 460, 495, 1, 1, 4.80374e+19
=== 2423472 ===
--- pALPIDEfs_2 ---
Pixel 681, 117, 1, 1, 4.80374e+19
--- pALPIDEfs_3 ---
Pixel 344, 392, 1, 1, 4.80374e+19
Pixel 345, 392, 1, 1, 4.80374e+19
Pixel 345, 393, 1, 1, 4.80374e+19
Pixel 344, 393, 1, 1, 4.80374e+19
=== 2453027 ===
--- pALPIDEfs_2 ---
Pixel 1000, 418, 1, 1, 4.80374e+19
Pixel 1001, 418, 1, 1, 4.80374e+19
Pixel 1001, 419, 1, 1, 4.80374e+19
Pixel 1000, 419, 1, 1, 4.80374e+19
=== 2454812 ===
--- pALPIDEfs_3 ---
Pixel 373, 29, 1, 1, 4.80374e+19
Pixel 374, 29, 1, 1, 4.80374e+19
=== 2474485 ===
--- pALPIDEfs_2 ---
Pixel 776, 359, 1, 1, 4.80374e+19
Pixel 776, 360, 1, 1, 4.80374e+19
Pixel 777, 361, 1, 1, 4.80374e+19
Pixel 776, 361, 1, 1, 4.80374e+19
Pixel 776, 362, 1, 1, 4.80374e+19
Pixel 777, 362, 1, 1, 4.80374e+19
Pixel 777, 364, 1, 1, 4.80374e+19
Pixel 778, 366, 1, 1, 4.80374e+19
Pixel 778, 367, 1, 1, 4.80374e+19
Pixel 778, 368, 1, 1, 4.80374e+19
Pixel 779, 368, 1, 1, 4.80374e+19
Pixel 779, 369, 1, 1, 4.80374e+19
Pixel 779, 370, 1, 1, 4.80374e+19
Pixel 780, 370, 1, 1, 4.80374e+19
Pixel 780, 371, 1, 1, 4.80374e+19
Pixel 780, 372, 1, 1, 4.80374e+19
Pixel 781, 372, 1, 1, 4.80374e+19
Pixel 781, 373, 1, 1, 4.80374e+19
=== 2483636 ===
--- pALPIDEfs_3 ---
Pixel 224, 284, 1, 1, 4.80374e+19
Pixel 225, 285, 1, 1, 4.80374e+19
Pixel 224, 285, 1, 1, 4.80374e+19
Pixel 225, 286, 1, 1, 4.80374e+19
=== 2483879 ===
--- pALPIDEfs_0 ---
Pixel 313, 167, 1, 1, 4.80374e+19
=== 2483880 ===
--- pALPIDEfs_0 ---
Pixel 313, 166, 1, 1, 4.80374e+19
Pixel 312, 167, 1, 1, 4.80374e+19
=== 2500604 ===
--- pALPIDEfs_1 ---
Pixel 773, 65, 1, 1, 4.80374e+19
=== 2505567 ===
--- pALPIDEfs_1 ---
Pixel 205, 20, 1, 1, 4.80374e+19
Pixel 205, 21, 1, 1, 4.80374e+19
=== 2512245 ===
--- pALPIDEfs_4 ---
Pixel 152, 178, 1, 1, 4.80374e+19
Pixel 153, 178, 1, 1, 4.80374e+19
--- pALPIDEfs_5 ---
Pixel 399, 109, 1, 1, 4.80374e+19
Pixel 399, 110, 1, 1, 4.80374e+19
Pixel 400, 110, 1, 1, 4.80374e+19
Pixel 400, 111, 1, 1, 4.80374e+19
=== 2518916 ===
--- pALPIDEfs_5 ---
Pixel 495, 492, 1, 1, 4.80374e+19
Pixel 495, 493, 1, 1, 4.80374e+19
Pixel 495, 494, 1, 1, 4.80374e+19
Pixel 496, 492, 1, 1, 4.80374e+19
=== 2527352 ===
--- pALPIDEfs_0 ---
Pixel 625, 97, 1, 1, 4.80374e+19
Pixel 626, 97, 1, 1, 4.80374e+19
=== 2549915 ===
--- pALPIDEfs_3 ---
Pixel 557, 180, 1, 1, 4.80374e+19
=== 2560824 ===
--- pALPIDEfs_1 ---
Pixel 34, 186, 1, 1, 4.80374e+19
Pixel 35, 186, 1, 1, 4.80374e+19
=== 2563356 ===
--- pALPIDEfs_4 ---
Pixel 337, 487, 1, 1, 4.80374e+19
Pixel 337, 488, 1, 1, 4.80374e+19
=== 2564793 ===
--- pALPIDEfs_3 ---
Pixel 336, 374, 1, 1, 4.80374e+19
Pixel 337, 374, 1, 1, 4.80374e+19
Pixel 337, 375, 1, 1, 4.80374e+19
Pixel 336, 375, 1, 1, 4.80374e+19
=== 2566847 ===
--- pALPIDEfs_2 ---
Pixel 157, 344, 1, 1, 4.80374e+19
Pixel 157, 345, 1, 1, 4.80374e+19
Pixel 156, 345, 1, 1, 4.80374e+19
Pixel 156, 346, 1, 1, 4.80374e+19
Pixel 157, 346, 1, 1, 4.80374e+19
=== 2580142 ===
--- pALPIDEfs_1 ---
Pixel 2, 251, 1, 1, 4.80374e+19
=== 2581392 ===
--- pALPIDEfs_1 ---
Pixel 458, 396, 1, 1, 4.80374e+19
Pixel 459, 396, 1, 1, 4.80374e+19
Pixel 459, 397, 1, 1, 4.80374e+19
=== 2598557 ===
--- pALPIDEfs_0 ---
Pixel 417, 490, 1, 1, 4.80374e+19
Pixel 417, 491, 1, 1, 4.80374e+19
--- pALPIDEfs_1 ---
Pixel 477, 482, 1, 1, 4.80374e+19
--- pALPIDEfs_2 ---
Pixel 563, 369, 1, 1, 4.80374e+19
--- pALPIDEfs_3 ---
Pixel 648, 325, 1, 1, 4.80374e+19
Pixel 648, 326, 1, 1, 4.80374e+19
--- pALPIDEfs_4 ---
Pixel 755, 270, 1, 1, 4.80374e+19
Pixel 756, 270, 1, 1, 4.80374e+19
--- pALPIDEfs_5 ---
Pixel 833, 258, 1, 1, 4.80374e+19
Pixel 834, 258, 1, 1, 4.80374e+19
--- pALPIDEfs_6 ---
Pixel 964, 192, 1, 1, 4.80374e+19
Pixel 965, 192, 1, 1, 4.80374e+19
Pixel 965, 193, 1, 1, 4.80374e+19
Pixel 964, 193, 1, 1, 4.80374e+19
=== 2599499 ===
--- pALPIDEfs_1 ---
Pixel 992, 63, 1, 1, 4.80374e+19
=== 2611706 ===
--- pALPIDEfs_0 ---
Pixel 363, 486, 1, 1, 4.80374e+19
Pixel 363, 487, 1, 1, 4.80374e+19
Pixel 362, 487, 1, 1, 4.80374e+19
Pixel 362, 488, 1, 1, 4.80374e+19
Pixel 363, 488, 1, 1, 4.80374e+19
=== 2612866 ===
--- pALPIDEfs_3 ---
Pixel 533, 27, 1, 1, 4.80374e+19
Pixel 532, 27, 1, 1, 4.80374e+19
Pixel 532, 28, 1, 1, 4.80374e+19
Pixel 533, 28, 1, 1, 4.80374e+19
=== 2625234 ===
--- pALPIDEfs_1 ---
Pixel 261, 13, 1, 1, 4.80374e+19
Pixel 261, 14, 1, 1, 4.80374e+19
--- pALPIDEfs_2 ---
Pixel 122, 49, 1, 1, 4.80374e+19
=== 2646507 ===
--- pALPIDEfs_0 ---
Pixel 691, 372, 1, 1, 4.80374e+19
Pixel 692, 372, 1, 1, 4.80374e+19
=== 2678041 ===
--- pALPIDEfs_3 ---
Pixel 815, 509, 1, 1, 4.80374e+19
Pixel 815, 510, 1, 1, 4.80374e+19
Pixel 816, 509, 1, 1, 4.80374e+19
Pixel 816, 510, 1, 1, 4.80374e+19
=== 2679250 ===
--- pALPIDEfs_0 ---
Pixel 533, 288, 1, 1, 4.80374e+19
=== 2679308 ===
--- pALPIDEfs_3 ---
Pixel 557, 180, 1, 1, 4.80374e+19
=== 2683264 ===
--- pALPIDEfs_0 ---
Pixel 561, 352, 1, 1, 4.80374e+19
=== 2702100 ===
--- pALPIDEfs_0 ---
Pixel 908, 101, 1, 1, 4.80374e+19
Pixel 908, 102, 1, 1, 4.80374e+19
=== 2742796 ===
--- pALPIDEfs_0 ---
Pixel 95, 72, 1, 1, 4.80374e+19
Pixel 95, 73, 1, 1, 4.80374e+19
=== 2745409 ===
--- pALPIDEfs_4 ---
Pixel 565, 501, 1, 1, 4.80374e+19
Pixel 564, 501, 1, 1, 4.80374e+19
=== 2761287 ===
--- pALPIDEfs_0 ---
Pixel 1006, 149, 1, 1, 4.80374e+19
Pixel 1006, 150, 1, 1, 4.80374e+19
=== 2774128 ===
--- pALPIDEfs_6 ---
Pixel 436, 381, 1, 1, 4.80374e+19
Pixel 436, 382, 1, 1, 4.80374e+19
=== 2787207 ===
--- pALPIDEfs_4 ---
Pixel 911, 362, 1, 1, 4.80374e+19
Pixel 911, 363, 1, 1, 4.80374e+19
=== 2791801 ===
--- pALPIDEfs_3 ---
Pixel 395, 299, 1, 1, 4.80374e+19
=== 2795152 ===
--- pALPIDEfs_3 ---
Pixel 557, 180, 1, 1, 4.80374e+19
=== 2803944 ===
--- pALPIDEfs_1 ---
Pixel 549, 61, 1, 1, 4.80374e+19
Pixel 550, 61, 1, 1, 4.80374e+19
--- pALPIDEfs_2 ---
Pixel 683, 28, 1, 1, 4.80374e+19
Pixel 684, 28, 1, 1, 4.80374e+19
--- pALPIDEfs_3 ---
Pixel 821, 64, 1, 1, 4.80374e+19
Pixel 821, 65, 1, 1, 4.80374e+19
--- pALPIDEfs_4 ---
Pixel 981, 89, 1, 1, 4.80374e+19
Pixel 980, 89, 1, 1, 4.80374e+19
Pixel 980, 90, 1, 1, 4.80374e+19
Pixel 981, 90, 1, 1, 4.80374e+19
=== 2804810 ===
--- pALPIDEfs_4 ---
Pixel 62, 479, 1, 1, 4.80374e+19
Pixel 62, 480, 1, 1, 4.80374e+19
--- pALPIDEfs_5 ---
Pixel 165, 98, 1, 1, 4.80374e+19
Pixel 165, 99, 1, 1, 4.80374e+19
Pixel 166, 98, 1, 1, 4.80374e+19
Pixel 401, 265, 1, 1, 4.80374e+19
Pixel 401, 266, 1, 1, 4.80374e+19
=== 2828992 ===
--- pALPIDEfs_4 ---
Pixel 565, 297, 1, 1, 4.80374e+19
Pixel 564, 298, 1, 1, 4.80374e+19
Pixel 565, 298, 1, 1, 4.80374e+19
=== 2844416 ===
--- pALPIDEfs_3 ---
Pixel 557, 180, 1, 1, 4.80374e+19
=== 2869102 ===
--- pALPIDEfs_6 ---
Pixel 295, 244, 1, 1, 4.80374e+19
Pixel 295, 245, 1, 1, 4.80374e+19
Pixel 294, 245, 1, 1, 4.80374e+19
Pixel 294, 246, 1, 1, 4.80374e+19
Pixel 295, 246, 1, 1, 4.80374e+19
Pixel 296, 245, 1, 1, 4.80374e+19
=== 2895040 ===
--- pALPIDEfs_0 ---
Pixel 409, 236, 1, 1, 4.80374e+19
Pixel 410, 236, 1, 1, 4.80374e+19
Pixel 410, 237, 1, 1, 4.80374e+19
Pixel 410, 238, 1, 1, 4.80374e+19
Pixel 411, 238, 1, 1, 4.80374e+19
Pixel 411, 239, 1, 1, 4.80374e+19
=== 2899700 ===
--- pALPIDEfs_6 ---
Pixel 285, 210, 1, 1, 4.80374e+19
=== 2905132 ===
--- pALPIDEfs_2 ---
Pixel 327, 390, 1, 1, 4.80374e+19
=== 2912510 ===
--- pALPIDEfs_3 ---
Pixel 305, 320, 1, 1, 4.80374e+19
Pixel 306, 320, 1, 1, 4.80374e+19
Pixel 307, 320, 1, 1, 4.80374e+19
=== 2916574 ===
--- pALPIDEfs_6 ---
Pixel 30, 268, 1, 1, 4.80374e+19
Pixel 31, 268, 1, 1, 4.80374e+19
Pixel 31, 269, 1, 1, 4.80374e+19
Pixel 30, 269, 1, 1, 4.80374e+19
=== 2934528 ===
--- pALPIDEfs_4 ---
Pixel 619, 347, 1, 1, 4.80374e+19
Pixel 620, 347, 1, 1, 4.80374e+19
--- pALPIDEfs_5 ---
Pixel 757, 211, 1, 1, 4.80374e+19
=== 2938926 ===
--- pALPIDEfs_4 ---
Pixel 913, 367, 1, 1, 4.80374e+19
Pixel 912, 368, 1, 1, 4.80374e+19
Pixel 913, 368, 1, 1, 4.80374e+19
Pixel 913, 369, 1, 1, 4.80374e+19
Pixel 912, 369, 1, 1, 4.80374e+19
Pixel 912, 370, 1, 1, 4.80374e+19
Pixel 913, 370, 1, 1, 4.80374e+19
Pixel 913, 371, 1, 1, 4.80374e+19
Pixel 913, 372, 1, 1, 4.80374e+19
Pixel 914, 370, 1, 1, 4.80374e+19
Pixel 914, 371, 1, 1, 4.80374e+19
=== 2944192 ===
--- pALPIDEfs_0 ---
Pixel 771, 69, 1, 1, 4.80374e+19
Pixel 772, 69, 1, 1, 4.80374e+19
=== 2944938 ===
--- pALPIDEfs_5 ---
Pixel 13, 365, 1, 1, 4.80374e+19
Pixel 12, 365, 1, 1, 4.80374e+19
Pixel 13, 366, 1, 1, 4.80374e+19
Pixel 14, 365, 1, 1, 4.80374e+19
=== 2962554 ===
--- pALPIDEfs_2 ---
Pixel 129, 139, 1, 1, 4.80374e+19
Pixel 129, 140, 1, 1, 4.80374e+19
Pixel 130, 139, 1, 1, 4.80374e+19
Pixel 130, 140, 1, 1, 4.80374e+19
=== 2963989 ===
--- pALPIDEfs_0 ---
Pixel 11, 92, 1, 1, 4.80374e+19
=== 2991525 ===
--- pALPIDEfs_1 ---
Pixel 850, 253, 1, 1, 4.80374e+19
--- pALPIDEfs_2 ---
Pixel 701, 503, 1, 1, 4.80374e+19
Pixel 701, 504, 1, 1, 4.80374e+19
=== 2996796 ===
--- pALPIDEfs_4 ---
Pixel 185, 281, 1, 1, 4.80374e+19
Pixel 184, 281, 1, 1, 4.80374e+19
Pixel 184, 282, 1, 1, 4.80374e+19
Pixel 185, 282, 1, 1, 4.80374e+19
=== 3009324 ===
--- pALPIDEfs_2 ---
Pixel 797, 76, 1, 1, 4.80374e+19
Pixel 797, 77, 1, 1, 4.80374e+19
Pixel 798, 76, 1, 1, 4.80374e+19
Pixel 798, 77, 1, 1, 4.80374e+19
=== 3063014 ===
--- pALPIDEfs_3 ---
Pixel 361, 393, 1, 1, 4.80374e+19
Pixel 360, 393, 1, 1, 4.80374e+19
--- pALPIDEfs_4 ---
Pixel 800, 231, 1, 1, 4.80374e+19
=== 3079540 ===
--- pALPIDEfs_3 ---
Pixel 557, 180, 1, 1, 4.80374e+19
=== 3110687 ===
--- pALPIDEfs_1 ---
Pixel 454, 99, 1, 1, 4.80374e+19
Pixel 454, 100, 1, 1, 4.80374e+19
=== 3156096 ===
--- pALPIDEfs_4 ---
Pixel 873, 345, 1, 1, 4.80374e+19
Pixel 872, 345, 1, 1, 4.80374e+19
Pixel 872, 346, 1, 1, 4.80374e+19
Pixel 873, 346, 1, 1, 4.80374e+19
=== 3169173 ===
--- pALPIDEfs_1 ---
Pixel 245, 344, 1, 1, 4.80374e+19
Pixel 245, 345, 1, 1, 4.80374e+19
--- pALPIDEfs_2 ---
Pixel 259, 500, 1, 1, 4.80374e+19
Pixel 260, 500, 1, 1, 4.80374e+19
Pixel 261, 504, 1, 1, 4.80374e+19
=== 3172436 ===
--- pALPIDEfs_0 ---
Pixel 24, 494, 1, 1, 4.80374e+19
Pixel 25, 494, 1, 1, 4.80374e+19
Pixel 25, 495, 1, 1, 4.80374e+19
=== 3185097 ===
--- pALPIDEfs_5 ---
Pixel 741, 215, 1, 1, 4.80374e+19
Pixel 741, 216, 1, 1, 4.80374e+19
Pixel 741, 217, 1, 1, 4.80374e+19
Pixel 741, 218, 1, 1, 4.80374e+19
Pixel 742, 215, 1, 1, 4.80374e+19
Pixel 742, 216, 1, 1, 4.80374e+19
Pixel 742, 217, 1, 1, 4.80374e+19
Pixel 742, 218, 1, 1, 4.80374e+19
=== 3206665 ===
--- pALPIDEfs_5 ---
Pixel 51, 19, 1, 1, 4.80374e+19
Pixel 51, 20, 1, 1, 4.80374e+19
=== 3229169 ===
--- pALPIDEfs_2 ---
Pixel 395, 27, 1, 1, 4.80374e+19
Pixel 394, 27, 1, 1, 4.80374e+19
=== 3233187 ===
--- pALPIDEfs_2 ---
Pixel 896, 116, 1, 1, 4.80374e+19
--- pALPIDEfs_3 ---
Pixel 727, 12, 1, 1, 4.80374e+19
Pixel 728, 12, 1, 1, 4.80374e+19
=== 3247196 ===
--- pALPIDEfs_1 ---
Pixel 336, 356, 1, 1, 4.80374e+19
Pixel 336, 357, 1, 1, 4.80374e+19
=== 3257591 ===
--- pALPIDEfs_2 ---
Pixel 23, 508, 1, 1, 4.80374e+19
Pixel 23, 509, 1, 1, 4.80374e+19
Pixel 24, 509, 1, 1, 4.80374e+19
=== 3257592 ===
--- pALPIDEfs_2 ---
Pixel 23, 509, 1, 1, 4.80374e+19
=== 3263564 ===
--- pALPIDEfs_6 ---
Pixel 155, 144, 1, 1, 4.80374e+19
Pixel 156, 143, 1, 1, 4.80374e+19
Pixel 156, 144, 1, 1, 4.80374e+19
=== 3295104 ===
--- pALPIDEfs_4 ---
Pixel 617, 99, 1, 1, 4.80374e+19
Pixel 618, 98, 1, 1, 4.80374e+19
Pixel 618, 99, 1, 1, 4.80374e+19
=== 3296369 ===
--- pALPIDEfs_0 ---
Pixel 487, 217, 1, 1, 4.80374e+19
Pixel 487, 218, 1, 1, 4.80374e+19
=== 3305887 ===
--- pALPIDEfs_0 ---
Pixel 711, 265, 1, 1, 4.80374e+19
Pixel 711, 266, 1, 1, 4.80374e+19
--- pALPIDEfs_1 ---
Pixel 438, 285, 1, 1, 4.80374e+19
Pixel 438, 286, 1, 1, 4.80374e+19
--- pALPIDEfs_2 ---
Pixel 186, 202, 1, 1, 4.80374e+19
Pixel 186, 203, 1, 1, 4.80374e+19
=== 3314781 ===
--- pALPIDEfs_3 ---
Pixel 557, 180, 1, 1, 4.80374e+19
=== 3329400 ===
--- pALPIDEfs_0 ---
Pixel 465, 216, 1, 1, 4.80374e+19
Pixel 465, 217, 1, 1, 4.80374e+19
Pixel 464, 217, 1, 1, 4.80374e+19
=== 3340539 ===
--- pALPIDEfs_2 ---
Pixel 943, 311, 1, 1, 4.80374e+19
Pixel 942, 311, 1, 1, 4.80374e+19
Pixel 943, 312, 1, 1, 4.80374e+19
Pixel 943, 313, 1, 1, 4.80374e+19
Pixel 944, 311, 1, 1, 4.80374e+19
Pixel 944, 312, 1, 1, 4.80374e+19
Pixel 944, 313, 1, 1, 4.80374e+19
=== 3364135 ===
--- pALPIDEfs_0 ---
Pixel 683, 231, 1, 1, 4.80374e+19
Pixel 684, 231, 1, 1, 4.80374e+19
=== 3368745 ===
--- pALPIDEfs_0 ---
Pixel 46, 20, 1, 1, 4.80374e+19
Pixel 47, 20, 1, 1, 4.80374e+19
--- pALPIDEfs_1 ---
Pixel 183, 374, 1, 1, 4.80374e+19
Pixel 471, 61, 1, 1, 4.80374e+19
=== 3379795 ===
--- pALPIDEfs_6 ---
Pixel 93, 339, 1, 1, 4.80374e+19
=== 3397654 ===
--- pALPIDEfs_2 ---
Pixel 267, 421, 1, 1, 4.80374e+19
Pixel 267, 422, 1, 1, 4.80374e+19
Pixel 268, 421, 1, 1, 4.80374e+19
Pixel 268, 422, 1, 1, 4.80374e+19
--- pALPIDEfs_3 ---
Pixel 237, 9, 1, 1, 4.80374e+19
Pixel 237, 10, 1, 1, 4.80374e+19
=== 3407504 ===
--- pALPIDEfs_2 ---
Pixel 427, 433, 1, 1, 4.80374e+19
Pixel 428, 433, 1, 1, 4.80374e+19
Pixel 428, 434, 1, 1, 4.80374e+19
=== 3422881 ===
--- pALPIDEfs_6 ---
Pixel 987, 97, 1, 1, 4.80374e+19
=== 3435535 ===
--- pALPIDEfs_6 ---
Pixel 369, 144, 1, 1, 4.80374e+19
Pixel 369, 145, 1, 1, 4.80374e+19
Pixel 370, 144, 1, 1, 4.80374e+19
Pixel 370, 145, 1, 1, 4.80374e+19
=== 3436158 ===
--- pALPIDEfs_1 ---
Pixel 412, 47, 1, 1, 4.80374e+19
Pixel 412, 48, 1, 1, 4.80374e+19
--- pALPIDEfs_2 ---
Pixel 562, 67, 1, 1, 4.80374e+19
Pixel 562, 68, 1, 1, 4.80374e+19
--- pALPIDEfs_3 ---
Pixel 716, 157, 1, 1, 4.80374e+19
--- pALPIDEfs_4 ---
Pixel 891, 234, 1, 1, 4.80374e+19
Pixel 891, 235, 1, 1, 4.80374e+19
=== 3438499 ===
--- pALPIDEfs_3 ---
Pixel 557, 180, 1, 1, 4.80374e+19
=== 3442418 ===
--- pALPIDEfs_0 ---
Pixel 45, 331, 1, 1, 4.80374e+19
=== 3462728 ===
--- pALPIDEfs_5 ---
Pixel 793, 231, 1, 1, 4.80374e+19
Pixel 792, 231, 1, 1, 4.80374e+19
Pixel 792, 232, 1, 1, 4.80374e+19
Pixel 793, 232, 1, 1, 4.80374e+19
=== 3462959 ===
--- pALPIDEfs_6 ---
Pixel 435, 201, 1, 1, 4.80374e+19
Pixel 434, 201, 1, 1, 4.80374e+19
Pixel 434, 202, 1, 1, 4.80374e+19
Pixel 435, 202, 1, 1, 4.80374e+19
Pixel 610, 205, 1, 1, 4.80374e+19
=== 3475923 ===
--- pALPIDEfs_5 ---
Pixel 604, 78, 1, 1, 4.80374e+19
Pixel 605, 78, 1, 1, 4.80374e+19
--- pALPIDEfs_6 ---
Pixel 832, 452, 1, 1, 4.80374e+19
Pixel 833, 452, 1, 1, 4.80374e+19
=== 3481283 ===
--- pALPIDEfs_1 ---
Pixel 718, 215, 1, 1, 4.80374e+19
--- pALPIDEfs_2 ---
Pixel 639, 361, 1, 1, 4.80374e+19
Pixel 639, 362, 1, 1, 4.80374e+19
=== 3483700 ===
--- pALPIDEfs_5 ---
Pixel 893, 218, 1, 1, 4.80374e+19
Pixel 893, 219, 1, 1, 4.80374e+19
Pixel 894, 219, 1, 1, 4.80374e+19
=== 3536438 ===
--- pALPIDEfs_3 ---
Pixel 192, 426, 1, 1, 4.80374e+19
Pixel 192, 427, 1, 1, 4.80374e+19
=== 3537130 ===
--- pALPIDEfs_6 ---
Pixel 352, 15, 1, 1, 4.80374e+19
Pixel 352, 16, 1, 1, 4.80374e+19
=== 3575411 ===
--- pALPIDEfs_3 ---
Pixel 698, 199, 1, 1, 4.80374e+19
Pixel 698, 200, 1, 1, 4.80374e+19
=== 3583938 ===
--- pALPIDEfs_0 ---
Pixel 467, 29, 1, 1, 4.80374e+19
Pixel 466, 29, 1, 1, 4.80374e+19
Pixel 466, 30, 1, 1, 4.80374e+19
Pixel 467, 30, 1, 1, 4.80374e+19
=== 3590213 ===
--- pALPIDEfs_6 ---
Pixel 414, 294, 1, 1, 4.80374e+19
Pixel 415, 295, 1, 1, 4.80374e+19
Pixel 414, 295, 1, 1, 4.80374e+19
=== 3590771 ===
--- pALPIDEfs_0 ---
Pixel 810, 127, 1, 1, 4.80374e+19
=== 3593720 ===
--- pALPIDEfs_0 ---
Pixel 105, 35, 1, 1, 4.80374e+19
Pixel 104, 36, 1, 1, 4.80374e+19
Pixel 105, 36, 1, 1, 4.80374e+19
Pixel 107, 35, 1, 1, 4.80374e+19
Pixel 106, 35, 1, 1, 4.80374e+19
Pixel 106, 36, 1, 1, 4.80374e+19
=== 3597362 ===
--- pALPIDEfs_4 ---
Pixel 25, 306, 1, 1, 4.80374e+19
--- pALPIDEfs_5 ---
Pixel 29, 47, 1, 1, 4.80374e+19
Pixel 28, 48, 1, 1, 4.80374e+19
Pixel 29, 48, 1, 1, 4.80374e+19
=== 3607529 ===
--- pALPIDEfs_5 ---
Pixel 324, 1, 1, 1, 4.80374e+19
Pixel 324, 2, 1, 1, 4.80374e+19
Pixel 325, 2, 1, 1, 4.80374e+19
=== 3611270 ===
--- pALPIDEfs_3 ---
Pixel 291, 122, 1, 1, 4.80374e+19
Pixel 291, 123, 1, 1, 4.80374e+19
Pixel 292, 122, 1, 1, 4.80374e+19
Pixel 293, 122, 1, 1, 4.80374e+19
Pixel 292, 123, 1, 1, 4.80374e+19
=== 3612579 ===
--- pALPIDEfs_5 ---
Pixel 499, 129, 1, 1, 4.80374e+19
=== 3646053 ===
--- pALPIDEfs_3 ---
Pixel 557, 180, 1, 1, 4.80374e+19
=== 3657155 ===
--- pALPIDEfs_5 ---
Pixel 319, 10, 1, 1, 4.80374e+19
Pixel 320, 10, 1, 1, 4.80374e+19
=== 3692499 ===
--- pALPIDEfs_4 ---
Pixel 465, 476, 1, 1, 4.80374e+19
Pixel 465, 477, 1, 1, 4.80374e+19
=== 3698749 ===
--- pALPIDEfs_3 ---
Pixel 557, 180, 1, 1, 4.80374e+19
=== 3721217 ===
--- pALPIDEfs_3 ---
Pixel 986, 437, 1, 1, 4.80374e+19
=== 3737819 ===
--- pALPIDEfs_2 ---
Pixel 642, 340, 1, 1, 4.80374e+19
Pixel 643, 340, 1, 1, 4.80374e+19
Pixel 643, 341, 1, 1, 4.80374e+19
=== 3762701 ===
--- pALPIDEfs_0 ---
Pixel 403, 271, 1, 1, 4.80374e+19
Pixel 404, 271, 1, 1, 4.80374e+19
=== 3776684 ===
--- pALPIDEfs_5 ---
Pixel 920, 197, 1, 1, 4.80374e+19
=== 3785243 ===
--- pALPIDEfs_3 ---
Pixel 557, 180, 1, 1, 4.80374e+19
=== 3786595 ===
--- pALPIDEfs_3 ---
Pixel 854, 162, 1, 1, 4.80374e+19
Pixel 855, 162, 1, 1, 4.80374e+19
=== 3808876 ===
--- pALPIDEfs_5 ---
Pixel 153, 507, 1, 1, 4.80374e+19
=== 3815987 ===
--- pALPIDEfs_3 ---
Pixel 84, 255, 1, 1, 4.80374e+19
=== 3837412 ===
--- pALPIDEfs_0 ---
Pixel 251, 257, 1, 1, 4.80374e+19
Pixel 251, 258, 1, 1, 4.80374e+19
=== 3852162 ===
--- pALPIDEfs_5 ---
Pixel 931, 282, 1, 1, 4.80374e+19
Pixel 931, 283, 1, 1, 4.80374e+19
Pixel 932, 282, 1, 1, 4.80374e+19
Pixel 932, 283, 1, 1, 4.80374e+19
=== 3858940 ===
--- pALPIDEfs_6 ---
Pixel 774, 16, 1, 1, 4.80374e+19
Pixel 775, 16, 1, 1, 4.80374e+19
Pixel 775, 17, 1, 1, 4.80374e+19
Pixel 774, 17, 1, 1, 4.80374e+19
=== 3871004 ===
--- pALPIDEfs_3 ---
Pixel 557, 180, 1, 1, 4.80374e+19
=== 3871657 ===
--- pALPIDEfs_0 ---
Pixel 545, 403, 1, 1, 4.80374e+19
Pixel 546, 403, 1, 1, 4.80374e+19
=== 3872423 ===
--- pALPIDEfs_4 ---
Pixel 387, 13, 1, 1, 4.80374e+19
=== 3879335 ===
--- pALPIDEfs_0 ---
Pixel 877, 409, 1, 1, 4.80374e+19
Pixel 876, 409, 1, 1, 4.80374e+19
=== 3892676 ===
--- pALPIDEfs_0 ---
Pixel 347, 247, 1, 1, 4.80374e+19
Pixel 346, 247, 1, 1, 4.80374e+19
--- pALPIDEfs_1 ---
Pixel 724, 320, 1, 1, 4.80374e+19
=== 3901768 ===
--- pALPIDEfs_2 ---
Pixel 191, 452, 1, 1, 4.80374e+19
=== 3904285 ===
--- pALPIDEfs_0 ---
Pixel 523, 475, 1, 1, 4.80374e+19
=== 3904286 ===
--- pALPIDEfs_0 ---
Pixel 523, 475, 1, 1, 4.80374e+19
=== 3918741 ===
--- pALPIDEfs_2 ---
Pixel 710, 154, 1, 1, 4.80374e+19
Pixel 711, 155, 1, 1, 4.80374e+19
Pixel 710, 155, 1, 1, 4.80374e+19
=== 3920323 ===
--- pALPIDEfs_6 ---
Pixel 179, 477, 1, 1, 4.80374e+19
=== 3920324 ===
--- pALPIDEfs_6 ---
Pixel 178, 476, 1, 1, 4.80374e+19
Pixel 179, 476, 1, 1, 4.80374e+19
Pixel 178, 477, 1, 1, 4.80374e+19
=== 3925354 ===
--- pALPIDEfs_4 ---
Pixel 936, 412, 1, 1, 4.80374e+19
Pixel 936, 413, 1, 1, 4.80374e+19
=== 3952621 ===
--- pALPIDEfs_6 ---
Pixel 241, 215, 1, 1, 4.80374e+19
Pixel 242, 215, 1, 1, 4.80374e+19
=== 3957151 ===
--- pALPIDEfs_0 ---
Pixel 19, 342, 1, 1, 4.80374e+19
Pixel 19, 343, 1, 1, 4.80374e+19
Pixel 18, 343, 1, 1, 4.80374e+19
Pixel 18, 344, 1, 1, 4.80374e+19
Pixel 19, 344, 1, 1, 4.80374e+19
=== 3963081 ===
--- pALPIDEfs_4 ---
Pixel 697, 21, 1, 1, 4.80374e+19
Pixel 697, 22, 1, 1, 4.80374e+19
=== 3977546 ===
--- pALPIDEfs_5 ---
Pixel 323, 208, 1, 1, 4.80374e+19
--- pALPIDEfs_6 ---
Pixel 653, 330, 1, 1, 4.80374e+19
Pixel 653, 331, 1, 1, 4.80374e+19
=== 3986247 ===
--- pALPIDEfs_3 ---
Pixel 557, 180, 1, 1, 4.80374e+19
=== 4013653 ===
--- pALPIDEfs_4 ---
Pixel 852, 51, 1, 1, 4.80374e+19
Pixel 852, 52, 1, 1, 4.80374e+19
Pixel 853, 52, 1, 1, 4.80374e+19
=== 4024656 ===
--- pALPIDEfs_0 ---
Pixel 339, 499, 1, 1, 4.80374e+19
Pixel 338, 499, 1, 1, 4.80374e+19
=== 4026367 ===
--- pALPIDEfs_0 ---
Pixel 873, 185, 1, 1, 4.80374e+19
=== 4037539 ===
--- pALPIDEfs_0 ---
Pixel 99, 241, 1, 1, 4.80374e+19
--- pALPIDEfs_1 ---
Pixel 42, 106, 1, 1, 4.80374e+19
=== 4058389 ===
--- pALPIDEfs_0 ---
Pixel 603, 287, 1, 1, 4.80374e+19
Pixel 602, 287, 1, 1, 4.80374e+19
Pixel 602, 288, 1, 1, 4.80374e+19
Pixel 603, 288, 1, 1, 4.80374e+19
=== 4068989 ===
--- pALPIDEfs_0 ---
Pixel 713, 501, 1, 1, 4.80374e+19
Pixel 713, 502, 1, 1, 4.80374e+19
Pixel 714, 502, 1, 1, 4.80374e+19
=== 4074590 ===
--- pALPIDEfs_2 ---
Pixel 430, 12, 1, 1, 4.80374e+19
Pixel 431, 12, 1, 1, 4.80374e+19
Pixel 431, 13, 1, 1, 4.80374e+19
Pixel 430, 13, 1, 1, 4.80374e+19
Pixel 431, 14, 1, 1, 4.80374e+19
Pixel 432, 12, 1, 1, 4.80374e+19
Pixel 433, 12, 1, 1, 4.80374e+19
Pixel 433, 13, 1, 1, 4.80374e+19
Pixel 432, 13, 1, 1, 4.80374e+19
Pixel 432, 14, 1, 1, 4.80374e+19
Pixel 433, 14, 1, 1, 4.80374e+19
=== 4075014 ===
--- pALPIDEfs_5 ---
Pixel 19, 343, 1, 1, 4.80374e+19
Pixel 19, 344, 1, 1, 4.80374e+19
Pixel 20, 342, 1, 1, 4.80374e+19
Pixel 20, 343, 1, 1, 4.80374e+19
Pixel 20, 344, 1, 1, 4.80374e+19
=== 4080354 ===
--- pALPIDEfs_3 ---
Pixel 657, 359, 1, 1, 4.80374e+19
Pixel 656, 359, 1, 1, 4.80374e+19
Pixel 657, 360, 1, 1, 4.80374e+19
=== 4095895 ===
--- pALPIDEfs_2 ---
Pixel 379, 164, 1, 1, 4.80374e+19
Pixel 379, 165, 1, 1, 4.80374e+19
Pixel 379, 166, 1, 1, 4.80374e+19
Pixel 380, 165, 1, 1, 4.80374e+19
Pixel 380, 166, 1, 1, 4.80374e+19
Pixel 380, 167, 1, 1, 4.80374e+19
Pixel 380, 168, 1, 1, 4.80374e+19
Pixel 381, 168, 1, 1, 4.80374e+19
=== 4104312 ===
--- pALPIDEfs_6 ---
Pixel 956, 321, 1, 1, 4.80374e+19
=== 4105173 ===
--- pALPIDEfs_4 ---
Pixel 1001, 331, 1, 1, 4.80374e+19
Pixel 1002, 330, 1, 1, 4.80374e+19
Pixel 1002, 331, 1, 1, 4.80374e+19
=== 4109263 ===
--- pALPIDEfs_3 ---
Pixel 201, 103, 1, 1, 4.80374e+19
Pixel 202, 102, 1, 1, 4.80374e+19
Pixel 203, 102, 1, 1, 4.80374e+19
Pixel 203, 103, 1, 1, 4.80374e+19
Pixel 202, 103, 1, 1, 4.80374e+19
Pixel 202, 104, 1, 1, 4.80374e+19
Pixel 205, 102, 1, 1, 4.80374e+19
Pixel 205, 103, 1, 1, 4.80374e+19
Pixel 204, 103, 1, 1, 4.80374e+19
Pixel 206, 102, 1, 1, 4.80374e+19
Pixel 206, 103, 1, 1, 4.80374e+19
Pixel 206, 104, 1, 1, 4.80374e+19
=== 4141519 ===
--- pALPIDEfs_3 ---
Pixel 193, 329, 1, 1, 4.80374e+19
Pixel 192, 329, 1, 1, 4.80374e+19
Pixel 192, 330, 1, 1, 4.80374e+19
Pixel 193, 330, 1, 1, 4.80374e+19
=== 4169327 ===
--- pALPIDEfs_0 ---
Pixel 831, 365, 1, 1, 4.80374e+19
Pixel 831, 366, 1, 1, 4.80374e+19
=== 4169729 ===
--- pALPIDEfs_1 ---
Pixel 267, 385, 1, 1, 4.80374e+19
Pixel 267, 386, 1, 1, 4.80374e+19
=== 4175867 ===
--- pALPIDEfs_2 ---
Pixel 341, 70, 1, 1, 4.80374e+19
Pixel 341, 71, 1, 1, 4.80374e+19
--- pALPIDEfs_3 ---
Pixel 703, 441, 1, 1, 4.80374e+19
Pixel 702, 442, 1, 1, 4.80374e+19
Pixel 703, 442, 1, 1, 4.80374e+19
=== 4219961 ===
--- pALPIDEfs_2 ---
Pixel 588, 434, 1, 1, 4.80374e+19
=== 4228454 ===
--- pALPIDEfs_3 ---
Pixel 387, 354, 1, 1, 4.80374e+19
Pixel 387, 355, 1, 1, 4.80374e+19
Pixel 388, 355, 1, 1, 4.80374e+19
=== 4246622 ===
--- pALPIDEfs_2 ---
Pixel 61, 217, 1, 1, 4.80374e+19
Pixel 61, 218, 1, 1, 4.80374e+19
Pixel 62, 217, 1, 1, 4.80374e+19
Pixel 62, 218, 1, 1, 4.80374e+19
=== 4254937 ===
--- pALPIDEfs_3 ---
Pixel 367, 261, 1, 1, 4.80374e+19
Pixel 367, 262, 1, 1, 4.80374e+19
Pixel 367, 263, 1, 1, 4.80374e+19
Pixel 366, 263, 1, 1, 4.80374e+19
Pixel 366, 264, 1, 1, 4.80374e+19
Pixel 367, 264, 1, 1, 4.80374e+19
Pixel 368, 260, 1, 1, 4.80374e+19
Pixel 369, 260, 1, 1, 4.80374e+19
Pixel 369, 261, 1, 1, 4.80374e+19
Pixel 368, 261, 1, 1, 4.80374e+19
Pixel 368, 262, 1, 1, 4.80374e+19
Pixel 369, 262, 1, 1, 4.80374e+19
Pixel 368, 263, 1, 1, 4.80374e+19
Pixel 370, 260, 1, 1, 4.80374e+19
Pixel 370, 261, 1, 1, 4.80374e+19
Pixel 370, 262, 1, 1, 4.80374e+19
=== 4255799 ===
--- pALPIDEfs_4 ---
Pixel 299, 53, 1, 1, 4.80374e+19
Pixel 298, 53, 1, 1, 4.80374e+19
Pixel 298, 54, 1, 1, 4.80374e+19
Pixel 299, 54, 1, 1, 4.80374e+19
=== 4260654 ===
--- pALPIDEfs_0 ---
Pixel 830, 316, 1, 1, 4.80374e+19
Pixel 831, 316, 1, 1, 4.80374e+19
Pixel 831, 317, 1, 1, 4.80374e+19
Pixel 830, 317, 1, 1, 4.80374e+19
=== 4261093 ===
--- pALPIDEfs_2 ---
Pixel 671, 234, 1, 1, 4.80374e+19
Pixel 672, 233, 1, 1, 4.80374e+19
Pixel 672, 234, 1, 1, 4.80374e+19
Pixel 673, 234, 1, 1, 4.80374e+19
=== 4274015 ===
--- pALPIDEfs_6 ---
Pixel 139, 255, 1, 1, 4.80374e+19
Pixel 138, 256, 1, 1, 4.80374e+19
Pixel 139, 256, 1, 1, 4.80374e+19
Pixel 139, 257, 1, 1, 4.80374e+19
Pixel 138, 257, 1, 1, 4.80374e+19
Pixel 140, 255, 1, 1, 4.80374e+19
Pixel 140, 256, 1, 1, 4.80374e+19
=== 4280098 ===
--- pALPIDEfs_3 ---
Pixel 557, 180, 1, 1, 4.80374e+19
=== 4282704 ===
--- pALPIDEfs_3 ---
Pixel 258, 420, 1, 1, 4.80374e+19
Pixel 259, 420, 1, 1, 4.80374e+19
Pixel 259, 421, 1, 1, 4.80374e+19
Pixel 258, 421, 1, 1, 4.80374e+19
=== 4306828 ===
--- pALPIDEfs_2 ---
Pixel 290, 160, 1, 1, 4.80374e+19
Pixel 291, 160, 1, 1, 4.80374e+19
--- pALPIDEfs_3 ---
Pixel 607, 225, 1, 1, 4.80374e+19
Pixel 606, 226, 1, 1, 4.80374e+19
Pixel 607, 226, 1, 1, 4.80374e+19
Pixel 607, 227, 1, 1, 4.80374e+19
Pixel 608, 225, 1, 1, 4.80374e+19
Pixel 608, 226, 1, 1, 4.80374e+19
Pixel 608, 227, 1, 1, 4.80374e+19
=== 4334272 ===
--- pALPIDEfs_5 ---
Pixel 400, 0, 1, 1, 4.80374e+19
Pixel 403, 1, 1, 1, 4.80374e+19
Pixel 402, 1, 1, 1, 4.80374e+19
Pixel 404, 1, 1, 1, 4.80374e+19
--- pALPIDEfs_6 ---
Pixel 709, 157, 1, 1, 4.80374e+19
Pixel 708, 157, 1, 1, 4.80374e+19
Pixel 708, 158, 1, 1, 4.80374e+19
Pixel 709, 158, 1, 1, 4.80374e+19
=== 4342580 ===
--- pALPIDEfs_0 ---
Pixel 927, 295, 1, 1, 4.80374e+19
Pixel 927, 296, 1, 1, 4.80374e+19
--- pALPIDEfs_1 ---
Pixel 401, 179, 1, 1, 4.80374e+19
Pixel 402, 179, 1, 1, 4.80374e+19
=== 4347905 ===
--- pALPIDEfs_4 ---
Pixel 161, 151, 1, 1, 4.80374e+19
Pixel 162, 151, 1, 1, 4.80374e+19
=== 4359238 ===
--- pALPIDEfs_6 ---
Pixel 541, 89, 1, 1, 4.80374e+19
Pixel 541, 90, 1, 1, 4.80374e+19
Pixel 542, 89, 1, 1, 4.80374e+19
Pixel 542, 90, 1, 1, 4.80374e+19
=== 4361977 ===
--- pALPIDEfs_3 ---
Pixel 557, 180, 1, 1, 4.80374e+19
=== 4368287 ===
--- pALPIDEfs_4 ---
Pixel 619, 407, 1, 1, 4.80374e+19
Pixel 941, 79, 1, 1, 4.80374e+19
Pixel 940, 79, 1, 1, 4.80374e+19
Pixel 941, 80, 1, 1, 4.80374e+19
Pixel 942, 80, 1, 1, 4.80374e+19
Pixel 943, 80, 1, 1, 4.80374e+19
Pixel 943, 81, 1, 1, 4.80374e+19
Pixel 942, 81, 1, 1, 4.80374e+19
Pixel 944, 81, 1, 1, 4.80374e+19
Pixel 944, 82, 1, 1, 4.80374e+19
=== 4373134 ===
--- pALPIDEfs_0 ---
Pixel 649, 447, 1, 1, 4.80374e+19
Pixel 648, 448, 1, 1, 4.80374e+19
Pixel 649, 448, 1, 1, 4.80374e+19
Pixel 649, 449, 1, 1, 4.80374e+19
Pixel 649, 450, 1, 1, 4.80374e+19
Pixel 649, 451, 1, 1, 4.80374e+19
=== 4377875 ===
--- pALPIDEfs_3 ---
Pixel 557, 180, 1, 1, 4.80374e+19
=== 4379903 ===
--- pALPIDEfs_4 ---
Pixel 739, 377, 1, 1, 4.80374e+19
Pixel 739, 378, 1, 1, 4.80374e+19
Pixel 740, 377, 1, 1, 4.80374e+19
Pixel 740, 378, 1, 1, 4.80374e+19
=== 4385592 ===
--- pALPIDEfs_0 ---
Pixel 441, 304, 1, 1, 4.80374e+19
Pixel 441, 305, 1, 1, 4.80374e+19
Pixel 441, 306, 1, 1, 4.80374e+19
Pixel 442, 303, 1, 1, 4.80374e+19
Pixel 442, 304, 1, 1, 4.80374e+19
Pixel 442, 305, 1, 1, 4.80374e+19
Pixel 442, 306, 1, 1, 4.80374e+19
Pixel 443, 306, 1, 1, 4.80374e+19
Pixel 443, 307, 1, 1, 4.80374e+19
Pixel 442, 307, 1, 1, 4.80374e+19
Pixel 444, 307, 1, 1, 4.80374e+19
--- pALPIDEfs_1 ---
Pixel 545, 81, 1, 1, 4.80374e+19
Pixel 544, 81, 1, 1, 4.80374e+19
=== 4388204 ===
--- pALPIDEfs_0 ---
Pixel 891, 47, 1, 1, 4.80374e+19
Pixel 892, 47, 1, 1, 4.80374e+19
=== 4394272 ===
--- pALPIDEfs_2 ---
Pixel 287, 102, 1, 1, 4.80374e+19
Pixel 287, 103, 1, 1, 4.80374e+19
Pixel 288, 102, 1, 1, 4.80374e+19
Pixel 289, 103, 1, 1, 4.80374e+19
Pixel 288, 103, 1, 1, 4.80374e+19
Pixel 288, 104, 1, 1, 4.80374e+19
Pixel 289, 104, 1, 1, 4.80374e+19
Pixel 289, 105, 1, 1, 4.80374e+19
Pixel 290, 104, 1, 1, 4.80374e+19
Pixel 291, 105, 1, 1, 4.80374e+19
Pixel 290, 105, 1, 1, 4.80374e+19
Pixel 290, 106, 1, 1, 4.80374e+19
Pixel 291, 106, 1, 1, 4.80374e+19
--- pALPIDEfs_3 ---
Pixel 610, 146, 1, 1, 4.80374e+19
Pixel 611, 146, 1, 1, 4.80374e+19
=== 4413610 ===
--- pALPIDEfs_2 ---
Pixel 126, 102, 1, 1, 4.80374e+19
Pixel 127, 102, 1, 1, 4.80374e+19
Pixel 126, 103, 1, 1, 4.80374e+19
=== 4425570 ===
--- pALPIDEfs_0 ---
Pixel 218, 163, 1, 1, 4.80374e+19
=== 4426528 ===
--- pALPIDEfs_3 ---
Pixel 557, 180, 1, 1, 4.80374e+19
=== 4429019 ===
--- pALPIDEfs_1 ---
Pixel 495, 125, 1, 1, 4.80374e+19
Pixel 495, 126, 1, 1, 4.80374e+19
Pixel 496, 125, 1, 1, 4.80374e+19
Pixel 496, 126, 1, 1, 4.80374e+19
=== 4432220 ===
--- pALPIDEfs_5 ---
Pixel 419, 372, 1, 1, 4.80374e+19
Pixel 419, 373, 1, 1, 4.80374e+19
=== 4434859 ===
--- pALPIDEfs_6 ---
Pixel 412, 318, 1, 1, 4.80374e+19
Pixel 413, 318, 1, 1, 4.80374e+19
Pixel 413, 319, 1, 1, 4.80374e+19
Pixel 412, 319, 1, 1, 4.80374e+19
=== 4447285 ===
--- pALPIDEfs_4 ---
Pixel 768, 262, 1, 1, 4.80374e+19
=== 4447295 ===
--- pALPIDEfs_0 ---
Pixel 613, 57, 1, 1, 4.80374e+19
Pixel 612, 57, 1, 1, 4.80374e+19
Pixel 612, 58, 1, 1, 4.80374e+19
--- pALPIDEfs_1 ---
Pixel 661, 156, 1, 1, 4.80374e+19
Pixel 661, 157, 1, 1, 4.80374e+19
--- pALPIDEfs_2 ---
Pixel 710, 143, 1, 1, 4.80374e+19
--- pALPIDEfs_3 ---
Pixel 756, 178, 1, 1, 4.80374e+19
--- pALPIDEfs_4 ---
Pixel 821, 180, 1, 1, 4.80374e+19
Pixel 821, 181, 1, 1, 4.80374e+19
--- pALPIDEfs_5 ---
Pixel 856, 253, 1, 1, 4.80374e+19
Pixel 856, 254, 1, 1, 4.80374e+19
--- pALPIDEfs_6 ---
Pixel 957, 272, 1, 1, 4.80374e+19
=== 4453997 ===
--- pALPIDEfs_3 ---
Pixel 990, 184, 1, 1, 4.80374e+19
Pixel 991, 184, 1, 1, 4.80374e+19
Pixel 990, 185, 1, 1, 4.80374e+19
=== 4462013 ===
--- pALPIDEfs_0 ---
Pixel 195, 126, 1, 1, 4.80374e+19
=== 4483203 ===
--- pALPIDEfs_5 ---
Pixel 389, 227, 1, 1, 4.80374e+19
Pixel 389, 228, 1, 1, 4.80374e+19
Pixel 390, 227, 1, 1, 4.80374e+19
Pixel 390, 228, 1, 1, 4.80374e+19
=== 4493683 ===
--- pALPIDEfs_4 ---
Pixel 48, 263, 1, 1, 4.80374e+19
Pixel 48, 264, 1, 1, 4.80374e+19
Pixel 49, 264, 1, 1, 4.80374e+19
Pixel 49, 265, 1, 1, 4.80374e+19
Pixel 50, 265, 1, 1, 4.80374e+19
=== 4531675 ===
--- pALPIDEfs_3 ---
Pixel 189, 195, 1, 1, 4.80374e+19
Pixel 188, 195, 1, 1, 4.80374e+19
=== 4540673 ===
--- pALPIDEfs_0 ---
Pixel 144, 177, 1, 1, 4.80374e+19
=== 4542779 ===
--- pALPIDEfs_1 ---
Pixel 178, 386, 1, 1, 4.80374e+19
=== 4547462 ===
--- pALPIDEfs_3 ---
Pixel 387, 225, 1, 1, 4.80374e+19
Pixel 387, 226, 1, 1, 4.80374e+19
Pixel 389, 225, 1, 1, 4.80374e+19
Pixel 388, 225, 1, 1, 4.80374e+19
Pixel 388, 226, 1, 1, 4.80374e+19
Pixel 389, 226, 1, 1, 4.80374e+19
Pixel 390, 225, 1, 1, 4.80374e+19
Pixel 390, 226, 1, 1, 4.80374e+19
Pixel 392, 225, 1, 1, 4.80374e+19
=== 4561460 ===
--- pALPIDEfs_0 ---
Pixel 167, 62, 1, 1, 4.80374e+19
Pixel 168, 62, 1, 1, 4.80374e+19
=== 4562244 ===
--- pALPIDEfs_5 ---
Pixel 5, 348, 1, 1, 4.80374e+19
Pixel 5, 349, 1, 1, 4.80374e+19
Pixel 4, 349, 1, 1, 4.80374e+19
Pixel 6, 348, 1, 1, 4.80374e+19
=== 4564717 ===
--- pALPIDEfs_2 ---
Pixel 469, 389, 1, 1, 4.80374e+19
Pixel 469, 390, 1, 1, 4.80374e+19
Pixel 469, 391, 1, 1, 4.80374e+19
Pixel 468, 391, 1, 1, 4.80374e+19
Pixel 470, 389, 1, 1, 4.80374e+19
=== 4567054 ===
--- pALPIDEfs_5 ---
Pixel 623, 439, 1, 1, 4.80374e+19
Pixel 622, 440, 1, 1, 4.80374e+19
Pixel 623, 440, 1, 1, 4.80374e+19
Pixel 623, 441, 1, 1, 4.80374e+19
Pixel 624, 440, 1, 1, 4.80374e+19
=== 4574501 ===
--- pALPIDEfs_3 ---
Pixel 557, 180, 1, 1, 4.80374e+19
=== 4587205 ===
--- pALPIDEfs_2 ---
Pixel 931, 259, 1, 1, 4.80374e+19
Pixel 930, 259, 1, 1, 4.80374e+19
=== 4587801 ===
--- pALPIDEfs_3 ---
Pixel 59, 173, 1, 1, 4.80374e+19
Pixel 58, 173, 1, 1, 4.80374e+19
=== 4604451 ===
--- pALPIDEfs_2 ---
Pixel 383, 202, 1, 1, 4.80374e+19
Pixel 384, 202, 1, 1, 4.80374e+19
Pixel 384, 203, 1, 1, 4.80374e+19
=== 4608049 ===
--- pALPIDEfs_3 ---
Pixel 596, 184, 1, 1, 4.80374e+19
=== 4614731 ===
--- pALPIDEfs_0 ---
Pixel 331, 386, 1, 1, 4.80374e+19
Pixel 331, 387, 1, 1, 4.80374e+19
Pixel 332, 386, 1, 1, 4.80374e+19
Pixel 332, 387, 1, 1, 4.80374e+19
--- pALPIDEfs_1 ---
Pixel 842, 2, 1, 1, 4.80374e+19
Pixel 843, 2, 1, 1, 4.80374e+19
Pixel 843, 3, 1, 1, 4.80374e+19
Pixel 842, 3, 1, 1, 4.80374e+19
=== 4633941 ===
--- pALPIDEfs_3 ---
Pixel 545, 263, 1, 1, 4.80374e+19
Pixel 544, 263, 1, 1, 4.80374e+19
Pixel 544, 264, 1, 1, 4.80374e+19
Pixel 545, 264, 1, 1, 4.80374e+19
=== 4677858 ===
--- pALPIDEfs_1 ---
Pixel 559, 55, 1, 1, 4.80374e+19
Pixel 560, 55, 1, 1, 4.80374e+19
--- pALPIDEfs_3 ---
Pixel 147, 430, 1, 1, 4.80374e+19
Pixel 147, 431, 1, 1, 4.80374e+19
Pixel 148, 430, 1, 1, 4.80374e+19
Pixel 148, 431, 1, 1, 4.80374e+19
--- pALPIDEfs_4 ---
Pixel 21, 284, 1, 1, 4.80374e+19
Pixel 21, 285, 1, 1, 4.80374e+19
Pixel 22, 284, 1, 1, 4.80374e+19
Pixel 22, 285, 1, 1, 4.80374e+19
=== 4685094 ===
--- pALPIDEfs_5 ---
Pixel 397, 458, 1, 1, 4.80374e+19
Pixel 397, 459, 1, 1, 4.80374e+19
=== 4690746 ===
--- pALPIDEfs_5 ---
Pixel 437, 119, 1, 1, 4.80374e+19
Pixel 436, 119, 1, 1, 4.80374e+19
Pixel 438, 119, 1, 1, 4.80374e+19
=== 4709637 ===
--- pALPIDEfs_4 ---
Pixel 581, 198, 1, 1, 4.80374e+19
Pixel 581, 199, 1, 1, 4.80374e+19
=== 4722005 ===
--- pALPIDEfs_4 ---
Pixel 711, 196, 1, 1, 4.80374e+19
=== 4752367 ===
--- pALPIDEfs_3 ---
Pixel 193, 143, 1, 1, 4.80374e+19
Pixel 193, 144, 1, 1, 4.80374e+19
Pixel 194, 144, 1, 1, 4.80374e+19
=== 4774388 ===
--- pALPIDEfs_4 ---
Pixel 565, 26, 1, 1, 4.80374e+19
=== 4786830 ===
--- pALPIDEfs_6 ---
Pixel 421, 194, 1, 1, 4.80374e+19
Pixel 422, 194, 1, 1, 4.80374e+19
Pixel 422, 195, 1, 1, 4.80374e+19
=== 4793058 ===
--- pALPIDEfs_3 ---
Pixel 413, 240, 1, 1, 4.80374e+19
=== 4799780 ===
--- pALPIDEfs_3 ---
Pixel 949, 207, 1, 1, 4.80374e+19
--- pALPIDEfs_4 ---
Pixel 469, 30, 1, 1, 4.80374e+19
=== 4799781 ===
--- pALPIDEfs_3 ---
Pixel 949, 207, 1, 1, 4.80374e+19
=== 4800870 ===
--- pALPIDEfs_1 ---
Pixel 187, 421, 1, 1, 4.80374e+19
Pixel 186, 421, 1, 1, 4.80374e+19
Pixel 186, 422, 1, 1, 4.80374e+19
Pixel 187, 422, 1, 1, 4.80374e+19
Pixel 188, 421, 1, 1, 4.80374e+19
Pixel 188, 422, 1, 1, 4.80374e+19
=== 4800871 ===
--- pALPIDEfs_1 ---
Pixel 186, 421, 1, 1, 4.80374e+19
Pixel 186, 422, 1, 1, 4.80374e+19
=== 4802055 ===
--- pALPIDEfs_2 ---
Pixel 565, 50, 1, 1, 4.80374e+19
Pixel 565, 51, 1, 1, 4.80374e+19
Pixel 564, 51, 1, 1, 4.80374e+19
=== 4806512 ===
--- pALPIDEfs_6 ---
Pixel 629, 457, 1, 1, 4.80374e+19
Pixel 629, 458, 1, 1, 4.80374e+19
Pixel 630, 457, 1, 1, 4.80374e+19
Pixel 630, 458, 1, 1, 4.80374e+19
=== 4815225 ===
--- pALPIDEfs_4 ---
Pixel 873, 359, 1, 1, 4.80374e+19
Pixel 872, 359, 1, 1, 4.80374e+19
=== 4820347 ===
--- pALPIDEfs_4 ---
Pixel 606, 156, 1, 1, 4.80374e+19
Pixel 606, 157, 1, 1, 4.80374e+19
--- pALPIDEfs_5 ---
Pixel 370, 24, 1, 1, 4.80374e+19
Pixel 371, 24, 1, 1, 4.80374e+19
Pixel 371, 25, 1, 1, 4.80374e+19
Pixel 370, 25, 1, 1, 4.80374e+19
=== 4845220 ===
--- pALPIDEfs_4 ---
Pixel 39, 335, 1, 1, 4.80374e+19
Pixel 40, 335, 1, 1, 4.80374e+19
=== 4868402 ===
--- pALPIDEfs_5 ---
Pixel 211, 335, 1, 1, 4.80374e+19
Pixel 211, 336, 1, 1, 4.80374e+19
=== 4877947 ===
--- pALPIDEfs_2 ---
Pixel 923, 451, 1, 1, 4.80374e+19
Pixel 922, 451, 1, 1, 4.80374e+19
Pixel 922, 452, 1, 1, 4.80374e+19
Pixel 923, 452, 1, 1, 4.80374e+19
=== 4881148 ===
--- pALPIDEfs_3 ---
Pixel 844, 462, 1, 1, 4.80374e+19
Pixel 844, 463, 1, 1, 4.80374e+19
Pixel 844, 464, 1, 1, 4.80374e+19
Pixel 845, 464, 1, 1, 4.80374e+19
Pixel 845, 465, 1, 1, 4.80374e+19
=== 4889281 ===
--- pALPIDEfs_3 ---
Pixel 557, 180, 1, 1, 4.80374e+19
=== 4904983 ===
--- pALPIDEfs_2 ---
Pixel 279, 378, 1, 1, 4.80374e+19
Pixel 279, 379, 1, 1, 4.80374e+19
Pixel 280, 378, 1, 1, 4.80374e+19
Pixel 280, 379, 1, 1, 4.80374e+19
=== 4907061 ===
--- pALPIDEfs_3 ---
Pixel 9, 111, 1, 1, 4.80374e+19
=== 4914281 ===
--- pALPIDEfs_1 ---
Pixel 246, 7, 1, 1, 4.80374e+19
--- pALPIDEfs_2 ---
Pixel 289, 222, 1, 1, 4.80374e+19
Pixel 290, 222, 1, 1, 4.80374e+19
--- pALPIDEfs_3 ---
Pixel 332, 396, 1, 1, 4.80374e+19
Pixel 333, 396, 1, 1, 4.80374e+19
Pixel 333, 397, 1, 1, 4.80374e+19
Pixel 332, 397, 1, 1, 4.80374e+19
=== 4919739 ===
--- pALPIDEfs_4 ---
Pixel 893, 497, 1, 1, 4.80374e+19
Pixel 892, 497, 1, 1, 4.80374e+19
=== 4933867 ===
--- pALPIDEfs_6 ---
Pixel 149, 442, 1, 1, 4.80374e+19
Pixel 149, 443, 1, 1, 4.80374e+19
Pixel 149, 444, 1, 1, 4.80374e+19
Pixel 150, 442, 1, 1, 4.80374e+19
Pixel 150, 443, 1, 1, 4.80374e+19
Pixel 150, 444, 1, 1, 4.80374e+19
Pixel 162, 450, 1, 1, 4.80374e+19
Pixel 162, 451, 1, 1, 4.80374e+19
=== 4945956 ===
--- pALPIDEfs_0 ---
Pixel 513, 38, 1, 1, 4.80374e+19
Pixel 513, 39, 1, 1, 4.80374e+19
Pixel 512, 39, 1, 1, 4.80374e+19
=== 4951536 ===
--- pALPIDEfs_1 ---
Pixel 1001, 392, 1, 1, 4.80374e+19
Pixel 1001, 393, 1, 1, 4.80374e+19
Pixel 1002, 392, 1, 1, 4.80374e+19
Pixel 1003, 392, 1, 1, 4.80374e+19
Pixel 1002, 393, 1, 1, 4.80374e+19
=== 4967781 ===
--- pALPIDEfs_2 ---
Pixel 877, 243, 1, 1, 4.80374e+19
Pixel 876, 243, 1, 1, 4.80374e+19
