Run: Cosmics000394
=== 2 ===
--- pALPIDEfs_3 ---
Pixel 238, 320, 1, 1, 4.80374e+19
Pixel 238, 320, 1, 1, 4.80374e+19
=== 3 ===
--- pALPIDEfs_0 ---
Pixel 92, 0, 1, 1, 4.80374e+19
Pixel 93, 0, 1, 1, 4.80374e+19
Pixel 93, 1, 1, 1, 4.80374e+19
Pixel 92, 1, 1, 1, 4.80374e+19
Pixel 92, 2, 1, 1, 4.80374e+19
Pixel 93, 2, 1, 1, 4.80374e+19
Pixel 93, 3, 1, 1, 4.80374e+19
Pixel 92, 3, 1, 1, 4.80374e+19
Pixel 92, 4, 1, 1, 4.80374e+19
Pixel 93, 4, 1, 1, 4.80374e+19
Pixel 93, 5, 1, 1, 4.80374e+19
Pixel 92, 5, 1, 1, 4.80374e+19
Pixel 92, 6, 1, 1, 4.80374e+19
Pixel 93, 6, 1, 1, 4.80374e+19
Pixel 93, 7, 1, 1, 4.80374e+19
Pixel 92, 7, 1, 1, 4.80374e+19
Pixel 92, 8, 1, 1, 4.80374e+19
Pixel 93, 8, 1, 1, 4.80374e+19
Pixel 93, 9, 1, 1, 4.80374e+19
Pixel 92, 9, 1, 1, 4.80374e+19
Pixel 92, 10, 1, 1, 4.80374e+19
Pixel 93, 10, 1, 1, 4.80374e+19
Pixel 93, 11, 1, 1, 4.80374e+19
Pixel 92, 11, 1, 1, 4.80374e+19
Pixel 92, 12, 1, 1, 4.80374e+19
Pixel 93, 12, 1, 1, 4.80374e+19
Pixel 93, 13, 1, 1, 4.80374e+19
Pixel 92, 13, 1, 1, 4.80374e+19
Pixel 92, 14, 1, 1, 4.80374e+19
Pixel 93, 14, 1, 1, 4.80374e+19
Pixel 93, 15, 1, 1, 4.80374e+19
Pixel 92, 15, 1, 1, 4.80374e+19
Pixel 92, 16, 1, 1, 4.80374e+19
Pixel 93, 16, 1, 1, 4.80374e+19
Pixel 93, 17, 1, 1, 4.80374e+19
Pixel 92, 17, 1, 1, 4.80374e+19
Pixel 92, 18, 1, 1, 4.80374e+19
Pixel 93, 18, 1, 1, 4.80374e+19
Pixel 93, 19, 1, 1, 4.80374e+19
Pixel 92, 19, 1, 1, 4.80374e+19
Pixel 92, 20, 1, 1, 4.80374e+19
Pixel 93, 20, 1, 1, 4.80374e+19
Pixel 93, 21, 1, 1, 4.80374e+19
Pixel 92, 21, 1, 1, 4.80374e+19
Pixel 92, 22, 1, 1, 4.80374e+19
Pixel 93, 22, 1, 1, 4.80374e+19
Pixel 93, 23, 1, 1, 4.80374e+19
Pixel 92, 23, 1, 1, 4.80374e+19
Pixel 92, 24, 1, 1, 4.80374e+19
Pixel 93, 24, 1, 1, 4.80374e+19
Pixel 93, 25, 1, 1, 4.80374e+19
Pixel 92, 25, 1, 1, 4.80374e+19
Pixel 92, 26, 1, 1, 4.80374e+19
Pixel 93, 26, 1, 1, 4.80374e+19
Pixel 93, 27, 1, 1, 4.80374e+19
Pixel 92, 27, 1, 1, 4.80374e+19
Pixel 92, 28, 1, 1, 4.80374e+19
Pixel 93, 28, 1, 1, 4.80374e+19
Pixel 93, 29, 1, 1, 4.80374e+19
Pixel 92, 29, 1, 1, 4.80374e+19
Pixel 92, 30, 1, 1, 4.80374e+19
Pixel 93, 30, 1, 1, 4.80374e+19
Pixel 93, 31, 1, 1, 4.80374e+19
Pixel 92, 31, 1, 1, 4.80374e+19
Pixel 92, 32, 1, 1, 4.80374e+19
Pixel 93, 32, 1, 1, 4.80374e+19
Pixel 93, 33, 1, 1, 4.80374e+19
Pixel 92, 33, 1, 1, 4.80374e+19
Pixel 92, 34, 1, 1, 4.80374e+19
Pixel 93, 34, 1, 1, 4.80374e+19
Pixel 93, 35, 1, 1, 4.80374e+19
Pixel 92, 35, 1, 1, 4.80374e+19
Pixel 92, 36, 1, 1, 4.80374e+19
Pixel 93, 36, 1, 1, 4.80374e+19
Pixel 93, 37, 1, 1, 4.80374e+19
Pixel 92, 37, 1, 1, 4.80374e+19
Pixel 92, 38, 1, 1, 4.80374e+19
Pixel 93, 38, 1, 1, 4.80374e+19
Pixel 93, 39, 1, 1, 4.80374e+19
Pixel 92, 39, 1, 1, 4.80374e+19
Pixel 92, 40, 1, 1, 4.80374e+19
Pixel 93, 40, 1, 1, 4.80374e+19
Pixel 93, 41, 1, 1, 4.80374e+19
Pixel 92, 41, 1, 1, 4.80374e+19
Pixel 92, 42, 1, 1, 4.80374e+19
Pixel 93, 42, 1, 1, 4.80374e+19
Pixel 93, 43, 1, 1, 4.80374e+19
Pixel 92, 43, 1, 1, 4.80374e+19
Pixel 92, 44, 1, 1, 4.80374e+19
Pixel 93, 44, 1, 1, 4.80374e+19
Pixel 93, 45, 1, 1, 4.80374e+19
Pixel 92, 45, 1, 1, 4.80374e+19
Pixel 92, 46, 1, 1, 4.80374e+19
Pixel 93, 46, 1, 1, 4.80374e+19
Pixel 93, 47, 1, 1, 4.80374e+19
Pixel 92, 47, 1, 1, 4.80374e+19
Pixel 92, 48, 1, 1, 4.80374e+19
Pixel 93, 48, 1, 1, 4.80374e+19
Pixel 93, 49, 1, 1, 4.80374e+19
Pixel 92, 49, 1, 1, 4.80374e+19
Pixel 92, 50, 1, 1, 4.80374e+19
Pixel 93, 50, 1, 1, 4.80374e+19
Pixel 93, 51, 1, 1, 4.80374e+19
Pixel 92, 51, 1, 1, 4.80374e+19
Pixel 92, 52, 1, 1, 4.80374e+19
Pixel 93, 52, 1, 1, 4.80374e+19
Pixel 93, 53, 1, 1, 4.80374e+19
Pixel 92, 53, 1, 1, 4.80374e+19
Pixel 92, 54, 1, 1, 4.80374e+19
Pixel 93, 54, 1, 1, 4.80374e+19
Pixel 93, 55, 1, 1, 4.80374e+19
Pixel 92, 55, 1, 1, 4.80374e+19
Pixel 92, 56, 1, 1, 4.80374e+19
Pixel 93, 56, 1, 1, 4.80374e+19
Pixel 93, 57, 1, 1, 4.80374e+19
Pixel 92, 57, 1, 1, 4.80374e+19
Pixel 92, 58, 1, 1, 4.80374e+19
Pixel 93, 58, 1, 1, 4.80374e+19
Pixel 93, 59, 1, 1, 4.80374e+19
Pixel 92, 59, 1, 1, 4.80374e+19
Pixel 92, 60, 1, 1, 4.80374e+19
Pixel 93, 60, 1, 1, 4.80374e+19
Pixel 93, 61, 1, 1, 4.80374e+19
Pixel 92, 61, 1, 1, 4.80374e+19
Pixel 92, 62, 1, 1, 4.80374e+19
Pixel 93, 62, 1, 1, 4.80374e+19
Pixel 93, 63, 1, 1, 4.80374e+19
Pixel 92, 63, 1, 1, 4.80374e+19
Pixel 92, 64, 1, 1, 4.80374e+19
Pixel 93, 64, 1, 1, 4.80374e+19
Pixel 93, 65, 1, 1, 4.80374e+19
Pixel 92, 65, 1, 1, 4.80374e+19
Pixel 92, 66, 1, 1, 4.80374e+19
Pixel 93, 66, 1, 1, 4.80374e+19
Pixel 93, 67, 1, 1, 4.80374e+19
Pixel 92, 67, 1, 1, 4.80374e+19
Pixel 92, 68, 1, 1, 4.80374e+19
Pixel 93, 68, 1, 1, 4.80374e+19
Pixel 93, 69, 1, 1, 4.80374e+19
Pixel 92, 69, 1, 1, 4.80374e+19
Pixel 92, 70, 1, 1, 4.80374e+19
Pixel 93, 70, 1, 1, 4.80374e+19
Pixel 93, 71, 1, 1, 4.80374e+19
Pixel 92, 71, 1, 1, 4.80374e+19
Pixel 92, 72, 1, 1, 4.80374e+19
Pixel 93, 72, 1, 1, 4.80374e+19
Pixel 93, 73, 1, 1, 4.80374e+19
Pixel 92, 73, 1, 1, 4.80374e+19
Pixel 92, 74, 1, 1, 4.80374e+19
Pixel 93, 74, 1, 1, 4.80374e+19
Pixel 93, 75, 1, 1, 4.80374e+19
Pixel 92, 75, 1, 1, 4.80374e+19
Pixel 92, 76, 1, 1, 4.80374e+19
Pixel 93, 76, 1, 1, 4.80374e+19
Pixel 93, 77, 1, 1, 4.80374e+19
Pixel 92, 77, 1, 1, 4.80374e+19
Pixel 92, 78, 1, 1, 4.80374e+19
Pixel 93, 78, 1, 1, 4.80374e+19
Pixel 93, 79, 1, 1, 4.80374e+19
Pixel 92, 79, 1, 1, 4.80374e+19
Pixel 92, 80, 1, 1, 4.80374e+19
Pixel 93, 80, 1, 1, 4.80374e+19
Pixel 93, 81, 1, 1, 4.80374e+19
Pixel 92, 81, 1, 1, 4.80374e+19
Pixel 92, 82, 1, 1, 4.80374e+19
Pixel 93, 82, 1, 1, 4.80374e+19
Pixel 93, 83, 1, 1, 4.80374e+19
Pixel 92, 83, 1, 1, 4.80374e+19
Pixel 92, 84, 1, 1, 4.80374e+19
Pixel 93, 84, 1, 1, 4.80374e+19
Pixel 93, 85, 1, 1, 4.80374e+19
Pixel 92, 85, 1, 1, 4.80374e+19
Pixel 92, 86, 1, 1, 4.80374e+19
Pixel 93, 86, 1, 1, 4.80374e+19
Pixel 93, 87, 1, 1, 4.80374e+19
Pixel 92, 87, 1, 1, 4.80374e+19
Pixel 92, 88, 1, 1, 4.80374e+19
Pixel 93, 88, 1, 1, 4.80374e+19
Pixel 93, 89, 1, 1, 4.80374e+19
Pixel 92, 89, 1, 1, 4.80374e+19
Pixel 92, 90, 1, 1, 4.80374e+19
Pixel 93, 90, 1, 1, 4.80374e+19
Pixel 93, 91, 1, 1, 4.80374e+19
Pixel 92, 91, 1, 1, 4.80374e+19
Pixel 92, 92, 1, 1, 4.80374e+19
Pixel 93, 92, 1, 1, 4.80374e+19
Pixel 93, 93, 1, 1, 4.80374e+19
Pixel 92, 93, 1, 1, 4.80374e+19
Pixel 92, 94, 1, 1, 4.80374e+19
Pixel 93, 94, 1, 1, 4.80374e+19
Pixel 93, 95, 1, 1, 4.80374e+19
Pixel 92, 95, 1, 1, 4.80374e+19
Pixel 92, 96, 1, 1, 4.80374e+19
Pixel 93, 96, 1, 1, 4.80374e+19
Pixel 93, 97, 1, 1, 4.80374e+19
Pixel 92, 97, 1, 1, 4.80374e+19
Pixel 92, 98, 1, 1, 4.80374e+19
Pixel 93, 98, 1, 1, 4.80374e+19
Pixel 93, 99, 1, 1, 4.80374e+19
Pixel 92, 99, 1, 1, 4.80374e+19
Pixel 92, 100, 1, 1, 4.80374e+19
Pixel 93, 100, 1, 1, 4.80374e+19
Pixel 93, 101, 1, 1, 4.80374e+19
Pixel 92, 101, 1, 1, 4.80374e+19
Pixel 92, 102, 1, 1, 4.80374e+19
Pixel 93, 102, 1, 1, 4.80374e+19
Pixel 93, 103, 1, 1, 4.80374e+19
Pixel 92, 103, 1, 1, 4.80374e+19
Pixel 92, 104, 1, 1, 4.80374e+19
Pixel 93, 104, 1, 1, 4.80374e+19
Pixel 93, 105, 1, 1, 4.80374e+19
Pixel 92, 105, 1, 1, 4.80374e+19
Pixel 92, 106, 1, 1, 4.80374e+19
Pixel 93, 106, 1, 1, 4.80374e+19
Pixel 93, 107, 1, 1, 4.80374e+19
Pixel 92, 107, 1, 1, 4.80374e+19
Pixel 92, 108, 1, 1, 4.80374e+19
Pixel 93, 108, 1, 1, 4.80374e+19
Pixel 93, 109, 1, 1, 4.80374e+19
Pixel 92, 109, 1, 1, 4.80374e+19
Pixel 92, 110, 1, 1, 4.80374e+19
Pixel 93, 110, 1, 1, 4.80374e+19
Pixel 93, 111, 1, 1, 4.80374e+19
Pixel 92, 111, 1, 1, 4.80374e+19
Pixel 92, 112, 1, 1, 4.80374e+19
Pixel 93, 112, 1, 1, 4.80374e+19
Pixel 93, 113, 1, 1, 4.80374e+19
Pixel 92, 113, 1, 1, 4.80374e+19
Pixel 92, 114, 1, 1, 4.80374e+19
Pixel 93, 114, 1, 1, 4.80374e+19
Pixel 93, 115, 1, 1, 4.80374e+19
Pixel 92, 115, 1, 1, 4.80374e+19
Pixel 92, 116, 1, 1, 4.80374e+19
Pixel 93, 116, 1, 1, 4.80374e+19
Pixel 93, 117, 1, 1, 4.80374e+19
Pixel 92, 117, 1, 1, 4.80374e+19
Pixel 92, 118, 1, 1, 4.80374e+19
Pixel 93, 118, 1, 1, 4.80374e+19
Pixel 93, 119, 1, 1, 4.80374e+19
Pixel 92, 119, 1, 1, 4.80374e+19
Pixel 92, 120, 1, 1, 4.80374e+19
Pixel 93, 120, 1, 1, 4.80374e+19
Pixel 93, 121, 1, 1, 4.80374e+19
Pixel 92, 121, 1, 1, 4.80374e+19
Pixel 92, 122, 1, 1, 4.80374e+19
Pixel 93, 122, 1, 1, 4.80374e+19
Pixel 93, 123, 1, 1, 4.80374e+19
Pixel 92, 123, 1, 1, 4.80374e+19
Pixel 92, 124, 1, 1, 4.80374e+19
Pixel 93, 124, 1, 1, 4.80374e+19
Pixel 93, 125, 1, 1, 4.80374e+19
Pixel 92, 125, 1, 1, 4.80374e+19
Pixel 92, 126, 1, 1, 4.80374e+19
Pixel 93, 126, 1, 1, 4.80374e+19
Pixel 93, 127, 1, 1, 4.80374e+19
Pixel 92, 127, 1, 1, 4.80374e+19
Pixel 92, 128, 1, 1, 4.80374e+19
Pixel 93, 128, 1, 1, 4.80374e+19
Pixel 93, 129, 1, 1, 4.80374e+19
Pixel 92, 129, 1, 1, 4.80374e+19
Pixel 92, 130, 1, 1, 4.80374e+19
Pixel 93, 130, 1, 1, 4.80374e+19
Pixel 93, 131, 1, 1, 4.80374e+19
Pixel 92, 131, 1, 1, 4.80374e+19
Pixel 92, 132, 1, 1, 4.80374e+19
Pixel 93, 132, 1, 1, 4.80374e+19
Pixel 93, 133, 1, 1, 4.80374e+19
Pixel 92, 133, 1, 1, 4.80374e+19
Pixel 92, 134, 1, 1, 4.80374e+19
Pixel 93, 134, 1, 1, 4.80374e+19
Pixel 93, 135, 1, 1, 4.80374e+19
Pixel 92, 135, 1, 1, 4.80374e+19
Pixel 92, 136, 1, 1, 4.80374e+19
Pixel 93, 136, 1, 1, 4.80374e+19
Pixel 93, 137, 1, 1, 4.80374e+19
Pixel 92, 137, 1, 1, 4.80374e+19
Pixel 92, 138, 1, 1, 4.80374e+19
Pixel 93, 138, 1, 1, 4.80374e+19
Pixel 93, 139, 1, 1, 4.80374e+19
Pixel 92, 139, 1, 1, 4.80374e+19
Pixel 92, 140, 1, 1, 4.80374e+19
Pixel 93, 140, 1, 1, 4.80374e+19
Pixel 93, 141, 1, 1, 4.80374e+19
Pixel 92, 141, 1, 1, 4.80374e+19
Pixel 92, 142, 1, 1, 4.80374e+19
Pixel 93, 142, 1, 1, 4.80374e+19
Pixel 93, 143, 1, 1, 4.80374e+19
Pixel 92, 143, 1, 1, 4.80374e+19
Pixel 92, 144, 1, 1, 4.80374e+19
Pixel 93, 144, 1, 1, 4.80374e+19
Pixel 93, 145, 1, 1, 4.80374e+19
Pixel 92, 145, 1, 1, 4.80374e+19
Pixel 92, 146, 1, 1, 4.80374e+19
Pixel 93, 146, 1, 1, 4.80374e+19
Pixel 93, 147, 1, 1, 4.80374e+19
Pixel 92, 147, 1, 1, 4.80374e+19
Pixel 92, 148, 1, 1, 4.80374e+19
Pixel 93, 148, 1, 1, 4.80374e+19
Pixel 93, 149, 1, 1, 4.80374e+19
Pixel 92, 149, 1, 1, 4.80374e+19
Pixel 92, 150, 1, 1, 4.80374e+19
Pixel 93, 150, 1, 1, 4.80374e+19
Pixel 93, 151, 1, 1, 4.80374e+19
Pixel 92, 151, 1, 1, 4.80374e+19
Pixel 92, 152, 1, 1, 4.80374e+19
Pixel 93, 152, 1, 1, 4.80374e+19
Pixel 93, 153, 1, 1, 4.80374e+19
Pixel 92, 153, 1, 1, 4.80374e+19
Pixel 92, 154, 1, 1, 4.80374e+19
Pixel 93, 154, 1, 1, 4.80374e+19
Pixel 93, 155, 1, 1, 4.80374e+19
Pixel 92, 155, 1, 1, 4.80374e+19
Pixel 92, 156, 1, 1, 4.80374e+19
Pixel 93, 156, 1, 1, 4.80374e+19
Pixel 93, 157, 1, 1, 4.80374e+19
Pixel 92, 157, 1, 1, 4.80374e+19
Pixel 92, 158, 1, 1, 4.80374e+19
Pixel 93, 158, 1, 1, 4.80374e+19
Pixel 93, 159, 1, 1, 4.80374e+19
Pixel 92, 159, 1, 1, 4.80374e+19
Pixel 92, 160, 1, 1, 4.80374e+19
Pixel 93, 160, 1, 1, 4.80374e+19
Pixel 93, 161, 1, 1, 4.80374e+19
Pixel 92, 161, 1, 1, 4.80374e+19
Pixel 92, 162, 1, 1, 4.80374e+19
Pixel 93, 162, 1, 1, 4.80374e+19
Pixel 93, 163, 1, 1, 4.80374e+19
Pixel 92, 163, 1, 1, 4.80374e+19
Pixel 92, 164, 1, 1, 4.80374e+19
Pixel 93, 164, 1, 1, 4.80374e+19
Pixel 93, 165, 1, 1, 4.80374e+19
Pixel 92, 165, 1, 1, 4.80374e+19
Pixel 92, 166, 1, 1, 4.80374e+19
Pixel 93, 166, 1, 1, 4.80374e+19
Pixel 93, 167, 1, 1, 4.80374e+19
Pixel 92, 167, 1, 1, 4.80374e+19
Pixel 92, 168, 1, 1, 4.80374e+19
Pixel 93, 168, 1, 1, 4.80374e+19
Pixel 93, 169, 1, 1, 4.80374e+19
Pixel 92, 169, 1, 1, 4.80374e+19
Pixel 92, 170, 1, 1, 4.80374e+19
Pixel 93, 170, 1, 1, 4.80374e+19
Pixel 93, 171, 1, 1, 4.80374e+19
Pixel 92, 171, 1, 1, 4.80374e+19
Pixel 92, 172, 1, 1, 4.80374e+19
Pixel 93, 172, 1, 1, 4.80374e+19
Pixel 93, 173, 1, 1, 4.80374e+19
Pixel 92, 173, 1, 1, 4.80374e+19
Pixel 92, 174, 1, 1, 4.80374e+19
Pixel 93, 174, 1, 1, 4.80374e+19
Pixel 93, 175, 1, 1, 4.80374e+19
Pixel 92, 175, 1, 1, 4.80374e+19
Pixel 92, 176, 1, 1, 4.80374e+19
Pixel 93, 176, 1, 1, 4.80374e+19
Pixel 93, 177, 1, 1, 4.80374e+19
Pixel 92, 177, 1, 1, 4.80374e+19
Pixel 92, 178, 1, 1, 4.80374e+19
Pixel 93, 178, 1, 1, 4.80374e+19
Pixel 93, 179, 1, 1, 4.80374e+19
Pixel 92, 179, 1, 1, 4.80374e+19
Pixel 92, 180, 1, 1, 4.80374e+19
Pixel 93, 180, 1, 1, 4.80374e+19
Pixel 93, 181, 1, 1, 4.80374e+19
Pixel 92, 181, 1, 1, 4.80374e+19
Pixel 92, 182, 1, 1, 4.80374e+19
Pixel 93, 182, 1, 1, 4.80374e+19
Pixel 93, 183, 1, 1, 4.80374e+19
Pixel 92, 183, 1, 1, 4.80374e+19
Pixel 92, 184, 1, 1, 4.80374e+19
Pixel 93, 184, 1, 1, 4.80374e+19
Pixel 93, 185, 1, 1, 4.80374e+19
Pixel 92, 185, 1, 1, 4.80374e+19
Pixel 92, 186, 1, 1, 4.80374e+19
Pixel 93, 186, 1, 1, 4.80374e+19
Pixel 93, 187, 1, 1, 4.80374e+19
Pixel 92, 187, 1, 1, 4.80374e+19
Pixel 92, 188, 1, 1, 4.80374e+19
Pixel 93, 188, 1, 1, 4.80374e+19
Pixel 93, 189, 1, 1, 4.80374e+19
Pixel 92, 189, 1, 1, 4.80374e+19
Pixel 92, 190, 1, 1, 4.80374e+19
Pixel 93, 190, 1, 1, 4.80374e+19
Pixel 93, 191, 1, 1, 4.80374e+19
Pixel 92, 191, 1, 1, 4.80374e+19
Pixel 92, 192, 1, 1, 4.80374e+19
Pixel 93, 192, 1, 1, 4.80374e+19
Pixel 93, 193, 1, 1, 4.80374e+19
Pixel 92, 193, 1, 1, 4.80374e+19
Pixel 92, 194, 1, 1, 4.80374e+19
Pixel 93, 194, 1, 1, 4.80374e+19
Pixel 93, 195, 1, 1, 4.80374e+19
Pixel 92, 195, 1, 1, 4.80374e+19
Pixel 92, 196, 1, 1, 4.80374e+19
Pixel 93, 196, 1, 1, 4.80374e+19
Pixel 93, 197, 1, 1, 4.80374e+19
Pixel 92, 197, 1, 1, 4.80374e+19
Pixel 92, 198, 1, 1, 4.80374e+19
Pixel 93, 198, 1, 1, 4.80374e+19
Pixel 93, 199, 1, 1, 4.80374e+19
Pixel 92, 199, 1, 1, 4.80374e+19
Pixel 92, 200, 1, 1, 4.80374e+19
Pixel 93, 200, 1, 1, 4.80374e+19
Pixel 93, 201, 1, 1, 4.80374e+19
Pixel 92, 201, 1, 1, 4.80374e+19
Pixel 92, 202, 1, 1, 4.80374e+19
Pixel 93, 202, 1, 1, 4.80374e+19
Pixel 93, 203, 1, 1, 4.80374e+19
Pixel 92, 203, 1, 1, 4.80374e+19
Pixel 92, 204, 1, 1, 4.80374e+19
Pixel 93, 204, 1, 1, 4.80374e+19
Pixel 93, 205, 1, 1, 4.80374e+19
Pixel 92, 205, 1, 1, 4.80374e+19
Pixel 92, 206, 1, 1, 4.80374e+19
Pixel 93, 206, 1, 1, 4.80374e+19
Pixel 93, 207, 1, 1, 4.80374e+19
Pixel 92, 207, 1, 1, 4.80374e+19
Pixel 92, 208, 1, 1, 4.80374e+19
Pixel 93, 208, 1, 1, 4.80374e+19
Pixel 93, 209, 1, 1, 4.80374e+19
Pixel 92, 209, 1, 1, 4.80374e+19
Pixel 92, 210, 1, 1, 4.80374e+19
Pixel 93, 210, 1, 1, 4.80374e+19
Pixel 93, 211, 1, 1, 4.80374e+19
Pixel 92, 211, 1, 1, 4.80374e+19
Pixel 92, 212, 1, 1, 4.80374e+19
Pixel 93, 212, 1, 1, 4.80374e+19
Pixel 93, 213, 1, 1, 4.80374e+19
Pixel 92, 213, 1, 1, 4.80374e+19
Pixel 92, 214, 1, 1, 4.80374e+19
Pixel 93, 214, 1, 1, 4.80374e+19
Pixel 93, 215, 1, 1, 4.80374e+19
Pixel 92, 215, 1, 1, 4.80374e+19
Pixel 92, 216, 1, 1, 4.80374e+19
Pixel 93, 216, 1, 1, 4.80374e+19
Pixel 93, 217, 1, 1, 4.80374e+19
Pixel 92, 217, 1, 1, 4.80374e+19
Pixel 92, 218, 1, 1, 4.80374e+19
Pixel 93, 218, 1, 1, 4.80374e+19
Pixel 93, 219, 1, 1, 4.80374e+19
Pixel 92, 219, 1, 1, 4.80374e+19
Pixel 92, 220, 1, 1, 4.80374e+19
Pixel 93, 220, 1, 1, 4.80374e+19
Pixel 93, 221, 1, 1, 4.80374e+19
Pixel 92, 221, 1, 1, 4.80374e+19
Pixel 92, 222, 1, 1, 4.80374e+19
Pixel 93, 222, 1, 1, 4.80374e+19
Pixel 93, 223, 1, 1, 4.80374e+19
Pixel 92, 223, 1, 1, 4.80374e+19
Pixel 92, 224, 1, 1, 4.80374e+19
Pixel 93, 224, 1, 1, 4.80374e+19
Pixel 93, 225, 1, 1, 4.80374e+19
Pixel 92, 225, 1, 1, 4.80374e+19
Pixel 92, 226, 1, 1, 4.80374e+19
Pixel 93, 226, 1, 1, 4.80374e+19
Pixel 93, 227, 1, 1, 4.80374e+19
Pixel 92, 227, 1, 1, 4.80374e+19
Pixel 92, 228, 1, 1, 4.80374e+19
Pixel 93, 228, 1, 1, 4.80374e+19
Pixel 93, 229, 1, 1, 4.80374e+19
Pixel 92, 229, 1, 1, 4.80374e+19
Pixel 92, 230, 1, 1, 4.80374e+19
Pixel 93, 230, 1, 1, 4.80374e+19
Pixel 93, 231, 1, 1, 4.80374e+19
Pixel 92, 231, 1, 1, 4.80374e+19
Pixel 92, 232, 1, 1, 4.80374e+19
Pixel 93, 232, 1, 1, 4.80374e+19
Pixel 93, 233, 1, 1, 4.80374e+19
Pixel 92, 233, 1, 1, 4.80374e+19
Pixel 92, 234, 1, 1, 4.80374e+19
Pixel 93, 234, 1, 1, 4.80374e+19
Pixel 93, 235, 1, 1, 4.80374e+19
Pixel 92, 235, 1, 1, 4.80374e+19
Pixel 92, 236, 1, 1, 4.80374e+19
Pixel 93, 236, 1, 1, 4.80374e+19
Pixel 93, 237, 1, 1, 4.80374e+19
Pixel 92, 237, 1, 1, 4.80374e+19
Pixel 92, 238, 1, 1, 4.80374e+19
Pixel 93, 238, 1, 1, 4.80374e+19
Pixel 93, 239, 1, 1, 4.80374e+19
Pixel 92, 239, 1, 1, 4.80374e+19
Pixel 92, 240, 1, 1, 4.80374e+19
Pixel 93, 240, 1, 1, 4.80374e+19
Pixel 93, 241, 1, 1, 4.80374e+19
Pixel 92, 241, 1, 1, 4.80374e+19
Pixel 92, 242, 1, 1, 4.80374e+19
Pixel 93, 242, 1, 1, 4.80374e+19
Pixel 93, 243, 1, 1, 4.80374e+19
Pixel 92, 243, 1, 1, 4.80374e+19
Pixel 92, 244, 1, 1, 4.80374e+19
Pixel 93, 244, 1, 1, 4.80374e+19
Pixel 93, 245, 1, 1, 4.80374e+19
Pixel 92, 245, 1, 1, 4.80374e+19
Pixel 92, 246, 1, 1, 4.80374e+19
Pixel 93, 246, 1, 1, 4.80374e+19
Pixel 93, 247, 1, 1, 4.80374e+19
Pixel 92, 247, 1, 1, 4.80374e+19
Pixel 92, 248, 1, 1, 4.80374e+19
Pixel 93, 248, 1, 1, 4.80374e+19
Pixel 93, 249, 1, 1, 4.80374e+19
Pixel 92, 249, 1, 1, 4.80374e+19
Pixel 92, 250, 1, 1, 4.80374e+19
Pixel 93, 250, 1, 1, 4.80374e+19
Pixel 93, 251, 1, 1, 4.80374e+19
Pixel 92, 251, 1, 1, 4.80374e+19
Pixel 92, 252, 1, 1, 4.80374e+19
Pixel 93, 252, 1, 1, 4.80374e+19
Pixel 93, 253, 1, 1, 4.80374e+19
Pixel 92, 253, 1, 1, 4.80374e+19
Pixel 92, 254, 1, 1, 4.80374e+19
Pixel 93, 254, 1, 1, 4.80374e+19
Pixel 93, 255, 1, 1, 4.80374e+19
Pixel 92, 255, 1, 1, 4.80374e+19
=== 6516 ===
--- pALPIDEfs_5 ---
Pixel 155, 114, 1, 1, 4.80374e+19
Pixel 155, 115, 1, 1, 4.80374e+19
Pixel 156, 114, 1, 1, 4.80374e+19
Pixel 156, 115, 1, 1, 4.80374e+19
--- pALPIDEfs_6 ---
Pixel 837, 380, 1, 1, 4.80374e+19
Pixel 837, 381, 1, 1, 4.80374e+19
Pixel 838, 380, 1, 1, 4.80374e+19
Pixel 838, 381, 1, 1, 4.80374e+19
Pixel 840, 380, 1, 1, 4.80374e+19
Pixel 840, 381, 1, 1, 4.80374e+19
=== 8651 ===
--- pALPIDEfs_6 ---
Pixel 677, 463, 1, 1, 4.80374e+19
=== 19450 ===
--- pALPIDEfs_1 ---
Pixel 555, 452, 1, 1, 4.80374e+19
Pixel 555, 453, 1, 1, 4.80374e+19
=== 57007 ===
--- pALPIDEfs_6 ---
Pixel 720, 259, 1, 1, 4.80374e+19
Pixel 720, 260, 1, 1, 4.80374e+19
=== 83795 ===
--- pALPIDEfs_4 ---
Pixel 481, 219, 1, 1, 4.80374e+19
Pixel 480, 220, 1, 1, 4.80374e+19
Pixel 481, 220, 1, 1, 4.80374e+19
=== 88571 ===
--- pALPIDEfs_1 ---
Pixel 331, 442, 1, 1, 4.80374e+19
Pixel 331, 443, 1, 1, 4.80374e+19
Pixel 332, 442, 1, 1, 4.80374e+19
Pixel 332, 443, 1, 1, 4.80374e+19
=== 102545 ===
--- pALPIDEfs_5 ---
Pixel 465, 283, 1, 1, 4.80374e+19
Pixel 466, 283, 1, 1, 4.80374e+19
=== 139778 ===
--- pALPIDEfs_0 ---
Pixel 37, 27, 1, 1, 4.80374e+19
Pixel 36, 27, 1, 1, 4.80374e+19
Pixel 37, 28, 1, 1, 4.80374e+19
Pixel 37, 29, 1, 1, 4.80374e+19
=== 144479 ===
--- pALPIDEfs_0 ---
Pixel 781, 333, 1, 1, 4.80374e+19
Pixel 781, 334, 1, 1, 4.80374e+19
Pixel 782, 333, 1, 1, 4.80374e+19
Pixel 782, 334, 1, 1, 4.80374e+19
=== 149094 ===
--- pALPIDEfs_6 ---
Pixel 723, 346, 1, 1, 4.80374e+19
Pixel 723, 347, 1, 1, 4.80374e+19
Pixel 724, 346, 1, 1, 4.80374e+19
Pixel 724, 347, 1, 1, 4.80374e+19
=== 151021 ===
--- pALPIDEfs_3 ---
Pixel 145, 42, 1, 1, 4.80374e+19
Pixel 145, 43, 1, 1, 4.80374e+19
Pixel 144, 43, 1, 1, 4.80374e+19
=== 180571 ===
--- pALPIDEfs_1 ---
Pixel 103, 92, 1, 1, 4.80374e+19
Pixel 105, 91, 1, 1, 4.80374e+19
Pixel 104, 91, 1, 1, 4.80374e+19
Pixel 104, 92, 1, 1, 4.80374e+19
Pixel 106, 90, 1, 1, 4.80374e+19
=== 256092 ===
--- pALPIDEfs_3 ---
Pixel 715, 13, 1, 1, 4.80374e+19
Pixel 714, 13, 1, 1, 4.80374e+19
=== 271412 ===
--- pALPIDEfs_5 ---
Pixel 929, 158, 1, 1, 4.80374e+19
Pixel 930, 158, 1, 1, 4.80374e+19
=== 273512 ===
--- pALPIDEfs_6 ---
Pixel 986, 196, 1, 1, 4.80374e+19
Pixel 987, 196, 1, 1, 4.80374e+19
=== 275340 ===
--- pALPIDEfs_2 ---
Pixel 180, 80, 1, 1, 4.80374e+19
Pixel 181, 80, 1, 1, 4.80374e+19
Pixel 181, 81, 1, 1, 4.80374e+19
Pixel 180, 81, 1, 1, 4.80374e+19
=== 291618 ===
--- pALPIDEfs_0 ---
Pixel 547, 209, 1, 1, 4.80374e+19
Pixel 546, 209, 1, 1, 4.80374e+19
--- pALPIDEfs_1 ---
Pixel 469, 357, 1, 1, 4.80374e+19
Pixel 468, 357, 1, 1, 4.80374e+19
--- pALPIDEfs_2 ---
Pixel 412, 398, 1, 1, 4.80374e+19
Pixel 413, 398, 1, 1, 4.80374e+19
--- pALPIDEfs_3 ---
Pixel 355, 507, 1, 1, 4.80374e+19
Pixel 356, 507, 1, 1, 4.80374e+19
=== 303040 ===
--- pALPIDEfs_1 ---
Pixel 181, 413, 1, 1, 4.80374e+19
Pixel 182, 413, 1, 1, 4.80374e+19
Pixel 182, 414, 1, 1, 4.80374e+19
--- pALPIDEfs_2 ---
Pixel 437, 508, 1, 1, 4.80374e+19
Pixel 437, 509, 1, 1, 4.80374e+19
Pixel 438, 508, 1, 1, 4.80374e+19
Pixel 438, 509, 1, 1, 4.80374e+19
=== 308002 ===
--- pALPIDEfs_2 ---
Pixel 135, 478, 1, 1, 4.80374e+19
Pixel 136, 478, 1, 1, 4.80374e+19
=== 314918 ===
--- pALPIDEfs_5 ---
Pixel 367, 6, 1, 1, 4.80374e+19
Pixel 367, 7, 1, 1, 4.80374e+19
=== 315049 ===
--- pALPIDEfs_4 ---
Pixel 773, 15, 1, 1, 4.80374e+19
Pixel 774, 15, 1, 1, 4.80374e+19
--- pALPIDEfs_5 ---
Pixel 871, 103, 1, 1, 4.80374e+19
=== 389307 ===
--- pALPIDEfs_3 ---
Pixel 27, 244, 1, 1, 4.80374e+19
Pixel 27, 245, 1, 1, 4.80374e+19
Pixel 27, 246, 1, 1, 4.80374e+19
Pixel 28, 244, 1, 1, 4.80374e+19
Pixel 29, 245, 1, 1, 4.80374e+19
Pixel 28, 245, 1, 1, 4.80374e+19
Pixel 28, 246, 1, 1, 4.80374e+19
Pixel 29, 246, 1, 1, 4.80374e+19
--- pALPIDEfs_4 ---
Pixel 249, 410, 1, 1, 4.80374e+19
Pixel 250, 410, 1, 1, 4.80374e+19
=== 405769 ===
--- pALPIDEfs_1 ---
Pixel 237, 55, 1, 1, 4.80374e+19
Pixel 236, 55, 1, 1, 4.80374e+19
Pixel 236, 56, 1, 1, 4.80374e+19
=== 408689 ===
--- pALPIDEfs_6 ---
Pixel 303, 27, 1, 1, 4.80374e+19
Pixel 302, 27, 1, 1, 4.80374e+19
Pixel 302, 28, 1, 1, 4.80374e+19
Pixel 303, 28, 1, 1, 4.80374e+19
=== 414780 ===
--- pALPIDEfs_2 ---
Pixel 565, 249, 1, 1, 4.80374e+19
Pixel 564, 249, 1, 1, 4.80374e+19
Pixel 565, 250, 1, 1, 4.80374e+19
Pixel 566, 250, 1, 1, 4.80374e+19
Pixel 567, 251, 1, 1, 4.80374e+19
Pixel 566, 251, 1, 1, 4.80374e+19
Pixel 567, 252, 1, 1, 4.80374e+19
=== 430822 ===
--- pALPIDEfs_3 ---
Pixel 650, 146, 1, 1, 4.80374e+19
=== 430823 ===
--- pALPIDEfs_3 ---
Pixel 650, 146, 1, 1, 4.80374e+19
=== 441145 ===
--- pALPIDEfs_3 ---
Pixel 863, 472, 1, 1, 4.80374e+19
Pixel 863, 473, 1, 1, 4.80374e+19
Pixel 864, 472, 1, 1, 4.80374e+19
Pixel 864, 473, 1, 1, 4.80374e+19
=== 446053 ===
--- pALPIDEfs_1 ---
Pixel 23, 490, 1, 1, 4.80374e+19
Pixel 25, 489, 1, 1, 4.80374e+19
Pixel 24, 489, 1, 1, 4.80374e+19
Pixel 24, 490, 1, 1, 4.80374e+19
Pixel 25, 490, 1, 1, 4.80374e+19
Pixel 27, 492, 1, 1, 4.80374e+19
Pixel 27, 493, 1, 1, 4.80374e+19
Pixel 28, 493, 1, 1, 4.80374e+19
=== 464566 ===
--- pALPIDEfs_4 ---
Pixel 679, 236, 1, 1, 4.80374e+19
Pixel 679, 237, 1, 1, 4.80374e+19
=== 477455 ===
--- pALPIDEfs_1 ---
Pixel 659, 395, 1, 1, 4.80374e+19
Pixel 659, 396, 1, 1, 4.80374e+19
Pixel 660, 395, 1, 1, 4.80374e+19
Pixel 660, 396, 1, 1, 4.80374e+19
=== 482327 ===
--- pALPIDEfs_3 ---
Pixel 395, 299, 1, 1, 4.80374e+19
=== 489077 ===
--- pALPIDEfs_4 ---
Pixel 83, 308, 1, 1, 4.80374e+19
Pixel 84, 308, 1, 1, 4.80374e+19
=== 490528 ===
--- pALPIDEfs_4 ---
Pixel 359, 421, 1, 1, 4.80374e+19
Pixel 360, 421, 1, 1, 4.80374e+19
--- pALPIDEfs_5 ---
Pixel 703, 467, 1, 1, 4.80374e+19
Pixel 702, 468, 1, 1, 4.80374e+19
Pixel 703, 468, 1, 1, 4.80374e+19
=== 501444 ===
--- pALPIDEfs_4 ---
Pixel 689, 47, 1, 1, 4.80374e+19
Pixel 689, 48, 1, 1, 4.80374e+19
Pixel 690, 46, 1, 1, 4.80374e+19
Pixel 690, 47, 1, 1, 4.80374e+19
--- pALPIDEfs_5 ---
Pixel 569, 501, 1, 1, 4.80374e+19
Pixel 569, 502, 1, 1, 4.80374e+19
=== 501916 ===
--- pALPIDEfs_3 ---
Pixel 327, 352, 1, 1, 4.80374e+19
Pixel 327, 353, 1, 1, 4.80374e+19
Pixel 327, 354, 1, 1, 4.80374e+19
Pixel 327, 355, 1, 1, 4.80374e+19
Pixel 328, 353, 1, 1, 4.80374e+19
Pixel 328, 354, 1, 1, 4.80374e+19
Pixel 328, 355, 1, 1, 4.80374e+19
=== 513114 ===
--- pALPIDEfs_2 ---
Pixel 84, 337, 1, 1, 4.80374e+19
Pixel 84, 338, 1, 1, 4.80374e+19
Pixel 85, 338, 1, 1, 4.80374e+19
--- pALPIDEfs_3 ---
Pixel 345, 147, 1, 1, 4.80374e+19
Pixel 346, 147, 1, 1, 4.80374e+19
--- pALPIDEfs_4 ---
Pixel 793, 176, 1, 1, 4.80374e+19
Pixel 793, 177, 1, 1, 4.80374e+19
--- pALPIDEfs_5 ---
Pixel 967, 143, 1, 1, 4.80374e+19
Pixel 966, 143, 1, 1, 4.80374e+19
Pixel 966, 144, 1, 1, 4.80374e+19
Pixel 967, 144, 1, 1, 4.80374e+19
=== 537623 ===
--- pALPIDEfs_6 ---
Pixel 136, 348, 1, 1, 4.80374e+19
Pixel 136, 349, 1, 1, 4.80374e+19
=== 543227 ===
--- pALPIDEfs_4 ---
Pixel 754, 509, 1, 1, 4.80374e+19
Pixel 754, 510, 1, 1, 4.80374e+19
Pixel 755, 510, 1, 1, 4.80374e+19
Pixel 755, 511, 1, 1, 4.80374e+19
=== 548714 ===
--- pALPIDEfs_6 ---
Pixel 472, 236, 1, 1, 4.80374e+19
Pixel 473, 236, 1, 1, 4.80374e+19
Pixel 472, 237, 1, 1, 4.80374e+19
=== 599408 ===
--- pALPIDEfs_1 ---
Pixel 575, 117, 1, 1, 4.80374e+19
Pixel 575, 118, 1, 1, 4.80374e+19
Pixel 576, 117, 1, 1, 4.80374e+19
=== 609587 ===
--- pALPIDEfs_3 ---
Pixel 473, 149, 1, 1, 4.80374e+19
=== 632343 ===
--- pALPIDEfs_0 ---
Pixel 795, 95, 1, 1, 4.80374e+19
Pixel 795, 96, 1, 1, 4.80374e+19
=== 641220 ===
--- pALPIDEfs_6 ---
Pixel 691, 153, 1, 1, 4.80374e+19
Pixel 691, 154, 1, 1, 4.80374e+19
Pixel 693, 153, 1, 1, 4.80374e+19
Pixel 692, 153, 1, 1, 4.80374e+19
Pixel 692, 154, 1, 1, 4.80374e+19
Pixel 693, 154, 1, 1, 4.80374e+19
=== 670084 ===
--- pALPIDEfs_6 ---
Pixel 324, 107, 1, 1, 4.80374e+19
Pixel 324, 108, 1, 1, 4.80374e+19
=== 677484 ===
--- pALPIDEfs_3 ---
Pixel 925, 49, 1, 1, 4.80374e+19
Pixel 925, 50, 1, 1, 4.80374e+19
Pixel 926, 49, 1, 1, 4.80374e+19
Pixel 926, 50, 1, 1, 4.80374e+19
--- pALPIDEfs_4 ---
Pixel 727, 297, 1, 1, 4.80374e+19
Pixel 728, 297, 1, 1, 4.80374e+19
=== 694361 ===
--- pALPIDEfs_6 ---
Pixel 652, 169, 1, 1, 4.80374e+19
Pixel 652, 170, 1, 1, 4.80374e+19
=== 702423 ===
--- pALPIDEfs_4 ---
Pixel 785, 268, 1, 1, 4.80374e+19
Pixel 785, 269, 1, 1, 4.80374e+19
Pixel 786, 269, 1, 1, 4.80374e+19
=== 704439 ===
--- pALPIDEfs_3 ---
Pixel 5, 162, 1, 1, 4.80374e+19
Pixel 6, 162, 1, 1, 4.80374e+19
--- pALPIDEfs_4 ---
Pixel 150, 328, 1, 1, 4.80374e+19
Pixel 151, 328, 1, 1, 4.80374e+19
--- pALPIDEfs_6 ---
Pixel 739, 229, 1, 1, 4.80374e+19
Pixel 738, 229, 1, 1, 4.80374e+19
Pixel 738, 230, 1, 1, 4.80374e+19
Pixel 739, 230, 1, 1, 4.80374e+19
=== 709864 ===
--- pALPIDEfs_2 ---
Pixel 106, 103, 1, 1, 4.80374e+19
Pixel 106, 104, 1, 1, 4.80374e+19
Pixel 107, 104, 1, 1, 4.80374e+19
=== 711724 ===
--- pALPIDEfs_6 ---
Pixel 635, 183, 1, 1, 4.80374e+19
=== 726223 ===
--- pALPIDEfs_2 ---
Pixel 619, 306, 1, 1, 4.80374e+19
Pixel 619, 307, 1, 1, 4.80374e+19
Pixel 620, 306, 1, 1, 4.80374e+19
Pixel 620, 307, 1, 1, 4.80374e+19
=== 731443 ===
--- pALPIDEfs_3 ---
Pixel 397, 422, 1, 1, 4.80374e+19
Pixel 397, 423, 1, 1, 4.80374e+19
Pixel 396, 423, 1, 1, 4.80374e+19
Pixel 396, 424, 1, 1, 4.80374e+19
Pixel 397, 424, 1, 1, 4.80374e+19
=== 755776 ===
--- pALPIDEfs_4 ---
Pixel 919, 490, 1, 1, 4.80374e+19
Pixel 919, 491, 1, 1, 4.80374e+19
=== 761974 ===
--- pALPIDEfs_3 ---
Pixel 891, 167, 1, 1, 4.80374e+19
Pixel 891, 168, 1, 1, 4.80374e+19
Pixel 891, 169, 1, 1, 4.80374e+19
Pixel 892, 167, 1, 1, 4.80374e+19
Pixel 892, 168, 1, 1, 4.80374e+19
Pixel 893, 168, 1, 1, 4.80374e+19
Pixel 893, 169, 1, 1, 4.80374e+19
Pixel 892, 169, 1, 1, 4.80374e+19
=== 770349 ===
--- pALPIDEfs_5 ---
Pixel 377, 341, 1, 1, 4.80374e+19
Pixel 377, 342, 1, 1, 4.80374e+19
Pixel 378, 342, 1, 1, 4.80374e+19
Pixel 378, 343, 1, 1, 4.80374e+19
=== 774876 ===
--- pALPIDEfs_4 ---
Pixel 95, 240, 1, 1, 4.80374e+19
Pixel 95, 241, 1, 1, 4.80374e+19
Pixel 96, 240, 1, 1, 4.80374e+19
Pixel 96, 241, 1, 1, 4.80374e+19
=== 782675 ===
--- pALPIDEfs_6 ---
Pixel 89, 417, 1, 1, 4.80374e+19
Pixel 89, 418, 1, 1, 4.80374e+19
Pixel 90, 417, 1, 1, 4.80374e+19
Pixel 90, 418, 1, 1, 4.80374e+19
=== 799422 ===
--- pALPIDEfs_2 ---
Pixel 943, 207, 1, 1, 4.80374e+19
Pixel 942, 207, 1, 1, 4.80374e+19
Pixel 942, 208, 1, 1, 4.80374e+19
Pixel 943, 208, 1, 1, 4.80374e+19
Pixel 943, 209, 1, 1, 4.80374e+19
Pixel 942, 209, 1, 1, 4.80374e+19
=== 805207 ===
--- pALPIDEfs_1 ---
Pixel 238, 378, 1, 1, 4.80374e+19
Pixel 238, 379, 1, 1, 4.80374e+19
=== 851105 ===
--- pALPIDEfs_4 ---
Pixel 690, 483, 1, 1, 4.80374e+19
Pixel 690, 484, 1, 1, 4.80374e+19
=== 883151 ===
--- pALPIDEfs_1 ---
Pixel 301, 502, 1, 1, 4.80374e+19
Pixel 302, 502, 1, 1, 4.80374e+19
Pixel 303, 503, 1, 1, 4.80374e+19
Pixel 302, 503, 1, 1, 4.80374e+19
Pixel 303, 504, 1, 1, 4.80374e+19
Pixel 304, 504, 1, 1, 4.80374e+19
Pixel 304, 505, 1, 1, 4.80374e+19
=== 899241 ===
--- pALPIDEfs_1 ---
Pixel 267, 241, 1, 1, 4.80374e+19
Pixel 268, 241, 1, 1, 4.80374e+19
=== 906880 ===
--- pALPIDEfs_3 ---
Pixel 377, 476, 1, 1, 4.80374e+19
Pixel 377, 477, 1, 1, 4.80374e+19
Pixel 378, 476, 1, 1, 4.80374e+19
Pixel 378, 477, 1, 1, 4.80374e+19
=== 925081 ===
--- pALPIDEfs_6 ---
Pixel 488, 86, 1, 1, 4.80374e+19
Pixel 489, 86, 1, 1, 4.80374e+19
Pixel 489, 87, 1, 1, 4.80374e+19
Pixel 488, 87, 1, 1, 4.80374e+19
=== 938199 ===
--- pALPIDEfs_3 ---
Pixel 603, 491, 1, 1, 4.80374e+19
=== 946219 ===
--- pALPIDEfs_1 ---
Pixel 266, 323, 1, 1, 4.80374e+19
=== 947520 ===
--- pALPIDEfs_5 ---
Pixel 180, 416, 1, 1, 4.80374e+19
Pixel 180, 417, 1, 1, 4.80374e+19
Pixel 180, 418, 1, 1, 4.80374e+19
=== 947887 ===
--- pALPIDEfs_6 ---
Pixel 769, 455, 1, 1, 4.80374e+19
Pixel 769, 456, 1, 1, 4.80374e+19
=== 965572 ===
--- pALPIDEfs_4 ---
Pixel 157, 335, 1, 1, 4.80374e+19
Pixel 156, 335, 1, 1, 4.80374e+19
--- pALPIDEfs_5 ---
Pixel 603, 378, 1, 1, 4.80374e+19
Pixel 605, 377, 1, 1, 4.80374e+19
Pixel 604, 377, 1, 1, 4.80374e+19
Pixel 604, 378, 1, 1, 4.80374e+19
Pixel 605, 378, 1, 1, 4.80374e+19
Pixel 606, 376, 1, 1, 4.80374e+19
Pixel 607, 376, 1, 1, 4.80374e+19
Pixel 607, 377, 1, 1, 4.80374e+19
Pixel 606, 377, 1, 1, 4.80374e+19
Pixel 606, 378, 1, 1, 4.80374e+19
Pixel 607, 378, 1, 1, 4.80374e+19
=== 990195 ===
--- pALPIDEfs_3 ---
Pixel 441, 355, 1, 1, 4.80374e+19
Pixel 441, 356, 1, 1, 4.80374e+19
Pixel 441, 357, 1, 1, 4.80374e+19
Pixel 442, 355, 1, 1, 4.80374e+19
Pixel 442, 356, 1, 1, 4.80374e+19
=== 994829 ===
--- pALPIDEfs_1 ---
Pixel 245, 153, 1, 1, 4.80374e+19
Pixel 245, 154, 1, 1, 4.80374e+19
=== 1008925 ===
--- pALPIDEfs_4 ---
Pixel 967, 348, 1, 1, 4.80374e+19
Pixel 968, 348, 1, 1, 4.80374e+19
Pixel 968, 349, 1, 1, 4.80374e+19
=== 1022273 ===
--- pALPIDEfs_2 ---
Pixel 151, 465, 1, 1, 4.80374e+19
Pixel 150, 466, 1, 1, 4.80374e+19
Pixel 151, 466, 1, 1, 4.80374e+19
Pixel 150, 467, 1, 1, 4.80374e+19
=== 1032267 ===
--- pALPIDEfs_2 ---
Pixel 647, 29, 1, 1, 4.80374e+19
Pixel 646, 30, 1, 1, 4.80374e+19
Pixel 647, 30, 1, 1, 4.80374e+19
Pixel 646, 31, 1, 1, 4.80374e+19
Pixel 648, 29, 1, 1, 4.80374e+19
=== 1034195 ===
--- pALPIDEfs_6 ---
Pixel 625, 482, 1, 1, 4.80374e+19
Pixel 625, 483, 1, 1, 4.80374e+19
Pixel 625, 484, 1, 1, 4.80374e+19
Pixel 625, 485, 1, 1, 4.80374e+19
Pixel 624, 485, 1, 1, 4.80374e+19
Pixel 624, 486, 1, 1, 4.80374e+19
Pixel 625, 486, 1, 1, 4.80374e+19
Pixel 624, 487, 1, 1, 4.80374e+19
Pixel 626, 481, 1, 1, 4.80374e+19
Pixel 626, 482, 1, 1, 4.80374e+19
Pixel 626, 483, 1, 1, 4.80374e+19
Pixel 647, 467, 1, 1, 4.80374e+19
Pixel 649, 466, 1, 1, 4.80374e+19
Pixel 648, 467, 1, 1, 4.80374e+19
=== 1045660 ===
--- pALPIDEfs_0 ---
Pixel 956, 491, 1, 1, 4.80374e+19
=== 1050127 ===
--- pALPIDEfs_3 ---
Pixel 583, 407, 1, 1, 4.80374e+19
Pixel 582, 407, 1, 1, 4.80374e+19
Pixel 582, 408, 1, 1, 4.80374e+19
Pixel 583, 408, 1, 1, 4.80374e+19
=== 1050594 ===
--- pALPIDEfs_0 ---
Pixel 971, 265, 1, 1, 4.80374e+19
Pixel 970, 265, 1, 1, 4.80374e+19
Pixel 970, 266, 1, 1, 4.80374e+19
Pixel 971, 266, 1, 1, 4.80374e+19
=== 1052457 ===
--- pALPIDEfs_4 ---
Pixel 157, 322, 1, 1, 4.80374e+19
=== 1065142 ===
--- pALPIDEfs_2 ---
Pixel 240, 469, 1, 1, 4.80374e+19
=== 1074909 ===
--- pALPIDEfs_2 ---
Pixel 522, 42, 1, 1, 4.80374e+19
Pixel 523, 42, 1, 1, 4.80374e+19
--- pALPIDEfs_3 ---
Pixel 532, 4, 1, 1, 4.80374e+19
Pixel 533, 4, 1, 1, 4.80374e+19
Pixel 533, 5, 1, 1, 4.80374e+19
=== 1076762 ===
--- pALPIDEfs_4 ---
Pixel 253, 35, 1, 1, 4.80374e+19
Pixel 252, 35, 1, 1, 4.80374e+19
Pixel 252, 36, 1, 1, 4.80374e+19
Pixel 253, 36, 1, 1, 4.80374e+19
Pixel 254, 35, 1, 1, 4.80374e+19
Pixel 254, 36, 1, 1, 4.80374e+19
=== 1094543 ===
--- pALPIDEfs_4 ---
Pixel 379, 88, 1, 1, 4.80374e+19
=== 1102895 ===
--- pALPIDEfs_0 ---
Pixel 265, 126, 1, 1, 4.80374e+19
Pixel 266, 125, 1, 1, 4.80374e+19
Pixel 266, 126, 1, 1, 4.80374e+19
=== 1105489 ===
--- pALPIDEfs_3 ---
Pixel 374, 324, 1, 1, 4.80374e+19
Pixel 375, 324, 1, 1, 4.80374e+19
Pixel 375, 325, 1, 1, 4.80374e+19
Pixel 374, 325, 1, 1, 4.80374e+19
Pixel 376, 325, 1, 1, 4.80374e+19
=== 1106941 ===
--- pALPIDEfs_4 ---
Pixel 468, 480, 1, 1, 4.80374e+19
Pixel 468, 481, 1, 1, 4.80374e+19
Pixel 468, 482, 1, 1, 4.80374e+19
Pixel 469, 482, 1, 1, 4.80374e+19
=== 1109951 ===
--- pALPIDEfs_1 ---
Pixel 337, 214, 1, 1, 4.80374e+19
Pixel 338, 214, 1, 1, 4.80374e+19
Pixel 338, 215, 1, 1, 4.80374e+19
=== 1124997 ===
--- pALPIDEfs_6 ---
Pixel 838, 39, 1, 1, 4.80374e+19
=== 1153165 ===
--- pALPIDEfs_1 ---
Pixel 73, 398, 1, 1, 4.80374e+19
Pixel 73, 399, 1, 1, 4.80374e+19
=== 1160092 ===
--- pALPIDEfs_2 ---
Pixel 25, 324, 1, 1, 4.80374e+19
--- pALPIDEfs_3 ---
Pixel 234, 273, 1, 1, 4.80374e+19
--- pALPIDEfs_4 ---
Pixel 465, 210, 1, 1, 4.80374e+19
Pixel 466, 210, 1, 1, 4.80374e+19
Pixel 466, 211, 1, 1, 4.80374e+19
--- pALPIDEfs_5 ---
Pixel 665, 192, 1, 1, 4.80374e+19
Pixel 666, 192, 1, 1, 4.80374e+19
Pixel 666, 193, 1, 1, 4.80374e+19
--- pALPIDEfs_6 ---
Pixel 921, 118, 1, 1, 4.80374e+19
Pixel 921, 119, 1, 1, 4.80374e+19
=== 1176889 ===
--- pALPIDEfs_5 ---
Pixel 291, 440, 1, 1, 4.80374e+19
Pixel 291, 441, 1, 1, 4.80374e+19
Pixel 293, 435, 1, 1, 4.80374e+19
Pixel 293, 436, 1, 1, 4.80374e+19
Pixel 293, 437, 1, 1, 4.80374e+19
Pixel 292, 437, 1, 1, 4.80374e+19
Pixel 292, 438, 1, 1, 4.80374e+19
Pixel 293, 438, 1, 1, 4.80374e+19
Pixel 292, 439, 1, 1, 4.80374e+19
Pixel 292, 440, 1, 1, 4.80374e+19
Pixel 293, 440, 1, 1, 4.80374e+19
Pixel 292, 441, 1, 1, 4.80374e+19
Pixel 294, 435, 1, 1, 4.80374e+19
Pixel 294, 436, 1, 1, 4.80374e+19
=== 1208521 ===
--- pALPIDEfs_6 ---
Pixel 445, 166, 1, 1, 4.80374e+19
=== 1218677 ===
--- pALPIDEfs_2 ---
Pixel 787, 255, 1, 1, 4.80374e+19
Pixel 787, 256, 1, 1, 4.80374e+19
--- pALPIDEfs_3 ---
Pixel 533, 237, 1, 1, 4.80374e+19
Pixel 532, 237, 1, 1, 4.80374e+19
Pixel 532, 238, 1, 1, 4.80374e+19
--- pALPIDEfs_4 ---
Pixel 301, 205, 1, 1, 4.80374e+19
Pixel 300, 205, 1, 1, 4.80374e+19
Pixel 300, 206, 1, 1, 4.80374e+19
Pixel 301, 206, 1, 1, 4.80374e+19
--- pALPIDEfs_5 ---
Pixel 41, 221, 1, 1, 4.80374e+19
=== 1233375 ===
--- pALPIDEfs_4 ---
Pixel 71, 141, 1, 1, 4.80374e+19
Pixel 71, 142, 1, 1, 4.80374e+19
Pixel 71, 143, 1, 1, 4.80374e+19
Pixel 72, 141, 1, 1, 4.80374e+19
Pixel 72, 142, 1, 1, 4.80374e+19
=== 1233376 ===
--- pALPIDEfs_4 ---
Pixel 71, 141, 1, 1, 4.80374e+19
Pixel 71, 142, 1, 1, 4.80374e+19
Pixel 71, 143, 1, 1, 4.80374e+19
Pixel 72, 141, 1, 1, 4.80374e+19
Pixel 72, 142, 1, 1, 4.80374e+19
=== 1234535 ===
--- pALPIDEfs_5 ---
Pixel 588, 416, 1, 1, 4.80374e+19
Pixel 589, 416, 1, 1, 4.80374e+19
Pixel 589, 417, 1, 1, 4.80374e+19
Pixel 588, 417, 1, 1, 4.80374e+19
=== 1237191 ===
--- pALPIDEfs_3 ---
Pixel 13, 337, 1, 1, 4.80374e+19
Pixel 12, 337, 1, 1, 4.80374e+19
Pixel 12, 338, 1, 1, 4.80374e+19
Pixel 13, 338, 1, 1, 4.80374e+19
=== 1242153 ===
--- pALPIDEfs_4 ---
Pixel 179, 223, 1, 1, 4.80374e+19
Pixel 180, 223, 1, 1, 4.80374e+19
--- pALPIDEfs_5 ---
Pixel 547, 105, 1, 1, 4.80374e+19
Pixel 547, 106, 1, 1, 4.80374e+19
=== 1242154 ===
--- pALPIDEfs_4 ---
Pixel 179, 223, 1, 1, 4.80374e+19
Pixel 179, 224, 1, 1, 4.80374e+19
Pixel 180, 223, 1, 1, 4.80374e+19
--- pALPIDEfs_5 ---
Pixel 547, 105, 1, 1, 4.80374e+19
Pixel 547, 106, 1, 1, 4.80374e+19
=== 1245234 ===
--- pALPIDEfs_5 ---
Pixel 373, 472, 1, 1, 4.80374e+19
Pixel 373, 473, 1, 1, 4.80374e+19
=== 1249343 ===
--- pALPIDEfs_0 ---
Pixel 865, 171, 1, 1, 4.80374e+19
Pixel 864, 171, 1, 1, 4.80374e+19
Pixel 865, 172, 1, 1, 4.80374e+19
=== 1291451 ===
--- pALPIDEfs_0 ---
Pixel 251, 264, 1, 1, 4.80374e+19
--- pALPIDEfs_1 ---
Pixel 475, 206, 1, 1, 4.80374e+19
Pixel 475, 207, 1, 1, 4.80374e+19
Pixel 476, 206, 1, 1, 4.80374e+19
Pixel 476, 207, 1, 1, 4.80374e+19
=== 1310190 ===
--- pALPIDEfs_3 ---
Pixel 470, 198, 1, 1, 4.80374e+19
Pixel 471, 198, 1, 1, 4.80374e+19
Pixel 471, 199, 1, 1, 4.80374e+19
Pixel 470, 199, 1, 1, 4.80374e+19
=== 1329553 ===
--- pALPIDEfs_6 ---
Pixel 719, 323, 1, 1, 4.80374e+19
Pixel 718, 324, 1, 1, 4.80374e+19
Pixel 719, 324, 1, 1, 4.80374e+19
Pixel 718, 325, 1, 1, 4.80374e+19
Pixel 721, 322, 1, 1, 4.80374e+19
Pixel 720, 323, 1, 1, 4.80374e+19
Pixel 723, 321, 1, 1, 4.80374e+19
Pixel 722, 321, 1, 1, 4.80374e+19
Pixel 722, 322, 1, 1, 4.80374e+19
Pixel 723, 322, 1, 1, 4.80374e+19
Pixel 724, 320, 1, 1, 4.80374e+19
Pixel 724, 321, 1, 1, 4.80374e+19
=== 1347265 ===
--- pALPIDEfs_1 ---
Pixel 625, 497, 1, 1, 4.80374e+19
Pixel 625, 498, 1, 1, 4.80374e+19
--- pALPIDEfs_2 ---
Pixel 737, 67, 1, 1, 4.80374e+19
Pixel 738, 67, 1, 1, 4.80374e+19
=== 1364324 ===
--- pALPIDEfs_1 ---
Pixel 887, 332, 1, 1, 4.80374e+19
Pixel 887, 333, 1, 1, 4.80374e+19
Pixel 887, 334, 1, 1, 4.80374e+19
Pixel 887, 335, 1, 1, 4.80374e+19
Pixel 887, 336, 1, 1, 4.80374e+19
Pixel 888, 336, 1, 1, 4.80374e+19
=== 1366288 ===
--- pALPIDEfs_1 ---
Pixel 0, 67, 1, 1, 4.80374e+19
=== 1379593 ===
--- pALPIDEfs_6 ---
Pixel 113, 495, 1, 1, 4.80374e+19
Pixel 112, 495, 1, 1, 4.80374e+19
Pixel 112, 496, 1, 1, 4.80374e+19
Pixel 113, 496, 1, 1, 4.80374e+19
=== 1392150 ===
--- pALPIDEfs_3 ---
Pixel 557, 180, 1, 1, 4.80374e+19
=== 1410123 ===
--- pALPIDEfs_6 ---
Pixel 624, 304, 1, 1, 4.80374e+19
Pixel 625, 304, 1, 1, 4.80374e+19
Pixel 624, 305, 1, 1, 4.80374e+19
=== 1412531 ===
--- pALPIDEfs_0 ---
Pixel 883, 76, 1, 1, 4.80374e+19
=== 1423469 ===
--- pALPIDEfs_3 ---
Pixel 833, 357, 1, 1, 4.80374e+19
Pixel 833, 358, 1, 1, 4.80374e+19
=== 1425850 ===
--- pALPIDEfs_6 ---
Pixel 888, 423, 1, 1, 4.80374e+19
Pixel 888, 424, 1, 1, 4.80374e+19
=== 1431790 ===
--- pALPIDEfs_5 ---
Pixel 889, 383, 1, 1, 4.80374e+19
Pixel 888, 383, 1, 1, 4.80374e+19
Pixel 888, 384, 1, 1, 4.80374e+19
Pixel 889, 384, 1, 1, 4.80374e+19
=== 1484083 ===
--- pALPIDEfs_5 ---
Pixel 176, 98, 1, 1, 4.80374e+19
Pixel 176, 99, 1, 1, 4.80374e+19
=== 1501311 ===
--- pALPIDEfs_0 ---
Pixel 905, 260, 1, 1, 4.80374e+19
Pixel 906, 260, 1, 1, 4.80374e+19
=== 1513894 ===
--- pALPIDEfs_2 ---
Pixel 788, 266, 1, 1, 4.80374e+19
Pixel 789, 266, 1, 1, 4.80374e+19
=== 1549106 ===
--- pALPIDEfs_2 ---
Pixel 342, 27, 1, 1, 4.80374e+19
=== 1549889 ===
--- pALPIDEfs_0 ---
Pixel 812, 452, 1, 1, 4.80374e+19
=== 1565860 ===
--- pALPIDEfs_0 ---
Pixel 882, 208, 1, 1, 4.80374e+19
Pixel 882, 209, 1, 1, 4.80374e+19
--- pALPIDEfs_1 ---
Pixel 965, 140, 1, 1, 4.80374e+19
Pixel 966, 140, 1, 1, 4.80374e+19
=== 1567300 ===
--- pALPIDEfs_1 ---
Pixel 687, 185, 1, 1, 4.80374e+19
Pixel 688, 185, 1, 1, 4.80374e+19
Pixel 821, 296, 1, 1, 4.80374e+19
=== 1574754 ===
--- pALPIDEfs_3 ---
Pixel 277, 374, 1, 1, 4.80374e+19
Pixel 277, 375, 1, 1, 4.80374e+19
Pixel 278, 374, 1, 1, 4.80374e+19
=== 1583147 ===
--- pALPIDEfs_2 ---
Pixel 677, 400, 1, 1, 4.80374e+19
=== 1585401 ===
--- pALPIDEfs_5 ---
Pixel 549, 504, 1, 1, 4.80374e+19
Pixel 549, 505, 1, 1, 4.80374e+19
Pixel 549, 506, 1, 1, 4.80374e+19
Pixel 550, 504, 1, 1, 4.80374e+19
Pixel 551, 505, 1, 1, 4.80374e+19
Pixel 550, 505, 1, 1, 4.80374e+19
Pixel 550, 506, 1, 1, 4.80374e+19
=== 1617230 ===
--- pALPIDEfs_3 ---
Pixel 82, 462, 1, 1, 4.80374e+19
Pixel 83, 462, 1, 1, 4.80374e+19
Pixel 83, 463, 1, 1, 4.80374e+19
Pixel 82, 463, 1, 1, 4.80374e+19
Pixel 83, 464, 1, 1, 4.80374e+19
Pixel 84, 463, 1, 1, 4.80374e+19
Pixel 84, 464, 1, 1, 4.80374e+19
=== 1623596 ===
--- pALPIDEfs_5 ---
Pixel 415, 27, 1, 1, 4.80374e+19
Pixel 415, 28, 1, 1, 4.80374e+19
Pixel 416, 28, 1, 1, 4.80374e+19
=== 1624561 ===
--- pALPIDEfs_6 ---
Pixel 0, 459, 1, 1, 4.80374e+19
=== 1628882 ===
--- pALPIDEfs_2 ---
Pixel 158, 386, 1, 1, 4.80374e+19
Pixel 158, 387, 1, 1, 4.80374e+19
Pixel 158, 388, 1, 1, 4.80374e+19
=== 1638803 ===
--- pALPIDEfs_0 ---
Pixel 219, 152, 1, 1, 4.80374e+19
Pixel 219, 153, 1, 1, 4.80374e+19
Pixel 218, 153, 1, 1, 4.80374e+19
=== 1661861 ===
--- pALPIDEfs_4 ---
Pixel 253, 328, 1, 1, 4.80374e+19
=== 1698884 ===
--- pALPIDEfs_4 ---
Pixel 489, 421, 1, 1, 4.80374e+19
Pixel 489, 422, 1, 1, 4.80374e+19
=== 1716170 ===
--- pALPIDEfs_0 ---
Pixel 993, 507, 1, 1, 4.80374e+19
Pixel 994, 507, 1, 1, 4.80374e+19
=== 1720367 ===
--- pALPIDEfs_6 ---
Pixel 56, 344, 1, 1, 4.80374e+19
Pixel 56, 345, 1, 1, 4.80374e+19
=== 1720844 ===
--- pALPIDEfs_3 ---
Pixel 511, 152, 1, 1, 4.80374e+19
Pixel 512, 152, 1, 1, 4.80374e+19
Pixel 513, 152, 1, 1, 4.80374e+19
Pixel 512, 153, 1, 1, 4.80374e+19
=== 1724789 ===
--- pALPIDEfs_6 ---
Pixel 897, 2, 1, 1, 4.80374e+19
Pixel 897, 3, 1, 1, 4.80374e+19
Pixel 898, 2, 1, 1, 4.80374e+19
Pixel 898, 3, 1, 1, 4.80374e+19
=== 1763229 ===
--- pALPIDEfs_6 ---
Pixel 842, 426, 1, 1, 4.80374e+19
Pixel 842, 427, 1, 1, 4.80374e+19
=== 1788484 ===
--- pALPIDEfs_2 ---
Pixel 623, 169, 1, 1, 4.80374e+19
Pixel 622, 169, 1, 1, 4.80374e+19
=== 1801558 ===
--- pALPIDEfs_6 ---
Pixel 795, 49, 1, 1, 4.80374e+19
=== 1810352 ===
--- pALPIDEfs_1 ---
Pixel 648, 468, 1, 1, 4.80374e+19
Pixel 649, 468, 1, 1, 4.80374e+19
Pixel 649, 469, 1, 1, 4.80374e+19
Pixel 648, 469, 1, 1, 4.80374e+19
=== 1820222 ===
--- pALPIDEfs_5 ---
Pixel 92, 235, 1, 1, 4.80374e+19
Pixel 92, 236, 1, 1, 4.80374e+19
Pixel 93, 236, 1, 1, 4.80374e+19
=== 1823953 ===
--- pALPIDEfs_0 ---
Pixel 597, 349, 1, 1, 4.80374e+19
=== 1834161 ===
--- pALPIDEfs_6 ---
Pixel 47, 49, 1, 1, 4.80374e+19
Pixel 46, 49, 1, 1, 4.80374e+19
=== 1836967 ===
--- pALPIDEfs_2 ---
Pixel 272, 162, 1, 1, 4.80374e+19
Pixel 310, 294, 1, 1, 4.80374e+19
Pixel 311, 294, 1, 1, 4.80374e+19
--- pALPIDEfs_3 ---
Pixel 272, 5, 1, 1, 4.80374e+19
Pixel 272, 6, 1, 1, 4.80374e+19
Pixel 273, 6, 1, 1, 4.80374e+19
=== 1855444 ===
--- pALPIDEfs_0 ---
Pixel 249, 409, 1, 1, 4.80374e+19
Pixel 248, 409, 1, 1, 4.80374e+19
Pixel 248, 410, 1, 1, 4.80374e+19
=== 1857403 ===
--- pALPIDEfs_2 ---
Pixel 735, 143, 1, 1, 4.80374e+19
=== 1869114 ===
--- pALPIDEfs_2 ---
Pixel 371, 131, 1, 1, 4.80374e+19
Pixel 371, 132, 1, 1, 4.80374e+19
=== 1871041 ===
--- pALPIDEfs_3 ---
Pixel 917, 485, 1, 1, 4.80374e+19
Pixel 917, 486, 1, 1, 4.80374e+19
Pixel 918, 485, 1, 1, 4.80374e+19
Pixel 918, 486, 1, 1, 4.80374e+19
=== 1880039 ===
--- pALPIDEfs_4 ---
Pixel 591, 495, 1, 1, 4.80374e+19
Pixel 590, 495, 1, 1, 4.80374e+19
Pixel 591, 496, 1, 1, 4.80374e+19
=== 1908319 ===
--- pALPIDEfs_6 ---
Pixel 325, 18, 1, 1, 4.80374e+19
Pixel 326, 17, 1, 1, 4.80374e+19
Pixel 326, 18, 1, 1, 4.80374e+19
=== 1929519 ===
--- pALPIDEfs_3 ---
Pixel 365, 1, 1, 1, 4.80374e+19
Pixel 366, 1, 1, 1, 4.80374e+19
=== 1962327 ===
--- pALPIDEfs_0 ---
Pixel 551, 435, 1, 1, 4.80374e+19
Pixel 551, 436, 1, 1, 4.80374e+19
Pixel 552, 435, 1, 1, 4.80374e+19
Pixel 552, 436, 1, 1, 4.80374e+19
=== 1967541 ===
--- pALPIDEfs_2 ---
Pixel 916, 183, 1, 1, 4.80374e+19
Pixel 916, 184, 1, 1, 4.80374e+19
Pixel 917, 184, 1, 1, 4.80374e+19
Pixel 917, 185, 1, 1, 4.80374e+19
Pixel 916, 185, 1, 1, 4.80374e+19
=== 1968906 ===
--- pALPIDEfs_1 ---
Pixel 257, 281, 1, 1, 4.80374e+19
Pixel 256, 282, 1, 1, 4.80374e+19
Pixel 257, 282, 1, 1, 4.80374e+19
Pixel 257, 283, 1, 1, 4.80374e+19
Pixel 256, 283, 1, 1, 4.80374e+19
=== 2000698 ===
--- pALPIDEfs_4 ---
Pixel 255, 109, 1, 1, 4.80374e+19
Pixel 255, 110, 1, 1, 4.80374e+19
=== 2006718 ===
--- pALPIDEfs_0 ---
Pixel 714, 326, 1, 1, 4.80374e+19
Pixel 714, 327, 1, 1, 4.80374e+19
--- pALPIDEfs_1 ---
Pixel 614, 48, 1, 1, 4.80374e+19
Pixel 615, 48, 1, 1, 4.80374e+19
=== 2033992 ===
--- pALPIDEfs_4 ---
Pixel 455, 115, 1, 1, 4.80374e+19
Pixel 456, 113, 1, 1, 4.80374e+19
=== 2049346 ===
--- pALPIDEfs_6 ---
Pixel 429, 457, 1, 1, 4.80374e+19
Pixel 428, 457, 1, 1, 4.80374e+19
Pixel 428, 458, 1, 1, 4.80374e+19
=== 2052374 ===
--- pALPIDEfs_3 ---
Pixel 788, 338, 1, 1, 4.80374e+19
Pixel 788, 339, 1, 1, 4.80374e+19
=== 2057935 ===
--- pALPIDEfs_2 ---
Pixel 757, 351, 1, 1, 4.80374e+19
Pixel 758, 351, 1, 1, 4.80374e+19
=== 2089655 ===
--- pALPIDEfs_6 ---
Pixel 902, 104, 1, 1, 4.80374e+19
=== 2094860 ===
--- pALPIDEfs_0 ---
Pixel 165, 380, 1, 1, 4.80374e+19
Pixel 167, 378, 1, 1, 4.80374e+19
Pixel 166, 379, 1, 1, 4.80374e+19
Pixel 166, 380, 1, 1, 4.80374e+19
=== 2106305 ===
--- pALPIDEfs_3 ---
Pixel 440, 164, 1, 1, 4.80374e+19
Pixel 441, 164, 1, 1, 4.80374e+19
=== 2118246 ===
--- pALPIDEfs_6 ---
Pixel 870, 61, 1, 1, 4.80374e+19
=== 2120194 ===
--- pALPIDEfs_2 ---
Pixel 902, 458, 1, 1, 4.80374e+19
Pixel 903, 458, 1, 1, 4.80374e+19
=== 2129667 ===
--- pALPIDEfs_1 ---
Pixel 117, 291, 1, 1, 4.80374e+19
Pixel 117, 292, 1, 1, 4.80374e+19
=== 2131410 ===
--- pALPIDEfs_5 ---
Pixel 273, 475, 1, 1, 4.80374e+19
Pixel 273, 476, 1, 1, 4.80374e+19
Pixel 274, 475, 1, 1, 4.80374e+19
Pixel 274, 476, 1, 1, 4.80374e+19
--- pALPIDEfs_6 ---
Pixel 14, 296, 1, 1, 4.80374e+19
Pixel 14, 297, 1, 1, 4.80374e+19
=== 2131939 ===
--- pALPIDEfs_4 ---
Pixel 184, 316, 1, 1, 4.80374e+19
Pixel 185, 316, 1, 1, 4.80374e+19
Pixel 185, 317, 1, 1, 4.80374e+19
=== 2137941 ===
--- pALPIDEfs_6 ---
Pixel 90, 46, 1, 1, 4.80374e+19
=== 2143870 ===
--- pALPIDEfs_1 ---
Pixel 981, 471, 1, 1, 4.80374e+19
Pixel 981, 472, 1, 1, 4.80374e+19
=== 2163449 ===
--- pALPIDEfs_0 ---
Pixel 408, 98, 1, 1, 4.80374e+19
Pixel 409, 98, 1, 1, 4.80374e+19
Pixel 409, 99, 1, 1, 4.80374e+19
Pixel 408, 99, 1, 1, 4.80374e+19
Pixel 410, 99, 1, 1, 4.80374e+19
Pixel 413, 99, 1, 1, 4.80374e+19
Pixel 412, 100, 1, 1, 4.80374e+19
Pixel 413, 100, 1, 1, 4.80374e+19
Pixel 415, 99, 1, 1, 4.80374e+19
Pixel 414, 99, 1, 1, 4.80374e+19
Pixel 414, 100, 1, 1, 4.80374e+19
Pixel 415, 100, 1, 1, 4.80374e+19
Pixel 417, 97, 1, 1, 4.80374e+19
Pixel 416, 98, 1, 1, 4.80374e+19
Pixel 417, 98, 1, 1, 4.80374e+19
Pixel 416, 99, 1, 1, 4.80374e+19
Pixel 419, 95, 1, 1, 4.80374e+19
Pixel 418, 96, 1, 1, 4.80374e+19
Pixel 419, 96, 1, 1, 4.80374e+19
Pixel 418, 97, 1, 1, 4.80374e+19
=== 2171592 ===
--- pALPIDEfs_2 ---
Pixel 5, 15, 1, 1, 4.80374e+19
Pixel 4, 16, 1, 1, 4.80374e+19
Pixel 5, 16, 1, 1, 4.80374e+19
Pixel 5, 17, 1, 1, 4.80374e+19
Pixel 4, 17, 1, 1, 4.80374e+19
Pixel 4, 18, 1, 1, 4.80374e+19
Pixel 7, 12, 1, 1, 4.80374e+19
Pixel 6, 13, 1, 1, 4.80374e+19
Pixel 6, 14, 1, 1, 4.80374e+19
Pixel 6, 15, 1, 1, 4.80374e+19
Pixel 8, 11, 1, 1, 4.80374e+19
Pixel 8, 12, 1, 1, 4.80374e+19
Pixel 9, 12, 1, 1, 4.80374e+19
=== 2191135 ===
--- pALPIDEfs_6 ---
Pixel 1003, 96, 1, 1, 4.80374e+19
Pixel 1003, 97, 1, 1, 4.80374e+19
Pixel 1004, 96, 1, 1, 4.80374e+19
Pixel 1004, 97, 1, 1, 4.80374e+19
=== 2200093 ===
--- pALPIDEfs_1 ---
Pixel 515, 306, 1, 1, 4.80374e+19
Pixel 515, 307, 1, 1, 4.80374e+19
Pixel 515, 308, 1, 1, 4.80374e+19
Pixel 516, 306, 1, 1, 4.80374e+19
Pixel 516, 307, 1, 1, 4.80374e+19
Pixel 516, 308, 1, 1, 4.80374e+19
=== 2222158 ===
--- pALPIDEfs_4 ---
Pixel 137, 333, 1, 1, 4.80374e+19
Pixel 138, 332, 1, 1, 4.80374e+19
Pixel 138, 333, 1, 1, 4.80374e+19
=== 2235511 ===
--- pALPIDEfs_0 ---
Pixel 109, 223, 1, 1, 4.80374e+19
Pixel 110, 223, 1, 1, 4.80374e+19
Pixel 111, 225, 1, 1, 4.80374e+19
Pixel 111, 226, 1, 1, 4.80374e+19
Pixel 111, 227, 1, 1, 4.80374e+19
Pixel 111, 228, 1, 1, 4.80374e+19
=== 2261559 ===
--- pALPIDEfs_6 ---
Pixel 831, 317, 1, 1, 4.80374e+19
Pixel 830, 317, 1, 1, 4.80374e+19
Pixel 830, 318, 1, 1, 4.80374e+19
Pixel 831, 318, 1, 1, 4.80374e+19
=== 2264735 ===
--- pALPIDEfs_6 ---
Pixel 615, 62, 1, 1, 4.80374e+19
Pixel 615, 63, 1, 1, 4.80374e+19
Pixel 617, 63, 1, 1, 4.80374e+19
Pixel 616, 63, 1, 1, 4.80374e+19
Pixel 616, 64, 1, 1, 4.80374e+19
Pixel 617, 64, 1, 1, 4.80374e+19
Pixel 618, 64, 1, 1, 4.80374e+19
Pixel 619, 65, 1, 1, 4.80374e+19
Pixel 618, 65, 1, 1, 4.80374e+19
Pixel 619, 66, 1, 1, 4.80374e+19
Pixel 620, 66, 1, 1, 4.80374e+19
=== 2269022 ===
--- pALPIDEfs_2 ---
Pixel 748, 68, 1, 1, 4.80374e+19
Pixel 749, 68, 1, 1, 4.80374e+19
Pixel 749, 69, 1, 1, 4.80374e+19
Pixel 748, 69, 1, 1, 4.80374e+19
=== 2292475 ===
--- pALPIDEfs_3 ---
Pixel 183, 227, 1, 1, 4.80374e+19
Pixel 182, 227, 1, 1, 4.80374e+19
Pixel 182, 228, 1, 1, 4.80374e+19
Pixel 183, 228, 1, 1, 4.80374e+19
=== 2294308 ===
--- pALPIDEfs_2 ---
Pixel 163, 159, 1, 1, 4.80374e+19
Pixel 162, 160, 1, 1, 4.80374e+19
Pixel 163, 160, 1, 1, 4.80374e+19
=== 2307423 ===
--- pALPIDEfs_2 ---
Pixel 8, 191, 1, 1, 4.80374e+19
Pixel 8, 192, 1, 1, 4.80374e+19
--- pALPIDEfs_3 ---
Pixel 402, 162, 1, 1, 4.80374e+19
Pixel 403, 162, 1, 1, 4.80374e+19
=== 2318297 ===
--- pALPIDEfs_3 ---
Pixel 651, 222, 1, 1, 4.80374e+19
Pixel 651, 223, 1, 1, 4.80374e+19
Pixel 652, 222, 1, 1, 4.80374e+19
Pixel 652, 223, 1, 1, 4.80374e+19
=== 2324714 ===
--- pALPIDEfs_1 ---
Pixel 170, 269, 1, 1, 4.80374e+19
=== 2356089 ===
--- pALPIDEfs_0 ---
Pixel 833, 200, 1, 1, 4.80374e+19
Pixel 833, 201, 1, 1, 4.80374e+19
Pixel 833, 202, 1, 1, 4.80374e+19
Pixel 833, 203, 1, 1, 4.80374e+19
Pixel 832, 203, 1, 1, 4.80374e+19
Pixel 832, 204, 1, 1, 4.80374e+19
Pixel 833, 204, 1, 1, 4.80374e+19
Pixel 833, 205, 1, 1, 4.80374e+19
Pixel 832, 205, 1, 1, 4.80374e+19
Pixel 832, 206, 1, 1, 4.80374e+19
Pixel 834, 201, 1, 1, 4.80374e+19
=== 2366835 ===
--- pALPIDEfs_3 ---
Pixel 747, 202, 1, 1, 4.80374e+19
Pixel 747, 203, 1, 1, 4.80374e+19
Pixel 747, 204, 1, 1, 4.80374e+19
=== 2425596 ===
--- pALPIDEfs_4 ---
Pixel 798, 428, 1, 1, 4.80374e+19
Pixel 799, 428, 1, 1, 4.80374e+19
=== 2434989 ===
--- pALPIDEfs_2 ---
Pixel 193, 479, 1, 1, 4.80374e+19
Pixel 192, 479, 1, 1, 4.80374e+19
Pixel 192, 480, 1, 1, 4.80374e+19
Pixel 193, 480, 1, 1, 4.80374e+19
Pixel 194, 479, 1, 1, 4.80374e+19
Pixel 194, 480, 1, 1, 4.80374e+19
=== 2446148 ===
--- pALPIDEfs_2 ---
Pixel 94, 437, 1, 1, 4.80374e+19
--- pALPIDEfs_3 ---
Pixel 719, 388, 1, 1, 4.80374e+19
Pixel 719, 389, 1, 1, 4.80374e+19
Pixel 720, 388, 1, 1, 4.80374e+19
Pixel 720, 389, 1, 1, 4.80374e+19
=== 2447643 ===
--- pALPIDEfs_3 ---
Pixel 683, 274, 1, 1, 4.80374e+19
=== 2471106 ===
--- pALPIDEfs_3 ---
Pixel 70, 234, 1, 1, 4.80374e+19
=== 2553100 ===
--- pALPIDEfs_0 ---
Pixel 1001, 253, 1, 1, 4.80374e+19
Pixel 1001, 254, 1, 1, 4.80374e+19
--- pALPIDEfs_1 ---
Pixel 859, 490, 1, 1, 4.80374e+19
Pixel 859, 491, 1, 1, 4.80374e+19
Pixel 860, 490, 1, 1, 4.80374e+19
Pixel 861, 490, 1, 1, 4.80374e+19
Pixel 861, 491, 1, 1, 4.80374e+19
Pixel 862, 490, 1, 1, 4.80374e+19
Pixel 862, 491, 1, 1, 4.80374e+19
=== 2553468 ===
--- pALPIDEfs_6 ---
Pixel 98, 280, 1, 1, 4.80374e+19
Pixel 99, 280, 1, 1, 4.80374e+19
=== 2553554 ===
--- pALPIDEfs_3 ---
Pixel 138, 308, 1, 1, 4.80374e+19
Pixel 139, 308, 1, 1, 4.80374e+19
Pixel 139, 309, 1, 1, 4.80374e+19
Pixel 138, 309, 1, 1, 4.80374e+19
=== 2561271 ===
--- pALPIDEfs_5 ---
Pixel 285, 183, 1, 1, 4.80374e+19
Pixel 285, 184, 1, 1, 4.80374e+19
=== 2564862 ===
--- pALPIDEfs_3 ---
Pixel 729, 14, 1, 1, 4.80374e+19
Pixel 729, 15, 1, 1, 4.80374e+19
--- pALPIDEfs_4 ---
Pixel 473, 31, 1, 1, 4.80374e+19
Pixel 472, 31, 1, 1, 4.80374e+19
--- pALPIDEfs_5 ---
Pixel 189, 93, 1, 1, 4.80374e+19
Pixel 188, 93, 1, 1, 4.80374e+19
Pixel 188, 94, 1, 1, 4.80374e+19
=== 2565597 ===
--- pALPIDEfs_6 ---
Pixel 996, 258, 1, 1, 4.80374e+19
Pixel 997, 258, 1, 1, 4.80374e+19
Pixel 997, 259, 1, 1, 4.80374e+19
Pixel 996, 259, 1, 1, 4.80374e+19
=== 2566740 ===
--- pALPIDEfs_0 ---
Pixel 649, 228, 1, 1, 4.80374e+19
Pixel 650, 228, 1, 1, 4.80374e+19
Pixel 651, 228, 1, 1, 4.80374e+19
Pixel 653, 227, 1, 1, 4.80374e+19
Pixel 652, 227, 1, 1, 4.80374e+19
Pixel 652, 228, 1, 1, 4.80374e+19
Pixel 653, 228, 1, 1, 4.80374e+19
Pixel 654, 227, 1, 1, 4.80374e+19
Pixel 654, 228, 1, 1, 4.80374e+19
Pixel 655, 228, 1, 1, 4.80374e+19
Pixel 655, 229, 1, 1, 4.80374e+19
Pixel 654, 229, 1, 1, 4.80374e+19
Pixel 656, 228, 1, 1, 4.80374e+19
=== 2568999 ===
--- pALPIDEfs_6 ---
Pixel 867, 161, 1, 1, 4.80374e+19
Pixel 866, 161, 1, 1, 4.80374e+19
Pixel 866, 162, 1, 1, 4.80374e+19
Pixel 867, 162, 1, 1, 4.80374e+19
=== 2589694 ===
--- pALPIDEfs_0 ---
Pixel 511, 420, 1, 1, 4.80374e+19
Pixel 511, 421, 1, 1, 4.80374e+19
Pixel 512, 420, 1, 1, 4.80374e+19
Pixel 512, 421, 1, 1, 4.80374e+19
Pixel 514, 440, 1, 1, 4.80374e+19
Pixel 514, 441, 1, 1, 4.80374e+19
--- pALPIDEfs_2 ---
Pixel 535, 232, 1, 1, 4.80374e+19
Pixel 535, 233, 1, 1, 4.80374e+19
=== 2636010 ===
--- pALPIDEfs_2 ---
Pixel 435, 341, 1, 1, 4.80374e+19
Pixel 434, 342, 1, 1, 4.80374e+19
Pixel 435, 342, 1, 1, 4.80374e+19
=== 2674856 ===
--- pALPIDEfs_4 ---
Pixel 290, 404, 1, 1, 4.80374e+19
Pixel 290, 405, 1, 1, 4.80374e+19
Pixel 290, 406, 1, 1, 4.80374e+19
=== 2677670 ===
--- pALPIDEfs_6 ---
Pixel 121, 486, 1, 1, 4.80374e+19
=== 2677866 ===
--- pALPIDEfs_3 ---
Pixel 539, 266, 1, 1, 4.80374e+19
Pixel 539, 267, 1, 1, 4.80374e+19
Pixel 538, 267, 1, 1, 4.80374e+19
Pixel 539, 268, 1, 1, 4.80374e+19
=== 2720590 ===
--- pALPIDEfs_4 ---
Pixel 291, 71, 1, 1, 4.80374e+19
Pixel 291, 72, 1, 1, 4.80374e+19
=== 2720591 ===
--- pALPIDEfs_4 ---
Pixel 291, 72, 1, 1, 4.80374e+19
=== 2729963 ===
--- pALPIDEfs_3 ---
Pixel 271, 493, 1, 1, 4.80374e+19
Pixel 270, 493, 1, 1, 4.80374e+19
Pixel 270, 494, 1, 1, 4.80374e+19
Pixel 271, 494, 1, 1, 4.80374e+19
=== 2776216 ===
--- pALPIDEfs_6 ---
Pixel 302, 80, 1, 1, 4.80374e+19
=== 2792681 ===
--- pALPIDEfs_0 ---
Pixel 970, 37, 1, 1, 4.80374e+19
=== 2800185 ===
--- pALPIDEfs_1 ---
Pixel 787, 43, 1, 1, 4.80374e+19
Pixel 786, 43, 1, 1, 4.80374e+19
=== 2809447 ===
--- pALPIDEfs_1 ---
Pixel 239, 185, 1, 1, 4.80374e+19
Pixel 240, 185, 1, 1, 4.80374e+19
--- pALPIDEfs_2 ---
Pixel 194, 240, 1, 1, 4.80374e+19
Pixel 195, 241, 1, 1, 4.80374e+19
Pixel 194, 241, 1, 1, 4.80374e+19
=== 2813233 ===
--- pALPIDEfs_4 ---
Pixel 474, 145, 1, 1, 4.80374e+19
Pixel 474, 146, 1, 1, 4.80374e+19
=== 2821785 ===
--- pALPIDEfs_5 ---
Pixel 625, 158, 1, 1, 4.80374e+19
Pixel 626, 158, 1, 1, 4.80374e+19
Pixel 626, 159, 1, 1, 4.80374e+19
--- pALPIDEfs_6 ---
Pixel 273, 476, 1, 1, 4.80374e+19
Pixel 274, 476, 1, 1, 4.80374e+19
=== 2823298 ===
--- pALPIDEfs_3 ---
Pixel 177, 208, 1, 1, 4.80374e+19
Pixel 177, 209, 1, 1, 4.80374e+19
=== 2840785 ===
--- pALPIDEfs_5 ---
Pixel 1005, 511, 1, 1, 4.80374e+19
Pixel 1004, 511, 1, 1, 4.80374e+19
=== 2841982 ===
--- pALPIDEfs_0 ---
Pixel 766, 242, 1, 1, 4.80374e+19
Pixel 767, 242, 1, 1, 4.80374e+19
=== 2846933 ===
--- pALPIDEfs_6 ---
Pixel 223, 350, 1, 1, 4.80374e+19
Pixel 223, 351, 1, 1, 4.80374e+19
=== 2881786 ===
--- pALPIDEfs_2 ---
Pixel 315, 222, 1, 1, 4.80374e+19
=== 2897111 ===
--- pALPIDEfs_5 ---
Pixel 946, 492, 1, 1, 4.80374e+19
Pixel 947, 492, 1, 1, 4.80374e+19
Pixel 947, 493, 1, 1, 4.80374e+19
Pixel 946, 493, 1, 1, 4.80374e+19
=== 2898586 ===
--- pALPIDEfs_0 ---
Pixel 818, 447, 1, 1, 4.80374e+19
Pixel 818, 448, 1, 1, 4.80374e+19
Pixel 819, 448, 1, 1, 4.80374e+19
--- pALPIDEfs_1 ---
Pixel 563, 153, 1, 1, 4.80374e+19
=== 2908104 ===
--- pALPIDEfs_2 ---
Pixel 386, 382, 1, 1, 4.80374e+19
Pixel 386, 383, 1, 1, 4.80374e+19
=== 2925583 ===
--- pALPIDEfs_6 ---
Pixel 681, 121, 1, 1, 4.80374e+19
Pixel 683, 121, 1, 1, 4.80374e+19
Pixel 682, 121, 1, 1, 4.80374e+19
Pixel 682, 122, 1, 1, 4.80374e+19
Pixel 683, 122, 1, 1, 4.80374e+19
=== 2946023 ===
--- pALPIDEfs_3 ---
Pixel 263, 75, 1, 1, 4.80374e+19
Pixel 262, 75, 1, 1, 4.80374e+19
Pixel 262, 76, 1, 1, 4.80374e+19
Pixel 263, 76, 1, 1, 4.80374e+19
=== 2953732 ===
--- pALPIDEfs_4 ---
Pixel 469, 373, 1, 1, 4.80374e+19
Pixel 470, 373, 1, 1, 4.80374e+19
=== 2955932 ===
--- pALPIDEfs_0 ---
Pixel 497, 413, 1, 1, 4.80374e+19
Pixel 496, 413, 1, 1, 4.80374e+19
--- pALPIDEfs_1 ---
Pixel 18, 501, 1, 1, 4.80374e+19
Pixel 18, 502, 1, 1, 4.80374e+19
=== 2994206 ===
--- pALPIDEfs_2 ---
Pixel 103, 159, 1, 1, 4.80374e+19
Pixel 103, 160, 1, 1, 4.80374e+19
--- pALPIDEfs_3 ---
Pixel 213, 217, 1, 1, 4.80374e+19
Pixel 212, 217, 1, 1, 4.80374e+19
--- pALPIDEfs_4 ---
Pixel 344, 263, 1, 1, 4.80374e+19
--- pALPIDEfs_5 ---
Pixel 445, 354, 1, 1, 4.80374e+19
Pixel 445, 355, 1, 1, 4.80374e+19
Pixel 446, 354, 1, 1, 4.80374e+19
Pixel 446, 355, 1, 1, 4.80374e+19
--- pALPIDEfs_6 ---
Pixel 601, 389, 1, 1, 4.80374e+19
Pixel 601, 390, 1, 1, 4.80374e+19
Pixel 602, 389, 1, 1, 4.80374e+19
=== 3030781 ===
--- pALPIDEfs_6 ---
Pixel 904, 482, 1, 1, 4.80374e+19
Pixel 905, 483, 1, 1, 4.80374e+19
Pixel 904, 483, 1, 1, 4.80374e+19
Pixel 905, 484, 1, 1, 4.80374e+19
Pixel 906, 484, 1, 1, 4.80374e+19
Pixel 907, 484, 1, 1, 4.80374e+19
Pixel 907, 485, 1, 1, 4.80374e+19
Pixel 907, 486, 1, 1, 4.80374e+19
Pixel 908, 485, 1, 1, 4.80374e+19
Pixel 908, 486, 1, 1, 4.80374e+19
=== 3034993 ===
--- pALPIDEfs_1 ---
Pixel 773, 420, 1, 1, 4.80374e+19
Pixel 773, 421, 1, 1, 4.80374e+19
Pixel 774, 421, 1, 1, 4.80374e+19
--- pALPIDEfs_2 ---
Pixel 413, 47, 1, 1, 4.80374e+19
Pixel 413, 48, 1, 1, 4.80374e+19
Pixel 414, 47, 1, 1, 4.80374e+19
Pixel 414, 48, 1, 1, 4.80374e+19
--- pALPIDEfs_3 ---
Pixel 96, 24, 1, 1, 4.80374e+19
Pixel 97, 24, 1, 1, 4.80374e+19
Pixel 97, 25, 1, 1, 4.80374e+19
Pixel 96, 25, 1, 1, 4.80374e+19
=== 3042049 ===
--- pALPIDEfs_4 ---
Pixel 879, 138, 1, 1, 4.80374e+19
Pixel 879, 139, 1, 1, 4.80374e+19
Pixel 878, 139, 1, 1, 4.80374e+19
Pixel 878, 140, 1, 1, 4.80374e+19
Pixel 879, 140, 1, 1, 4.80374e+19
=== 3045371 ===
--- pALPIDEfs_1 ---
Pixel 798, 376, 1, 1, 4.80374e+19
Pixel 799, 376, 1, 1, 4.80374e+19
=== 3056810 ===
--- pALPIDEfs_0 ---
Pixel 999, 129, 1, 1, 4.80374e+19
Pixel 1000, 129, 1, 1, 4.80374e+19
=== 3061705 ===
--- pALPIDEfs_5 ---
Pixel 169, 60, 1, 1, 4.80374e+19
Pixel 169, 61, 1, 1, 4.80374e+19
Pixel 169, 63, 1, 1, 4.80374e+19
Pixel 169, 64, 1, 1, 4.80374e+19
Pixel 170, 60, 1, 1, 4.80374e+19
Pixel 171, 61, 1, 1, 4.80374e+19
Pixel 170, 61, 1, 1, 4.80374e+19
Pixel 171, 62, 1, 1, 4.80374e+19
Pixel 171, 63, 1, 1, 4.80374e+19
Pixel 170, 63, 1, 1, 4.80374e+19
Pixel 170, 64, 1, 1, 4.80374e+19
=== 3063263 ===
--- pALPIDEfs_3 ---
Pixel 733, 68, 1, 1, 4.80374e+19
Pixel 734, 68, 1, 1, 4.80374e+19
=== 3078040 ===
--- pALPIDEfs_6 ---
Pixel 747, 49, 1, 1, 4.80374e+19
Pixel 746, 50, 1, 1, 4.80374e+19
Pixel 747, 50, 1, 1, 4.80374e+19
=== 3078967 ===
--- pALPIDEfs_5 ---
Pixel 772, 74, 1, 1, 4.80374e+19
Pixel 772, 75, 1, 1, 4.80374e+19
=== 3078968 ===
--- pALPIDEfs_5 ---
Pixel 772, 75, 1, 1, 4.80374e+19
=== 3094483 ===
--- pALPIDEfs_5 ---
Pixel 936, 157, 1, 1, 4.80374e+19
=== 3096717 ===
--- pALPIDEfs_4 ---
Pixel 363, 188, 1, 1, 4.80374e+19
Pixel 363, 189, 1, 1, 4.80374e+19
Pixel 364, 188, 1, 1, 4.80374e+19
Pixel 364, 189, 1, 1, 4.80374e+19
=== 3101461 ===
--- pALPIDEfs_2 ---
Pixel 1019, 296, 1, 1, 4.80374e+19
=== 3132821 ===
--- pALPIDEfs_1 ---
Pixel 113, 261, 1, 1, 4.80374e+19
Pixel 114, 260, 1, 1, 4.80374e+19
Pixel 114, 261, 1, 1, 4.80374e+19
=== 3158487 ===
--- pALPIDEfs_2 ---
Pixel 210, 97, 1, 1, 4.80374e+19
Pixel 210, 98, 1, 1, 4.80374e+19
=== 3164820 ===
--- pALPIDEfs_1 ---
Pixel 113, 41, 1, 1, 4.80374e+19
Pixel 112, 41, 1, 1, 4.80374e+19
Pixel 113, 42, 1, 1, 4.80374e+19
=== 3177502 ===
--- pALPIDEfs_5 ---
Pixel 452, 320, 1, 1, 4.80374e+19
Pixel 452, 321, 1, 1, 4.80374e+19
=== 3186546 ===
--- pALPIDEfs_1 ---
Pixel 1007, 245, 1, 1, 4.80374e+19
Pixel 1006, 245, 1, 1, 4.80374e+19
Pixel 1006, 246, 1, 1, 4.80374e+19
Pixel 1007, 246, 1, 1, 4.80374e+19
=== 3187962 ===
--- pALPIDEfs_4 ---
Pixel 643, 455, 1, 1, 4.80374e+19
Pixel 643, 456, 1, 1, 4.80374e+19
Pixel 644, 454, 1, 1, 4.80374e+19
Pixel 644, 455, 1, 1, 4.80374e+19
Pixel 644, 456, 1, 1, 4.80374e+19
=== 3201165 ===
--- pALPIDEfs_4 ---
Pixel 12, 497, 1, 1, 4.80374e+19
=== 3206186 ===
--- pALPIDEfs_4 ---
Pixel 663, 4, 1, 1, 4.80374e+19
Pixel 664, 4, 1, 1, 4.80374e+19
Pixel 665, 5, 1, 1, 4.80374e+19
Pixel 664, 5, 1, 1, 4.80374e+19
Pixel 665, 6, 1, 1, 4.80374e+19
Pixel 666, 6, 1, 1, 4.80374e+19
Pixel 667, 6, 1, 1, 4.80374e+19
Pixel 667, 7, 1, 1, 4.80374e+19
Pixel 666, 7, 1, 1, 4.80374e+19
Pixel 667, 8, 1, 1, 4.80374e+19
Pixel 668, 7, 1, 1, 4.80374e+19
Pixel 668, 8, 1, 1, 4.80374e+19
Pixel 669, 8, 1, 1, 4.80374e+19
Pixel 669, 9, 1, 1, 4.80374e+19
Pixel 668, 9, 1, 1, 4.80374e+19
Pixel 670, 10, 1, 1, 4.80374e+19
Pixel 671, 11, 1, 1, 4.80374e+19
Pixel 670, 11, 1, 1, 4.80374e+19
Pixel 671, 12, 1, 1, 4.80374e+19
Pixel 671, 13, 1, 1, 4.80374e+19
Pixel 672, 12, 1, 1, 4.80374e+19
Pixel 672, 13, 1, 1, 4.80374e+19
=== 3242229 ===
--- pALPIDEfs_1 ---
Pixel 388, 104, 1, 1, 4.80374e+19
Pixel 517, 113, 1, 1, 4.80374e+19
Pixel 518, 113, 1, 1, 4.80374e+19
Pixel 612, 72, 1, 1, 4.80374e+19
Pixel 613, 72, 1, 1, 4.80374e+19
=== 3244548 ===
--- pALPIDEfs_3 ---
Pixel 871, 88, 1, 1, 4.80374e+19
=== 3245365 ===
--- pALPIDEfs_0 ---
Pixel 416, 162, 1, 1, 4.80374e+19
Pixel 417, 162, 1, 1, 4.80374e+19
--- pALPIDEfs_1 ---
Pixel 462, 256, 1, 1, 4.80374e+19
Pixel 462, 257, 1, 1, 4.80374e+19
=== 3264315 ===
--- pALPIDEfs_5 ---
Pixel 297, 347, 1, 1, 4.80374e+19
Pixel 296, 347, 1, 1, 4.80374e+19
Pixel 296, 348, 1, 1, 4.80374e+19
Pixel 297, 348, 1, 1, 4.80374e+19
Pixel 298, 347, 1, 1, 4.80374e+19
Pixel 298, 348, 1, 1, 4.80374e+19
=== 3274710 ===
--- pALPIDEfs_6 ---
Pixel 666, 331, 1, 1, 4.80374e+19
Pixel 666, 332, 1, 1, 4.80374e+19
=== 3275392 ===
--- pALPIDEfs_4 ---
Pixel 791, 363, 1, 1, 4.80374e+19
Pixel 790, 363, 1, 1, 4.80374e+19
Pixel 790, 364, 1, 1, 4.80374e+19
Pixel 791, 364, 1, 1, 4.80374e+19
=== 3277277 ===
--- pALPIDEfs_6 ---
Pixel 1005, 176, 1, 1, 4.80374e+19
=== 3290884 ===
--- pALPIDEfs_4 ---
Pixel 147, 511, 1, 1, 4.80374e+19
=== 3310882 ===
--- pALPIDEfs_6 ---
Pixel 252, 56, 1, 1, 4.80374e+19
=== 3313780 ===
--- pALPIDEfs_4 ---
Pixel 805, 159, 1, 1, 4.80374e+19
Pixel 804, 159, 1, 1, 4.80374e+19
Pixel 804, 160, 1, 1, 4.80374e+19
=== 3337110 ===
--- pALPIDEfs_4 ---
Pixel 29, 221, 1, 1, 4.80374e+19
Pixel 29, 222, 1, 1, 4.80374e+19
Pixel 29, 223, 1, 1, 4.80374e+19
Pixel 28, 223, 1, 1, 4.80374e+19
=== 3340790 ===
--- pALPIDEfs_1 ---
Pixel 289, 489, 1, 1, 4.80374e+19
Pixel 288, 489, 1, 1, 4.80374e+19
Pixel 288, 490, 1, 1, 4.80374e+19
=== 3373571 ===
--- pALPIDEfs_3 ---
Pixel 460, 400, 1, 1, 4.80374e+19
Pixel 460, 401, 1, 1, 4.80374e+19
=== 3379752 ===
--- pALPIDEfs_4 ---
Pixel 22, 286, 1, 1, 4.80374e+19
Pixel 23, 286, 1, 1, 4.80374e+19
--- pALPIDEfs_5 ---
Pixel 567, 227, 1, 1, 4.80374e+19
Pixel 566, 227, 1, 1, 4.80374e+19
Pixel 566, 228, 1, 1, 4.80374e+19
Pixel 567, 228, 1, 1, 4.80374e+19
=== 3383669 ===
--- pALPIDEfs_2 ---
Pixel 127, 198, 1, 1, 4.80374e+19
Pixel 127, 199, 1, 1, 4.80374e+19
Pixel 128, 197, 1, 1, 4.80374e+19
Pixel 128, 198, 1, 1, 4.80374e+19
Pixel 129, 198, 1, 1, 4.80374e+19
Pixel 128, 199, 1, 1, 4.80374e+19
--- pALPIDEfs_3 ---
Pixel 803, 485, 1, 1, 4.80374e+19
Pixel 802, 485, 1, 1, 4.80374e+19
Pixel 802, 486, 1, 1, 4.80374e+19
Pixel 803, 486, 1, 1, 4.80374e+19
Pixel 803, 487, 1, 1, 4.80374e+19
Pixel 802, 487, 1, 1, 4.80374e+19
Pixel 804, 486, 1, 1, 4.80374e+19
Pixel 804, 487, 1, 1, 4.80374e+19
=== 3441582 ===
--- pALPIDEfs_4 ---
Pixel 747, 311, 1, 1, 4.80374e+19
Pixel 747, 312, 1, 1, 4.80374e+19
Pixel 747, 313, 1, 1, 4.80374e+19
=== 3445707 ===
--- pALPIDEfs_6 ---
Pixel 549, 289, 1, 1, 4.80374e+19
Pixel 548, 289, 1, 1, 4.80374e+19
Pixel 548, 290, 1, 1, 4.80374e+19
=== 3474572 ===
--- pALPIDEfs_3 ---
Pixel 935, 334, 1, 1, 4.80374e+19
Pixel 935, 335, 1, 1, 4.80374e+19
Pixel 934, 335, 1, 1, 4.80374e+19
Pixel 935, 336, 1, 1, 4.80374e+19
=== 3474573 ===
--- pALPIDEfs_3 ---
Pixel 935, 334, 1, 1, 4.80374e+19
Pixel 934, 335, 1, 1, 4.80374e+19
Pixel 935, 336, 1, 1, 4.80374e+19
=== 3482038 ===
--- pALPIDEfs_2 ---
Pixel 195, 213, 1, 1, 4.80374e+19
Pixel 196, 213, 1, 1, 4.80374e+19
=== 3493788 ===
--- pALPIDEfs_3 ---
Pixel 413, 240, 1, 1, 4.80374e+19
=== 3496061 ===
--- pALPIDEfs_2 ---
Pixel 567, 360, 1, 1, 4.80374e+19
Pixel 567, 361, 1, 1, 4.80374e+19
Pixel 568, 360, 1, 1, 4.80374e+19
Pixel 568, 361, 1, 1, 4.80374e+19
--- pALPIDEfs_3 ---
Pixel 313, 153, 1, 1, 4.80374e+19
Pixel 313, 154, 1, 1, 4.80374e+19
Pixel 314, 153, 1, 1, 4.80374e+19
Pixel 314, 154, 1, 1, 4.80374e+19
=== 3497360 ===
--- pALPIDEfs_2 ---
Pixel 262, 12, 1, 1, 4.80374e+19
Pixel 262, 13, 1, 1, 4.80374e+19
--- pALPIDEfs_3 ---
Pixel 699, 318, 1, 1, 4.80374e+19
Pixel 699, 319, 1, 1, 4.80374e+19
Pixel 698, 319, 1, 1, 4.80374e+19
=== 3499133 ===
--- pALPIDEfs_3 ---
Pixel 395, 299, 1, 1, 4.80374e+19
=== 3506885 ===
--- pALPIDEfs_5 ---
Pixel 809, 348, 1, 1, 4.80374e+19
Pixel 809, 349, 1, 1, 4.80374e+19
Pixel 810, 348, 1, 1, 4.80374e+19
Pixel 810, 349, 1, 1, 4.80374e+19
=== 3526137 ===
--- pALPIDEfs_4 ---
Pixel 249, 51, 1, 1, 4.80374e+19
Pixel 248, 51, 1, 1, 4.80374e+19
Pixel 248, 52, 1, 1, 4.80374e+19
Pixel 249, 52, 1, 1, 4.80374e+19
=== 3530177 ===
--- pALPIDEfs_5 ---
Pixel 707, 271, 1, 1, 4.80374e+19
=== 3543989 ===
--- pALPIDEfs_0 ---
Pixel 967, 158, 1, 1, 4.80374e+19
Pixel 967, 159, 1, 1, 4.80374e+19
=== 3548424 ===
--- pALPIDEfs_3 ---
Pixel 237, 450, 1, 1, 4.80374e+19
Pixel 240, 450, 1, 1, 4.80374e+19
=== 3563187 ===
--- pALPIDEfs_3 ---
Pixel 640, 286, 1, 1, 4.80374e+19
Pixel 641, 286, 1, 1, 4.80374e+19
Pixel 641, 287, 1, 1, 4.80374e+19
Pixel 640, 287, 1, 1, 4.80374e+19
=== 3576964 ===
--- pALPIDEfs_3 ---
Pixel 475, 393, 1, 1, 4.80374e+19
Pixel 476, 393, 1, 1, 4.80374e+19
--- pALPIDEfs_4 ---
Pixel 318, 19, 1, 1, 4.80374e+19
Pixel 318, 20, 1, 1, 4.80374e+19
=== 3606817 ===
--- pALPIDEfs_3 ---
Pixel 632, 228, 1, 1, 4.80374e+19
Pixel 632, 229, 1, 1, 4.80374e+19
=== 3616500 ===
--- pALPIDEfs_1 ---
Pixel 179, 25, 1, 1, 4.80374e+19
Pixel 179, 26, 1, 1, 4.80374e+19
Pixel 179, 27, 1, 1, 4.80374e+19
Pixel 180, 25, 1, 1, 4.80374e+19
Pixel 180, 26, 1, 1, 4.80374e+19
Pixel 180, 27, 1, 1, 4.80374e+19
=== 3637120 ===
--- pALPIDEfs_3 ---
Pixel 309, 315, 1, 1, 4.80374e+19
Pixel 309, 316, 1, 1, 4.80374e+19
=== 3655653 ===
--- pALPIDEfs_1 ---
Pixel 564, 235, 1, 1, 4.80374e+19
--- pALPIDEfs_3 ---
Pixel 898, 9, 1, 1, 4.80374e+19
=== 3655654 ===
--- pALPIDEfs_0 ---
Pixel 418, 278, 1, 1, 4.80374e+19
Pixel 419, 278, 1, 1, 4.80374e+19
--- pALPIDEfs_1 ---
Pixel 565, 235, 1, 1, 4.80374e+19
Pixel 564, 235, 1, 1, 4.80374e+19
Pixel 564, 236, 1, 1, 4.80374e+19
--- pALPIDEfs_2 ---
Pixel 730, 87, 1, 1, 4.80374e+19
Pixel 730, 88, 1, 1, 4.80374e+19
--- pALPIDEfs_3 ---
Pixel 898, 9, 1, 1, 4.80374e+19
Pixel 898, 10, 1, 1, 4.80374e+19
=== 3672044 ===
--- pALPIDEfs_3 ---
Pixel 413, 240, 1, 1, 4.80374e+19
=== 3720822 ===
--- pALPIDEfs_6 ---
Pixel 262, 414, 1, 1, 4.80374e+19
Pixel 263, 414, 1, 1, 4.80374e+19
Pixel 263, 415, 1, 1, 4.80374e+19
Pixel 262, 415, 1, 1, 4.80374e+19
=== 3721945 ===
--- pALPIDEfs_2 ---
Pixel 365, 311, 1, 1, 4.80374e+19
Pixel 366, 310, 1, 1, 4.80374e+19
Pixel 366, 311, 1, 1, 4.80374e+19
=== 3724134 ===
--- pALPIDEfs_2 ---
Pixel 745, 81, 1, 1, 4.80374e+19
Pixel 746, 81, 1, 1, 4.80374e+19
=== 3726764 ===
--- pALPIDEfs_5 ---
Pixel 761, 11, 1, 1, 4.80374e+19
Pixel 761, 12, 1, 1, 4.80374e+19
Pixel 761, 13, 1, 1, 4.80374e+19
Pixel 762, 11, 1, 1, 4.80374e+19
Pixel 762, 12, 1, 1, 4.80374e+19
Pixel 973, 201, 1, 1, 4.80374e+19
Pixel 973, 202, 1, 1, 4.80374e+19
=== 3726765 ===
--- pALPIDEfs_5 ---
Pixel 761, 13, 1, 1, 4.80374e+19
Pixel 762, 12, 1, 1, 4.80374e+19
Pixel 973, 201, 1, 1, 4.80374e+19
=== 3727014 ===
--- pALPIDEfs_5 ---
Pixel 173, 399, 1, 1, 4.80374e+19
Pixel 173, 400, 1, 1, 4.80374e+19
=== 3739423 ===
--- pALPIDEfs_6 ---
Pixel 975, 317, 1, 1, 4.80374e+19
Pixel 976, 317, 1, 1, 4.80374e+19
=== 3740187 ===
--- pALPIDEfs_1 ---
Pixel 547, 393, 1, 1, 4.80374e+19
Pixel 549, 393, 1, 1, 4.80374e+19
Pixel 548, 393, 1, 1, 4.80374e+19
Pixel 549, 394, 1, 1, 4.80374e+19
Pixel 549, 399, 1, 1, 4.80374e+19
Pixel 549, 400, 1, 1, 4.80374e+19
Pixel 550, 394, 1, 1, 4.80374e+19
Pixel 551, 394, 1, 1, 4.80374e+19
Pixel 551, 395, 1, 1, 4.80374e+19
Pixel 550, 395, 1, 1, 4.80374e+19
Pixel 550, 396, 1, 1, 4.80374e+19
Pixel 551, 396, 1, 1, 4.80374e+19
Pixel 551, 397, 1, 1, 4.80374e+19
Pixel 550, 397, 1, 1, 4.80374e+19
Pixel 550, 398, 1, 1, 4.80374e+19
Pixel 551, 398, 1, 1, 4.80374e+19
Pixel 550, 399, 1, 1, 4.80374e+19
=== 3748778 ===
--- pALPIDEfs_3 ---
Pixel 823, 335, 1, 1, 4.80374e+19
Pixel 823, 336, 1, 1, 4.80374e+19
Pixel 824, 335, 1, 1, 4.80374e+19
Pixel 824, 336, 1, 1, 4.80374e+19
=== 3753750 ===
--- pALPIDEfs_2 ---
Pixel 854, 391, 1, 1, 4.80374e+19
=== 3772667 ===
--- pALPIDEfs_6 ---
Pixel 329, 411, 1, 1, 4.80374e+19
Pixel 328, 411, 1, 1, 4.80374e+19
=== 3776709 ===
--- pALPIDEfs_1 ---
Pixel 980, 390, 1, 1, 4.80374e+19
=== 3783935 ===
--- pALPIDEfs_3 ---
Pixel 973, 395, 1, 1, 4.80374e+19
Pixel 972, 395, 1, 1, 4.80374e+19
Pixel 972, 396, 1, 1, 4.80374e+19
Pixel 973, 396, 1, 1, 4.80374e+19
--- pALPIDEfs_5 ---
Pixel 993, 97, 1, 1, 4.80374e+19
Pixel 992, 97, 1, 1, 4.80374e+19
Pixel 992, 98, 1, 1, 4.80374e+19
=== 3794104 ===
--- pALPIDEfs_4 ---
Pixel 109, 460, 1, 1, 4.80374e+19
Pixel 110, 460, 1, 1, 4.80374e+19
Pixel 111, 461, 1, 1, 4.80374e+19
Pixel 110, 461, 1, 1, 4.80374e+19
=== 3802819 ===
--- pALPIDEfs_0 ---
Pixel 106, 196, 1, 1, 4.80374e+19
Pixel 107, 196, 1, 1, 4.80374e+19
Pixel 107, 197, 1, 1, 4.80374e+19
Pixel 106, 197, 1, 1, 4.80374e+19
=== 3808928 ===
--- pALPIDEfs_0 ---
Pixel 700, 483, 1, 1, 4.80374e+19
=== 3818937 ===
--- pALPIDEfs_0 ---
Pixel 79, 435, 1, 1, 4.80374e+19
Pixel 78, 435, 1, 1, 4.80374e+19
Pixel 78, 436, 1, 1, 4.80374e+19
Pixel 79, 436, 1, 1, 4.80374e+19
=== 3819057 ===
--- pALPIDEfs_4 ---
Pixel 109, 122, 1, 1, 4.80374e+19
Pixel 109, 123, 1, 1, 4.80374e+19
=== 3835905 ===
--- pALPIDEfs_3 ---
Pixel 942, 390, 1, 1, 4.80374e+19
Pixel 943, 390, 1, 1, 4.80374e+19
Pixel 943, 391, 1, 1, 4.80374e+19
Pixel 942, 391, 1, 1, 4.80374e+19
Pixel 943, 392, 1, 1, 4.80374e+19
=== 3855531 ===
--- pALPIDEfs_5 ---
Pixel 55, 127, 1, 1, 4.80374e+19
Pixel 54, 127, 1, 1, 4.80374e+19
Pixel 54, 128, 1, 1, 4.80374e+19
Pixel 55, 128, 1, 1, 4.80374e+19
Pixel 55, 129, 1, 1, 4.80374e+19
Pixel 54, 129, 1, 1, 4.80374e+19
=== 3859989 ===
--- pALPIDEfs_0 ---
Pixel 711, 505, 1, 1, 4.80374e+19
Pixel 712, 505, 1, 1, 4.80374e+19
--- pALPIDEfs_2 ---
Pixel 353, 485, 1, 1, 4.80374e+19
Pixel 354, 485, 1, 1, 4.80374e+19
--- pALPIDEfs_3 ---
Pixel 184, 489, 1, 1, 4.80374e+19
Pixel 184, 490, 1, 1, 4.80374e+19
--- pALPIDEfs_4 ---
Pixel 38, 479, 1, 1, 4.80374e+19
Pixel 38, 480, 1, 1, 4.80374e+19
=== 3870801 ===
--- pALPIDEfs_5 ---
Pixel 89, 340, 1, 1, 4.80374e+19
Pixel 90, 339, 1, 1, 4.80374e+19
Pixel 90, 340, 1, 1, 4.80374e+19
=== 3903347 ===
--- pALPIDEfs_0 ---
Pixel 245, 490, 1, 1, 4.80374e+19
Pixel 246, 490, 1, 1, 4.80374e+19
Pixel 246, 491, 1, 1, 4.80374e+19
=== 3924152 ===
--- pALPIDEfs_1 ---
Pixel 698, 352, 1, 1, 4.80374e+19
Pixel 698, 353, 1, 1, 4.80374e+19
=== 3929941 ===
--- pALPIDEfs_2 ---
Pixel 737, 343, 1, 1, 4.80374e+19
Pixel 737, 344, 1, 1, 4.80374e+19
Pixel 738, 343, 1, 1, 4.80374e+19
=== 3963456 ===
--- pALPIDEfs_0 ---
Pixel 197, 337, 1, 1, 4.80374e+19
Pixel 196, 337, 1, 1, 4.80374e+19
Pixel 196, 338, 1, 1, 4.80374e+19
Pixel 197, 338, 1, 1, 4.80374e+19
=== 3978543 ===
--- pALPIDEfs_6 ---
Pixel 784, 504, 1, 1, 4.80374e+19
=== 3986202 ===
--- pALPIDEfs_5 ---
Pixel 105, 105, 1, 1, 4.80374e+19
Pixel 104, 106, 1, 1, 4.80374e+19
Pixel 105, 106, 1, 1, 4.80374e+19
=== 3995171 ===
--- pALPIDEfs_3 ---
Pixel 738, 40, 1, 1, 4.80374e+19
Pixel 739, 40, 1, 1, 4.80374e+19
=== 4003283 ===
--- pALPIDEfs_6 ---
Pixel 727, 271, 1, 1, 4.80374e+19
Pixel 726, 271, 1, 1, 4.80374e+19
Pixel 726, 272, 1, 1, 4.80374e+19
Pixel 727, 272, 1, 1, 4.80374e+19
Pixel 727, 273, 1, 1, 4.80374e+19
Pixel 726, 273, 1, 1, 4.80374e+19
=== 4017702 ===
--- pALPIDEfs_2 ---
Pixel 286, 16, 1, 1, 4.80374e+19
Pixel 287, 16, 1, 1, 4.80374e+19
Pixel 287, 17, 1, 1, 4.80374e+19
Pixel 286, 17, 1, 1, 4.80374e+19
=== 4021514 ===
--- pALPIDEfs_0 ---
Pixel 637, 191, 1, 1, 4.80374e+19
Pixel 636, 191, 1, 1, 4.80374e+19
Pixel 636, 192, 1, 1, 4.80374e+19
Pixel 637, 192, 1, 1, 4.80374e+19
--- pALPIDEfs_1 ---
Pixel 339, 269, 1, 1, 4.80374e+19
Pixel 339, 270, 1, 1, 4.80374e+19
Pixel 340, 270, 1, 1, 4.80374e+19
--- pALPIDEfs_2 ---
Pixel 65, 245, 1, 1, 4.80374e+19
Pixel 64, 245, 1, 1, 4.80374e+19
Pixel 64, 246, 1, 1, 4.80374e+19
Pixel 65, 246, 1, 1, 4.80374e+19
=== 4022680 ===
--- pALPIDEfs_0 ---
Pixel 842, 80, 1, 1, 4.80374e+19
Pixel 842, 81, 1, 1, 4.80374e+19
--- pALPIDEfs_1 ---
Pixel 887, 193, 1, 1, 4.80374e+19
--- pALPIDEfs_2 ---
Pixel 953, 197, 1, 1, 4.80374e+19
--- pALPIDEfs_3 ---
Pixel 1021, 274, 1, 1, 4.80374e+19
=== 4027028 ===
--- pALPIDEfs_3 ---
Pixel 129, 154, 1, 1, 4.80374e+19
Pixel 129, 155, 1, 1, 4.80374e+19
Pixel 130, 154, 1, 1, 4.80374e+19
Pixel 130, 155, 1, 1, 4.80374e+19
--- pALPIDEfs_4 ---
Pixel 103, 276, 1, 1, 4.80374e+19
=== 4027041 ===
--- pALPIDEfs_1 ---
Pixel 114, 44, 1, 1, 4.80374e+19
Pixel 114, 45, 1, 1, 4.80374e+19
=== 4037601 ===
--- pALPIDEfs_6 ---
Pixel 652, 179, 1, 1, 4.80374e+19
Pixel 652, 180, 1, 1, 4.80374e+19
=== 4046545 ===
--- pALPIDEfs_4 ---
Pixel 1022, 1, 1, 1, 4.80374e+19
Pixel 1022, 2, 1, 1, 4.80374e+19
Pixel 1022, 3, 1, 1, 4.80374e+19
=== 4065154 ===
--- pALPIDEfs_6 ---
Pixel 29, 376, 1, 1, 4.80374e+19
Pixel 29, 377, 1, 1, 4.80374e+19
Pixel 28, 377, 1, 1, 4.80374e+19
=== 4084799 ===
--- pALPIDEfs_2 ---
Pixel 915, 380, 1, 1, 4.80374e+19
Pixel 915, 381, 1, 1, 4.80374e+19
Pixel 916, 380, 1, 1, 4.80374e+19
Pixel 916, 381, 1, 1, 4.80374e+19
=== 4090124 ===
--- pALPIDEfs_4 ---
Pixel 503, 296, 1, 1, 4.80374e+19
Pixel 503, 297, 1, 1, 4.80374e+19
=== 4095030 ===
--- pALPIDEfs_4 ---
Pixel 863, 276, 1, 1, 4.80374e+19
Pixel 863, 277, 1, 1, 4.80374e+19
=== 4100288 ===
--- pALPIDEfs_5 ---
Pixel 873, 441, 1, 1, 4.80374e+19
Pixel 872, 441, 1, 1, 4.80374e+19
Pixel 872, 442, 1, 1, 4.80374e+19
=== 4106773 ===
--- pALPIDEfs_5 ---
Pixel 365, 175, 1, 1, 4.80374e+19
Pixel 364, 176, 1, 1, 4.80374e+19
Pixel 365, 176, 1, 1, 4.80374e+19
Pixel 365, 177, 1, 1, 4.80374e+19
Pixel 364, 177, 1, 1, 4.80374e+19
Pixel 367, 175, 1, 1, 4.80374e+19
Pixel 366, 175, 1, 1, 4.80374e+19
Pixel 366, 176, 1, 1, 4.80374e+19
=== 4109623 ===
--- pALPIDEfs_5 ---
Pixel 18, 134, 1, 1, 4.80374e+19
Pixel 19, 134, 1, 1, 4.80374e+19
Pixel 19, 135, 1, 1, 4.80374e+19
Pixel 18, 135, 1, 1, 4.80374e+19
=== 4117798 ===
--- pALPIDEfs_3 ---
Pixel 381, 349, 1, 1, 4.80374e+19
Pixel 382, 348, 1, 1, 4.80374e+19
Pixel 383, 348, 1, 1, 4.80374e+19
Pixel 383, 349, 1, 1, 4.80374e+19
Pixel 382, 349, 1, 1, 4.80374e+19
Pixel 382, 350, 1, 1, 4.80374e+19
=== 4192435 ===
--- pALPIDEfs_3 ---
Pixel 2, 354, 1, 1, 4.80374e+19
Pixel 3, 354, 1, 1, 4.80374e+19
Pixel 3, 355, 1, 1, 4.80374e+19
=== 4193559 ===
--- pALPIDEfs_0 ---
Pixel 317, 468, 1, 1, 4.80374e+19
Pixel 317, 469, 1, 1, 4.80374e+19
Pixel 318, 468, 1, 1, 4.80374e+19
Pixel 318, 469, 1, 1, 4.80374e+19
=== 4221712 ===
--- pALPIDEfs_4 ---
Pixel 77, 314, 1, 1, 4.80374e+19
Pixel 77, 315, 1, 1, 4.80374e+19
=== 4239835 ===
--- pALPIDEfs_4 ---
Pixel 695, 125, 1, 1, 4.80374e+19
Pixel 694, 125, 1, 1, 4.80374e+19
=== 4253556 ===
--- pALPIDEfs_0 ---
Pixel 44, 370, 1, 1, 4.80374e+19
Pixel 45, 370, 1, 1, 4.80374e+19
Pixel 45, 371, 1, 1, 4.80374e+19
Pixel 44, 371, 1, 1, 4.80374e+19
=== 4286298 ===
--- pALPIDEfs_6 ---
Pixel 182, 216, 1, 1, 4.80374e+19
Pixel 183, 216, 1, 1, 4.80374e+19
Pixel 182, 217, 1, 1, 4.80374e+19
=== 4296429 ===
--- pALPIDEfs_4 ---
Pixel 891, 363, 1, 1, 4.80374e+19
Pixel 891, 364, 1, 1, 4.80374e+19
Pixel 892, 364, 1, 1, 4.80374e+19
=== 4302004 ===
--- pALPIDEfs_1 ---
Pixel 992, 282, 1, 1, 4.80374e+19
Pixel 993, 282, 1, 1, 4.80374e+19
Pixel 993, 283, 1, 1, 4.80374e+19
Pixel 992, 283, 1, 1, 4.80374e+19
=== 4303729 ===
--- pALPIDEfs_3 ---
Pixel 897, 471, 1, 1, 4.80374e+19
Pixel 897, 472, 1, 1, 4.80374e+19
=== 4305859 ===
--- pALPIDEfs_1 ---
Pixel 641, 106, 1, 1, 4.80374e+19
=== 4368290 ===
--- pALPIDEfs_0 ---
Pixel 28, 376, 1, 1, 4.80374e+19
Pixel 28, 377, 1, 1, 4.80374e+19
=== 4368536 ===
--- pALPIDEfs_4 ---
Pixel 779, 289, 1, 1, 4.80374e+19
Pixel 779, 290, 1, 1, 4.80374e+19
=== 4369448 ===
--- pALPIDEfs_5 ---
Pixel 271, 148, 1, 1, 4.80374e+19
Pixel 271, 149, 1, 1, 4.80374e+19
Pixel 272, 148, 1, 1, 4.80374e+19
Pixel 273, 149, 1, 1, 4.80374e+19
Pixel 272, 149, 1, 1, 4.80374e+19
Pixel 272, 150, 1, 1, 4.80374e+19
--- pALPIDEfs_6 ---
Pixel 705, 185, 1, 1, 4.80374e+19
Pixel 706, 185, 1, 1, 4.80374e+19
=== 4374745 ===
--- pALPIDEfs_2 ---
Pixel 179, 391, 1, 1, 4.80374e+19
Pixel 180, 391, 1, 1, 4.80374e+19
=== 4399126 ===
--- pALPIDEfs_3 ---
Pixel 92, 264, 1, 1, 4.80374e+19
Pixel 92, 265, 1, 1, 4.80374e+19
=== 4403773 ===
--- pALPIDEfs_4 ---
Pixel 775, 13, 1, 1, 4.80374e+19
--- pALPIDEfs_5 ---
Pixel 653, 358, 1, 1, 4.80374e+19
Pixel 653, 359, 1, 1, 4.80374e+19
=== 4425356 ===
--- pALPIDEfs_2 ---
Pixel 0, 213, 1, 1, 4.80374e+19
=== 4441987 ===
--- pALPIDEfs_2 ---
Pixel 656, 72, 1, 1, 4.80374e+19
Pixel 657, 72, 1, 1, 4.80374e+19
Pixel 657, 73, 1, 1, 4.80374e+19
Pixel 656, 73, 1, 1, 4.80374e+19
Pixel 658, 72, 1, 1, 4.80374e+19
Pixel 659, 73, 1, 1, 4.80374e+19
Pixel 658, 73, 1, 1, 4.80374e+19
Pixel 658, 74, 1, 1, 4.80374e+19
Pixel 659, 74, 1, 1, 4.80374e+19
Pixel 660, 73, 1, 1, 4.80374e+19
Pixel 660, 74, 1, 1, 4.80374e+19
=== 4447214 ===
--- pALPIDEfs_5 ---
Pixel 645, 2, 1, 1, 4.80374e+19
=== 4447986 ===
--- pALPIDEfs_3 ---
Pixel 569, 72, 1, 1, 4.80374e+19
Pixel 569, 73, 1, 1, 4.80374e+19
--- pALPIDEfs_4 ---
Pixel 218, 172, 1, 1, 4.80374e+19
Pixel 219, 172, 1, 1, 4.80374e+19
=== 4462913 ===
--- pALPIDEfs_4 ---
Pixel 138, 336, 1, 1, 4.80374e+19
Pixel 139, 337, 1, 1, 4.80374e+19
Pixel 138, 337, 1, 1, 4.80374e+19
--- pALPIDEfs_5 ---
Pixel 269, 311, 1, 1, 4.80374e+19
Pixel 269, 312, 1, 1, 4.80374e+19
=== 4467431 ===
--- pALPIDEfs_3 ---
Pixel 78, 156, 1, 1, 4.80374e+19
Pixel 79, 157, 1, 1, 4.80374e+19
Pixel 78, 157, 1, 1, 4.80374e+19
Pixel 78, 158, 1, 1, 4.80374e+19
=== 4474390 ===
--- pALPIDEfs_0 ---
Pixel 225, 412, 1, 1, 4.80374e+19
--- pALPIDEfs_1 ---
Pixel 183, 195, 1, 1, 4.80374e+19
=== 4479518 ===
--- pALPIDEfs_0 ---
Pixel 295, 77, 1, 1, 4.80374e+19
Pixel 295, 78, 1, 1, 4.80374e+19
=== 4498718 ===
--- pALPIDEfs_5 ---
Pixel 887, 250, 1, 1, 4.80374e+19
Pixel 887, 251, 1, 1, 4.80374e+19
=== 4499207 ===
--- pALPIDEfs_6 ---
Pixel 581, 461, 1, 1, 4.80374e+19
Pixel 582, 460, 1, 1, 4.80374e+19
Pixel 583, 460, 1, 1, 4.80374e+19
Pixel 583, 461, 1, 1, 4.80374e+19
Pixel 582, 461, 1, 1, 4.80374e+19
Pixel 582, 462, 1, 1, 4.80374e+19
Pixel 583, 462, 1, 1, 4.80374e+19
=== 4503994 ===
--- pALPIDEfs_3 ---
Pixel 559, 105, 1, 1, 4.80374e+19
Pixel 559, 106, 1, 1, 4.80374e+19
Pixel 560, 105, 1, 1, 4.80374e+19
--- pALPIDEfs_4 ---
Pixel 287, 326, 1, 1, 4.80374e+19
--- pALPIDEfs_5 ---
Pixel 83, 440, 1, 1, 4.80374e+19
Pixel 83, 441, 1, 1, 4.80374e+19
Pixel 84, 440, 1, 1, 4.80374e+19
Pixel 84, 441, 1, 1, 4.80374e+19
--- pALPIDEfs_6 ---
Pixel 53, 509, 1, 1, 4.80374e+19
Pixel 54, 508, 1, 1, 4.80374e+19
Pixel 54, 509, 1, 1, 4.80374e+19
=== 4522499 ===
--- pALPIDEfs_1 ---
Pixel 628, 372, 1, 1, 4.80374e+19
Pixel 629, 372, 1, 1, 4.80374e+19
Pixel 629, 373, 1, 1, 4.80374e+19
Pixel 628, 373, 1, 1, 4.80374e+19
=== 4524703 ===
--- pALPIDEfs_6 ---
Pixel 479, 356, 1, 1, 4.80374e+19
Pixel 479, 357, 1, 1, 4.80374e+19
Pixel 480, 356, 1, 1, 4.80374e+19
Pixel 480, 357, 1, 1, 4.80374e+19
=== 4526299 ===
--- pALPIDEfs_1 ---
Pixel 978, 195, 1, 1, 4.80374e+19
--- pALPIDEfs_2 ---
Pixel 691, 72, 1, 1, 4.80374e+19
=== 4529879 ===
--- pALPIDEfs_0 ---
Pixel 265, 18, 1, 1, 4.80374e+19
Pixel 265, 19, 1, 1, 4.80374e+19
=== 4538248 ===
--- pALPIDEfs_2 ---
Pixel 328, 429, 1, 1, 4.80374e+19
Pixel 328, 430, 1, 1, 4.80374e+19
--- pALPIDEfs_3 ---
Pixel 93, 301, 1, 1, 4.80374e+19
=== 4551470 ===
--- pALPIDEfs_3 ---
Pixel 105, 415, 1, 1, 4.80374e+19
Pixel 105, 416, 1, 1, 4.80374e+19
=== 4551858 ===
--- pALPIDEfs_1 ---
Pixel 312, 62, 1, 1, 4.80374e+19
Pixel 313, 62, 1, 1, 4.80374e+19
Pixel 313, 63, 1, 1, 4.80374e+19
Pixel 312, 63, 1, 1, 4.80374e+19
=== 4566886 ===
--- pALPIDEfs_0 ---
Pixel 706, 6, 1, 1, 4.80374e+19
=== 4570689 ===
--- pALPIDEfs_1 ---
Pixel 339, 387, 1, 1, 4.80374e+19
Pixel 338, 387, 1, 1, 4.80374e+19
Pixel 338, 388, 1, 1, 4.80374e+19
=== 4583325 ===
--- pALPIDEfs_6 ---
Pixel 419, 67, 1, 1, 4.80374e+19
Pixel 418, 67, 1, 1, 4.80374e+19
=== 4591963 ===
--- pALPIDEfs_3 ---
Pixel 13, 94, 1, 1, 4.80374e+19
=== 4592043 ===
--- pALPIDEfs_2 ---
Pixel 1000, 361, 1, 1, 4.80374e+19
=== 4596675 ===
--- pALPIDEfs_5 ---
Pixel 407, 437, 1, 1, 4.80374e+19
Pixel 406, 437, 1, 1, 4.80374e+19
Pixel 406, 438, 1, 1, 4.80374e+19
Pixel 407, 438, 1, 1, 4.80374e+19
=== 4601463 ===
--- pALPIDEfs_3 ---
Pixel 547, 121, 1, 1, 4.80374e+19
Pixel 546, 121, 1, 1, 4.80374e+19
--- pALPIDEfs_4 ---
Pixel 557, 314, 1, 1, 4.80374e+19
Pixel 558, 314, 1, 1, 4.80374e+19
--- pALPIDEfs_5 ---
Pixel 511, 382, 1, 1, 4.80374e+19
Pixel 512, 382, 1, 1, 4.80374e+19
=== 4605588 ===
--- pALPIDEfs_3 ---
Pixel 191, 307, 1, 1, 4.80374e+19
Pixel 190, 308, 1, 1, 4.80374e+19
Pixel 191, 308, 1, 1, 4.80374e+19
=== 4628119 ===
--- pALPIDEfs_0 ---
Pixel 798, 438, 1, 1, 4.80374e+19
Pixel 799, 438, 1, 1, 4.80374e+19
Pixel 799, 439, 1, 1, 4.80374e+19
=== 4683830 ===
--- pALPIDEfs_4 ---
Pixel 538, 148, 1, 1, 4.80374e+19
Pixel 539, 149, 1, 1, 4.80374e+19
Pixel 538, 149, 1, 1, 4.80374e+19
=== 4686897 ===
--- pALPIDEfs_1 ---
Pixel 720, 117, 1, 1, 4.80374e+19
=== 4688649 ===
--- pALPIDEfs_2 ---
Pixel 589, 229, 1, 1, 4.80374e+19
Pixel 589, 230, 1, 1, 4.80374e+19
--- pALPIDEfs_3 ---
Pixel 290, 126, 1, 1, 4.80374e+19
Pixel 291, 126, 1, 1, 4.80374e+19
=== 4702951 ===
--- pALPIDEfs_2 ---
Pixel 194, 326, 1, 1, 4.80374e+19
Pixel 195, 326, 1, 1, 4.80374e+19
Pixel 195, 327, 1, 1, 4.80374e+19
Pixel 194, 327, 1, 1, 4.80374e+19
=== 4724814 ===
--- pALPIDEfs_4 ---
Pixel 568, 401, 1, 1, 4.80374e+19
Pixel 568, 402, 1, 1, 4.80374e+19
--- pALPIDEfs_5 ---
Pixel 170, 326, 1, 1, 4.80374e+19
=== 4725432 ===
--- pALPIDEfs_3 ---
Pixel 703, 258, 1, 1, 4.80374e+19
Pixel 704, 258, 1, 1, 4.80374e+19
=== 4736287 ===
--- pALPIDEfs_1 ---
Pixel 70, 31, 1, 1, 4.80374e+19
Pixel 70, 32, 1, 1, 4.80374e+19
=== 4750840 ===
--- pALPIDEfs_2 ---
Pixel 421, 360, 1, 1, 4.80374e+19
Pixel 421, 361, 1, 1, 4.80374e+19
Pixel 422, 360, 1, 1, 4.80374e+19
Pixel 422, 361, 1, 1, 4.80374e+19
=== 4753829 ===
--- pALPIDEfs_2 ---
Pixel 377, 87, 1, 1, 4.80374e+19
Pixel 376, 87, 1, 1, 4.80374e+19
Pixel 376, 88, 1, 1, 4.80374e+19
Pixel 377, 88, 1, 1, 4.80374e+19
=== 4769399 ===
--- pALPIDEfs_4 ---
Pixel 12, 493, 1, 1, 4.80374e+19
=== 4781262 ===
--- pALPIDEfs_5 ---
Pixel 95, 470, 1, 1, 4.80374e+19
Pixel 96, 470, 1, 1, 4.80374e+19
Pixel 96, 471, 1, 1, 4.80374e+19
Pixel 96, 472, 1, 1, 4.80374e+19
Pixel 101, 479, 1, 1, 4.80374e+19
Pixel 100, 479, 1, 1, 4.80374e+19
Pixel 100, 480, 1, 1, 4.80374e+19
Pixel 101, 480, 1, 1, 4.80374e+19
=== 4785865 ===
--- pALPIDEfs_6 ---
Pixel 677, 239, 1, 1, 4.80374e+19
Pixel 676, 239, 1, 1, 4.80374e+19
Pixel 676, 240, 1, 1, 4.80374e+19
Pixel 677, 240, 1, 1, 4.80374e+19
=== 4786879 ===
--- pALPIDEfs_4 ---
Pixel 731, 490, 1, 1, 4.80374e+19
Pixel 731, 491, 1, 1, 4.80374e+19
Pixel 730, 491, 1, 1, 4.80374e+19
=== 4792182 ===
--- pALPIDEfs_5 ---
Pixel 155, 321, 1, 1, 4.80374e+19
Pixel 155, 322, 1, 1, 4.80374e+19
Pixel 156, 322, 1, 1, 4.80374e+19
Pixel 156, 323, 1, 1, 4.80374e+19
=== 4798142 ===
--- pALPIDEfs_1 ---
Pixel 545, 110, 1, 1, 4.80374e+19
=== 4804526 ===
--- pALPIDEfs_0 ---
Pixel 69, 490, 1, 1, 4.80374e+19
Pixel 70, 490, 1, 1, 4.80374e+19
=== 4818679 ===
--- pALPIDEfs_1 ---
Pixel 595, 7, 1, 1, 4.80374e+19
Pixel 594, 7, 1, 1, 4.80374e+19
Pixel 594, 8, 1, 1, 4.80374e+19
Pixel 595, 8, 1, 1, 4.80374e+19
=== 4834136 ===
--- pALPIDEfs_3 ---
Pixel 139, 332, 1, 1, 4.80374e+19
Pixel 139, 333, 1, 1, 4.80374e+19
=== 4839602 ===
--- pALPIDEfs_3 ---
Pixel 829, 172, 1, 1, 4.80374e+19
Pixel 829, 173, 1, 1, 4.80374e+19
Pixel 829, 174, 1, 1, 4.80374e+19
Pixel 830, 172, 1, 1, 4.80374e+19
Pixel 830, 173, 1, 1, 4.80374e+19
=== 4849893 ===
--- pALPIDEfs_3 ---
Pixel 742, 82, 1, 1, 4.80374e+19
Pixel 742, 83, 1, 1, 4.80374e+19
=== 4849894 ===
--- pALPIDEfs_3 ---
Pixel 742, 82, 1, 1, 4.80374e+19
Pixel 742, 83, 1, 1, 4.80374e+19
=== 4862532 ===
--- pALPIDEfs_1 ---
Pixel 550, 219, 1, 1, 4.80374e+19
=== 4872651 ===
--- pALPIDEfs_1 ---
Pixel 126, 386, 1, 1, 4.80374e+19
Pixel 127, 387, 1, 1, 4.80374e+19
Pixel 126, 387, 1, 1, 4.80374e+19
=== 4905566 ===
--- pALPIDEfs_2 ---
Pixel 431, 14, 1, 1, 4.80374e+19
Pixel 431, 15, 1, 1, 4.80374e+19
Pixel 432, 14, 1, 1, 4.80374e+19
Pixel 432, 15, 1, 1, 4.80374e+19
=== 4908457 ===
--- pALPIDEfs_1 ---
Pixel 431, 481, 1, 1, 4.80374e+19
Pixel 430, 481, 1, 1, 4.80374e+19
Pixel 430, 482, 1, 1, 4.80374e+19
Pixel 431, 482, 1, 1, 4.80374e+19
=== 4960967 ===
--- pALPIDEfs_1 ---
Pixel 789, 273, 1, 1, 4.80374e+19
Pixel 789, 274, 1, 1, 4.80374e+19
Pixel 789, 275, 1, 1, 4.80374e+19
Pixel 788, 275, 1, 1, 4.80374e+19
Pixel 788, 276, 1, 1, 4.80374e+19
Pixel 790, 272, 1, 1, 4.80374e+19
Pixel 791, 272, 1, 1, 4.80374e+19
Pixel 791, 273, 1, 1, 4.80374e+19
Pixel 790, 273, 1, 1, 4.80374e+19
Pixel 792, 272, 1, 1, 4.80374e+19
Pixel 792, 273, 1, 1, 4.80374e+19
=== 4976199 ===
--- pALPIDEfs_4 ---
Pixel 398, 133, 1, 1, 4.80374e+19
Pixel 398, 134, 1, 1, 4.80374e+19
--- pALPIDEfs_6 ---
Pixel 168, 44, 1, 1, 4.80374e+19
Pixel 168, 45, 1, 1, 4.80374e+19
=== 4984289 ===
--- pALPIDEfs_0 ---
Pixel 318, 201, 1, 1, 4.80374e+19
--- pALPIDEfs_1 ---
Pixel 387, 281, 1, 1, 4.80374e+19
Pixel 388, 281, 1, 1, 4.80374e+19
--- pALPIDEfs_2 ---
Pixel 596, 93, 1, 1, 4.80374e+19
--- pALPIDEfs_3 ---
Pixel 758, 233, 1, 1, 4.80374e+19
--- pALPIDEfs_4 ---
Pixel 949, 319, 1, 1, 4.80374e+19
=== 4985676 ===
--- pALPIDEfs_0 ---
Pixel 237, 471, 1, 1, 4.80374e+19
=== 4986570 ===
--- pALPIDEfs_0 ---
Pixel 444, 368, 1, 1, 4.80374e+19
Pixel 445, 368, 1, 1, 4.80374e+19
=== 4994507 ===
--- pALPIDEfs_2 ---
Pixel 424, 34, 1, 1, 4.80374e+19
Pixel 425, 34, 1, 1, 4.80374e+19
=== 4994830 ===
--- pALPIDEfs_6 ---
Pixel 793, 423, 1, 1, 4.80374e+19
Pixel 792, 423, 1, 1, 4.80374e+19
=== 5007893 ===
--- pALPIDEfs_2 ---
Pixel 919, 375, 1, 1, 4.80374e+19
Pixel 919, 376, 1, 1, 4.80374e+19
Pixel 920, 375, 1, 1, 4.80374e+19
Pixel 920, 376, 1, 1, 4.80374e+19
