Run: Cosmics000396
=== 2 ===
--- pALPIDEfs_3 ---
Pixel 238, 320, 1, 1, 4.80374e+19
Pixel 238, 320, 1, 1, 4.80374e+19
=== 3 ===
--- pALPIDEfs_0 ---
Pixel 92, 0, 1, 1, 4.80374e+19
Pixel 93, 0, 1, 1, 4.80374e+19
Pixel 93, 1, 1, 1, 4.80374e+19
Pixel 92, 1, 1, 1, 4.80374e+19
Pixel 92, 2, 1, 1, 4.80374e+19
Pixel 93, 2, 1, 1, 4.80374e+19
Pixel 93, 3, 1, 1, 4.80374e+19
Pixel 92, 3, 1, 1, 4.80374e+19
Pixel 92, 4, 1, 1, 4.80374e+19
Pixel 93, 4, 1, 1, 4.80374e+19
Pixel 93, 5, 1, 1, 4.80374e+19
Pixel 92, 5, 1, 1, 4.80374e+19
Pixel 92, 6, 1, 1, 4.80374e+19
Pixel 93, 6, 1, 1, 4.80374e+19
Pixel 93, 7, 1, 1, 4.80374e+19
Pixel 92, 7, 1, 1, 4.80374e+19
Pixel 92, 8, 1, 1, 4.80374e+19
Pixel 93, 8, 1, 1, 4.80374e+19
Pixel 93, 9, 1, 1, 4.80374e+19
Pixel 92, 9, 1, 1, 4.80374e+19
Pixel 92, 10, 1, 1, 4.80374e+19
Pixel 93, 10, 1, 1, 4.80374e+19
Pixel 93, 11, 1, 1, 4.80374e+19
Pixel 92, 11, 1, 1, 4.80374e+19
Pixel 92, 12, 1, 1, 4.80374e+19
Pixel 93, 12, 1, 1, 4.80374e+19
Pixel 93, 13, 1, 1, 4.80374e+19
Pixel 92, 13, 1, 1, 4.80374e+19
Pixel 92, 14, 1, 1, 4.80374e+19
Pixel 93, 14, 1, 1, 4.80374e+19
Pixel 93, 15, 1, 1, 4.80374e+19
Pixel 92, 15, 1, 1, 4.80374e+19
Pixel 92, 16, 1, 1, 4.80374e+19
Pixel 93, 16, 1, 1, 4.80374e+19
Pixel 93, 17, 1, 1, 4.80374e+19
Pixel 92, 17, 1, 1, 4.80374e+19
Pixel 92, 18, 1, 1, 4.80374e+19
Pixel 93, 18, 1, 1, 4.80374e+19
Pixel 93, 19, 1, 1, 4.80374e+19
Pixel 92, 19, 1, 1, 4.80374e+19
Pixel 92, 20, 1, 1, 4.80374e+19
Pixel 93, 20, 1, 1, 4.80374e+19
Pixel 93, 21, 1, 1, 4.80374e+19
Pixel 92, 21, 1, 1, 4.80374e+19
Pixel 92, 22, 1, 1, 4.80374e+19
Pixel 93, 22, 1, 1, 4.80374e+19
Pixel 93, 23, 1, 1, 4.80374e+19
Pixel 92, 23, 1, 1, 4.80374e+19
Pixel 92, 24, 1, 1, 4.80374e+19
Pixel 93, 24, 1, 1, 4.80374e+19
Pixel 93, 25, 1, 1, 4.80374e+19
Pixel 92, 25, 1, 1, 4.80374e+19
Pixel 92, 26, 1, 1, 4.80374e+19
Pixel 93, 26, 1, 1, 4.80374e+19
Pixel 93, 27, 1, 1, 4.80374e+19
Pixel 92, 27, 1, 1, 4.80374e+19
Pixel 92, 28, 1, 1, 4.80374e+19
Pixel 93, 28, 1, 1, 4.80374e+19
Pixel 93, 29, 1, 1, 4.80374e+19
Pixel 92, 29, 1, 1, 4.80374e+19
Pixel 92, 30, 1, 1, 4.80374e+19
Pixel 93, 30, 1, 1, 4.80374e+19
Pixel 93, 31, 1, 1, 4.80374e+19
Pixel 92, 31, 1, 1, 4.80374e+19
Pixel 92, 32, 1, 1, 4.80374e+19
Pixel 93, 32, 1, 1, 4.80374e+19
Pixel 93, 33, 1, 1, 4.80374e+19
Pixel 92, 33, 1, 1, 4.80374e+19
Pixel 92, 34, 1, 1, 4.80374e+19
Pixel 93, 34, 1, 1, 4.80374e+19
Pixel 93, 35, 1, 1, 4.80374e+19
Pixel 92, 35, 1, 1, 4.80374e+19
Pixel 92, 36, 1, 1, 4.80374e+19
Pixel 93, 36, 1, 1, 4.80374e+19
Pixel 93, 37, 1, 1, 4.80374e+19
Pixel 92, 37, 1, 1, 4.80374e+19
Pixel 92, 38, 1, 1, 4.80374e+19
Pixel 93, 38, 1, 1, 4.80374e+19
Pixel 93, 39, 1, 1, 4.80374e+19
Pixel 92, 39, 1, 1, 4.80374e+19
Pixel 92, 40, 1, 1, 4.80374e+19
Pixel 93, 40, 1, 1, 4.80374e+19
Pixel 93, 41, 1, 1, 4.80374e+19
Pixel 92, 41, 1, 1, 4.80374e+19
Pixel 92, 42, 1, 1, 4.80374e+19
Pixel 93, 42, 1, 1, 4.80374e+19
Pixel 93, 43, 1, 1, 4.80374e+19
Pixel 92, 43, 1, 1, 4.80374e+19
Pixel 92, 44, 1, 1, 4.80374e+19
Pixel 93, 44, 1, 1, 4.80374e+19
Pixel 93, 45, 1, 1, 4.80374e+19
Pixel 92, 45, 1, 1, 4.80374e+19
Pixel 92, 46, 1, 1, 4.80374e+19
Pixel 93, 46, 1, 1, 4.80374e+19
Pixel 93, 47, 1, 1, 4.80374e+19
Pixel 92, 47, 1, 1, 4.80374e+19
Pixel 92, 48, 1, 1, 4.80374e+19
Pixel 93, 48, 1, 1, 4.80374e+19
Pixel 93, 49, 1, 1, 4.80374e+19
Pixel 92, 49, 1, 1, 4.80374e+19
Pixel 92, 50, 1, 1, 4.80374e+19
Pixel 93, 50, 1, 1, 4.80374e+19
Pixel 93, 51, 1, 1, 4.80374e+19
Pixel 92, 51, 1, 1, 4.80374e+19
Pixel 92, 52, 1, 1, 4.80374e+19
Pixel 93, 52, 1, 1, 4.80374e+19
Pixel 93, 53, 1, 1, 4.80374e+19
Pixel 92, 53, 1, 1, 4.80374e+19
Pixel 92, 54, 1, 1, 4.80374e+19
Pixel 93, 54, 1, 1, 4.80374e+19
Pixel 93, 55, 1, 1, 4.80374e+19
Pixel 92, 55, 1, 1, 4.80374e+19
Pixel 92, 56, 1, 1, 4.80374e+19
Pixel 93, 56, 1, 1, 4.80374e+19
Pixel 93, 57, 1, 1, 4.80374e+19
Pixel 92, 57, 1, 1, 4.80374e+19
Pixel 92, 58, 1, 1, 4.80374e+19
Pixel 93, 58, 1, 1, 4.80374e+19
Pixel 93, 59, 1, 1, 4.80374e+19
Pixel 92, 59, 1, 1, 4.80374e+19
Pixel 92, 60, 1, 1, 4.80374e+19
Pixel 93, 60, 1, 1, 4.80374e+19
Pixel 93, 61, 1, 1, 4.80374e+19
Pixel 92, 61, 1, 1, 4.80374e+19
Pixel 92, 62, 1, 1, 4.80374e+19
Pixel 93, 62, 1, 1, 4.80374e+19
Pixel 93, 63, 1, 1, 4.80374e+19
Pixel 92, 63, 1, 1, 4.80374e+19
Pixel 92, 64, 1, 1, 4.80374e+19
Pixel 93, 64, 1, 1, 4.80374e+19
Pixel 93, 65, 1, 1, 4.80374e+19
Pixel 92, 65, 1, 1, 4.80374e+19
Pixel 92, 66, 1, 1, 4.80374e+19
Pixel 93, 66, 1, 1, 4.80374e+19
Pixel 93, 67, 1, 1, 4.80374e+19
Pixel 92, 67, 1, 1, 4.80374e+19
Pixel 92, 68, 1, 1, 4.80374e+19
Pixel 93, 68, 1, 1, 4.80374e+19
Pixel 93, 69, 1, 1, 4.80374e+19
Pixel 92, 69, 1, 1, 4.80374e+19
Pixel 92, 70, 1, 1, 4.80374e+19
Pixel 93, 70, 1, 1, 4.80374e+19
Pixel 93, 71, 1, 1, 4.80374e+19
Pixel 92, 71, 1, 1, 4.80374e+19
Pixel 92, 72, 1, 1, 4.80374e+19
Pixel 93, 72, 1, 1, 4.80374e+19
Pixel 93, 73, 1, 1, 4.80374e+19
Pixel 92, 73, 1, 1, 4.80374e+19
Pixel 92, 74, 1, 1, 4.80374e+19
Pixel 93, 74, 1, 1, 4.80374e+19
Pixel 93, 75, 1, 1, 4.80374e+19
Pixel 92, 75, 1, 1, 4.80374e+19
Pixel 92, 76, 1, 1, 4.80374e+19
Pixel 93, 76, 1, 1, 4.80374e+19
Pixel 93, 77, 1, 1, 4.80374e+19
Pixel 92, 77, 1, 1, 4.80374e+19
Pixel 92, 78, 1, 1, 4.80374e+19
Pixel 93, 78, 1, 1, 4.80374e+19
Pixel 93, 79, 1, 1, 4.80374e+19
Pixel 92, 79, 1, 1, 4.80374e+19
Pixel 92, 80, 1, 1, 4.80374e+19
Pixel 93, 80, 1, 1, 4.80374e+19
Pixel 93, 81, 1, 1, 4.80374e+19
Pixel 92, 81, 1, 1, 4.80374e+19
Pixel 92, 82, 1, 1, 4.80374e+19
Pixel 93, 82, 1, 1, 4.80374e+19
Pixel 93, 83, 1, 1, 4.80374e+19
Pixel 92, 83, 1, 1, 4.80374e+19
Pixel 92, 84, 1, 1, 4.80374e+19
Pixel 93, 84, 1, 1, 4.80374e+19
Pixel 93, 85, 1, 1, 4.80374e+19
Pixel 92, 85, 1, 1, 4.80374e+19
Pixel 92, 86, 1, 1, 4.80374e+19
Pixel 93, 86, 1, 1, 4.80374e+19
Pixel 93, 87, 1, 1, 4.80374e+19
Pixel 92, 87, 1, 1, 4.80374e+19
Pixel 92, 88, 1, 1, 4.80374e+19
Pixel 93, 88, 1, 1, 4.80374e+19
Pixel 93, 89, 1, 1, 4.80374e+19
Pixel 92, 89, 1, 1, 4.80374e+19
Pixel 92, 90, 1, 1, 4.80374e+19
Pixel 93, 90, 1, 1, 4.80374e+19
Pixel 93, 91, 1, 1, 4.80374e+19
Pixel 92, 91, 1, 1, 4.80374e+19
Pixel 92, 92, 1, 1, 4.80374e+19
Pixel 93, 92, 1, 1, 4.80374e+19
Pixel 93, 93, 1, 1, 4.80374e+19
Pixel 92, 93, 1, 1, 4.80374e+19
Pixel 92, 94, 1, 1, 4.80374e+19
Pixel 93, 94, 1, 1, 4.80374e+19
Pixel 93, 95, 1, 1, 4.80374e+19
Pixel 92, 95, 1, 1, 4.80374e+19
Pixel 92, 96, 1, 1, 4.80374e+19
Pixel 93, 96, 1, 1, 4.80374e+19
Pixel 93, 97, 1, 1, 4.80374e+19
Pixel 92, 97, 1, 1, 4.80374e+19
Pixel 92, 98, 1, 1, 4.80374e+19
Pixel 93, 98, 1, 1, 4.80374e+19
Pixel 93, 99, 1, 1, 4.80374e+19
Pixel 92, 99, 1, 1, 4.80374e+19
Pixel 92, 100, 1, 1, 4.80374e+19
Pixel 93, 100, 1, 1, 4.80374e+19
Pixel 93, 101, 1, 1, 4.80374e+19
Pixel 92, 101, 1, 1, 4.80374e+19
Pixel 92, 102, 1, 1, 4.80374e+19
Pixel 93, 102, 1, 1, 4.80374e+19
Pixel 93, 103, 1, 1, 4.80374e+19
Pixel 92, 103, 1, 1, 4.80374e+19
Pixel 92, 104, 1, 1, 4.80374e+19
Pixel 93, 104, 1, 1, 4.80374e+19
Pixel 93, 105, 1, 1, 4.80374e+19
Pixel 92, 105, 1, 1, 4.80374e+19
Pixel 92, 106, 1, 1, 4.80374e+19
Pixel 93, 106, 1, 1, 4.80374e+19
Pixel 93, 107, 1, 1, 4.80374e+19
Pixel 92, 107, 1, 1, 4.80374e+19
Pixel 92, 108, 1, 1, 4.80374e+19
Pixel 93, 108, 1, 1, 4.80374e+19
Pixel 93, 109, 1, 1, 4.80374e+19
Pixel 92, 109, 1, 1, 4.80374e+19
Pixel 92, 110, 1, 1, 4.80374e+19
Pixel 93, 110, 1, 1, 4.80374e+19
Pixel 93, 111, 1, 1, 4.80374e+19
Pixel 92, 111, 1, 1, 4.80374e+19
Pixel 92, 112, 1, 1, 4.80374e+19
Pixel 93, 112, 1, 1, 4.80374e+19
Pixel 93, 113, 1, 1, 4.80374e+19
Pixel 92, 113, 1, 1, 4.80374e+19
Pixel 92, 114, 1, 1, 4.80374e+19
Pixel 93, 114, 1, 1, 4.80374e+19
Pixel 93, 115, 1, 1, 4.80374e+19
Pixel 92, 115, 1, 1, 4.80374e+19
Pixel 92, 116, 1, 1, 4.80374e+19
Pixel 93, 116, 1, 1, 4.80374e+19
Pixel 93, 117, 1, 1, 4.80374e+19
Pixel 92, 117, 1, 1, 4.80374e+19
Pixel 92, 118, 1, 1, 4.80374e+19
Pixel 93, 118, 1, 1, 4.80374e+19
Pixel 93, 119, 1, 1, 4.80374e+19
Pixel 92, 119, 1, 1, 4.80374e+19
Pixel 92, 120, 1, 1, 4.80374e+19
Pixel 93, 120, 1, 1, 4.80374e+19
Pixel 93, 121, 1, 1, 4.80374e+19
Pixel 92, 121, 1, 1, 4.80374e+19
Pixel 92, 122, 1, 1, 4.80374e+19
Pixel 93, 122, 1, 1, 4.80374e+19
Pixel 93, 123, 1, 1, 4.80374e+19
Pixel 92, 123, 1, 1, 4.80374e+19
Pixel 92, 124, 1, 1, 4.80374e+19
Pixel 93, 124, 1, 1, 4.80374e+19
Pixel 93, 125, 1, 1, 4.80374e+19
Pixel 92, 125, 1, 1, 4.80374e+19
Pixel 92, 126, 1, 1, 4.80374e+19
Pixel 93, 126, 1, 1, 4.80374e+19
Pixel 93, 127, 1, 1, 4.80374e+19
Pixel 92, 127, 1, 1, 4.80374e+19
Pixel 92, 128, 1, 1, 4.80374e+19
Pixel 93, 128, 1, 1, 4.80374e+19
Pixel 93, 129, 1, 1, 4.80374e+19
Pixel 92, 129, 1, 1, 4.80374e+19
Pixel 92, 130, 1, 1, 4.80374e+19
Pixel 93, 130, 1, 1, 4.80374e+19
Pixel 93, 131, 1, 1, 4.80374e+19
Pixel 92, 131, 1, 1, 4.80374e+19
Pixel 92, 132, 1, 1, 4.80374e+19
Pixel 93, 132, 1, 1, 4.80374e+19
Pixel 93, 133, 1, 1, 4.80374e+19
Pixel 92, 133, 1, 1, 4.80374e+19
Pixel 92, 134, 1, 1, 4.80374e+19
Pixel 93, 134, 1, 1, 4.80374e+19
Pixel 93, 135, 1, 1, 4.80374e+19
Pixel 92, 135, 1, 1, 4.80374e+19
Pixel 92, 136, 1, 1, 4.80374e+19
Pixel 93, 136, 1, 1, 4.80374e+19
Pixel 93, 137, 1, 1, 4.80374e+19
Pixel 92, 137, 1, 1, 4.80374e+19
Pixel 92, 138, 1, 1, 4.80374e+19
Pixel 93, 138, 1, 1, 4.80374e+19
Pixel 93, 139, 1, 1, 4.80374e+19
Pixel 92, 139, 1, 1, 4.80374e+19
Pixel 92, 140, 1, 1, 4.80374e+19
Pixel 93, 140, 1, 1, 4.80374e+19
Pixel 93, 141, 1, 1, 4.80374e+19
Pixel 92, 141, 1, 1, 4.80374e+19
Pixel 92, 142, 1, 1, 4.80374e+19
Pixel 93, 142, 1, 1, 4.80374e+19
Pixel 93, 143, 1, 1, 4.80374e+19
Pixel 92, 143, 1, 1, 4.80374e+19
Pixel 92, 144, 1, 1, 4.80374e+19
Pixel 93, 144, 1, 1, 4.80374e+19
Pixel 93, 145, 1, 1, 4.80374e+19
Pixel 92, 145, 1, 1, 4.80374e+19
Pixel 92, 146, 1, 1, 4.80374e+19
Pixel 93, 146, 1, 1, 4.80374e+19
Pixel 93, 147, 1, 1, 4.80374e+19
Pixel 92, 147, 1, 1, 4.80374e+19
Pixel 92, 148, 1, 1, 4.80374e+19
Pixel 93, 148, 1, 1, 4.80374e+19
Pixel 93, 149, 1, 1, 4.80374e+19
Pixel 92, 149, 1, 1, 4.80374e+19
Pixel 92, 150, 1, 1, 4.80374e+19
Pixel 93, 150, 1, 1, 4.80374e+19
Pixel 93, 151, 1, 1, 4.80374e+19
Pixel 92, 151, 1, 1, 4.80374e+19
Pixel 92, 152, 1, 1, 4.80374e+19
Pixel 93, 152, 1, 1, 4.80374e+19
Pixel 93, 153, 1, 1, 4.80374e+19
Pixel 92, 153, 1, 1, 4.80374e+19
Pixel 92, 154, 1, 1, 4.80374e+19
Pixel 93, 154, 1, 1, 4.80374e+19
Pixel 93, 155, 1, 1, 4.80374e+19
Pixel 92, 155, 1, 1, 4.80374e+19
Pixel 92, 156, 1, 1, 4.80374e+19
Pixel 93, 156, 1, 1, 4.80374e+19
Pixel 93, 157, 1, 1, 4.80374e+19
Pixel 92, 157, 1, 1, 4.80374e+19
Pixel 92, 158, 1, 1, 4.80374e+19
Pixel 93, 158, 1, 1, 4.80374e+19
Pixel 93, 159, 1, 1, 4.80374e+19
Pixel 92, 159, 1, 1, 4.80374e+19
Pixel 92, 160, 1, 1, 4.80374e+19
Pixel 93, 160, 1, 1, 4.80374e+19
Pixel 93, 161, 1, 1, 4.80374e+19
Pixel 92, 161, 1, 1, 4.80374e+19
Pixel 92, 162, 1, 1, 4.80374e+19
Pixel 93, 162, 1, 1, 4.80374e+19
Pixel 93, 163, 1, 1, 4.80374e+19
Pixel 92, 163, 1, 1, 4.80374e+19
Pixel 92, 164, 1, 1, 4.80374e+19
Pixel 93, 164, 1, 1, 4.80374e+19
Pixel 93, 165, 1, 1, 4.80374e+19
Pixel 92, 165, 1, 1, 4.80374e+19
Pixel 92, 166, 1, 1, 4.80374e+19
Pixel 93, 166, 1, 1, 4.80374e+19
Pixel 93, 167, 1, 1, 4.80374e+19
Pixel 92, 167, 1, 1, 4.80374e+19
Pixel 92, 168, 1, 1, 4.80374e+19
Pixel 93, 168, 1, 1, 4.80374e+19
Pixel 93, 169, 1, 1, 4.80374e+19
Pixel 92, 169, 1, 1, 4.80374e+19
Pixel 92, 170, 1, 1, 4.80374e+19
Pixel 93, 170, 1, 1, 4.80374e+19
Pixel 93, 171, 1, 1, 4.80374e+19
Pixel 92, 171, 1, 1, 4.80374e+19
Pixel 92, 172, 1, 1, 4.80374e+19
Pixel 93, 172, 1, 1, 4.80374e+19
Pixel 93, 173, 1, 1, 4.80374e+19
Pixel 92, 173, 1, 1, 4.80374e+19
Pixel 92, 174, 1, 1, 4.80374e+19
Pixel 93, 174, 1, 1, 4.80374e+19
Pixel 93, 175, 1, 1, 4.80374e+19
Pixel 92, 175, 1, 1, 4.80374e+19
Pixel 92, 176, 1, 1, 4.80374e+19
Pixel 93, 176, 1, 1, 4.80374e+19
Pixel 93, 177, 1, 1, 4.80374e+19
Pixel 92, 177, 1, 1, 4.80374e+19
Pixel 92, 178, 1, 1, 4.80374e+19
Pixel 93, 178, 1, 1, 4.80374e+19
Pixel 93, 179, 1, 1, 4.80374e+19
Pixel 92, 179, 1, 1, 4.80374e+19
Pixel 92, 180, 1, 1, 4.80374e+19
Pixel 93, 180, 1, 1, 4.80374e+19
Pixel 93, 181, 1, 1, 4.80374e+19
Pixel 92, 181, 1, 1, 4.80374e+19
Pixel 92, 182, 1, 1, 4.80374e+19
Pixel 93, 182, 1, 1, 4.80374e+19
Pixel 93, 183, 1, 1, 4.80374e+19
Pixel 92, 183, 1, 1, 4.80374e+19
Pixel 92, 184, 1, 1, 4.80374e+19
Pixel 93, 184, 1, 1, 4.80374e+19
Pixel 93, 185, 1, 1, 4.80374e+19
Pixel 92, 185, 1, 1, 4.80374e+19
Pixel 92, 186, 1, 1, 4.80374e+19
Pixel 93, 186, 1, 1, 4.80374e+19
Pixel 93, 187, 1, 1, 4.80374e+19
Pixel 92, 187, 1, 1, 4.80374e+19
Pixel 92, 188, 1, 1, 4.80374e+19
Pixel 93, 188, 1, 1, 4.80374e+19
Pixel 93, 189, 1, 1, 4.80374e+19
Pixel 92, 189, 1, 1, 4.80374e+19
Pixel 92, 190, 1, 1, 4.80374e+19
Pixel 93, 190, 1, 1, 4.80374e+19
Pixel 93, 191, 1, 1, 4.80374e+19
Pixel 92, 191, 1, 1, 4.80374e+19
Pixel 92, 192, 1, 1, 4.80374e+19
Pixel 93, 192, 1, 1, 4.80374e+19
Pixel 93, 193, 1, 1, 4.80374e+19
Pixel 92, 193, 1, 1, 4.80374e+19
Pixel 92, 194, 1, 1, 4.80374e+19
Pixel 93, 194, 1, 1, 4.80374e+19
Pixel 93, 195, 1, 1, 4.80374e+19
Pixel 92, 195, 1, 1, 4.80374e+19
Pixel 92, 196, 1, 1, 4.80374e+19
Pixel 93, 196, 1, 1, 4.80374e+19
Pixel 93, 197, 1, 1, 4.80374e+19
Pixel 92, 197, 1, 1, 4.80374e+19
Pixel 92, 198, 1, 1, 4.80374e+19
Pixel 93, 198, 1, 1, 4.80374e+19
Pixel 93, 199, 1, 1, 4.80374e+19
Pixel 92, 199, 1, 1, 4.80374e+19
Pixel 92, 200, 1, 1, 4.80374e+19
Pixel 93, 200, 1, 1, 4.80374e+19
Pixel 93, 201, 1, 1, 4.80374e+19
Pixel 92, 201, 1, 1, 4.80374e+19
Pixel 92, 202, 1, 1, 4.80374e+19
Pixel 93, 202, 1, 1, 4.80374e+19
Pixel 93, 203, 1, 1, 4.80374e+19
Pixel 92, 203, 1, 1, 4.80374e+19
Pixel 92, 204, 1, 1, 4.80374e+19
Pixel 93, 204, 1, 1, 4.80374e+19
Pixel 93, 205, 1, 1, 4.80374e+19
Pixel 92, 205, 1, 1, 4.80374e+19
Pixel 92, 206, 1, 1, 4.80374e+19
Pixel 93, 206, 1, 1, 4.80374e+19
Pixel 93, 207, 1, 1, 4.80374e+19
Pixel 92, 207, 1, 1, 4.80374e+19
Pixel 92, 208, 1, 1, 4.80374e+19
Pixel 93, 208, 1, 1, 4.80374e+19
Pixel 93, 209, 1, 1, 4.80374e+19
Pixel 92, 209, 1, 1, 4.80374e+19
Pixel 92, 210, 1, 1, 4.80374e+19
Pixel 93, 210, 1, 1, 4.80374e+19
Pixel 93, 211, 1, 1, 4.80374e+19
Pixel 92, 211, 1, 1, 4.80374e+19
Pixel 92, 212, 1, 1, 4.80374e+19
Pixel 93, 212, 1, 1, 4.80374e+19
Pixel 93, 213, 1, 1, 4.80374e+19
Pixel 92, 213, 1, 1, 4.80374e+19
Pixel 92, 214, 1, 1, 4.80374e+19
Pixel 93, 214, 1, 1, 4.80374e+19
Pixel 93, 215, 1, 1, 4.80374e+19
Pixel 92, 215, 1, 1, 4.80374e+19
Pixel 92, 216, 1, 1, 4.80374e+19
Pixel 93, 216, 1, 1, 4.80374e+19
Pixel 93, 217, 1, 1, 4.80374e+19
Pixel 92, 217, 1, 1, 4.80374e+19
Pixel 92, 218, 1, 1, 4.80374e+19
Pixel 93, 218, 1, 1, 4.80374e+19
Pixel 93, 219, 1, 1, 4.80374e+19
Pixel 92, 219, 1, 1, 4.80374e+19
Pixel 92, 220, 1, 1, 4.80374e+19
Pixel 93, 220, 1, 1, 4.80374e+19
Pixel 93, 221, 1, 1, 4.80374e+19
Pixel 92, 221, 1, 1, 4.80374e+19
Pixel 92, 222, 1, 1, 4.80374e+19
Pixel 93, 222, 1, 1, 4.80374e+19
Pixel 93, 223, 1, 1, 4.80374e+19
Pixel 92, 223, 1, 1, 4.80374e+19
Pixel 92, 224, 1, 1, 4.80374e+19
Pixel 93, 224, 1, 1, 4.80374e+19
Pixel 93, 225, 1, 1, 4.80374e+19
Pixel 92, 225, 1, 1, 4.80374e+19
Pixel 92, 226, 1, 1, 4.80374e+19
Pixel 93, 226, 1, 1, 4.80374e+19
Pixel 93, 227, 1, 1, 4.80374e+19
Pixel 92, 227, 1, 1, 4.80374e+19
Pixel 92, 228, 1, 1, 4.80374e+19
Pixel 93, 228, 1, 1, 4.80374e+19
Pixel 93, 229, 1, 1, 4.80374e+19
Pixel 92, 229, 1, 1, 4.80374e+19
Pixel 92, 230, 1, 1, 4.80374e+19
Pixel 93, 230, 1, 1, 4.80374e+19
Pixel 93, 231, 1, 1, 4.80374e+19
Pixel 92, 231, 1, 1, 4.80374e+19
Pixel 92, 232, 1, 1, 4.80374e+19
Pixel 93, 232, 1, 1, 4.80374e+19
Pixel 93, 233, 1, 1, 4.80374e+19
Pixel 92, 233, 1, 1, 4.80374e+19
Pixel 92, 234, 1, 1, 4.80374e+19
Pixel 93, 234, 1, 1, 4.80374e+19
Pixel 93, 235, 1, 1, 4.80374e+19
Pixel 92, 235, 1, 1, 4.80374e+19
Pixel 92, 236, 1, 1, 4.80374e+19
Pixel 93, 236, 1, 1, 4.80374e+19
Pixel 93, 237, 1, 1, 4.80374e+19
Pixel 92, 237, 1, 1, 4.80374e+19
Pixel 92, 238, 1, 1, 4.80374e+19
Pixel 93, 238, 1, 1, 4.80374e+19
Pixel 93, 239, 1, 1, 4.80374e+19
Pixel 92, 239, 1, 1, 4.80374e+19
Pixel 92, 240, 1, 1, 4.80374e+19
Pixel 93, 240, 1, 1, 4.80374e+19
Pixel 93, 241, 1, 1, 4.80374e+19
Pixel 92, 241, 1, 1, 4.80374e+19
Pixel 92, 242, 1, 1, 4.80374e+19
Pixel 93, 242, 1, 1, 4.80374e+19
Pixel 93, 243, 1, 1, 4.80374e+19
Pixel 92, 243, 1, 1, 4.80374e+19
Pixel 92, 244, 1, 1, 4.80374e+19
Pixel 93, 244, 1, 1, 4.80374e+19
Pixel 93, 245, 1, 1, 4.80374e+19
Pixel 92, 245, 1, 1, 4.80374e+19
Pixel 92, 246, 1, 1, 4.80374e+19
Pixel 93, 246, 1, 1, 4.80374e+19
Pixel 93, 247, 1, 1, 4.80374e+19
Pixel 92, 247, 1, 1, 4.80374e+19
Pixel 92, 248, 1, 1, 4.80374e+19
Pixel 93, 248, 1, 1, 4.80374e+19
Pixel 93, 249, 1, 1, 4.80374e+19
Pixel 92, 249, 1, 1, 4.80374e+19
Pixel 92, 250, 1, 1, 4.80374e+19
Pixel 93, 250, 1, 1, 4.80374e+19
Pixel 93, 251, 1, 1, 4.80374e+19
Pixel 92, 251, 1, 1, 4.80374e+19
Pixel 92, 252, 1, 1, 4.80374e+19
Pixel 93, 252, 1, 1, 4.80374e+19
Pixel 93, 253, 1, 1, 4.80374e+19
Pixel 92, 253, 1, 1, 4.80374e+19
Pixel 92, 254, 1, 1, 4.80374e+19
Pixel 93, 254, 1, 1, 4.80374e+19
Pixel 93, 255, 1, 1, 4.80374e+19
Pixel 92, 255, 1, 1, 4.80374e+19
=== 15345 ===
--- pALPIDEfs_0 ---
Pixel 444, 242, 1, 1, 4.80374e+19
Pixel 444, 243, 1, 1, 4.80374e+19
=== 19537 ===
--- pALPIDEfs_1 ---
Pixel 121, 88, 1, 1, 4.80374e+19
Pixel 121, 89, 1, 1, 4.80374e+19
Pixel 122, 88, 1, 1, 4.80374e+19
Pixel 122, 89, 1, 1, 4.80374e+19
=== 37301 ===
--- pALPIDEfs_3 ---
Pixel 413, 87, 1, 1, 4.80374e+19
Pixel 413, 88, 1, 1, 4.80374e+19
Pixel 414, 87, 1, 1, 4.80374e+19
Pixel 414, 88, 1, 1, 4.80374e+19
=== 50528 ===
--- pALPIDEfs_5 ---
Pixel 570, 120, 1, 1, 4.80374e+19
Pixel 571, 120, 1, 1, 4.80374e+19
Pixel 571, 121, 1, 1, 4.80374e+19
Pixel 570, 121, 1, 1, 4.80374e+19
Pixel 570, 122, 1, 1, 4.80374e+19
Pixel 571, 122, 1, 1, 4.80374e+19
Pixel 571, 123, 1, 1, 4.80374e+19
Pixel 572, 121, 1, 1, 4.80374e+19
Pixel 572, 122, 1, 1, 4.80374e+19
Pixel 572, 123, 1, 1, 4.80374e+19
=== 55887 ===
--- pALPIDEfs_1 ---
Pixel 131, 432, 1, 1, 4.80374e+19
Pixel 132, 432, 1, 1, 4.80374e+19
Pixel 132, 433, 1, 1, 4.80374e+19
=== 67648 ===
--- pALPIDEfs_5 ---
Pixel 435, 367, 1, 1, 4.80374e+19
=== 88139 ===
--- pALPIDEfs_6 ---
Pixel 127, 53, 1, 1, 4.80374e+19
Pixel 126, 54, 1, 1, 4.80374e+19
Pixel 127, 54, 1, 1, 4.80374e+19
Pixel 127, 55, 1, 1, 4.80374e+19
Pixel 126, 55, 1, 1, 4.80374e+19
Pixel 129, 52, 1, 1, 4.80374e+19
Pixel 129, 53, 1, 1, 4.80374e+19
Pixel 128, 53, 1, 1, 4.80374e+19
Pixel 128, 54, 1, 1, 4.80374e+19
Pixel 129, 54, 1, 1, 4.80374e+19
Pixel 128, 55, 1, 1, 4.80374e+19
=== 98086 ===
--- pALPIDEfs_1 ---
Pixel 520, 395, 1, 1, 4.80374e+19
=== 101373 ===
--- pALPIDEfs_5 ---
Pixel 405, 262, 1, 1, 4.80374e+19
Pixel 405, 263, 1, 1, 4.80374e+19
=== 103527 ===
--- pALPIDEfs_5 ---
Pixel 245, 483, 1, 1, 4.80374e+19
Pixel 246, 484, 1, 1, 4.80374e+19
Pixel 247, 484, 1, 1, 4.80374e+19
Pixel 247, 485, 1, 1, 4.80374e+19
Pixel 246, 485, 1, 1, 4.80374e+19
Pixel 246, 486, 1, 1, 4.80374e+19
Pixel 247, 486, 1, 1, 4.80374e+19
=== 112004 ===
--- pALPIDEfs_6 ---
Pixel 35, 185, 1, 1, 4.80374e+19
=== 128593 ===
--- pALPIDEfs_1 ---
Pixel 245, 145, 1, 1, 4.80374e+19
Pixel 246, 145, 1, 1, 4.80374e+19
=== 131685 ===
--- pALPIDEfs_0 ---
Pixel 561, 3, 1, 1, 4.80374e+19
Pixel 560, 3, 1, 1, 4.80374e+19
Pixel 560, 4, 1, 1, 4.80374e+19
Pixel 561, 4, 1, 1, 4.80374e+19
Pixel 561, 5, 1, 1, 4.80374e+19
Pixel 560, 5, 1, 1, 4.80374e+19
Pixel 560, 6, 1, 1, 4.80374e+19
Pixel 561, 6, 1, 1, 4.80374e+19
Pixel 562, 3, 1, 1, 4.80374e+19
Pixel 562, 4, 1, 1, 4.80374e+19
Pixel 563, 5, 1, 1, 4.80374e+19
Pixel 562, 5, 1, 1, 4.80374e+19
Pixel 562, 6, 1, 1, 4.80374e+19
=== 150045 ===
--- pALPIDEfs_4 ---
Pixel 304, 415, 1, 1, 4.80374e+19
=== 199747 ===
--- pALPIDEfs_4 ---
Pixel 498, 130, 1, 1, 4.80374e+19
Pixel 499, 130, 1, 1, 4.80374e+19
Pixel 499, 131, 1, 1, 4.80374e+19
=== 224753 ===
--- pALPIDEfs_6 ---
Pixel 82, 305, 1, 1, 4.80374e+19
Pixel 82, 306, 1, 1, 4.80374e+19
=== 243584 ===
--- pALPIDEfs_3 ---
Pixel 365, 297, 1, 1, 4.80374e+19
Pixel 364, 297, 1, 1, 4.80374e+19
=== 265251 ===
--- pALPIDEfs_0 ---
Pixel 38, 467, 1, 1, 4.80374e+19
=== 276619 ===
--- pALPIDEfs_2 ---
Pixel 487, 475, 1, 1, 4.80374e+19
Pixel 486, 475, 1, 1, 4.80374e+19
Pixel 486, 476, 1, 1, 4.80374e+19
Pixel 487, 476, 1, 1, 4.80374e+19
Pixel 487, 477, 1, 1, 4.80374e+19
Pixel 486, 477, 1, 1, 4.80374e+19
Pixel 493, 473, 1, 1, 4.80374e+19
Pixel 494, 472, 1, 1, 4.80374e+19
Pixel 495, 473, 1, 1, 4.80374e+19
Pixel 494, 473, 1, 1, 4.80374e+19
Pixel 494, 474, 1, 1, 4.80374e+19
Pixel 494, 475, 1, 1, 4.80374e+19
=== 287900 ===
--- pALPIDEfs_0 ---
Pixel 752, 292, 1, 1, 4.80374e+19
Pixel 752, 293, 1, 1, 4.80374e+19
=== 302992 ===
--- pALPIDEfs_2 ---
Pixel 644, 294, 1, 1, 4.80374e+19
=== 310477 ===
--- pALPIDEfs_2 ---
Pixel 242, 205, 1, 1, 4.80374e+19
=== 319869 ===
--- pALPIDEfs_4 ---
Pixel 625, 180, 1, 1, 4.80374e+19
=== 336123 ===
--- pALPIDEfs_6 ---
Pixel 851, 409, 1, 1, 4.80374e+19
Pixel 850, 409, 1, 1, 4.80374e+19
Pixel 852, 409, 1, 1, 4.80374e+19
Pixel 856, 408, 1, 1, 4.80374e+19
Pixel 856, 409, 1, 1, 4.80374e+19
=== 353254 ===
--- pALPIDEfs_4 ---
Pixel 556, 460, 1, 1, 4.80374e+19
=== 360748 ===
--- pALPIDEfs_4 ---
Pixel 479, 59, 1, 1, 4.80374e+19
Pixel 479, 60, 1, 1, 4.80374e+19
Pixel 480, 59, 1, 1, 4.80374e+19
Pixel 480, 60, 1, 1, 4.80374e+19
=== 363954 ===
--- pALPIDEfs_4 ---
Pixel 674, 386, 1, 1, 4.80374e+19
Pixel 675, 386, 1, 1, 4.80374e+19
Pixel 675, 387, 1, 1, 4.80374e+19
=== 370668 ===
--- pALPIDEfs_1 ---
Pixel 111, 162, 1, 1, 4.80374e+19
Pixel 112, 162, 1, 1, 4.80374e+19
=== 382683 ===
--- pALPIDEfs_0 ---
Pixel 869, 341, 1, 1, 4.80374e+19
Pixel 868, 341, 1, 1, 4.80374e+19
Pixel 868, 342, 1, 1, 4.80374e+19
Pixel 869, 342, 1, 1, 4.80374e+19
Pixel 870, 341, 1, 1, 4.80374e+19
Pixel 870, 342, 1, 1, 4.80374e+19
=== 397940 ===
--- pALPIDEfs_0 ---
Pixel 45, 115, 1, 1, 4.80374e+19
Pixel 45, 116, 1, 1, 4.80374e+19
Pixel 46, 115, 1, 1, 4.80374e+19
Pixel 46, 116, 1, 1, 4.80374e+19
Pixel 47, 116, 1, 1, 4.80374e+19
Pixel 48, 115, 1, 1, 4.80374e+19
Pixel 48, 116, 1, 1, 4.80374e+19
=== 400718 ===
--- pALPIDEfs_1 ---
Pixel 60, 359, 1, 1, 4.80374e+19
Pixel 60, 360, 1, 1, 4.80374e+19
=== 402689 ===
--- pALPIDEfs_4 ---
Pixel 865, 239, 1, 1, 4.80374e+19
Pixel 864, 239, 1, 1, 4.80374e+19
Pixel 864, 240, 1, 1, 4.80374e+19
Pixel 865, 240, 1, 1, 4.80374e+19
=== 404419 ===
--- pALPIDEfs_2 ---
Pixel 950, 362, 1, 1, 4.80374e+19
=== 407242 ===
--- pALPIDEfs_0 ---
Pixel 607, 331, 1, 1, 4.80374e+19
Pixel 607, 332, 1, 1, 4.80374e+19
Pixel 609, 328, 1, 1, 4.80374e+19
Pixel 608, 332, 1, 1, 4.80374e+19
Pixel 611, 326, 1, 1, 4.80374e+19
Pixel 611, 327, 1, 1, 4.80374e+19
Pixel 610, 327, 1, 1, 4.80374e+19
Pixel 610, 328, 1, 1, 4.80374e+19
Pixel 612, 326, 1, 1, 4.80374e+19
=== 421947 ===
--- pALPIDEfs_3 ---
Pixel 678, 291, 1, 1, 4.80374e+19
=== 427606 ===
--- pALPIDEfs_3 ---
Pixel 52, 236, 1, 1, 4.80374e+19
Pixel 52, 237, 1, 1, 4.80374e+19
Pixel 53, 238, 1, 1, 4.80374e+19
Pixel 53, 239, 1, 1, 4.80374e+19
Pixel 52, 239, 1, 1, 4.80374e+19
Pixel 53, 240, 1, 1, 4.80374e+19
Pixel 54, 238, 1, 1, 4.80374e+19
Pixel 55, 239, 1, 1, 4.80374e+19
Pixel 54, 239, 1, 1, 4.80374e+19
Pixel 54, 240, 1, 1, 4.80374e+19
=== 428245 ===
--- pALPIDEfs_3 ---
Pixel 677, 299, 1, 1, 4.80374e+19
Pixel 676, 299, 1, 1, 4.80374e+19
Pixel 676, 300, 1, 1, 4.80374e+19
Pixel 677, 300, 1, 1, 4.80374e+19
--- pALPIDEfs_4 ---
Pixel 322, 469, 1, 1, 4.80374e+19
Pixel 322, 470, 1, 1, 4.80374e+19
=== 442133 ===
--- pALPIDEfs_1 ---
Pixel 642, 178, 1, 1, 4.80374e+19
=== 453897 ===
--- pALPIDEfs_0 ---
Pixel 439, 47, 1, 1, 4.80374e+19
Pixel 439, 48, 1, 1, 4.80374e+19
--- pALPIDEfs_1 ---
Pixel 461, 225, 1, 1, 4.80374e+19
Pixel 461, 226, 1, 1, 4.80374e+19
--- pALPIDEfs_2 ---
Pixel 506, 298, 1, 1, 4.80374e+19
Pixel 506, 299, 1, 1, 4.80374e+19
--- pALPIDEfs_3 ---
Pixel 551, 441, 1, 1, 4.80374e+19
=== 453898 ===
--- pALPIDEfs_0 ---
Pixel 439, 47, 1, 1, 4.80374e+19
Pixel 439, 48, 1, 1, 4.80374e+19
--- pALPIDEfs_1 ---
Pixel 461, 225, 1, 1, 4.80374e+19
Pixel 461, 226, 1, 1, 4.80374e+19
--- pALPIDEfs_2 ---
Pixel 506, 298, 1, 1, 4.80374e+19
Pixel 506, 299, 1, 1, 4.80374e+19
--- pALPIDEfs_3 ---
Pixel 551, 441, 1, 1, 4.80374e+19
=== 480733 ===
--- pALPIDEfs_6 ---
Pixel 843, 134, 1, 1, 4.80374e+19
Pixel 844, 134, 1, 1, 4.80374e+19
Pixel 844, 135, 1, 1, 4.80374e+19
=== 505413 ===
--- pALPIDEfs_0 ---
Pixel 267, 405, 1, 1, 4.80374e+19
Pixel 266, 405, 1, 1, 4.80374e+19
Pixel 268, 404, 1, 1, 4.80374e+19
Pixel 269, 404, 1, 1, 4.80374e+19
Pixel 269, 405, 1, 1, 4.80374e+19
Pixel 268, 405, 1, 1, 4.80374e+19
=== 509841 ===
--- pALPIDEfs_0 ---
Pixel 915, 374, 1, 1, 4.80374e+19
Pixel 915, 375, 1, 1, 4.80374e+19
Pixel 916, 374, 1, 1, 4.80374e+19
Pixel 917, 374, 1, 1, 4.80374e+19
Pixel 917, 375, 1, 1, 4.80374e+19
Pixel 916, 375, 1, 1, 4.80374e+19
Pixel 916, 376, 1, 1, 4.80374e+19
Pixel 917, 376, 1, 1, 4.80374e+19
Pixel 917, 377, 1, 1, 4.80374e+19
Pixel 916, 377, 1, 1, 4.80374e+19
=== 518533 ===
--- pALPIDEfs_0 ---
Pixel 499, 473, 1, 1, 4.80374e+19
Pixel 500, 473, 1, 1, 4.80374e+19
Pixel 500, 474, 1, 1, 4.80374e+19
=== 524620 ===
--- pALPIDEfs_4 ---
Pixel 671, 1, 1, 1, 4.80374e+19
Pixel 672, 1, 1, 1, 4.80374e+19
Pixel 672, 2, 1, 1, 4.80374e+19
=== 534623 ===
--- pALPIDEfs_1 ---
Pixel 51, 394, 1, 1, 4.80374e+19
Pixel 51, 395, 1, 1, 4.80374e+19
Pixel 50, 395, 1, 1, 4.80374e+19
=== 535734 ===
--- pALPIDEfs_1 ---
Pixel 185, 115, 1, 1, 4.80374e+19
=== 557301 ===
--- pALPIDEfs_4 ---
Pixel 503, 242, 1, 1, 4.80374e+19
Pixel 503, 243, 1, 1, 4.80374e+19
Pixel 504, 242, 1, 1, 4.80374e+19
Pixel 505, 242, 1, 1, 4.80374e+19
Pixel 505, 243, 1, 1, 4.80374e+19
Pixel 504, 243, 1, 1, 4.80374e+19
Pixel 505, 244, 1, 1, 4.80374e+19
Pixel 506, 243, 1, 1, 4.80374e+19
Pixel 506, 244, 1, 1, 4.80374e+19
=== 575400 ===
--- pALPIDEfs_0 ---
Pixel 895, 323, 1, 1, 4.80374e+19
Pixel 895, 324, 1, 1, 4.80374e+19
--- pALPIDEfs_1 ---
Pixel 893, 103, 1, 1, 4.80374e+19
=== 576515 ===
--- pALPIDEfs_0 ---
Pixel 345, 200, 1, 1, 4.80374e+19
Pixel 346, 200, 1, 1, 4.80374e+19
=== 612025 ===
--- pALPIDEfs_5 ---
Pixel 697, 503, 1, 1, 4.80374e+19
Pixel 698, 503, 1, 1, 4.80374e+19
=== 616768 ===
--- pALPIDEfs_1 ---
Pixel 291, 249, 1, 1, 4.80374e+19
Pixel 291, 250, 1, 1, 4.80374e+19
--- pALPIDEfs_2 ---
Pixel 116, 455, 1, 1, 4.80374e+19
Pixel 116, 456, 1, 1, 4.80374e+19
Pixel 117, 456, 1, 1, 4.80374e+19
=== 620685 ===
--- pALPIDEfs_5 ---
Pixel 949, 423, 1, 1, 4.80374e+19
Pixel 949, 424, 1, 1, 4.80374e+19
Pixel 949, 425, 1, 1, 4.80374e+19
Pixel 948, 425, 1, 1, 4.80374e+19
Pixel 948, 426, 1, 1, 4.80374e+19
Pixel 948, 427, 1, 1, 4.80374e+19
Pixel 950, 422, 1, 1, 4.80374e+19
Pixel 951, 422, 1, 1, 4.80374e+19
Pixel 951, 423, 1, 1, 4.80374e+19
Pixel 950, 423, 1, 1, 4.80374e+19
=== 624147 ===
--- pALPIDEfs_6 ---
Pixel 399, 308, 1, 1, 4.80374e+19
Pixel 399, 309, 1, 1, 4.80374e+19
Pixel 400, 308, 1, 1, 4.80374e+19
=== 635972 ===
--- pALPIDEfs_0 ---
Pixel 505, 415, 1, 1, 4.80374e+19
Pixel 504, 415, 1, 1, 4.80374e+19
Pixel 504, 416, 1, 1, 4.80374e+19
Pixel 505, 416, 1, 1, 4.80374e+19
=== 646041 ===
--- pALPIDEfs_2 ---
Pixel 341, 347, 1, 1, 4.80374e+19
Pixel 341, 348, 1, 1, 4.80374e+19
Pixel 342, 347, 1, 1, 4.80374e+19
Pixel 342, 348, 1, 1, 4.80374e+19
=== 656094 ===
--- pALPIDEfs_3 ---
Pixel 87, 266, 1, 1, 4.80374e+19
Pixel 88, 266, 1, 1, 4.80374e+19
--- pALPIDEfs_4 ---
Pixel 753, 471, 1, 1, 4.80374e+19
=== 657518 ===
--- pALPIDEfs_3 ---
Pixel 1002, 269, 1, 1, 4.80374e+19
Pixel 1002, 270, 1, 1, 4.80374e+19
=== 675709 ===
--- pALPIDEfs_5 ---
Pixel 681, 65, 1, 1, 4.80374e+19
Pixel 681, 66, 1, 1, 4.80374e+19
Pixel 682, 65, 1, 1, 4.80374e+19
=== 680929 ===
--- pALPIDEfs_4 ---
Pixel 49, 508, 1, 1, 4.80374e+19
Pixel 49, 509, 1, 1, 4.80374e+19
Pixel 50, 508, 1, 1, 4.80374e+19
=== 691144 ===
--- pALPIDEfs_1 ---
Pixel 938, 168, 1, 1, 4.80374e+19
=== 691145 ===
--- pALPIDEfs_1 ---
Pixel 938, 168, 1, 1, 4.80374e+19
=== 718898 ===
--- pALPIDEfs_0 ---
Pixel 215, 101, 1, 1, 4.80374e+19
Pixel 215, 102, 1, 1, 4.80374e+19
Pixel 216, 101, 1, 1, 4.80374e+19
=== 720473 ===
--- pALPIDEfs_5 ---
Pixel 279, 405, 1, 1, 4.80374e+19
Pixel 278, 405, 1, 1, 4.80374e+19
Pixel 278, 406, 1, 1, 4.80374e+19
=== 726597 ===
--- pALPIDEfs_3 ---
Pixel 351, 321, 1, 1, 4.80374e+19
=== 737066 ===
--- pALPIDEfs_5 ---
Pixel 207, 3, 1, 1, 4.80374e+19
Pixel 209, 3, 1, 1, 4.80374e+19
Pixel 208, 3, 1, 1, 4.80374e+19
=== 756388 ===
--- pALPIDEfs_1 ---
Pixel 412, 341, 1, 1, 4.80374e+19
Pixel 412, 342, 1, 1, 4.80374e+19
=== 798064 ===
--- pALPIDEfs_1 ---
Pixel 342, 277, 1, 1, 4.80374e+19
=== 798065 ===
--- pALPIDEfs_1 ---
Pixel 342, 277, 1, 1, 4.80374e+19
=== 810681 ===
--- pALPIDEfs_3 ---
Pixel 948, 342, 1, 1, 4.80374e+19
Pixel 949, 342, 1, 1, 4.80374e+19
Pixel 949, 343, 1, 1, 4.80374e+19
=== 811013 ===
--- pALPIDEfs_3 ---
Pixel 395, 299, 1, 1, 4.80374e+19
=== 812441 ===
--- pALPIDEfs_3 ---
Pixel 469, 407, 1, 1, 4.80374e+19
--- pALPIDEfs_4 ---
Pixel 328, 176, 1, 1, 4.80374e+19
=== 812442 ===
--- pALPIDEfs_3 ---
Pixel 469, 407, 1, 1, 4.80374e+19
Pixel 469, 408, 1, 1, 4.80374e+19
--- pALPIDEfs_4 ---
Pixel 328, 176, 1, 1, 4.80374e+19
=== 818393 ===
--- pALPIDEfs_5 ---
Pixel 684, 190, 1, 1, 4.80374e+19
Pixel 685, 190, 1, 1, 4.80374e+19
Pixel 684, 191, 1, 1, 4.80374e+19
=== 820808 ===
--- pALPIDEfs_0 ---
Pixel 99, 337, 1, 1, 4.80374e+19
Pixel 99, 338, 1, 1, 4.80374e+19
Pixel 99, 339, 1, 1, 4.80374e+19
Pixel 99, 340, 1, 1, 4.80374e+19
Pixel 100, 340, 1, 1, 4.80374e+19
Pixel 101, 341, 1, 1, 4.80374e+19
Pixel 100, 341, 1, 1, 4.80374e+19
Pixel 100, 342, 1, 1, 4.80374e+19
Pixel 101, 342, 1, 1, 4.80374e+19
Pixel 101, 343, 1, 1, 4.80374e+19
Pixel 100, 343, 1, 1, 4.80374e+19
=== 828747 ===
--- pALPIDEfs_4 ---
Pixel 672, 160, 1, 1, 4.80374e+19
Pixel 673, 160, 1, 1, 4.80374e+19
Pixel 673, 161, 1, 1, 4.80374e+19
Pixel 673, 162, 1, 1, 4.80374e+19
=== 838841 ===
--- pALPIDEfs_3 ---
Pixel 451, 1, 1, 1, 4.80374e+19
Pixel 450, 1, 1, 1, 4.80374e+19
--- pALPIDEfs_4 ---
Pixel 768, 466, 1, 1, 4.80374e+19
=== 842907 ===
--- pALPIDEfs_6 ---
Pixel 806, 238, 1, 1, 4.80374e+19
Pixel 807, 238, 1, 1, 4.80374e+19
Pixel 806, 239, 1, 1, 4.80374e+19
=== 853505 ===
--- pALPIDEfs_3 ---
Pixel 139, 453, 1, 1, 4.80374e+19
Pixel 140, 453, 1, 1, 4.80374e+19
Pixel 140, 454, 1, 1, 4.80374e+19
=== 877275 ===
--- pALPIDEfs_0 ---
Pixel 324, 49, 1, 1, 4.80374e+19
Pixel 324, 50, 1, 1, 4.80374e+19
--- pALPIDEfs_1 ---
Pixel 330, 158, 1, 1, 4.80374e+19
--- pALPIDEfs_3 ---
Pixel 388, 232, 1, 1, 4.80374e+19
--- pALPIDEfs_4 ---
Pixel 441, 289, 1, 1, 4.80374e+19
--- pALPIDEfs_5 ---
Pixel 463, 391, 1, 1, 4.80374e+19
Pixel 463, 392, 1, 1, 4.80374e+19
--- pALPIDEfs_6 ---
Pixel 540, 437, 1, 1, 4.80374e+19
=== 878847 ===
--- pALPIDEfs_6 ---
Pixel 676, 426, 1, 1, 4.80374e+19
Pixel 677, 426, 1, 1, 4.80374e+19
Pixel 677, 427, 1, 1, 4.80374e+19
Pixel 676, 427, 1, 1, 4.80374e+19
=== 903365 ===
--- pALPIDEfs_5 ---
Pixel 397, 205, 1, 1, 4.80374e+19
Pixel 396, 205, 1, 1, 4.80374e+19
=== 976737 ===
--- pALPIDEfs_4 ---
Pixel 163, 213, 1, 1, 4.80374e+19
Pixel 163, 214, 1, 1, 4.80374e+19
Pixel 164, 213, 1, 1, 4.80374e+19
Pixel 164, 214, 1, 1, 4.80374e+19
--- pALPIDEfs_6 ---
Pixel 9, 24, 1, 1, 4.80374e+19
=== 997848 ===
--- pALPIDEfs_3 ---
Pixel 287, 199, 1, 1, 4.80374e+19
Pixel 286, 199, 1, 1, 4.80374e+19
Pixel 286, 200, 1, 1, 4.80374e+19
Pixel 287, 200, 1, 1, 4.80374e+19
=== 998884 ===
--- pALPIDEfs_1 ---
Pixel 339, 333, 1, 1, 4.80374e+19
--- pALPIDEfs_2 ---
Pixel 67, 91, 1, 1, 4.80374e+19
=== 1014396 ===
--- pALPIDEfs_3 ---
Pixel 73, 364, 1, 1, 4.80374e+19
Pixel 74, 364, 1, 1, 4.80374e+19
Pixel 74, 365, 1, 1, 4.80374e+19
=== 1025260 ===
--- pALPIDEfs_6 ---
Pixel 61, 26, 1, 1, 4.80374e+19
Pixel 61, 27, 1, 1, 4.80374e+19
Pixel 60, 27, 1, 1, 4.80374e+19
Pixel 60, 28, 1, 1, 4.80374e+19
Pixel 62, 26, 1, 1, 4.80374e+19
Pixel 63, 26, 1, 1, 4.80374e+19
Pixel 62, 27, 1, 1, 4.80374e+19
Pixel 64, 26, 1, 1, 4.80374e+19
Pixel 65, 26, 1, 1, 4.80374e+19
Pixel 65, 27, 1, 1, 4.80374e+19
Pixel 66, 26, 1, 1, 4.80374e+19
Pixel 67, 26, 1, 1, 4.80374e+19
Pixel 66, 27, 1, 1, 4.80374e+19
=== 1044478 ===
--- pALPIDEfs_4 ---
Pixel 969, 320, 1, 1, 4.80374e+19
Pixel 969, 321, 1, 1, 4.80374e+19
=== 1056167 ===
--- pALPIDEfs_0 ---
Pixel 881, 475, 1, 1, 4.80374e+19
Pixel 880, 475, 1, 1, 4.80374e+19
Pixel 880, 476, 1, 1, 4.80374e+19
Pixel 881, 476, 1, 1, 4.80374e+19
=== 1064251 ===
--- pALPIDEfs_0 ---
Pixel 823, 324, 1, 1, 4.80374e+19
=== 1076913 ===
--- pALPIDEfs_0 ---
Pixel 6, 308, 1, 1, 4.80374e+19
Pixel 7, 308, 1, 1, 4.80374e+19
Pixel 7, 309, 1, 1, 4.80374e+19
Pixel 6, 309, 1, 1, 4.80374e+19
=== 1080076 ===
--- pALPIDEfs_5 ---
Pixel 907, 289, 1, 1, 4.80374e+19
Pixel 906, 289, 1, 1, 4.80374e+19
Pixel 906, 290, 1, 1, 4.80374e+19
Pixel 907, 290, 1, 1, 4.80374e+19
Pixel 907, 291, 1, 1, 4.80374e+19
Pixel 906, 291, 1, 1, 4.80374e+19
=== 1083621 ===
--- pALPIDEfs_4 ---
Pixel 429, 510, 1, 1, 4.80374e+19
Pixel 429, 511, 1, 1, 4.80374e+19
Pixel 430, 510, 1, 1, 4.80374e+19
Pixel 430, 511, 1, 1, 4.80374e+19
=== 1099338 ===
--- pALPIDEfs_6 ---
Pixel 983, 104, 1, 1, 4.80374e+19
Pixel 983, 105, 1, 1, 4.80374e+19
=== 1105726 ===
--- pALPIDEfs_0 ---
Pixel 746, 24, 1, 1, 4.80374e+19
=== 1106895 ===
--- pALPIDEfs_2 ---
Pixel 175, 483, 1, 1, 4.80374e+19
Pixel 175, 484, 1, 1, 4.80374e+19
Pixel 176, 483, 1, 1, 4.80374e+19
Pixel 176, 484, 1, 1, 4.80374e+19
--- pALPIDEfs_3 ---
Pixel 101, 131, 1, 1, 4.80374e+19
Pixel 101, 132, 1, 1, 4.80374e+19
Pixel 102, 131, 1, 1, 4.80374e+19
Pixel 102, 132, 1, 1, 4.80374e+19
=== 1114616 ===
--- pALPIDEfs_0 ---
Pixel 772, 6, 1, 1, 4.80374e+19
Pixel 772, 7, 1, 1, 4.80374e+19
=== 1115148 ===
--- pALPIDEfs_1 ---
Pixel 135, 370, 1, 1, 4.80374e+19
Pixel 135, 371, 1, 1, 4.80374e+19
Pixel 136, 370, 1, 1, 4.80374e+19
Pixel 137, 370, 1, 1, 4.80374e+19
Pixel 137, 371, 1, 1, 4.80374e+19
Pixel 136, 371, 1, 1, 4.80374e+19
Pixel 138, 370, 1, 1, 4.80374e+19
Pixel 139, 371, 1, 1, 4.80374e+19
Pixel 138, 371, 1, 1, 4.80374e+19
--- pALPIDEfs_2 ---
Pixel 196, 213, 1, 1, 4.80374e+19
=== 1119141 ===
--- pALPIDEfs_4 ---
Pixel 567, 369, 1, 1, 4.80374e+19
Pixel 567, 370, 1, 1, 4.80374e+19
Pixel 567, 371, 1, 1, 4.80374e+19
Pixel 566, 371, 1, 1, 4.80374e+19
Pixel 568, 368, 1, 1, 4.80374e+19
Pixel 568, 369, 1, 1, 4.80374e+19
Pixel 568, 370, 1, 1, 4.80374e+19
=== 1124158 ===
--- pALPIDEfs_2 ---
Pixel 86, 54, 1, 1, 4.80374e+19
Pixel 87, 55, 1, 1, 4.80374e+19
Pixel 86, 55, 1, 1, 4.80374e+19
Pixel 87, 56, 1, 1, 4.80374e+19
Pixel 89, 58, 1, 1, 4.80374e+19
Pixel 89, 59, 1, 1, 4.80374e+19
Pixel 90, 58, 1, 1, 4.80374e+19
Pixel 91, 59, 1, 1, 4.80374e+19
Pixel 90, 59, 1, 1, 4.80374e+19
=== 1124159 ===
--- pALPIDEfs_2 ---
Pixel 86, 54, 1, 1, 4.80374e+19
Pixel 87, 55, 1, 1, 4.80374e+19
Pixel 86, 55, 1, 1, 4.80374e+19
Pixel 87, 56, 1, 1, 4.80374e+19
Pixel 89, 58, 1, 1, 4.80374e+19
Pixel 89, 59, 1, 1, 4.80374e+19
Pixel 90, 58, 1, 1, 4.80374e+19
Pixel 91, 59, 1, 1, 4.80374e+19
=== 1130391 ===
--- pALPIDEfs_0 ---
Pixel 187, 305, 1, 1, 4.80374e+19
Pixel 187, 306, 1, 1, 4.80374e+19
Pixel 188, 305, 1, 1, 4.80374e+19
Pixel 188, 306, 1, 1, 4.80374e+19
=== 1132339 ===
--- pALPIDEfs_2 ---
Pixel 719, 177, 1, 1, 4.80374e+19
Pixel 718, 177, 1, 1, 4.80374e+19
Pixel 718, 178, 1, 1, 4.80374e+19
Pixel 719, 178, 1, 1, 4.80374e+19
Pixel 719, 179, 1, 1, 4.80374e+19
Pixel 718, 179, 1, 1, 4.80374e+19
=== 1136617 ===
--- pALPIDEfs_1 ---
Pixel 51, 475, 1, 1, 4.80374e+19
Pixel 51, 476, 1, 1, 4.80374e+19
Pixel 52, 475, 1, 1, 4.80374e+19
=== 1138532 ===
--- pALPIDEfs_4 ---
Pixel 703, 69, 1, 1, 4.80374e+19
Pixel 703, 70, 1, 1, 4.80374e+19
Pixel 704, 69, 1, 1, 4.80374e+19
Pixel 704, 70, 1, 1, 4.80374e+19
Pixel 705, 70, 1, 1, 4.80374e+19
=== 1148207 ===
--- pALPIDEfs_0 ---
Pixel 914, 205, 1, 1, 4.80374e+19
Pixel 914, 206, 1, 1, 4.80374e+19
Pixel 915, 206, 1, 1, 4.80374e+19
Pixel 915, 207, 1, 1, 4.80374e+19
Pixel 914, 207, 1, 1, 4.80374e+19
=== 1153738 ===
--- pALPIDEfs_2 ---
Pixel 91, 450, 1, 1, 4.80374e+19
=== 1159739 ===
--- pALPIDEfs_3 ---
Pixel 70, 234, 1, 1, 4.80374e+19
=== 1167641 ===
--- pALPIDEfs_4 ---
Pixel 31, 340, 1, 1, 4.80374e+19
Pixel 31, 341, 1, 1, 4.80374e+19
Pixel 32, 340, 1, 1, 4.80374e+19
Pixel 32, 341, 1, 1, 4.80374e+19
=== 1173780 ===
--- pALPIDEfs_2 ---
Pixel 682, 297, 1, 1, 4.80374e+19
=== 1181407 ===
--- pALPIDEfs_2 ---
Pixel 696, 66, 1, 1, 4.80374e+19
Pixel 696, 67, 1, 1, 4.80374e+19
=== 1190829 ===
--- pALPIDEfs_0 ---
Pixel 510, 404, 1, 1, 4.80374e+19
=== 1192436 ===
--- pALPIDEfs_6 ---
Pixel 150, 415, 1, 1, 4.80374e+19
=== 1215635 ===
--- pALPIDEfs_5 ---
Pixel 91, 402, 1, 1, 4.80374e+19
Pixel 91, 403, 1, 1, 4.80374e+19
=== 1220983 ===
--- pALPIDEfs_1 ---
Pixel 991, 169, 1, 1, 4.80374e+19
Pixel 991, 170, 1, 1, 4.80374e+19
Pixel 992, 169, 1, 1, 4.80374e+19
Pixel 992, 170, 1, 1, 4.80374e+19
=== 1223520 ===
--- pALPIDEfs_4 ---
Pixel 138, 426, 1, 1, 4.80374e+19
Pixel 138, 427, 1, 1, 4.80374e+19
--- pALPIDEfs_6 ---
Pixel 55, 188, 1, 1, 4.80374e+19
=== 1224392 ===
--- pALPIDEfs_3 ---
Pixel 630, 148, 1, 1, 4.80374e+19
Pixel 631, 148, 1, 1, 4.80374e+19
Pixel 631, 149, 1, 1, 4.80374e+19
=== 1250789 ===
--- pALPIDEfs_1 ---
Pixel 103, 93, 1, 1, 4.80374e+19
=== 1252600 ===
--- pALPIDEfs_2 ---
Pixel 308, 448, 1, 1, 4.80374e+19
Pixel 309, 448, 1, 1, 4.80374e+19
=== 1262060 ===
--- pALPIDEfs_0 ---
Pixel 137, 347, 1, 1, 4.80374e+19
Pixel 137, 348, 1, 1, 4.80374e+19
Pixel 138, 347, 1, 1, 4.80374e+19
Pixel 138, 348, 1, 1, 4.80374e+19
=== 1262061 ===
--- pALPIDEfs_0 ---
Pixel 137, 347, 1, 1, 4.80374e+19
Pixel 137, 348, 1, 1, 4.80374e+19
Pixel 138, 347, 1, 1, 4.80374e+19
Pixel 138, 348, 1, 1, 4.80374e+19
=== 1280909 ===
--- pALPIDEfs_0 ---
Pixel 853, 313, 1, 1, 4.80374e+19
Pixel 853, 314, 1, 1, 4.80374e+19
=== 1291647 ===
--- pALPIDEfs_1 ---
Pixel 777, 285, 1, 1, 4.80374e+19
Pixel 778, 285, 1, 1, 4.80374e+19
Pixel 778, 286, 1, 1, 4.80374e+19
--- pALPIDEfs_4 ---
Pixel 457, 457, 1, 1, 4.80374e+19
Pixel 457, 458, 1, 1, 4.80374e+19
=== 1305881 ===
--- pALPIDEfs_6 ---
Pixel 559, 165, 1, 1, 4.80374e+19
Pixel 558, 165, 1, 1, 4.80374e+19
Pixel 558, 166, 1, 1, 4.80374e+19
Pixel 559, 166, 1, 1, 4.80374e+19
Pixel 559, 167, 1, 1, 4.80374e+19
Pixel 560, 166, 1, 1, 4.80374e+19
Pixel 560, 167, 1, 1, 4.80374e+19
=== 1307693 ===
--- pALPIDEfs_3 ---
Pixel 1, 149, 1, 1, 4.80374e+19
Pixel 1, 150, 1, 1, 4.80374e+19
Pixel 2, 150, 1, 1, 4.80374e+19
Pixel 2, 151, 1, 1, 4.80374e+19
=== 1350780 ===
--- pALPIDEfs_2 ---
Pixel 667, 294, 1, 1, 4.80374e+19
--- pALPIDEfs_3 ---
Pixel 412, 260, 1, 1, 4.80374e+19
Pixel 412, 261, 1, 1, 4.80374e+19
=== 1354578 ===
--- pALPIDEfs_2 ---
Pixel 155, 265, 1, 1, 4.80374e+19
Pixel 154, 265, 1, 1, 4.80374e+19
Pixel 155, 266, 1, 1, 4.80374e+19
=== 1366744 ===
--- pALPIDEfs_0 ---
Pixel 839, 165, 1, 1, 4.80374e+19
Pixel 839, 166, 1, 1, 4.80374e+19
=== 1372273 ===
--- pALPIDEfs_4 ---
Pixel 875, 11, 1, 1, 4.80374e+19
Pixel 874, 12, 1, 1, 4.80374e+19
Pixel 875, 12, 1, 1, 4.80374e+19
=== 1384293 ===
--- pALPIDEfs_3 ---
Pixel 539, 37, 1, 1, 4.80374e+19
Pixel 538, 37, 1, 1, 4.80374e+19
Pixel 538, 38, 1, 1, 4.80374e+19
Pixel 539, 38, 1, 1, 4.80374e+19
=== 1396646 ===
--- pALPIDEfs_5 ---
Pixel 374, 206, 1, 1, 4.80374e+19
Pixel 375, 206, 1, 1, 4.80374e+19
Pixel 375, 207, 1, 1, 4.80374e+19
Pixel 374, 207, 1, 1, 4.80374e+19
Pixel 374, 208, 1, 1, 4.80374e+19
Pixel 375, 208, 1, 1, 4.80374e+19
=== 1397744 ===
--- pALPIDEfs_1 ---
Pixel 901, 390, 1, 1, 4.80374e+19
Pixel 901, 391, 1, 1, 4.80374e+19
Pixel 902, 390, 1, 1, 4.80374e+19
Pixel 903, 390, 1, 1, 4.80374e+19
Pixel 903, 391, 1, 1, 4.80374e+19
Pixel 902, 391, 1, 1, 4.80374e+19
=== 1401571 ===
--- pALPIDEfs_3 ---
Pixel 395, 299, 1, 1, 4.80374e+19
=== 1428313 ===
--- pALPIDEfs_0 ---
Pixel 623, 485, 1, 1, 4.80374e+19
Pixel 623, 486, 1, 1, 4.80374e+19
=== 1435357 ===
--- pALPIDEfs_5 ---
Pixel 823, 484, 1, 1, 4.80374e+19
Pixel 824, 484, 1, 1, 4.80374e+19
=== 1439479 ===
--- pALPIDEfs_2 ---
Pixel 299, 267, 1, 1, 4.80374e+19
Pixel 299, 268, 1, 1, 4.80374e+19
=== 1449724 ===
--- pALPIDEfs_6 ---
Pixel 507, 351, 1, 1, 4.80374e+19
Pixel 506, 351, 1, 1, 4.80374e+19
=== 1454634 ===
--- pALPIDEfs_4 ---
Pixel 83, 341, 1, 1, 4.80374e+19
Pixel 82, 341, 1, 1, 4.80374e+19
Pixel 82, 342, 1, 1, 4.80374e+19
Pixel 83, 342, 1, 1, 4.80374e+19
=== 1466193 ===
--- pALPIDEfs_4 ---
Pixel 691, 421, 1, 1, 4.80374e+19
Pixel 690, 421, 1, 1, 4.80374e+19
Pixel 691, 422, 1, 1, 4.80374e+19
--- pALPIDEfs_5 ---
Pixel 595, 342, 1, 1, 4.80374e+19
Pixel 596, 342, 1, 1, 4.80374e+19
--- pALPIDEfs_6 ---
Pixel 708, 292, 1, 1, 4.80374e+19
=== 1491604 ===
--- pALPIDEfs_4 ---
Pixel 434, 24, 1, 1, 4.80374e+19
=== 1498134 ===
--- pALPIDEfs_1 ---
Pixel 571, 307, 1, 1, 4.80374e+19
Pixel 571, 308, 1, 1, 4.80374e+19
Pixel 572, 308, 1, 1, 4.80374e+19
=== 1516761 ===
--- pALPIDEfs_1 ---
Pixel 196, 44, 1, 1, 4.80374e+19
=== 1520591 ===
--- pALPIDEfs_5 ---
Pixel 99, 342, 1, 1, 4.80374e+19
Pixel 100, 342, 1, 1, 4.80374e+19
Pixel 100, 343, 1, 1, 4.80374e+19
=== 1541233 ===
--- pALPIDEfs_0 ---
Pixel 208, 183, 1, 1, 4.80374e+19
Pixel 208, 184, 1, 1, 4.80374e+19
--- pALPIDEfs_1 ---
Pixel 170, 297, 1, 1, 4.80374e+19
Pixel 170, 298, 1, 1, 4.80374e+19
--- pALPIDEfs_2 ---
Pixel 154, 310, 1, 1, 4.80374e+19
Pixel 154, 311, 1, 1, 4.80374e+19
--- pALPIDEfs_3 ---
Pixel 139, 389, 1, 1, 4.80374e+19
Pixel 138, 389, 1, 1, 4.80374e+19
Pixel 138, 390, 1, 1, 4.80374e+19
--- pALPIDEfs_4 ---
Pixel 145, 456, 1, 1, 4.80374e+19
=== 1542235 ===
--- pALPIDEfs_6 ---
Pixel 466, 416, 1, 1, 4.80374e+19
Pixel 467, 416, 1, 1, 4.80374e+19
=== 1549287 ===
--- pALPIDEfs_4 ---
Pixel 209, 287, 1, 1, 4.80374e+19
Pixel 208, 287, 1, 1, 4.80374e+19
Pixel 208, 288, 1, 1, 4.80374e+19
Pixel 209, 288, 1, 1, 4.80374e+19
--- pALPIDEfs_5 ---
Pixel 41, 280, 1, 1, 4.80374e+19
Pixel 43, 279, 1, 1, 4.80374e+19
Pixel 42, 279, 1, 1, 4.80374e+19
Pixel 42, 280, 1, 1, 4.80374e+19
Pixel 43, 280, 1, 1, 4.80374e+19
=== 1565670 ===
--- pALPIDEfs_3 ---
Pixel 776, 194, 1, 1, 4.80374e+19
Pixel 776, 195, 1, 1, 4.80374e+19
=== 1582338 ===
--- pALPIDEfs_6 ---
Pixel 787, 364, 1, 1, 4.80374e+19
Pixel 788, 363, 1, 1, 4.80374e+19
Pixel 788, 364, 1, 1, 4.80374e+19
=== 1586892 ===
--- pALPIDEfs_2 ---
Pixel 185, 281, 1, 1, 4.80374e+19
Pixel 184, 281, 1, 1, 4.80374e+19
Pixel 184, 282, 1, 1, 4.80374e+19
Pixel 185, 282, 1, 1, 4.80374e+19
Pixel 185, 283, 1, 1, 4.80374e+19
Pixel 185, 284, 1, 1, 4.80374e+19
Pixel 186, 283, 1, 1, 4.80374e+19
Pixel 186, 284, 1, 1, 4.80374e+19
Pixel 187, 284, 1, 1, 4.80374e+19
Pixel 186, 285, 1, 1, 4.80374e+19
=== 1648045 ===
--- pALPIDEfs_1 ---
Pixel 663, 289, 1, 1, 4.80374e+19
Pixel 662, 289, 1, 1, 4.80374e+19
=== 1657003 ===
--- pALPIDEfs_0 ---
Pixel 176, 493, 1, 1, 4.80374e+19
Pixel 176, 494, 1, 1, 4.80374e+19
=== 1682001 ===
--- pALPIDEfs_1 ---
Pixel 691, 423, 1, 1, 4.80374e+19
Pixel 691, 424, 1, 1, 4.80374e+19
Pixel 693, 423, 1, 1, 4.80374e+19
Pixel 692, 423, 1, 1, 4.80374e+19
Pixel 693, 424, 1, 1, 4.80374e+19
Pixel 694, 424, 1, 1, 4.80374e+19
Pixel 695, 424, 1, 1, 4.80374e+19
Pixel 695, 425, 1, 1, 4.80374e+19
Pixel 697, 425, 1, 1, 4.80374e+19
Pixel 696, 425, 1, 1, 4.80374e+19
Pixel 697, 426, 1, 1, 4.80374e+19
Pixel 699, 424, 1, 1, 4.80374e+19
Pixel 699, 425, 1, 1, 4.80374e+19
Pixel 698, 425, 1, 1, 4.80374e+19
Pixel 701, 422, 1, 1, 4.80374e+19
Pixel 701, 423, 1, 1, 4.80374e+19
Pixel 700, 423, 1, 1, 4.80374e+19
Pixel 700, 424, 1, 1, 4.80374e+19
=== 1686267 ===
--- pALPIDEfs_6 ---
Pixel 705, 19, 1, 1, 4.80374e+19
Pixel 706, 19, 1, 1, 4.80374e+19
Pixel 706, 20, 1, 1, 4.80374e+19
=== 1723666 ===
--- pALPIDEfs_5 ---
Pixel 960, 460, 1, 1, 4.80374e+19
Pixel 961, 460, 1, 1, 4.80374e+19
=== 1734320 ===
--- pALPIDEfs_3 ---
Pixel 857, 156, 1, 1, 4.80374e+19
Pixel 858, 156, 1, 1, 4.80374e+19
Pixel 858, 157, 1, 1, 4.80374e+19
=== 1766205 ===
--- pALPIDEfs_3 ---
Pixel 819, 379, 1, 1, 4.80374e+19
Pixel 819, 380, 1, 1, 4.80374e+19
--- pALPIDEfs_4 ---
Pixel 819, 183, 1, 1, 4.80374e+19
Pixel 819, 184, 1, 1, 4.80374e+19
Pixel 820, 183, 1, 1, 4.80374e+19
Pixel 820, 184, 1, 1, 4.80374e+19
=== 1783045 ===
--- pALPIDEfs_1 ---
Pixel 103, 393, 1, 1, 4.80374e+19
Pixel 103, 394, 1, 1, 4.80374e+19
Pixel 104, 394, 1, 1, 4.80374e+19
=== 1789892 ===
--- pALPIDEfs_2 ---
Pixel 850, 66, 1, 1, 4.80374e+19
Pixel 850, 67, 1, 1, 4.80374e+19
Pixel 850, 68, 1, 1, 4.80374e+19
=== 1796187 ===
--- pALPIDEfs_4 ---
Pixel 686, 20, 1, 1, 4.80374e+19
Pixel 686, 21, 1, 1, 4.80374e+19
=== 1796784 ===
--- pALPIDEfs_1 ---
Pixel 847, 133, 1, 1, 4.80374e+19
Pixel 848, 132, 1, 1, 4.80374e+19
Pixel 848, 133, 1, 1, 4.80374e+19
=== 1808905 ===
--- pALPIDEfs_5 ---
Pixel 1022, 292, 1, 1, 4.80374e+19
Pixel 1022, 293, 1, 1, 4.80374e+19
=== 1825337 ===
--- pALPIDEfs_2 ---
Pixel 663, 259, 1, 1, 4.80374e+19
Pixel 663, 260, 1, 1, 4.80374e+19
=== 1837178 ===
--- pALPIDEfs_5 ---
Pixel 591, 21, 1, 1, 4.80374e+19
Pixel 590, 22, 1, 1, 4.80374e+19
Pixel 591, 22, 1, 1, 4.80374e+19
Pixel 591, 23, 1, 1, 4.80374e+19
Pixel 592, 23, 1, 1, 4.80374e+19
Pixel 592, 24, 1, 1, 4.80374e+19
Pixel 593, 24, 1, 1, 4.80374e+19
Pixel 593, 25, 1, 1, 4.80374e+19
=== 1839169 ===
--- pALPIDEfs_0 ---
Pixel 87, 224, 1, 1, 4.80374e+19
=== 1843680 ===
--- pALPIDEfs_3 ---
Pixel 345, 387, 1, 1, 4.80374e+19
Pixel 344, 387, 1, 1, 4.80374e+19
Pixel 344, 388, 1, 1, 4.80374e+19
Pixel 345, 388, 1, 1, 4.80374e+19
=== 1850782 ===
--- pALPIDEfs_3 ---
Pixel 209, 223, 1, 1, 4.80374e+19
=== 1856019 ===
--- pALPIDEfs_5 ---
Pixel 177, 363, 1, 1, 4.80374e+19
Pixel 177, 364, 1, 1, 4.80374e+19
Pixel 178, 363, 1, 1, 4.80374e+19
Pixel 178, 364, 1, 1, 4.80374e+19
=== 1856787 ===
--- pALPIDEfs_0 ---
Pixel 171, 494, 1, 1, 4.80374e+19
Pixel 171, 495, 1, 1, 4.80374e+19
Pixel 172, 495, 1, 1, 4.80374e+19
Pixel 174, 500, 1, 1, 4.80374e+19
Pixel 174, 501, 1, 1, 4.80374e+19
=== 1860356 ===
--- pALPIDEfs_4 ---
Pixel 265, 441, 1, 1, 4.80374e+19
Pixel 265, 442, 1, 1, 4.80374e+19
Pixel 266, 441, 1, 1, 4.80374e+19
--- pALPIDEfs_5 ---
Pixel 265, 86, 1, 1, 4.80374e+19
Pixel 265, 87, 1, 1, 4.80374e+19
Pixel 266, 86, 1, 1, 4.80374e+19
=== 1896499 ===
--- pALPIDEfs_4 ---
Pixel 255, 356, 1, 1, 4.80374e+19
Pixel 256, 355, 1, 1, 4.80374e+19
Pixel 256, 356, 1, 1, 4.80374e+19
--- pALPIDEfs_5 ---
Pixel 320, 111, 1, 1, 4.80374e+19
=== 1902298 ===
--- pALPIDEfs_0 ---
Pixel 145, 383, 1, 1, 4.80374e+19
Pixel 145, 384, 1, 1, 4.80374e+19
=== 1908842 ===
--- pALPIDEfs_0 ---
Pixel 344, 94, 1, 1, 4.80374e+19
--- pALPIDEfs_1 ---
Pixel 725, 252, 1, 1, 4.80374e+19
Pixel 726, 252, 1, 1, 4.80374e+19
=== 1911222 ===
--- pALPIDEfs_4 ---
Pixel 365, 436, 1, 1, 4.80374e+19
Pixel 365, 437, 1, 1, 4.80374e+19
--- pALPIDEfs_6 ---
Pixel 525, 204, 1, 1, 4.80374e+19
Pixel 526, 204, 1, 1, 4.80374e+19
=== 1922023 ===
--- pALPIDEfs_0 ---
Pixel 326, 100, 1, 1, 4.80374e+19
Pixel 327, 100, 1, 1, 4.80374e+19
Pixel 327, 101, 1, 1, 4.80374e+19
Pixel 328, 101, 1, 1, 4.80374e+19
Pixel 328, 102, 1, 1, 4.80374e+19
Pixel 329, 102, 1, 1, 4.80374e+19
=== 1923451 ===
--- pALPIDEfs_3 ---
Pixel 557, 180, 1, 1, 4.80374e+19
=== 1958125 ===
--- pALPIDEfs_0 ---
Pixel 653, 64, 1, 1, 4.80374e+19
Pixel 654, 64, 1, 1, 4.80374e+19
=== 1961738 ===
--- pALPIDEfs_5 ---
Pixel 151, 451, 1, 1, 4.80374e+19
Pixel 151, 452, 1, 1, 4.80374e+19
=== 1991266 ===
--- pALPIDEfs_0 ---
Pixel 12, 453, 1, 1, 4.80374e+19
Pixel 12, 454, 1, 1, 4.80374e+19
=== 2002293 ===
--- pALPIDEfs_1 ---
Pixel 3, 379, 1, 1, 4.80374e+19
Pixel 2, 379, 1, 1, 4.80374e+19
Pixel 3, 380, 1, 1, 4.80374e+19
=== 2020461 ===
--- pALPIDEfs_1 ---
Pixel 637, 511, 1, 1, 4.80374e+19
=== 2026453 ===
--- pALPIDEfs_1 ---
Pixel 673, 61, 1, 1, 4.80374e+19
Pixel 673, 62, 1, 1, 4.80374e+19
Pixel 674, 61, 1, 1, 4.80374e+19
Pixel 674, 62, 1, 1, 4.80374e+19
=== 2042168 ===
--- pALPIDEfs_3 ---
Pixel 701, 38, 1, 1, 4.80374e+19
Pixel 702, 38, 1, 1, 4.80374e+19
Pixel 702, 39, 1, 1, 4.80374e+19
Pixel 702, 40, 1, 1, 4.80374e+19
Pixel 703, 40, 1, 1, 4.80374e+19
Pixel 703, 41, 1, 1, 4.80374e+19
Pixel 702, 41, 1, 1, 4.80374e+19
Pixel 703, 42, 1, 1, 4.80374e+19
Pixel 704, 41, 1, 1, 4.80374e+19
Pixel 704, 42, 1, 1, 4.80374e+19
Pixel 705, 42, 1, 1, 4.80374e+19
Pixel 705, 43, 1, 1, 4.80374e+19
=== 2043425 ===
--- pALPIDEfs_1 ---
Pixel 886, 181, 1, 1, 4.80374e+19
=== 2043789 ===
--- pALPIDEfs_5 ---
Pixel 404, 21, 1, 1, 4.80374e+19
Pixel 404, 22, 1, 1, 4.80374e+19
=== 2057443 ===
--- pALPIDEfs_5 ---
Pixel 166, 384, 1, 1, 4.80374e+19
Pixel 167, 384, 1, 1, 4.80374e+19
Pixel 167, 385, 1, 1, 4.80374e+19
Pixel 166, 385, 1, 1, 4.80374e+19
=== 2074287 ===
--- pALPIDEfs_1 ---
Pixel 327, 292, 1, 1, 4.80374e+19
=== 2083004 ===
--- pALPIDEfs_6 ---
Pixel 1003, 408, 1, 1, 4.80374e+19
Pixel 1003, 409, 1, 1, 4.80374e+19
Pixel 1003, 410, 1, 1, 4.80374e+19
Pixel 1004, 409, 1, 1, 4.80374e+19
Pixel 1004, 410, 1, 1, 4.80374e+19
=== 2089059 ===
--- pALPIDEfs_6 ---
Pixel 431, 344, 1, 1, 4.80374e+19
Pixel 431, 345, 1, 1, 4.80374e+19
=== 2096346 ===
--- pALPIDEfs_6 ---
Pixel 432, 73, 1, 1, 4.80374e+19
Pixel 432, 74, 1, 1, 4.80374e+19
Pixel 433, 74, 1, 1, 4.80374e+19
=== 2096554 ===
--- pALPIDEfs_1 ---
Pixel 636, 339, 1, 1, 4.80374e+19
=== 2105885 ===
--- pALPIDEfs_2 ---
Pixel 61, 352, 1, 1, 4.80374e+19
Pixel 61, 353, 1, 1, 4.80374e+19
=== 2116629 ===
--- pALPIDEfs_3 ---
Pixel 428, 141, 1, 1, 4.80374e+19
Pixel 428, 142, 1, 1, 4.80374e+19
=== 2116663 ===
--- pALPIDEfs_5 ---
Pixel 433, 325, 1, 1, 4.80374e+19
Pixel 434, 325, 1, 1, 4.80374e+19
=== 2144990 ===
--- pALPIDEfs_3 ---
Pixel 368, 152, 1, 1, 4.80374e+19
Pixel 369, 152, 1, 1, 4.80374e+19
Pixel 369, 153, 1, 1, 4.80374e+19
Pixel 368, 153, 1, 1, 4.80374e+19
=== 2149257 ===
--- pALPIDEfs_2 ---
Pixel 194, 188, 1, 1, 4.80374e+19
=== 2153692 ===
--- pALPIDEfs_5 ---
Pixel 837, 65, 1, 1, 4.80374e+19
Pixel 836, 65, 1, 1, 4.80374e+19
=== 2159458 ===
--- pALPIDEfs_5 ---
Pixel 587, 61, 1, 1, 4.80374e+19
=== 2167205 ===
--- pALPIDEfs_5 ---
Pixel 597, 172, 1, 1, 4.80374e+19
Pixel 597, 173, 1, 1, 4.80374e+19
Pixel 596, 173, 1, 1, 4.80374e+19
Pixel 596, 174, 1, 1, 4.80374e+19
Pixel 597, 174, 1, 1, 4.80374e+19
Pixel 598, 172, 1, 1, 4.80374e+19
Pixel 599, 172, 1, 1, 4.80374e+19
Pixel 599, 173, 1, 1, 4.80374e+19
Pixel 598, 173, 1, 1, 4.80374e+19
=== 2167913 ===
--- pALPIDEfs_0 ---
Pixel 160, 419, 1, 1, 4.80374e+19
Pixel 160, 420, 1, 1, 4.80374e+19
=== 2183304 ===
--- pALPIDEfs_3 ---
Pixel 457, 445, 1, 1, 4.80374e+19
Pixel 458, 445, 1, 1, 4.80374e+19
--- pALPIDEfs_4 ---
Pixel 399, 193, 1, 1, 4.80374e+19
Pixel 399, 194, 1, 1, 4.80374e+19
=== 2184409 ===
--- pALPIDEfs_6 ---
Pixel 602, 214, 1, 1, 4.80374e+19
Pixel 603, 214, 1, 1, 4.80374e+19
Pixel 603, 215, 1, 1, 4.80374e+19
Pixel 602, 215, 1, 1, 4.80374e+19
=== 2188168 ===
--- pALPIDEfs_1 ---
Pixel 740, 94, 1, 1, 4.80374e+19
Pixel 741, 94, 1, 1, 4.80374e+19
Pixel 741, 95, 1, 1, 4.80374e+19
Pixel 740, 95, 1, 1, 4.80374e+19
=== 2195422 ===
--- pALPIDEfs_0 ---
Pixel 163, 84, 1, 1, 4.80374e+19
Pixel 163, 85, 1, 1, 4.80374e+19
Pixel 165, 83, 1, 1, 4.80374e+19
Pixel 164, 83, 1, 1, 4.80374e+19
Pixel 164, 84, 1, 1, 4.80374e+19
Pixel 165, 84, 1, 1, 4.80374e+19
Pixel 165, 85, 1, 1, 4.80374e+19
Pixel 164, 85, 1, 1, 4.80374e+19
Pixel 166, 84, 1, 1, 4.80374e+19
Pixel 167, 84, 1, 1, 4.80374e+19
Pixel 166, 85, 1, 1, 4.80374e+19
=== 2231782 ===
--- pALPIDEfs_3 ---
Pixel 881, 301, 1, 1, 4.80374e+19
Pixel 881, 302, 1, 1, 4.80374e+19
=== 2234047 ===
--- pALPIDEfs_3 ---
Pixel 209, 422, 1, 1, 4.80374e+19
Pixel 209, 423, 1, 1, 4.80374e+19
Pixel 208, 423, 1, 1, 4.80374e+19
=== 2234822 ===
--- pALPIDEfs_1 ---
Pixel 433, 404, 1, 1, 4.80374e+19
Pixel 433, 405, 1, 1, 4.80374e+19
=== 2250274 ===
--- pALPIDEfs_2 ---
Pixel 52, 96, 1, 1, 4.80374e+19
--- pALPIDEfs_3 ---
Pixel 278, 289, 1, 1, 4.80374e+19
--- pALPIDEfs_4 ---
Pixel 525, 471, 1, 1, 4.80374e+19
Pixel 526, 471, 1, 1, 4.80374e+19
=== 2275113 ===
--- pALPIDEfs_0 ---
Pixel 237, 58, 1, 1, 4.80374e+19
Pixel 237, 59, 1, 1, 4.80374e+19
=== 2280967 ===
--- pALPIDEfs_5 ---
Pixel 661, 493, 1, 1, 4.80374e+19
Pixel 660, 493, 1, 1, 4.80374e+19
Pixel 660, 494, 1, 1, 4.80374e+19
Pixel 661, 494, 1, 1, 4.80374e+19
Pixel 675, 496, 1, 1, 4.80374e+19
Pixel 675, 497, 1, 1, 4.80374e+19
Pixel 676, 496, 1, 1, 4.80374e+19
Pixel 676, 497, 1, 1, 4.80374e+19
=== 2290731 ===
--- pALPIDEfs_2 ---
Pixel 815, 96, 1, 1, 4.80374e+19
Pixel 816, 96, 1, 1, 4.80374e+19
=== 2299576 ===
--- pALPIDEfs_0 ---
Pixel 481, 299, 1, 1, 4.80374e+19
=== 2316395 ===
--- pALPIDEfs_4 ---
Pixel 884, 176, 1, 1, 4.80374e+19
Pixel 885, 176, 1, 1, 4.80374e+19
Pixel 885, 177, 1, 1, 4.80374e+19
Pixel 884, 177, 1, 1, 4.80374e+19
=== 2327290 ===
--- pALPIDEfs_0 ---
Pixel 49, 44, 1, 1, 4.80374e+19
Pixel 49, 45, 1, 1, 4.80374e+19
Pixel 50, 44, 1, 1, 4.80374e+19
Pixel 50, 45, 1, 1, 4.80374e+19
=== 2336823 ===
--- pALPIDEfs_5 ---
Pixel 69, 22, 1, 1, 4.80374e+19
Pixel 69, 23, 1, 1, 4.80374e+19
=== 2337107 ===
--- pALPIDEfs_6 ---
Pixel 175, 496, 1, 1, 4.80374e+19
Pixel 175, 497, 1, 1, 4.80374e+19
Pixel 176, 496, 1, 1, 4.80374e+19
Pixel 176, 497, 1, 1, 4.80374e+19
=== 2348694 ===
--- pALPIDEfs_3 ---
Pixel 231, 272, 1, 1, 4.80374e+19
Pixel 232, 272, 1, 1, 4.80374e+19
--- pALPIDEfs_4 ---
Pixel 815, 120, 1, 1, 4.80374e+19
Pixel 815, 121, 1, 1, 4.80374e+19
=== 2350252 ===
--- pALPIDEfs_1 ---
Pixel 325, 502, 1, 1, 4.80374e+19
Pixel 325, 503, 1, 1, 4.80374e+19
Pixel 325, 504, 1, 1, 4.80374e+19
Pixel 325, 505, 1, 1, 4.80374e+19
=== 2357415 ===
--- pALPIDEfs_0 ---
Pixel 989, 356, 1, 1, 4.80374e+19
Pixel 989, 357, 1, 1, 4.80374e+19
Pixel 989, 358, 1, 1, 4.80374e+19
Pixel 990, 356, 1, 1, 4.80374e+19
Pixel 990, 357, 1, 1, 4.80374e+19
Pixel 990, 358, 1, 1, 4.80374e+19
=== 2374769 ===
--- pALPIDEfs_6 ---
Pixel 174, 140, 1, 1, 4.80374e+19
Pixel 175, 140, 1, 1, 4.80374e+19
Pixel 175, 141, 1, 1, 4.80374e+19
Pixel 174, 141, 1, 1, 4.80374e+19
=== 2380389 ===
--- pALPIDEfs_1 ---
Pixel 733, 288, 1, 1, 4.80374e+19
=== 2391311 ===
--- pALPIDEfs_6 ---
Pixel 418, 394, 1, 1, 4.80374e+19
Pixel 419, 394, 1, 1, 4.80374e+19
Pixel 419, 395, 1, 1, 4.80374e+19
Pixel 418, 395, 1, 1, 4.80374e+19
=== 2397960 ===
--- pALPIDEfs_3 ---
Pixel 557, 180, 1, 1, 4.80374e+19
=== 2402552 ===
--- pALPIDEfs_3 ---
Pixel 52, 94, 1, 1, 4.80374e+19
Pixel 53, 95, 1, 1, 4.80374e+19
Pixel 52, 95, 1, 1, 4.80374e+19
Pixel 52, 96, 1, 1, 4.80374e+19
Pixel 53, 96, 1, 1, 4.80374e+19
=== 2411502 ===
--- pALPIDEfs_3 ---
Pixel 997, 301, 1, 1, 4.80374e+19
Pixel 996, 301, 1, 1, 4.80374e+19
Pixel 996, 302, 1, 1, 4.80374e+19
Pixel 997, 302, 1, 1, 4.80374e+19
Pixel 997, 303, 1, 1, 4.80374e+19
Pixel 996, 303, 1, 1, 4.80374e+19
Pixel 998, 302, 1, 1, 4.80374e+19
=== 2423698 ===
--- pALPIDEfs_0 ---
Pixel 373, 152, 1, 1, 4.80374e+19
=== 2425074 ===
--- pALPIDEfs_3 ---
Pixel 71, 346, 1, 1, 4.80374e+19
=== 2431636 ===
--- pALPIDEfs_3 ---
Pixel 67, 155, 1, 1, 4.80374e+19
Pixel 66, 155, 1, 1, 4.80374e+19
Pixel 66, 156, 1, 1, 4.80374e+19
=== 2444922 ===
--- pALPIDEfs_5 ---
Pixel 777, 226, 1, 1, 4.80374e+19
Pixel 777, 227, 1, 1, 4.80374e+19
Pixel 778, 226, 1, 1, 4.80374e+19
Pixel 778, 227, 1, 1, 4.80374e+19
=== 2454818 ===
--- pALPIDEfs_1 ---
Pixel 60, 5, 1, 1, 4.80374e+19
=== 2480943 ===
--- pALPIDEfs_3 ---
Pixel 390, 290, 1, 1, 4.80374e+19
Pixel 391, 291, 1, 1, 4.80374e+19
Pixel 390, 291, 1, 1, 4.80374e+19
=== 2481926 ===
--- pALPIDEfs_2 ---
Pixel 451, 189, 1, 1, 4.80374e+19
Pixel 450, 189, 1, 1, 4.80374e+19
Pixel 450, 190, 1, 1, 4.80374e+19
Pixel 451, 190, 1, 1, 4.80374e+19
=== 2482488 ===
--- pALPIDEfs_3 ---
Pixel 174, 460, 1, 1, 4.80374e+19
=== 2488310 ===
--- pALPIDEfs_3 ---
Pixel 963, 126, 1, 1, 4.80374e+19
Pixel 963, 127, 1, 1, 4.80374e+19
Pixel 964, 126, 1, 1, 4.80374e+19
Pixel 964, 127, 1, 1, 4.80374e+19
--- pALPIDEfs_4 ---
Pixel 559, 59, 1, 1, 4.80374e+19
Pixel 558, 59, 1, 1, 4.80374e+19
--- pALPIDEfs_5 ---
Pixel 126, 38, 1, 1, 4.80374e+19
Pixel 127, 38, 1, 1, 4.80374e+19
Pixel 127, 39, 1, 1, 4.80374e+19
Pixel 126, 39, 1, 1, 4.80374e+19
=== 2510318 ===
--- pALPIDEfs_5 ---
Pixel 468, 32, 1, 1, 4.80374e+19
Pixel 469, 32, 1, 1, 4.80374e+19
Pixel 469, 33, 1, 1, 4.80374e+19
Pixel 468, 33, 1, 1, 4.80374e+19
=== 2516291 ===
--- pALPIDEfs_3 ---
Pixel 891, 171, 1, 1, 4.80374e+19
--- pALPIDEfs_4 ---
Pixel 779, 439, 1, 1, 4.80374e+19
Pixel 778, 439, 1, 1, 4.80374e+19
=== 2517265 ===
--- pALPIDEfs_0 ---
Pixel 571, 87, 1, 1, 4.80374e+19
Pixel 570, 87, 1, 1, 4.80374e+19
=== 2529623 ===
--- pALPIDEfs_3 ---
Pixel 861, 386, 1, 1, 4.80374e+19
Pixel 862, 385, 1, 1, 4.80374e+19
Pixel 862, 386, 1, 1, 4.80374e+19
=== 2536136 ===
--- pALPIDEfs_0 ---
Pixel 48, 136, 1, 1, 4.80374e+19
Pixel 48, 137, 1, 1, 4.80374e+19
Pixel 48, 138, 1, 1, 4.80374e+19
=== 2573747 ===
--- pALPIDEfs_0 ---
Pixel 413, 398, 1, 1, 4.80374e+19
Pixel 413, 399, 1, 1, 4.80374e+19
Pixel 414, 398, 1, 1, 4.80374e+19
Pixel 414, 399, 1, 1, 4.80374e+19
=== 2573941 ===
--- pALPIDEfs_2 ---
Pixel 406, 338, 1, 1, 4.80374e+19
Pixel 406, 339, 1, 1, 4.80374e+19
=== 2587834 ===
--- pALPIDEfs_6 ---
Pixel 451, 225, 1, 1, 4.80374e+19
Pixel 451, 226, 1, 1, 4.80374e+19
Pixel 453, 225, 1, 1, 4.80374e+19
Pixel 452, 225, 1, 1, 4.80374e+19
Pixel 452, 226, 1, 1, 4.80374e+19
Pixel 453, 226, 1, 1, 4.80374e+19
=== 2591227 ===
--- pALPIDEfs_3 ---
Pixel 246, 430, 1, 1, 4.80374e+19
Pixel 247, 430, 1, 1, 4.80374e+19
Pixel 246, 431, 1, 1, 4.80374e+19
=== 2591485 ===
--- pALPIDEfs_5 ---
Pixel 362, 366, 1, 1, 4.80374e+19
Pixel 363, 366, 1, 1, 4.80374e+19
=== 2602604 ===
--- pALPIDEfs_3 ---
Pixel 245, 125, 1, 1, 4.80374e+19
Pixel 244, 125, 1, 1, 4.80374e+19
Pixel 244, 126, 1, 1, 4.80374e+19
Pixel 245, 126, 1, 1, 4.80374e+19
--- pALPIDEfs_4 ---
Pixel 309, 274, 1, 1, 4.80374e+19
Pixel 309, 275, 1, 1, 4.80374e+19
Pixel 310, 274, 1, 1, 4.80374e+19
Pixel 310, 275, 1, 1, 4.80374e+19
--- pALPIDEfs_5 ---
Pixel 403, 321, 1, 1, 4.80374e+19
Pixel 404, 321, 1, 1, 4.80374e+19
--- pALPIDEfs_6 ---
Pixel 619, 403, 1, 1, 4.80374e+19
Pixel 619, 404, 1, 1, 4.80374e+19
=== 2614668 ===
--- pALPIDEfs_3 ---
Pixel 307, 252, 1, 1, 4.80374e+19
Pixel 307, 253, 1, 1, 4.80374e+19
Pixel 308, 251, 1, 1, 4.80374e+19
Pixel 308, 252, 1, 1, 4.80374e+19
=== 2623015 ===
--- pALPIDEfs_2 ---
Pixel 333, 39, 1, 1, 4.80374e+19
Pixel 334, 39, 1, 1, 4.80374e+19
=== 2625003 ===
--- pALPIDEfs_0 ---
Pixel 776, 74, 1, 1, 4.80374e+19
=== 2629628 ===
--- pALPIDEfs_0 ---
Pixel 248, 60, 1, 1, 4.80374e+19
=== 2646792 ===
--- pALPIDEfs_5 ---
Pixel 793, 420, 1, 1, 4.80374e+19
Pixel 794, 420, 1, 1, 4.80374e+19
Pixel 794, 421, 1, 1, 4.80374e+19
=== 2648561 ===
--- pALPIDEfs_0 ---
Pixel 967, 3, 1, 1, 4.80374e+19
Pixel 967, 4, 1, 1, 4.80374e+19
=== 2654456 ===
--- pALPIDEfs_0 ---
Pixel 160, 331, 1, 1, 4.80374e+19
Pixel 160, 332, 1, 1, 4.80374e+19
=== 2663026 ===
--- pALPIDEfs_2 ---
Pixel 529, 177, 1, 1, 4.80374e+19
Pixel 530, 177, 1, 1, 4.80374e+19
--- pALPIDEfs_3 ---
Pixel 83, 177, 1, 1, 4.80374e+19
Pixel 83, 178, 1, 1, 4.80374e+19
Pixel 84, 177, 1, 1, 4.80374e+19
Pixel 84, 178, 1, 1, 4.80374e+19
=== 2663944 ===
--- pALPIDEfs_3 ---
Pixel 229, 443, 1, 1, 4.80374e+19
Pixel 228, 443, 1, 1, 4.80374e+19
Pixel 228, 444, 1, 1, 4.80374e+19
Pixel 229, 444, 1, 1, 4.80374e+19
Pixel 229, 445, 1, 1, 4.80374e+19
Pixel 229, 446, 1, 1, 4.80374e+19
Pixel 229, 447, 1, 1, 4.80374e+19
Pixel 229, 448, 1, 1, 4.80374e+19
Pixel 230, 443, 1, 1, 4.80374e+19
Pixel 230, 444, 1, 1, 4.80374e+19
Pixel 230, 445, 1, 1, 4.80374e+19
Pixel 230, 446, 1, 1, 4.80374e+19
Pixel 230, 447, 1, 1, 4.80374e+19
Pixel 230, 448, 1, 1, 4.80374e+19
=== 2666028 ===
--- pALPIDEfs_4 ---
Pixel 905, 279, 1, 1, 4.80374e+19
Pixel 904, 279, 1, 1, 4.80374e+19
Pixel 904, 280, 1, 1, 4.80374e+19
--- pALPIDEfs_5 ---
Pixel 937, 379, 1, 1, 4.80374e+19
Pixel 937, 380, 1, 1, 4.80374e+19
Pixel 938, 379, 1, 1, 4.80374e+19
--- pALPIDEfs_6 ---
Pixel 949, 406, 1, 1, 4.80374e+19
Pixel 950, 404, 1, 1, 4.80374e+19
Pixel 950, 405, 1, 1, 4.80374e+19
Pixel 950, 406, 1, 1, 4.80374e+19
=== 2677133 ===
--- pALPIDEfs_1 ---
Pixel 555, 1, 1, 1, 4.80374e+19
Pixel 554, 2, 1, 1, 4.80374e+19
Pixel 555, 2, 1, 1, 4.80374e+19
Pixel 554, 3, 1, 1, 4.80374e+19
=== 2686881 ===
--- pALPIDEfs_0 ---
Pixel 479, 192, 1, 1, 4.80374e+19
Pixel 479, 193, 1, 1, 4.80374e+19
--- pALPIDEfs_1 ---
Pixel 336, 189, 1, 1, 4.80374e+19
--- pALPIDEfs_2 ---
Pixel 189, 110, 1, 1, 4.80374e+19
--- pALPIDEfs_3 ---
Pixel 49, 62, 1, 1, 4.80374e+19
Pixel 50, 62, 1, 1, 4.80374e+19
--- pALPIDEfs_4 ---
Pixel 25, 110, 1, 1, 4.80374e+19
Pixel 26, 110, 1, 1, 4.80374e+19
=== 2689770 ===
--- pALPIDEfs_2 ---
Pixel 87, 161, 1, 1, 4.80374e+19
Pixel 88, 161, 1, 1, 4.80374e+19
--- pALPIDEfs_3 ---
Pixel 344, 433, 1, 1, 4.80374e+19
Pixel 344, 434, 1, 1, 4.80374e+19
Pixel 345, 434, 1, 1, 4.80374e+19
=== 2697320 ===
--- pALPIDEfs_6 ---
Pixel 705, 145, 1, 1, 4.80374e+19
Pixel 704, 145, 1, 1, 4.80374e+19
Pixel 705, 146, 1, 1, 4.80374e+19
Pixel 706, 146, 1, 1, 4.80374e+19
=== 2699258 ===
--- pALPIDEfs_5 ---
Pixel 163, 97, 1, 1, 4.80374e+19
--- pALPIDEfs_6 ---
Pixel 333, 210, 1, 1, 4.80374e+19
Pixel 334, 210, 1, 1, 4.80374e+19
=== 2699834 ===
--- pALPIDEfs_5 ---
Pixel 538, 262, 1, 1, 4.80374e+19
Pixel 539, 262, 1, 1, 4.80374e+19
Pixel 539, 263, 1, 1, 4.80374e+19
Pixel 538, 263, 1, 1, 4.80374e+19
=== 2715532 ===
--- pALPIDEfs_4 ---
Pixel 388, 362, 1, 1, 4.80374e+19
Pixel 388, 363, 1, 1, 4.80374e+19
=== 2716297 ===
--- pALPIDEfs_1 ---
Pixel 801, 5, 1, 1, 4.80374e+19
--- pALPIDEfs_2 ---
Pixel 899, 32, 1, 1, 4.80374e+19
--- pALPIDEfs_3 ---
Pixel 1001, 131, 1, 1, 4.80374e+19
Pixel 1000, 131, 1, 1, 4.80374e+19
=== 2773834 ===
--- pALPIDEfs_6 ---
Pixel 521, 487, 1, 1, 4.80374e+19
Pixel 520, 487, 1, 1, 4.80374e+19
Pixel 520, 488, 1, 1, 4.80374e+19
Pixel 521, 488, 1, 1, 4.80374e+19
=== 2785701 ===
--- pALPIDEfs_4 ---
Pixel 517, 361, 1, 1, 4.80374e+19
Pixel 518, 360, 1, 1, 4.80374e+19
Pixel 518, 361, 1, 1, 4.80374e+19
=== 2801365 ===
--- pALPIDEfs_6 ---
Pixel 92, 303, 1, 1, 4.80374e+19
=== 2805466 ===
--- pALPIDEfs_0 ---
Pixel 80, 263, 1, 1, 4.80374e+19
=== 2814651 ===
--- pALPIDEfs_4 ---
Pixel 547, 314, 1, 1, 4.80374e+19
Pixel 547, 315, 1, 1, 4.80374e+19
Pixel 547, 316, 1, 1, 4.80374e+19
Pixel 548, 314, 1, 1, 4.80374e+19
Pixel 548, 315, 1, 1, 4.80374e+19
=== 2837180 ===
--- pALPIDEfs_4 ---
Pixel 760, 259, 1, 1, 4.80374e+19
Pixel 760, 260, 1, 1, 4.80374e+19
Pixel 761, 260, 1, 1, 4.80374e+19
=== 2838220 ===
--- pALPIDEfs_4 ---
Pixel 171, 287, 1, 1, 4.80374e+19
Pixel 171, 288, 1, 1, 4.80374e+19
=== 2841327 ===
--- pALPIDEfs_5 ---
Pixel 960, 57, 1, 1, 4.80374e+19
Pixel 960, 58, 1, 1, 4.80374e+19
=== 2852612 ===
--- pALPIDEfs_5 ---
Pixel 609, 60, 1, 1, 4.80374e+19
Pixel 609, 61, 1, 1, 4.80374e+19
Pixel 608, 61, 1, 1, 4.80374e+19
=== 2854328 ===
--- pALPIDEfs_2 ---
Pixel 39, 428, 1, 1, 4.80374e+19
=== 2855478 ===
--- pALPIDEfs_3 ---
Pixel 281, 402, 1, 1, 4.80374e+19
Pixel 281, 403, 1, 1, 4.80374e+19
Pixel 282, 402, 1, 1, 4.80374e+19
Pixel 282, 403, 1, 1, 4.80374e+19
=== 2857893 ===
--- pALPIDEfs_6 ---
Pixel 683, 368, 1, 1, 4.80374e+19
Pixel 683, 369, 1, 1, 4.80374e+19
Pixel 684, 367, 1, 1, 4.80374e+19
Pixel 684, 368, 1, 1, 4.80374e+19
=== 2865998 ===
--- pALPIDEfs_6 ---
Pixel 843, 473, 1, 1, 4.80374e+19
Pixel 843, 474, 1, 1, 4.80374e+19
Pixel 845, 471, 1, 1, 4.80374e+19
Pixel 844, 472, 1, 1, 4.80374e+19
Pixel 845, 472, 1, 1, 4.80374e+19
Pixel 844, 473, 1, 1, 4.80374e+19
Pixel 846, 471, 1, 1, 4.80374e+19
Pixel 930, 489, 1, 1, 4.80374e+19
=== 2890877 ===
--- pALPIDEfs_6 ---
Pixel 528, 402, 1, 1, 4.80374e+19
Pixel 529, 402, 1, 1, 4.80374e+19
Pixel 529, 403, 1, 1, 4.80374e+19
=== 2891968 ===
--- pALPIDEfs_0 ---
Pixel 970, 83, 1, 1, 4.80374e+19
=== 2894630 ===
--- pALPIDEfs_4 ---
Pixel 659, 44, 1, 1, 4.80374e+19
Pixel 659, 45, 1, 1, 4.80374e+19
Pixel 660, 44, 1, 1, 4.80374e+19
Pixel 660, 45, 1, 1, 4.80374e+19
--- pALPIDEfs_5 ---
Pixel 69, 7, 1, 1, 4.80374e+19
Pixel 68, 7, 1, 1, 4.80374e+19
Pixel 69, 8, 1, 1, 4.80374e+19
Pixel 70, 8, 1, 1, 4.80374e+19
=== 2911945 ===
--- pALPIDEfs_1 ---
Pixel 705, 279, 1, 1, 4.80374e+19
Pixel 704, 279, 1, 1, 4.80374e+19
Pixel 705, 280, 1, 1, 4.80374e+19
Pixel 705, 281, 1, 1, 4.80374e+19
Pixel 706, 281, 1, 1, 4.80374e+19
Pixel 706, 282, 1, 1, 4.80374e+19
=== 2911946 ===
--- pALPIDEfs_1 ---
Pixel 705, 279, 1, 1, 4.80374e+19
Pixel 704, 279, 1, 1, 4.80374e+19
Pixel 705, 280, 1, 1, 4.80374e+19
Pixel 705, 281, 1, 1, 4.80374e+19
Pixel 706, 281, 1, 1, 4.80374e+19
Pixel 706, 282, 1, 1, 4.80374e+19
=== 2914085 ===
--- pALPIDEfs_5 ---
Pixel 68, 367, 1, 1, 4.80374e+19
--- pALPIDEfs_6 ---
Pixel 789, 352, 1, 1, 4.80374e+19
Pixel 789, 353, 1, 1, 4.80374e+19
Pixel 790, 351, 1, 1, 4.80374e+19
Pixel 790, 352, 1, 1, 4.80374e+19
Pixel 790, 353, 1, 1, 4.80374e+19
=== 2948579 ===
--- pALPIDEfs_4 ---
Pixel 652, 248, 1, 1, 4.80374e+19
=== 2952626 ===
--- pALPIDEfs_5 ---
Pixel 362, 376, 1, 1, 4.80374e+19
Pixel 362, 377, 1, 1, 4.80374e+19
=== 2958153 ===
--- pALPIDEfs_1 ---
Pixel 32, 15, 1, 1, 4.80374e+19
Pixel 32, 16, 1, 1, 4.80374e+19
=== 2990601 ===
--- pALPIDEfs_4 ---
Pixel 916, 225, 1, 1, 4.80374e+19
Pixel 916, 226, 1, 1, 4.80374e+19
=== 2991020 ===
--- pALPIDEfs_5 ---
Pixel 401, 201, 1, 1, 4.80374e+19
Pixel 401, 202, 1, 1, 4.80374e+19
Pixel 402, 202, 1, 1, 4.80374e+19
Pixel 402, 203, 1, 1, 4.80374e+19
=== 2998247 ===
--- pALPIDEfs_6 ---
Pixel 66, 264, 1, 1, 4.80374e+19
Pixel 66, 265, 1, 1, 4.80374e+19
Pixel 66, 266, 1, 1, 4.80374e+19
=== 3006670 ===
--- pALPIDEfs_1 ---
Pixel 237, 298, 1, 1, 4.80374e+19
=== 3029185 ===
--- pALPIDEfs_1 ---
Pixel 828, 428, 1, 1, 4.80374e+19
Pixel 829, 428, 1, 1, 4.80374e+19
=== 3035703 ===
--- pALPIDEfs_0 ---
Pixel 439, 491, 1, 1, 4.80374e+19
Pixel 438, 492, 1, 1, 4.80374e+19
Pixel 439, 492, 1, 1, 4.80374e+19
=== 3075959 ===
--- pALPIDEfs_0 ---
Pixel 631, 88, 1, 1, 4.80374e+19
Pixel 631, 89, 1, 1, 4.80374e+19
=== 3087111 ===
--- pALPIDEfs_0 ---
Pixel 889, 223, 1, 1, 4.80374e+19
Pixel 890, 222, 1, 1, 4.80374e+19
Pixel 891, 223, 1, 1, 4.80374e+19
Pixel 890, 223, 1, 1, 4.80374e+19
=== 3094704 ===
--- pALPIDEfs_1 ---
Pixel 99, 265, 1, 1, 4.80374e+19
Pixel 98, 266, 1, 1, 4.80374e+19
Pixel 99, 266, 1, 1, 4.80374e+19
--- pALPIDEfs_2 ---
Pixel 465, 40, 1, 1, 4.80374e+19
Pixel 465, 41, 1, 1, 4.80374e+19
=== 3104089 ===
--- pALPIDEfs_3 ---
Pixel 989, 43, 1, 1, 4.80374e+19
Pixel 989, 44, 1, 1, 4.80374e+19
Pixel 990, 43, 1, 1, 4.80374e+19
Pixel 990, 44, 1, 1, 4.80374e+19
Pixel 990, 45, 1, 1, 4.80374e+19
=== 3105290 ===
--- pALPIDEfs_6 ---
Pixel 629, 285, 1, 1, 4.80374e+19
Pixel 628, 285, 1, 1, 4.80374e+19
Pixel 628, 286, 1, 1, 4.80374e+19
Pixel 629, 286, 1, 1, 4.80374e+19
Pixel 629, 287, 1, 1, 4.80374e+19
Pixel 628, 287, 1, 1, 4.80374e+19
=== 3105953 ===
--- pALPIDEfs_3 ---
Pixel 915, 431, 1, 1, 4.80374e+19
=== 3124821 ===
--- pALPIDEfs_5 ---
Pixel 744, 168, 1, 1, 4.80374e+19
Pixel 745, 169, 1, 1, 4.80374e+19
Pixel 744, 169, 1, 1, 4.80374e+19
Pixel 744, 170, 1, 1, 4.80374e+19
=== 3153016 ===
--- pALPIDEfs_6 ---
Pixel 855, 385, 1, 1, 4.80374e+19
Pixel 854, 385, 1, 1, 4.80374e+19
Pixel 854, 386, 1, 1, 4.80374e+19
=== 3187780 ===
--- pALPIDEfs_6 ---
Pixel 953, 407, 1, 1, 4.80374e+19
Pixel 952, 407, 1, 1, 4.80374e+19
Pixel 952, 408, 1, 1, 4.80374e+19
Pixel 953, 408, 1, 1, 4.80374e+19
=== 3208915 ===
--- pALPIDEfs_5 ---
Pixel 638, 137, 1, 1, 4.80374e+19
--- pALPIDEfs_6 ---
Pixel 285, 51, 1, 1, 4.80374e+19
Pixel 285, 52, 1, 1, 4.80374e+19
=== 3222160 ===
--- pALPIDEfs_4 ---
Pixel 422, 318, 1, 1, 4.80374e+19
Pixel 423, 318, 1, 1, 4.80374e+19
Pixel 423, 319, 1, 1, 4.80374e+19
Pixel 422, 319, 1, 1, 4.80374e+19
=== 3222218 ===
--- pALPIDEfs_3 ---
Pixel 178, 262, 1, 1, 4.80374e+19
Pixel 179, 262, 1, 1, 4.80374e+19
Pixel 178, 263, 1, 1, 4.80374e+19
=== 3228866 ===
--- pALPIDEfs_5 ---
Pixel 583, 105, 1, 1, 4.80374e+19
Pixel 582, 105, 1, 1, 4.80374e+19
Pixel 582, 106, 1, 1, 4.80374e+19
=== 3261851 ===
--- pALPIDEfs_6 ---
Pixel 245, 321, 1, 1, 4.80374e+19
Pixel 244, 321, 1, 1, 4.80374e+19
Pixel 244, 322, 1, 1, 4.80374e+19
=== 3278193 ===
--- pALPIDEfs_3 ---
Pixel 547, 85, 1, 1, 4.80374e+19
Pixel 546, 85, 1, 1, 4.80374e+19
=== 3279258 ===
--- pALPIDEfs_0 ---
Pixel 303, 29, 1, 1, 4.80374e+19
Pixel 304, 29, 1, 1, 4.80374e+19
=== 3286440 ===
--- pALPIDEfs_4 ---
Pixel 763, 184, 1, 1, 4.80374e+19
Pixel 763, 185, 1, 1, 4.80374e+19
Pixel 764, 185, 1, 1, 4.80374e+19
=== 3291018 ===
--- pALPIDEfs_1 ---
Pixel 707, 201, 1, 1, 4.80374e+19
Pixel 706, 201, 1, 1, 4.80374e+19
Pixel 706, 202, 1, 1, 4.80374e+19
Pixel 707, 202, 1, 1, 4.80374e+19
Pixel 706, 203, 1, 1, 4.80374e+19
=== 3292536 ===
--- pALPIDEfs_3 ---
Pixel 63, 498, 1, 1, 4.80374e+19
Pixel 63, 499, 1, 1, 4.80374e+19
Pixel 63, 500, 1, 1, 4.80374e+19
Pixel 64, 498, 1, 1, 4.80374e+19
Pixel 64, 499, 1, 1, 4.80374e+19
=== 3307339 ===
--- pALPIDEfs_2 ---
Pixel 486, 101, 1, 1, 4.80374e+19
Pixel 486, 102, 1, 1, 4.80374e+19
Pixel 487, 102, 1, 1, 4.80374e+19
=== 3311236 ===
--- pALPIDEfs_2 ---
Pixel 682, 422, 1, 1, 4.80374e+19
Pixel 683, 422, 1, 1, 4.80374e+19
Pixel 683, 423, 1, 1, 4.80374e+19
Pixel 682, 423, 1, 1, 4.80374e+19
Pixel 682, 424, 1, 1, 4.80374e+19
Pixel 683, 424, 1, 1, 4.80374e+19
Pixel 683, 425, 1, 1, 4.80374e+19
Pixel 682, 425, 1, 1, 4.80374e+19
Pixel 682, 426, 1, 1, 4.80374e+19
Pixel 683, 426, 1, 1, 4.80374e+19
Pixel 684, 425, 1, 1, 4.80374e+19
Pixel 684, 426, 1, 1, 4.80374e+19
=== 3320477 ===
--- pALPIDEfs_5 ---
Pixel 73, 387, 1, 1, 4.80374e+19
Pixel 73, 388, 1, 1, 4.80374e+19
Pixel 74, 387, 1, 1, 4.80374e+19
Pixel 74, 388, 1, 1, 4.80374e+19
Pixel 75, 388, 1, 1, 4.80374e+19
=== 3337448 ===
--- pALPIDEfs_5 ---
Pixel 918, 224, 1, 1, 4.80374e+19
--- pALPIDEfs_6 ---
Pixel 557, 89, 1, 1, 4.80374e+19
Pixel 557, 90, 1, 1, 4.80374e+19
=== 3340430 ===
--- pALPIDEfs_6 ---
Pixel 601, 405, 1, 1, 4.80374e+19
Pixel 601, 406, 1, 1, 4.80374e+19
=== 3347519 ===
--- pALPIDEfs_0 ---
Pixel 321, 4, 1, 1, 4.80374e+19
Pixel 321, 5, 1, 1, 4.80374e+19
=== 3353802 ===
--- pALPIDEfs_0 ---
Pixel 231, 276, 1, 1, 4.80374e+19
Pixel 231, 277, 1, 1, 4.80374e+19
Pixel 232, 276, 1, 1, 4.80374e+19
Pixel 232, 277, 1, 1, 4.80374e+19
=== 3355197 ===
--- pALPIDEfs_2 ---
Pixel 917, 265, 1, 1, 4.80374e+19
Pixel 916, 265, 1, 1, 4.80374e+19
Pixel 916, 266, 1, 1, 4.80374e+19
Pixel 917, 266, 1, 1, 4.80374e+19
Pixel 917, 267, 1, 1, 4.80374e+19
=== 3361183 ===
--- pALPIDEfs_6 ---
Pixel 28, 57, 1, 1, 4.80374e+19
=== 3362636 ===
--- pALPIDEfs_6 ---
Pixel 881, 57, 1, 1, 4.80374e+19
Pixel 880, 57, 1, 1, 4.80374e+19
=== 3373137 ===
--- pALPIDEfs_1 ---
Pixel 570, 245, 1, 1, 4.80374e+19
--- pALPIDEfs_2 ---
Pixel 804, 442, 1, 1, 4.80374e+19
Pixel 804, 443, 1, 1, 4.80374e+19
=== 3380986 ===
--- pALPIDEfs_4 ---
Pixel 319, 255, 1, 1, 4.80374e+19
Pixel 319, 256, 1, 1, 4.80374e+19
Pixel 319, 257, 1, 1, 4.80374e+19
Pixel 318, 257, 1, 1, 4.80374e+19
Pixel 318, 258, 1, 1, 4.80374e+19
Pixel 318, 259, 1, 1, 4.80374e+19
Pixel 320, 254, 1, 1, 4.80374e+19
Pixel 320, 255, 1, 1, 4.80374e+19
Pixel 323, 249, 1, 1, 4.80374e+19
Pixel 322, 250, 1, 1, 4.80374e+19
Pixel 323, 250, 1, 1, 4.80374e+19
Pixel 322, 251, 1, 1, 4.80374e+19
=== 3381340 ===
--- pALPIDEfs_4 ---
Pixel 9, 291, 1, 1, 4.80374e+19
Pixel 8, 291, 1, 1, 4.80374e+19
=== 3389446 ===
--- pALPIDEfs_3 ---
Pixel 496, 246, 1, 1, 4.80374e+19
=== 3395777 ===
--- pALPIDEfs_4 ---
Pixel 479, 310, 1, 1, 4.80374e+19
Pixel 479, 311, 1, 1, 4.80374e+19
--- pALPIDEfs_5 ---
Pixel 969, 167, 1, 1, 4.80374e+19
Pixel 969, 168, 1, 1, 4.80374e+19
Pixel 970, 167, 1, 1, 4.80374e+19
Pixel 970, 168, 1, 1, 4.80374e+19
=== 3399076 ===
--- pALPIDEfs_1 ---
Pixel 181, 384, 1, 1, 4.80374e+19
Pixel 182, 384, 1, 1, 4.80374e+19
=== 3399531 ===
--- pALPIDEfs_2 ---
Pixel 43, 170, 1, 1, 4.80374e+19
Pixel 44, 170, 1, 1, 4.80374e+19
=== 3400814 ===
--- pALPIDEfs_5 ---
Pixel 985, 264, 1, 1, 4.80374e+19
Pixel 986, 264, 1, 1, 4.80374e+19
--- pALPIDEfs_6 ---
Pixel 461, 295, 1, 1, 4.80374e+19
Pixel 462, 295, 1, 1, 4.80374e+19
=== 3403152 ===
--- pALPIDEfs_0 ---
Pixel 519, 106, 1, 1, 4.80374e+19
=== 3406708 ===
--- pALPIDEfs_3 ---
Pixel 8, 336, 1, 1, 4.80374e+19
Pixel 9, 336, 1, 1, 4.80374e+19
--- pALPIDEfs_4 ---
Pixel 469, 496, 1, 1, 4.80374e+19
Pixel 469, 497, 1, 1, 4.80374e+19
=== 3444071 ===
--- pALPIDEfs_5 ---
Pixel 673, 319, 1, 1, 4.80374e+19
Pixel 672, 319, 1, 1, 4.80374e+19
Pixel 672, 320, 1, 1, 4.80374e+19
Pixel 673, 320, 1, 1, 4.80374e+19
Pixel 673, 321, 1, 1, 4.80374e+19
Pixel 672, 321, 1, 1, 4.80374e+19
=== 3446114 ===
--- pALPIDEfs_6 ---
Pixel 434, 189, 1, 1, 4.80374e+19
=== 3461215 ===
--- pALPIDEfs_4 ---
Pixel 369, 477, 1, 1, 4.80374e+19
Pixel 369, 478, 1, 1, 4.80374e+19
Pixel 370, 477, 1, 1, 4.80374e+19
Pixel 370, 478, 1, 1, 4.80374e+19
=== 3487991 ===
--- pALPIDEfs_1 ---
Pixel 338, 434, 1, 1, 4.80374e+19
Pixel 339, 434, 1, 1, 4.80374e+19
=== 3493764 ===
--- pALPIDEfs_2 ---
Pixel 63, 257, 1, 1, 4.80374e+19
Pixel 62, 257, 1, 1, 4.80374e+19
=== 3506798 ===
--- pALPIDEfs_1 ---
Pixel 404, 374, 1, 1, 4.80374e+19
Pixel 405, 374, 1, 1, 4.80374e+19
=== 3532372 ===
--- pALPIDEfs_5 ---
Pixel 735, 143, 1, 1, 4.80374e+19
Pixel 736, 143, 1, 1, 4.80374e+19
--- pALPIDEfs_6 ---
Pixel 385, 333, 1, 1, 4.80374e+19
Pixel 384, 334, 1, 1, 4.80374e+19
Pixel 385, 334, 1, 1, 4.80374e+19
Pixel 387, 333, 1, 1, 4.80374e+19
Pixel 386, 333, 1, 1, 4.80374e+19
Pixel 386, 334, 1, 1, 4.80374e+19
=== 3535052 ===
--- pALPIDEfs_0 ---
Pixel 599, 127, 1, 1, 4.80374e+19
Pixel 639, 139, 1, 1, 4.80374e+19
Pixel 639, 140, 1, 1, 4.80374e+19
Pixel 641, 139, 1, 1, 4.80374e+19
Pixel 640, 139, 1, 1, 4.80374e+19
Pixel 640, 140, 1, 1, 4.80374e+19
Pixel 641, 140, 1, 1, 4.80374e+19
Pixel 642, 139, 1, 1, 4.80374e+19
Pixel 642, 140, 1, 1, 4.80374e+19
Pixel 643, 140, 1, 1, 4.80374e+19
=== 3542506 ===
--- pALPIDEfs_4 ---
Pixel 253, 316, 1, 1, 4.80374e+19
Pixel 253, 317, 1, 1, 4.80374e+19
Pixel 254, 316, 1, 1, 4.80374e+19
Pixel 254, 317, 1, 1, 4.80374e+19
=== 3572624 ===
--- pALPIDEfs_6 ---
Pixel 587, 439, 1, 1, 4.80374e+19
Pixel 587, 440, 1, 1, 4.80374e+19
Pixel 588, 440, 1, 1, 4.80374e+19
Pixel 588, 441, 1, 1, 4.80374e+19
=== 3604362 ===
--- pALPIDEfs_3 ---
Pixel 857, 250, 1, 1, 4.80374e+19
Pixel 857, 251, 1, 1, 4.80374e+19
Pixel 858, 250, 1, 1, 4.80374e+19
Pixel 859, 251, 1, 1, 4.80374e+19
Pixel 858, 251, 1, 1, 4.80374e+19
=== 3648046 ===
--- pALPIDEfs_3 ---
Pixel 486, 36, 1, 1, 4.80374e+19
Pixel 486, 37, 1, 1, 4.80374e+19
=== 3663228 ===
--- pALPIDEfs_0 ---
Pixel 642, 492, 1, 1, 4.80374e+19
Pixel 643, 492, 1, 1, 4.80374e+19
=== 3671030 ===
--- pALPIDEfs_1 ---
Pixel 605, 334, 1, 1, 4.80374e+19
Pixel 607, 336, 1, 1, 4.80374e+19
=== 3682715 ===
--- pALPIDEfs_3 ---
Pixel 277, 137, 1, 1, 4.80374e+19
Pixel 276, 137, 1, 1, 4.80374e+19
Pixel 276, 138, 1, 1, 4.80374e+19
Pixel 277, 138, 1, 1, 4.80374e+19
--- pALPIDEfs_4 ---
Pixel 555, 239, 1, 1, 4.80374e+19
Pixel 554, 239, 1, 1, 4.80374e+19
Pixel 554, 240, 1, 1, 4.80374e+19
Pixel 555, 240, 1, 1, 4.80374e+19
=== 3687992 ===
--- pALPIDEfs_0 ---
Pixel 527, 174, 1, 1, 4.80374e+19
Pixel 527, 175, 1, 1, 4.80374e+19
=== 3690906 ===
--- pALPIDEfs_3 ---
Pixel 795, 5, 1, 1, 4.80374e+19
Pixel 795, 6, 1, 1, 4.80374e+19
Pixel 796, 5, 1, 1, 4.80374e+19
=== 3695075 ===
--- pALPIDEfs_1 ---
Pixel 76, 501, 1, 1, 4.80374e+19
=== 3696126 ===
--- pALPIDEfs_4 ---
Pixel 761, 223, 1, 1, 4.80374e+19
Pixel 761, 224, 1, 1, 4.80374e+19
Pixel 762, 223, 1, 1, 4.80374e+19
Pixel 762, 224, 1, 1, 4.80374e+19
--- pALPIDEfs_5 ---
Pixel 927, 407, 1, 1, 4.80374e+19
Pixel 927, 408, 1, 1, 4.80374e+19
Pixel 928, 407, 1, 1, 4.80374e+19
Pixel 928, 408, 1, 1, 4.80374e+19
=== 3704114 ===
--- pALPIDEfs_1 ---
Pixel 737, 100, 1, 1, 4.80374e+19
Pixel 738, 100, 1, 1, 4.80374e+19
--- pALPIDEfs_2 ---
Pixel 171, 109, 1, 1, 4.80374e+19
Pixel 172, 109, 1, 1, 4.80374e+19
Pixel 172, 110, 1, 1, 4.80374e+19
=== 3742449 ===
--- pALPIDEfs_3 ---
Pixel 472, 174, 1, 1, 4.80374e+19
Pixel 473, 174, 1, 1, 4.80374e+19
=== 3748457 ===
--- pALPIDEfs_2 ---
Pixel 691, 406, 1, 1, 4.80374e+19
Pixel 691, 407, 1, 1, 4.80374e+19
Pixel 692, 406, 1, 1, 4.80374e+19
Pixel 692, 407, 1, 1, 4.80374e+19
Pixel 692, 408, 1, 1, 4.80374e+19
--- pALPIDEfs_3 ---
Pixel 927, 288, 1, 1, 4.80374e+19
=== 3755013 ===
--- pALPIDEfs_0 ---
Pixel 506, 88, 1, 1, 4.80374e+19
Pixel 507, 88, 1, 1, 4.80374e+19
Pixel 507, 89, 1, 1, 4.80374e+19
Pixel 506, 89, 1, 1, 4.80374e+19
=== 3763229 ===
--- pALPIDEfs_1 ---
Pixel 691, 416, 1, 1, 4.80374e+19
Pixel 691, 417, 1, 1, 4.80374e+19
Pixel 690, 418, 1, 1, 4.80374e+19
Pixel 691, 418, 1, 1, 4.80374e+19
Pixel 691, 419, 1, 1, 4.80374e+19
Pixel 690, 419, 1, 1, 4.80374e+19
Pixel 692, 416, 1, 1, 4.80374e+19
Pixel 692, 417, 1, 1, 4.80374e+19
Pixel 692, 418, 1, 1, 4.80374e+19
=== 3784934 ===
--- pALPIDEfs_0 ---
Pixel 382, 361, 1, 1, 4.80374e+19
=== 3785188 ===
--- pALPIDEfs_6 ---
Pixel 108, 256, 1, 1, 4.80374e+19
Pixel 109, 256, 1, 1, 4.80374e+19
Pixel 109, 257, 1, 1, 4.80374e+19
=== 3802876 ===
--- pALPIDEfs_0 ---
Pixel 1021, 459, 1, 1, 4.80374e+19
Pixel 1020, 459, 1, 1, 4.80374e+19
Pixel 1020, 460, 1, 1, 4.80374e+19
Pixel 1021, 460, 1, 1, 4.80374e+19
Pixel 1020, 461, 1, 1, 4.80374e+19
=== 3803759 ===
--- pALPIDEfs_3 ---
Pixel 845, 251, 1, 1, 4.80374e+19
--- pALPIDEfs_4 ---
Pixel 652, 331, 1, 1, 4.80374e+19
--- pALPIDEfs_5 ---
Pixel 431, 455, 1, 1, 4.80374e+19
Pixel 432, 455, 1, 1, 4.80374e+19
=== 3811986 ===
--- pALPIDEfs_4 ---
Pixel 317, 65, 1, 1, 4.80374e+19
Pixel 316, 66, 1, 1, 4.80374e+19
Pixel 317, 66, 1, 1, 4.80374e+19
=== 3830862 ===
--- pALPIDEfs_3 ---
Pixel 529, 163, 1, 1, 4.80374e+19
Pixel 528, 163, 1, 1, 4.80374e+19
Pixel 528, 164, 1, 1, 4.80374e+19
Pixel 529, 164, 1, 1, 4.80374e+19
Pixel 529, 165, 1, 1, 4.80374e+19
Pixel 529, 166, 1, 1, 4.80374e+19
=== 3874020 ===
--- pALPIDEfs_3 ---
Pixel 669, 293, 1, 1, 4.80374e+19
Pixel 669, 294, 1, 1, 4.80374e+19
--- pALPIDEfs_4 ---
Pixel 367, 500, 1, 1, 4.80374e+19
Pixel 368, 499, 1, 1, 4.80374e+19
Pixel 368, 500, 1, 1, 4.80374e+19
=== 3880107 ===
--- pALPIDEfs_5 ---
Pixel 815, 344, 1, 1, 4.80374e+19
Pixel 816, 344, 1, 1, 4.80374e+19
=== 3906391 ===
--- pALPIDEfs_1 ---
Pixel 710, 499, 1, 1, 4.80374e+19
Pixel 710, 500, 1, 1, 4.80374e+19
=== 3910344 ===
--- pALPIDEfs_6 ---
Pixel 385, 290, 1, 1, 4.80374e+19
Pixel 386, 290, 1, 1, 4.80374e+19
=== 3926177 ===
--- pALPIDEfs_2 ---
Pixel 655, 149, 1, 1, 4.80374e+19
Pixel 655, 150, 1, 1, 4.80374e+19
=== 3930086 ===
--- pALPIDEfs_0 ---
Pixel 587, 15, 1, 1, 4.80374e+19
Pixel 586, 15, 1, 1, 4.80374e+19
Pixel 586, 16, 1, 1, 4.80374e+19
Pixel 587, 16, 1, 1, 4.80374e+19
Pixel 587, 17, 1, 1, 4.80374e+19
Pixel 589, 15, 1, 1, 4.80374e+19
Pixel 588, 15, 1, 1, 4.80374e+19
Pixel 588, 16, 1, 1, 4.80374e+19
Pixel 589, 16, 1, 1, 4.80374e+19
Pixel 588, 17, 1, 1, 4.80374e+19
=== 3946505 ===
--- pALPIDEfs_5 ---
Pixel 10, 186, 1, 1, 4.80374e+19
Pixel 11, 186, 1, 1, 4.80374e+19
Pixel 11, 187, 1, 1, 4.80374e+19
Pixel 10, 187, 1, 1, 4.80374e+19
Pixel 207, 123, 1, 1, 4.80374e+19
Pixel 207, 124, 1, 1, 4.80374e+19
Pixel 208, 123, 1, 1, 4.80374e+19
--- pALPIDEfs_6 ---
Pixel 189, 382, 1, 1, 4.80374e+19
Pixel 190, 382, 1, 1, 4.80374e+19
Pixel 190, 383, 1, 1, 4.80374e+19
=== 3958508 ===
--- pALPIDEfs_0 ---
Pixel 913, 317, 1, 1, 4.80374e+19
Pixel 912, 317, 1, 1, 4.80374e+19
Pixel 912, 318, 1, 1, 4.80374e+19
Pixel 913, 318, 1, 1, 4.80374e+19
=== 3977157 ===
--- pALPIDEfs_0 ---
Pixel 999, 496, 1, 1, 4.80374e+19
=== 3979086 ===
--- pALPIDEfs_2 ---
Pixel 469, 472, 1, 1, 4.80374e+19
Pixel 469, 473, 1, 1, 4.80374e+19
=== 3985153 ===
--- pALPIDEfs_0 ---
Pixel 767, 339, 1, 1, 4.80374e+19
Pixel 766, 339, 1, 1, 4.80374e+19
=== 3988137 ===
--- pALPIDEfs_6 ---
Pixel 25, 499, 1, 1, 4.80374e+19
Pixel 25, 500, 1, 1, 4.80374e+19
Pixel 25, 501, 1, 1, 4.80374e+19
Pixel 26, 499, 1, 1, 4.80374e+19
Pixel 26, 500, 1, 1, 4.80374e+19
Pixel 26, 501, 1, 1, 4.80374e+19
=== 4005953 ===
--- pALPIDEfs_0 ---
Pixel 257, 26, 1, 1, 4.80374e+19
Pixel 257, 27, 1, 1, 4.80374e+19
Pixel 257, 28, 1, 1, 4.80374e+19
=== 4009419 ===
--- pALPIDEfs_3 ---
Pixel 557, 180, 1, 1, 4.80374e+19
=== 4019851 ===
--- pALPIDEfs_2 ---
Pixel 161, 284, 1, 1, 4.80374e+19
Pixel 162, 284, 1, 1, 4.80374e+19
=== 4023033 ===
--- pALPIDEfs_3 ---
Pixel 532, 171, 1, 1, 4.80374e+19
Pixel 532, 172, 1, 1, 4.80374e+19
Pixel 533, 172, 1, 1, 4.80374e+19
=== 4030101 ===
--- pALPIDEfs_5 ---
Pixel 202, 133, 1, 1, 4.80374e+19
=== 4049421 ===
--- pALPIDEfs_5 ---
Pixel 371, 163, 1, 1, 4.80374e+19
=== 4096466 ===
--- pALPIDEfs_0 ---
Pixel 909, 431, 1, 1, 4.80374e+19
Pixel 908, 431, 1, 1, 4.80374e+19
Pixel 908, 432, 1, 1, 4.80374e+19
Pixel 909, 432, 1, 1, 4.80374e+19
=== 4140091 ===
--- pALPIDEfs_2 ---
Pixel 819, 127, 1, 1, 4.80374e+19
Pixel 820, 127, 1, 1, 4.80374e+19
=== 4143594 ===
--- pALPIDEfs_6 ---
Pixel 889, 493, 1, 1, 4.80374e+19
Pixel 888, 493, 1, 1, 4.80374e+19
Pixel 888, 494, 1, 1, 4.80374e+19
=== 4159768 ===
--- pALPIDEfs_5 ---
Pixel 970, 147, 1, 1, 4.80374e+19
=== 4159769 ===
--- pALPIDEfs_5 ---
Pixel 970, 147, 1, 1, 4.80374e+19
=== 4177904 ===
--- pALPIDEfs_5 ---
Pixel 431, 505, 1, 1, 4.80374e+19
Pixel 431, 506, 1, 1, 4.80374e+19
=== 4196752 ===
--- pALPIDEfs_3 ---
Pixel 417, 46, 1, 1, 4.80374e+19
Pixel 417, 47, 1, 1, 4.80374e+19
Pixel 418, 46, 1, 1, 4.80374e+19
Pixel 418, 47, 1, 1, 4.80374e+19
--- pALPIDEfs_4 ---
Pixel 343, 241, 1, 1, 4.80374e+19
Pixel 342, 241, 1, 1, 4.80374e+19
--- pALPIDEfs_5 ---
Pixel 570, 142, 1, 1, 4.80374e+19
Pixel 570, 143, 1, 1, 4.80374e+19
=== 4214083 ===
--- pALPIDEfs_6 ---
Pixel 509, 311, 1, 1, 4.80374e+19
Pixel 509, 312, 1, 1, 4.80374e+19
=== 4226063 ===
--- pALPIDEfs_3 ---
Pixel 615, 3, 1, 1, 4.80374e+19
Pixel 615, 4, 1, 1, 4.80374e+19
=== 4234219 ===
--- pALPIDEfs_0 ---
Pixel 842, 129, 1, 1, 4.80374e+19
Pixel 842, 130, 1, 1, 4.80374e+19
Pixel 843, 130, 1, 1, 4.80374e+19
=== 4237639 ===
--- pALPIDEfs_6 ---
Pixel 80, 97, 1, 1, 4.80374e+19
Pixel 80, 98, 1, 1, 4.80374e+19
Pixel 81, 98, 1, 1, 4.80374e+19
Pixel 81, 99, 1, 1, 4.80374e+19
Pixel 80, 99, 1, 1, 4.80374e+19
Pixel 81, 100, 1, 1, 4.80374e+19
=== 4243300 ===
--- pALPIDEfs_4 ---
Pixel 122, 344, 1, 1, 4.80374e+19
=== 4247508 ===
--- pALPIDEfs_5 ---
Pixel 689, 125, 1, 1, 4.80374e+19
Pixel 688, 125, 1, 1, 4.80374e+19
Pixel 688, 126, 1, 1, 4.80374e+19
Pixel 689, 126, 1, 1, 4.80374e+19
=== 4273084 ===
--- pALPIDEfs_1 ---
Pixel 85, 290, 1, 1, 4.80374e+19
Pixel 86, 290, 1, 1, 4.80374e+19
--- pALPIDEfs_2 ---
Pixel 213, 281, 1, 1, 4.80374e+19
Pixel 214, 281, 1, 1, 4.80374e+19
--- pALPIDEfs_3 ---
Pixel 345, 342, 1, 1, 4.80374e+19
=== 4280374 ===
--- pALPIDEfs_4 ---
Pixel 142, 388, 1, 1, 4.80374e+19
Pixel 143, 389, 1, 1, 4.80374e+19
Pixel 142, 389, 1, 1, 4.80374e+19
Pixel 142, 390, 1, 1, 4.80374e+19
Pixel 143, 390, 1, 1, 4.80374e+19
Pixel 143, 391, 1, 1, 4.80374e+19
Pixel 143, 392, 1, 1, 4.80374e+19
Pixel 144, 391, 1, 1, 4.80374e+19
Pixel 144, 392, 1, 1, 4.80374e+19
Pixel 144, 393, 1, 1, 4.80374e+19
=== 4285832 ===
--- pALPIDEfs_0 ---
Pixel 955, 472, 1, 1, 4.80374e+19
Pixel 955, 473, 1, 1, 4.80374e+19
Pixel 956, 473, 1, 1, 4.80374e+19
=== 4288338 ===
--- pALPIDEfs_6 ---
Pixel 600, 302, 1, 1, 4.80374e+19
=== 4289716 ===
--- pALPIDEfs_4 ---
Pixel 252, 109, 1, 1, 4.80374e+19
=== 4292473 ===
--- pALPIDEfs_5 ---
Pixel 35, 96, 1, 1, 4.80374e+19
Pixel 35, 97, 1, 1, 4.80374e+19
Pixel 36, 96, 1, 1, 4.80374e+19
Pixel 36, 97, 1, 1, 4.80374e+19
=== 4301016 ===
--- pALPIDEfs_4 ---
Pixel 435, 101, 1, 1, 4.80374e+19
Pixel 436, 101, 1, 1, 4.80374e+19
=== 4307535 ===
--- pALPIDEfs_2 ---
Pixel 969, 473, 1, 1, 4.80374e+19
=== 4307810 ===
--- pALPIDEfs_0 ---
Pixel 439, 122, 1, 1, 4.80374e+19
Pixel 439, 123, 1, 1, 4.80374e+19
Pixel 439, 124, 1, 1, 4.80374e+19
Pixel 440, 123, 1, 1, 4.80374e+19
Pixel 440, 124, 1, 1, 4.80374e+19
=== 4344973 ===
--- pALPIDEfs_5 ---
Pixel 429, 131, 1, 1, 4.80374e+19
=== 4366898 ===
--- pALPIDEfs_6 ---
Pixel 72, 384, 1, 1, 4.80374e+19
=== 4393550 ===
--- pALPIDEfs_0 ---
Pixel 471, 219, 1, 1, 4.80374e+19
Pixel 471, 220, 1, 1, 4.80374e+19
--- pALPIDEfs_1 ---
Pixel 456, 446, 1, 1, 4.80374e+19
Pixel 456, 447, 1, 1, 4.80374e+19
=== 4395902 ===
--- pALPIDEfs_6 ---
Pixel 485, 126, 1, 1, 4.80374e+19
Pixel 486, 125, 1, 1, 4.80374e+19
Pixel 486, 126, 1, 1, 4.80374e+19
Pixel 487, 127, 1, 1, 4.80374e+19
Pixel 486, 127, 1, 1, 4.80374e+19
=== 4412232 ===
--- pALPIDEfs_5 ---
Pixel 722, 184, 1, 1, 4.80374e+19
=== 4427114 ===
--- pALPIDEfs_3 ---
Pixel 967, 172, 1, 1, 4.80374e+19
Pixel 967, 173, 1, 1, 4.80374e+19
Pixel 968, 172, 1, 1, 4.80374e+19
Pixel 968, 173, 1, 1, 4.80374e+19
--- pALPIDEfs_4 ---
Pixel 995, 492, 1, 1, 4.80374e+19
Pixel 995, 493, 1, 1, 4.80374e+19
=== 4454283 ===
--- pALPIDEfs_1 ---
Pixel 775, 339, 1, 1, 4.80374e+19
Pixel 776, 338, 1, 1, 4.80374e+19
Pixel 776, 339, 1, 1, 4.80374e+19
Pixel 776, 340, 1, 1, 4.80374e+19
=== 4454775 ===
--- pALPIDEfs_3 ---
Pixel 557, 180, 1, 1, 4.80374e+19
=== 4472794 ===
--- pALPIDEfs_1 ---
Pixel 132, 480, 1, 1, 4.80374e+19
Pixel 133, 480, 1, 1, 4.80374e+19
Pixel 133, 481, 1, 1, 4.80374e+19
Pixel 132, 481, 1, 1, 4.80374e+19
=== 4481265 ===
--- pALPIDEfs_2 ---
Pixel 417, 332, 1, 1, 4.80374e+19
Pixel 418, 332, 1, 1, 4.80374e+19
=== 4495107 ===
--- pALPIDEfs_5 ---
Pixel 476, 372, 1, 1, 4.80374e+19
Pixel 477, 372, 1, 1, 4.80374e+19
Pixel 477, 373, 1, 1, 4.80374e+19
Pixel 476, 373, 1, 1, 4.80374e+19
Pixel 477, 374, 1, 1, 4.80374e+19
=== 4499588 ===
--- pALPIDEfs_2 ---
Pixel 5, 467, 1, 1, 4.80374e+19
Pixel 5, 468, 1, 1, 4.80374e+19
Pixel 5, 469, 1, 1, 4.80374e+19
Pixel 5, 470, 1, 1, 4.80374e+19
Pixel 6, 467, 1, 1, 4.80374e+19
Pixel 6, 468, 1, 1, 4.80374e+19
Pixel 6, 469, 1, 1, 4.80374e+19
=== 4510525 ===
--- pALPIDEfs_6 ---
Pixel 451, 471, 1, 1, 4.80374e+19
Pixel 450, 471, 1, 1, 4.80374e+19
Pixel 450, 472, 1, 1, 4.80374e+19
Pixel 451, 472, 1, 1, 4.80374e+19
Pixel 450, 473, 1, 1, 4.80374e+19
=== 4534909 ===
--- pALPIDEfs_4 ---
Pixel 120, 81, 1, 1, 4.80374e+19
Pixel 120, 82, 1, 1, 4.80374e+19
Pixel 121, 82, 1, 1, 4.80374e+19
=== 4549184 ===
--- pALPIDEfs_0 ---
Pixel 36, 76, 1, 1, 4.80374e+19
Pixel 36, 77, 1, 1, 4.80374e+19
=== 4558532 ===
--- pALPIDEfs_1 ---
Pixel 452, 385, 1, 1, 4.80374e+19
Pixel 452, 386, 1, 1, 4.80374e+19
=== 4558533 ===
--- pALPIDEfs_1 ---
Pixel 452, 385, 1, 1, 4.80374e+19
Pixel 452, 386, 1, 1, 4.80374e+19
=== 4563540 ===
--- pALPIDEfs_1 ---
Pixel 379, 162, 1, 1, 4.80374e+19
Pixel 380, 162, 1, 1, 4.80374e+19
Pixel 381, 162, 1, 1, 4.80374e+19
Pixel 381, 163, 1, 1, 4.80374e+19
Pixel 380, 163, 1, 1, 4.80374e+19
--- pALPIDEfs_2 ---
Pixel 581, 102, 1, 1, 4.80374e+19
Pixel 582, 101, 1, 1, 4.80374e+19
Pixel 582, 102, 1, 1, 4.80374e+19
Pixel 951, 439, 1, 1, 4.80374e+19
Pixel 950, 439, 1, 1, 4.80374e+19
Pixel 950, 440, 1, 1, 4.80374e+19
Pixel 951, 440, 1, 1, 4.80374e+19
Pixel 952, 439, 1, 1, 4.80374e+19
Pixel 952, 440, 1, 1, 4.80374e+19
=== 4564390 ===
--- pALPIDEfs_2 ---
Pixel 769, 47, 1, 1, 4.80374e+19
Pixel 769, 48, 1, 1, 4.80374e+19
Pixel 770, 45, 1, 1, 4.80374e+19
Pixel 770, 46, 1, 1, 4.80374e+19
Pixel 771, 46, 1, 1, 4.80374e+19
Pixel 770, 47, 1, 1, 4.80374e+19
Pixel 770, 48, 1, 1, 4.80374e+19
=== 4568826 ===
--- pALPIDEfs_0 ---
Pixel 675, 242, 1, 1, 4.80374e+19
Pixel 675, 243, 1, 1, 4.80374e+19
--- pALPIDEfs_1 ---
Pixel 15, 320, 1, 1, 4.80374e+19
Pixel 16, 319, 1, 1, 4.80374e+19
Pixel 16, 320, 1, 1, 4.80374e+19
--- pALPIDEfs_2 ---
Pixel 288, 169, 1, 1, 4.80374e+19
Pixel 288, 170, 1, 1, 4.80374e+19
=== 4574544 ===
--- pALPIDEfs_5 ---
Pixel 343, 503, 1, 1, 4.80374e+19
Pixel 342, 503, 1, 1, 4.80374e+19
Pixel 343, 504, 1, 1, 4.80374e+19
=== 4576503 ===
--- pALPIDEfs_0 ---
Pixel 191, 15, 1, 1, 4.80374e+19
=== 4576504 ===
--- pALPIDEfs_0 ---
Pixel 191, 15, 1, 1, 4.80374e+19
Pixel 191, 16, 1, 1, 4.80374e+19
Pixel 192, 15, 1, 1, 4.80374e+19
=== 4577044 ===
--- pALPIDEfs_1 ---
Pixel 663, 509, 1, 1, 4.80374e+19
Pixel 664, 509, 1, 1, 4.80374e+19
--- pALPIDEfs_2 ---
Pixel 29, 315, 1, 1, 4.80374e+19
Pixel 28, 315, 1, 1, 4.80374e+19
=== 4578180 ===
--- pALPIDEfs_5 ---
Pixel 686, 452, 1, 1, 4.80374e+19
Pixel 687, 452, 1, 1, 4.80374e+19
Pixel 687, 453, 1, 1, 4.80374e+19
Pixel 686, 453, 1, 1, 4.80374e+19
--- pALPIDEfs_6 ---
Pixel 527, 16, 1, 1, 4.80374e+19
Pixel 529, 15, 1, 1, 4.80374e+19
Pixel 528, 15, 1, 1, 4.80374e+19
Pixel 528, 16, 1, 1, 4.80374e+19
=== 4585459 ===
--- pALPIDEfs_1 ---
Pixel 532, 125, 1, 1, 4.80374e+19
Pixel 532, 126, 1, 1, 4.80374e+19
--- pALPIDEfs_2 ---
Pixel 779, 144, 1, 1, 4.80374e+19
Pixel 779, 145, 1, 1, 4.80374e+19
Pixel 780, 144, 1, 1, 4.80374e+19
Pixel 783, 143, 1, 1, 4.80374e+19
Pixel 782, 143, 1, 1, 4.80374e+19
Pixel 782, 144, 1, 1, 4.80374e+19
Pixel 783, 144, 1, 1, 4.80374e+19
Pixel 785, 143, 1, 1, 4.80374e+19
Pixel 784, 143, 1, 1, 4.80374e+19
Pixel 784, 144, 1, 1, 4.80374e+19
Pixel 785, 144, 1, 1, 4.80374e+19
Pixel 787, 143, 1, 1, 4.80374e+19
Pixel 786, 143, 1, 1, 4.80374e+19
Pixel 786, 144, 1, 1, 4.80374e+19
Pixel 787, 144, 1, 1, 4.80374e+19
Pixel 789, 143, 1, 1, 4.80374e+19
Pixel 788, 143, 1, 1, 4.80374e+19
Pixel 788, 144, 1, 1, 4.80374e+19
Pixel 789, 144, 1, 1, 4.80374e+19
=== 4585497 ===
--- pALPIDEfs_2 ---
Pixel 909, 104, 1, 1, 4.80374e+19
Pixel 910, 104, 1, 1, 4.80374e+19
Pixel 911, 104, 1, 1, 4.80374e+19
Pixel 911, 105, 1, 1, 4.80374e+19
Pixel 910, 105, 1, 1, 4.80374e+19
=== 4603782 ===
--- pALPIDEfs_2 ---
Pixel 224, 104, 1, 1, 4.80374e+19
=== 4651545 ===
--- pALPIDEfs_4 ---
Pixel 945, 88, 1, 1, 4.80374e+19
Pixel 945, 89, 1, 1, 4.80374e+19
Pixel 946, 88, 1, 1, 4.80374e+19
Pixel 946, 89, 1, 1, 4.80374e+19
=== 4665388 ===
--- pALPIDEfs_2 ---
Pixel 718, 80, 1, 1, 4.80374e+19
Pixel 719, 80, 1, 1, 4.80374e+19
=== 4672901 ===
--- pALPIDEfs_3 ---
Pixel 557, 180, 1, 1, 4.80374e+19
=== 4696566 ===
--- pALPIDEfs_4 ---
Pixel 403, 443, 1, 1, 4.80374e+19
Pixel 404, 442, 1, 1, 4.80374e+19
Pixel 404, 443, 1, 1, 4.80374e+19
=== 4698764 ===
--- pALPIDEfs_2 ---
Pixel 583, 370, 1, 1, 4.80374e+19
Pixel 584, 369, 1, 1, 4.80374e+19
Pixel 584, 370, 1, 1, 4.80374e+19
Pixel 585, 370, 1, 1, 4.80374e+19
=== 4701597 ===
--- pALPIDEfs_6 ---
Pixel 218, 449, 1, 1, 4.80374e+19
=== 4712482 ===
--- pALPIDEfs_1 ---
Pixel 729, 379, 1, 1, 4.80374e+19
Pixel 729, 380, 1, 1, 4.80374e+19
Pixel 730, 379, 1, 1, 4.80374e+19
Pixel 730, 380, 1, 1, 4.80374e+19
=== 4713640 ===
--- pALPIDEfs_0 ---
Pixel 457, 33, 1, 1, 4.80374e+19
Pixel 457, 34, 1, 1, 4.80374e+19
--- pALPIDEfs_1 ---
Pixel 7, 401, 1, 1, 4.80374e+19
Pixel 8, 401, 1, 1, 4.80374e+19
=== 4713934 ===
--- pALPIDEfs_6 ---
Pixel 782, 483, 1, 1, 4.80374e+19
=== 4716733 ===
--- pALPIDEfs_6 ---
Pixel 995, 501, 1, 1, 4.80374e+19
Pixel 994, 501, 1, 1, 4.80374e+19
Pixel 994, 502, 1, 1, 4.80374e+19
Pixel 995, 502, 1, 1, 4.80374e+19
Pixel 995, 503, 1, 1, 4.80374e+19
Pixel 996, 502, 1, 1, 4.80374e+19
=== 4728996 ===
--- pALPIDEfs_3 ---
Pixel 395, 299, 1, 1, 4.80374e+19
=== 4734689 ===
--- pALPIDEfs_1 ---
Pixel 845, 295, 1, 1, 4.80374e+19
Pixel 845, 296, 1, 1, 4.80374e+19
--- pALPIDEfs_2 ---
Pixel 442, 48, 1, 1, 4.80374e+19
Pixel 442, 49, 1, 1, 4.80374e+19
=== 4751961 ===
--- pALPIDEfs_5 ---
Pixel 591, 299, 1, 1, 4.80374e+19
Pixel 590, 299, 1, 1, 4.80374e+19
Pixel 590, 300, 1, 1, 4.80374e+19
Pixel 591, 300, 1, 1, 4.80374e+19
=== 4764490 ===
--- pALPIDEfs_5 ---
Pixel 178, 212, 1, 1, 4.80374e+19
Pixel 179, 212, 1, 1, 4.80374e+19
--- pALPIDEfs_6 ---
Pixel 608, 168, 1, 1, 4.80374e+19
Pixel 608, 169, 1, 1, 4.80374e+19
=== 4787783 ===
--- pALPIDEfs_6 ---
Pixel 377, 39, 1, 1, 4.80374e+19
Pixel 377, 40, 1, 1, 4.80374e+19
Pixel 378, 40, 1, 1, 4.80374e+19
Pixel 378, 41, 1, 1, 4.80374e+19
=== 4791496 ===
--- pALPIDEfs_0 ---
Pixel 626, 350, 1, 1, 4.80374e+19
Pixel 627, 350, 1, 1, 4.80374e+19
Pixel 627, 351, 1, 1, 4.80374e+19
Pixel 628, 350, 1, 1, 4.80374e+19
Pixel 628, 351, 1, 1, 4.80374e+19
=== 4795730 ===
--- pALPIDEfs_4 ---
Pixel 993, 479, 1, 1, 4.80374e+19
Pixel 993, 480, 1, 1, 4.80374e+19
Pixel 994, 479, 1, 1, 4.80374e+19
Pixel 994, 480, 1, 1, 4.80374e+19
Pixel 997, 475, 1, 1, 4.80374e+19
Pixel 998, 474, 1, 1, 4.80374e+19
Pixel 999, 474, 1, 1, 4.80374e+19
Pixel 999, 475, 1, 1, 4.80374e+19
Pixel 998, 475, 1, 1, 4.80374e+19
Pixel 998, 476, 1, 1, 4.80374e+19
Pixel 999, 476, 1, 1, 4.80374e+19
=== 4812807 ===
--- pALPIDEfs_0 ---
Pixel 973, 224, 1, 1, 4.80374e+19
Pixel 974, 224, 1, 1, 4.80374e+19
=== 4817670 ===
--- pALPIDEfs_2 ---
Pixel 347, 426, 1, 1, 4.80374e+19
Pixel 347, 427, 1, 1, 4.80374e+19
--- pALPIDEfs_3 ---
Pixel 543, 273, 1, 1, 4.80374e+19
--- pALPIDEfs_4 ---
Pixel 761, 109, 1, 1, 4.80374e+19
=== 4821597 ===
--- pALPIDEfs_6 ---
Pixel 318, 74, 1, 1, 4.80374e+19
Pixel 319, 74, 1, 1, 4.80374e+19
=== 4823234 ===
--- pALPIDEfs_0 ---
Pixel 808, 158, 1, 1, 4.80374e+19
Pixel 809, 158, 1, 1, 4.80374e+19
Pixel 809, 159, 1, 1, 4.80374e+19
Pixel 808, 159, 1, 1, 4.80374e+19
=== 4850529 ===
--- pALPIDEfs_4 ---
Pixel 15, 170, 1, 1, 4.80374e+19
Pixel 15, 171, 1, 1, 4.80374e+19
Pixel 16, 171, 1, 1, 4.80374e+19
=== 4859444 ===
--- pALPIDEfs_0 ---
Pixel 164, 285, 1, 1, 4.80374e+19
Pixel 164, 286, 1, 1, 4.80374e+19
Pixel 165, 286, 1, 1, 4.80374e+19
=== 4872232 ===
--- pALPIDEfs_5 ---
Pixel 889, 1, 1, 1, 4.80374e+19
Pixel 888, 1, 1, 1, 4.80374e+19
=== 4875043 ===
--- pALPIDEfs_0 ---
Pixel 793, 151, 1, 1, 4.80374e+19
Pixel 792, 151, 1, 1, 4.80374e+19
=== 4880486 ===
--- pALPIDEfs_3 ---
Pixel 17, 373, 1, 1, 4.80374e+19
Pixel 18, 373, 1, 1, 4.80374e+19
Pixel 18, 374, 1, 1, 4.80374e+19
Pixel 19, 374, 1, 1, 4.80374e+19
Pixel 19, 375, 1, 1, 4.80374e+19
Pixel 18, 375, 1, 1, 4.80374e+19
Pixel 19, 376, 1, 1, 4.80374e+19
Pixel 63, 493, 1, 1, 4.80374e+19
Pixel 63, 494, 1, 1, 4.80374e+19
Pixel 64, 493, 1, 1, 4.80374e+19
Pixel 64, 494, 1, 1, 4.80374e+19
=== 4881951 ===
--- pALPIDEfs_6 ---
Pixel 147, 467, 1, 1, 4.80374e+19
Pixel 146, 467, 1, 1, 4.80374e+19
Pixel 146, 468, 1, 1, 4.80374e+19
Pixel 147, 468, 1, 1, 4.80374e+19
=== 4890717 ===
--- pALPIDEfs_3 ---
Pixel 49, 88, 1, 1, 4.80374e+19
Pixel 49, 89, 1, 1, 4.80374e+19
Pixel 50, 88, 1, 1, 4.80374e+19
=== 4894278 ===
--- pALPIDEfs_1 ---
Pixel 369, 262, 1, 1, 4.80374e+19
Pixel 370, 262, 1, 1, 4.80374e+19
=== 4903164 ===
--- pALPIDEfs_1 ---
Pixel 311, 329, 1, 1, 4.80374e+19
Pixel 310, 329, 1, 1, 4.80374e+19
=== 4909456 ===
--- pALPIDEfs_4 ---
Pixel 148, 406, 1, 1, 4.80374e+19
Pixel 149, 406, 1, 1, 4.80374e+19
Pixel 149, 407, 1, 1, 4.80374e+19
Pixel 148, 407, 1, 1, 4.80374e+19
Pixel 149, 408, 1, 1, 4.80374e+19
=== 4909457 ===
--- pALPIDEfs_4 ---
Pixel 149, 408, 1, 1, 4.80374e+19
=== 4911325 ===
--- pALPIDEfs_2 ---
Pixel 699, 74, 1, 1, 4.80374e+19
Pixel 699, 75, 1, 1, 4.80374e+19
=== 4923451 ===
--- pALPIDEfs_3 ---
Pixel 1018, 313, 1, 1, 4.80374e+19
=== 4948491 ===
--- pALPIDEfs_2 ---
Pixel 487, 266, 1, 1, 4.80374e+19
Pixel 487, 267, 1, 1, 4.80374e+19
Pixel 487, 268, 1, 1, 4.80374e+19
Pixel 487, 269, 1, 1, 4.80374e+19
Pixel 487, 270, 1, 1, 4.80374e+19
Pixel 488, 266, 1, 1, 4.80374e+19
Pixel 488, 267, 1, 1, 4.80374e+19
Pixel 488, 268, 1, 1, 4.80374e+19
=== 4951417 ===
--- pALPIDEfs_4 ---
Pixel 131, 385, 1, 1, 4.80374e+19
Pixel 131, 386, 1, 1, 4.80374e+19
=== 4960822 ===
--- pALPIDEfs_6 ---
Pixel 175, 21, 1, 1, 4.80374e+19
Pixel 176, 21, 1, 1, 4.80374e+19
=== 4964712 ===
--- pALPIDEfs_2 ---
Pixel 877, 135, 1, 1, 4.80374e+19
Pixel 878, 135, 1, 1, 4.80374e+19
=== 4996524 ===
--- pALPIDEfs_4 ---
Pixel 165, 155, 1, 1, 4.80374e+19
Pixel 164, 155, 1, 1, 4.80374e+19
Pixel 164, 156, 1, 1, 4.80374e+19
Pixel 165, 156, 1, 1, 4.80374e+19
