Run: Cosmics000402
=== 2 ===
--- pALPIDEfs_3 ---
Pixel 238, 320, 1, 1, 4.80374e+19
Pixel 238, 320, 1, 1, 4.80374e+19
=== 3 ===
--- pALPIDEfs_0 ---
Pixel 92, 0, 1, 1, 4.80374e+19
Pixel 93, 0, 1, 1, 4.80374e+19
Pixel 93, 1, 1, 1, 4.80374e+19
Pixel 92, 1, 1, 1, 4.80374e+19
Pixel 92, 2, 1, 1, 4.80374e+19
Pixel 93, 2, 1, 1, 4.80374e+19
Pixel 93, 3, 1, 1, 4.80374e+19
Pixel 92, 3, 1, 1, 4.80374e+19
Pixel 92, 4, 1, 1, 4.80374e+19
Pixel 93, 4, 1, 1, 4.80374e+19
Pixel 93, 5, 1, 1, 4.80374e+19
Pixel 92, 5, 1, 1, 4.80374e+19
Pixel 92, 6, 1, 1, 4.80374e+19
Pixel 93, 6, 1, 1, 4.80374e+19
Pixel 93, 7, 1, 1, 4.80374e+19
Pixel 92, 7, 1, 1, 4.80374e+19
Pixel 92, 8, 1, 1, 4.80374e+19
Pixel 93, 8, 1, 1, 4.80374e+19
Pixel 93, 9, 1, 1, 4.80374e+19
Pixel 92, 9, 1, 1, 4.80374e+19
Pixel 92, 10, 1, 1, 4.80374e+19
Pixel 93, 10, 1, 1, 4.80374e+19
Pixel 93, 11, 1, 1, 4.80374e+19
Pixel 92, 11, 1, 1, 4.80374e+19
Pixel 92, 12, 1, 1, 4.80374e+19
Pixel 93, 12, 1, 1, 4.80374e+19
Pixel 93, 13, 1, 1, 4.80374e+19
Pixel 92, 13, 1, 1, 4.80374e+19
Pixel 92, 14, 1, 1, 4.80374e+19
Pixel 93, 14, 1, 1, 4.80374e+19
Pixel 93, 15, 1, 1, 4.80374e+19
Pixel 92, 15, 1, 1, 4.80374e+19
Pixel 92, 16, 1, 1, 4.80374e+19
Pixel 93, 16, 1, 1, 4.80374e+19
Pixel 93, 17, 1, 1, 4.80374e+19
Pixel 92, 17, 1, 1, 4.80374e+19
Pixel 92, 18, 1, 1, 4.80374e+19
Pixel 93, 18, 1, 1, 4.80374e+19
Pixel 93, 19, 1, 1, 4.80374e+19
Pixel 92, 19, 1, 1, 4.80374e+19
Pixel 92, 20, 1, 1, 4.80374e+19
Pixel 93, 20, 1, 1, 4.80374e+19
Pixel 93, 21, 1, 1, 4.80374e+19
Pixel 92, 21, 1, 1, 4.80374e+19
Pixel 92, 22, 1, 1, 4.80374e+19
Pixel 93, 22, 1, 1, 4.80374e+19
Pixel 93, 23, 1, 1, 4.80374e+19
Pixel 92, 23, 1, 1, 4.80374e+19
Pixel 92, 24, 1, 1, 4.80374e+19
Pixel 93, 24, 1, 1, 4.80374e+19
Pixel 93, 25, 1, 1, 4.80374e+19
Pixel 92, 25, 1, 1, 4.80374e+19
Pixel 92, 26, 1, 1, 4.80374e+19
Pixel 93, 26, 1, 1, 4.80374e+19
Pixel 93, 27, 1, 1, 4.80374e+19
Pixel 92, 27, 1, 1, 4.80374e+19
Pixel 92, 28, 1, 1, 4.80374e+19
Pixel 93, 28, 1, 1, 4.80374e+19
Pixel 93, 29, 1, 1, 4.80374e+19
Pixel 92, 29, 1, 1, 4.80374e+19
Pixel 92, 30, 1, 1, 4.80374e+19
Pixel 93, 30, 1, 1, 4.80374e+19
Pixel 93, 31, 1, 1, 4.80374e+19
Pixel 92, 31, 1, 1, 4.80374e+19
Pixel 92, 32, 1, 1, 4.80374e+19
Pixel 93, 32, 1, 1, 4.80374e+19
Pixel 93, 33, 1, 1, 4.80374e+19
Pixel 92, 33, 1, 1, 4.80374e+19
Pixel 92, 34, 1, 1, 4.80374e+19
Pixel 93, 34, 1, 1, 4.80374e+19
Pixel 93, 35, 1, 1, 4.80374e+19
Pixel 92, 35, 1, 1, 4.80374e+19
Pixel 92, 36, 1, 1, 4.80374e+19
Pixel 93, 36, 1, 1, 4.80374e+19
Pixel 93, 37, 1, 1, 4.80374e+19
Pixel 92, 37, 1, 1, 4.80374e+19
Pixel 92, 38, 1, 1, 4.80374e+19
Pixel 93, 38, 1, 1, 4.80374e+19
Pixel 93, 39, 1, 1, 4.80374e+19
Pixel 92, 39, 1, 1, 4.80374e+19
Pixel 92, 40, 1, 1, 4.80374e+19
Pixel 93, 40, 1, 1, 4.80374e+19
Pixel 93, 41, 1, 1, 4.80374e+19
Pixel 92, 41, 1, 1, 4.80374e+19
Pixel 92, 42, 1, 1, 4.80374e+19
Pixel 93, 42, 1, 1, 4.80374e+19
Pixel 93, 43, 1, 1, 4.80374e+19
Pixel 92, 43, 1, 1, 4.80374e+19
Pixel 92, 44, 1, 1, 4.80374e+19
Pixel 93, 44, 1, 1, 4.80374e+19
Pixel 93, 45, 1, 1, 4.80374e+19
Pixel 92, 45, 1, 1, 4.80374e+19
Pixel 92, 46, 1, 1, 4.80374e+19
Pixel 93, 46, 1, 1, 4.80374e+19
Pixel 93, 47, 1, 1, 4.80374e+19
Pixel 92, 47, 1, 1, 4.80374e+19
Pixel 92, 48, 1, 1, 4.80374e+19
Pixel 93, 48, 1, 1, 4.80374e+19
Pixel 93, 49, 1, 1, 4.80374e+19
Pixel 92, 49, 1, 1, 4.80374e+19
Pixel 92, 50, 1, 1, 4.80374e+19
Pixel 93, 50, 1, 1, 4.80374e+19
Pixel 93, 51, 1, 1, 4.80374e+19
Pixel 92, 51, 1, 1, 4.80374e+19
Pixel 92, 52, 1, 1, 4.80374e+19
Pixel 93, 52, 1, 1, 4.80374e+19
Pixel 93, 53, 1, 1, 4.80374e+19
Pixel 92, 53, 1, 1, 4.80374e+19
Pixel 92, 54, 1, 1, 4.80374e+19
Pixel 93, 54, 1, 1, 4.80374e+19
Pixel 93, 55, 1, 1, 4.80374e+19
Pixel 92, 55, 1, 1, 4.80374e+19
Pixel 92, 56, 1, 1, 4.80374e+19
Pixel 93, 56, 1, 1, 4.80374e+19
Pixel 93, 57, 1, 1, 4.80374e+19
Pixel 92, 57, 1, 1, 4.80374e+19
Pixel 92, 58, 1, 1, 4.80374e+19
Pixel 93, 58, 1, 1, 4.80374e+19
Pixel 93, 59, 1, 1, 4.80374e+19
Pixel 92, 59, 1, 1, 4.80374e+19
Pixel 92, 60, 1, 1, 4.80374e+19
Pixel 93, 60, 1, 1, 4.80374e+19
Pixel 93, 61, 1, 1, 4.80374e+19
Pixel 92, 61, 1, 1, 4.80374e+19
Pixel 92, 62, 1, 1, 4.80374e+19
Pixel 93, 62, 1, 1, 4.80374e+19
Pixel 93, 63, 1, 1, 4.80374e+19
Pixel 92, 63, 1, 1, 4.80374e+19
Pixel 92, 64, 1, 1, 4.80374e+19
Pixel 93, 64, 1, 1, 4.80374e+19
Pixel 93, 65, 1, 1, 4.80374e+19
Pixel 92, 65, 1, 1, 4.80374e+19
Pixel 92, 66, 1, 1, 4.80374e+19
Pixel 93, 66, 1, 1, 4.80374e+19
Pixel 93, 67, 1, 1, 4.80374e+19
Pixel 92, 67, 1, 1, 4.80374e+19
Pixel 92, 68, 1, 1, 4.80374e+19
Pixel 93, 68, 1, 1, 4.80374e+19
Pixel 93, 69, 1, 1, 4.80374e+19
Pixel 92, 69, 1, 1, 4.80374e+19
Pixel 92, 70, 1, 1, 4.80374e+19
Pixel 93, 70, 1, 1, 4.80374e+19
Pixel 93, 71, 1, 1, 4.80374e+19
Pixel 92, 71, 1, 1, 4.80374e+19
Pixel 92, 72, 1, 1, 4.80374e+19
Pixel 93, 72, 1, 1, 4.80374e+19
Pixel 93, 73, 1, 1, 4.80374e+19
Pixel 92, 73, 1, 1, 4.80374e+19
Pixel 92, 74, 1, 1, 4.80374e+19
Pixel 93, 74, 1, 1, 4.80374e+19
Pixel 93, 75, 1, 1, 4.80374e+19
Pixel 92, 75, 1, 1, 4.80374e+19
Pixel 92, 76, 1, 1, 4.80374e+19
Pixel 93, 76, 1, 1, 4.80374e+19
Pixel 93, 77, 1, 1, 4.80374e+19
Pixel 92, 77, 1, 1, 4.80374e+19
Pixel 92, 78, 1, 1, 4.80374e+19
Pixel 93, 78, 1, 1, 4.80374e+19
Pixel 93, 79, 1, 1, 4.80374e+19
Pixel 92, 79, 1, 1, 4.80374e+19
Pixel 92, 80, 1, 1, 4.80374e+19
Pixel 93, 80, 1, 1, 4.80374e+19
Pixel 93, 81, 1, 1, 4.80374e+19
Pixel 92, 81, 1, 1, 4.80374e+19
Pixel 92, 82, 1, 1, 4.80374e+19
Pixel 93, 82, 1, 1, 4.80374e+19
Pixel 93, 83, 1, 1, 4.80374e+19
Pixel 92, 83, 1, 1, 4.80374e+19
Pixel 92, 84, 1, 1, 4.80374e+19
Pixel 93, 84, 1, 1, 4.80374e+19
Pixel 93, 85, 1, 1, 4.80374e+19
Pixel 92, 85, 1, 1, 4.80374e+19
Pixel 92, 86, 1, 1, 4.80374e+19
Pixel 93, 86, 1, 1, 4.80374e+19
Pixel 93, 87, 1, 1, 4.80374e+19
Pixel 92, 87, 1, 1, 4.80374e+19
Pixel 92, 88, 1, 1, 4.80374e+19
Pixel 93, 88, 1, 1, 4.80374e+19
Pixel 93, 89, 1, 1, 4.80374e+19
Pixel 92, 89, 1, 1, 4.80374e+19
Pixel 92, 90, 1, 1, 4.80374e+19
Pixel 93, 90, 1, 1, 4.80374e+19
Pixel 93, 91, 1, 1, 4.80374e+19
Pixel 92, 91, 1, 1, 4.80374e+19
Pixel 92, 92, 1, 1, 4.80374e+19
Pixel 93, 92, 1, 1, 4.80374e+19
Pixel 93, 93, 1, 1, 4.80374e+19
Pixel 92, 93, 1, 1, 4.80374e+19
Pixel 92, 94, 1, 1, 4.80374e+19
Pixel 93, 94, 1, 1, 4.80374e+19
Pixel 93, 95, 1, 1, 4.80374e+19
Pixel 92, 95, 1, 1, 4.80374e+19
Pixel 92, 96, 1, 1, 4.80374e+19
Pixel 93, 96, 1, 1, 4.80374e+19
Pixel 93, 97, 1, 1, 4.80374e+19
Pixel 92, 97, 1, 1, 4.80374e+19
Pixel 92, 98, 1, 1, 4.80374e+19
Pixel 93, 98, 1, 1, 4.80374e+19
Pixel 93, 99, 1, 1, 4.80374e+19
Pixel 92, 99, 1, 1, 4.80374e+19
Pixel 92, 100, 1, 1, 4.80374e+19
Pixel 93, 100, 1, 1, 4.80374e+19
Pixel 93, 101, 1, 1, 4.80374e+19
Pixel 92, 101, 1, 1, 4.80374e+19
Pixel 92, 102, 1, 1, 4.80374e+19
Pixel 93, 102, 1, 1, 4.80374e+19
Pixel 93, 103, 1, 1, 4.80374e+19
Pixel 92, 103, 1, 1, 4.80374e+19
Pixel 92, 104, 1, 1, 4.80374e+19
Pixel 93, 104, 1, 1, 4.80374e+19
Pixel 93, 105, 1, 1, 4.80374e+19
Pixel 92, 105, 1, 1, 4.80374e+19
Pixel 92, 106, 1, 1, 4.80374e+19
Pixel 93, 106, 1, 1, 4.80374e+19
Pixel 93, 107, 1, 1, 4.80374e+19
Pixel 92, 107, 1, 1, 4.80374e+19
Pixel 92, 108, 1, 1, 4.80374e+19
Pixel 93, 108, 1, 1, 4.80374e+19
Pixel 93, 109, 1, 1, 4.80374e+19
Pixel 92, 109, 1, 1, 4.80374e+19
Pixel 92, 110, 1, 1, 4.80374e+19
Pixel 93, 110, 1, 1, 4.80374e+19
Pixel 93, 111, 1, 1, 4.80374e+19
Pixel 92, 111, 1, 1, 4.80374e+19
Pixel 92, 112, 1, 1, 4.80374e+19
Pixel 93, 112, 1, 1, 4.80374e+19
Pixel 93, 113, 1, 1, 4.80374e+19
Pixel 92, 113, 1, 1, 4.80374e+19
Pixel 92, 114, 1, 1, 4.80374e+19
Pixel 93, 114, 1, 1, 4.80374e+19
Pixel 93, 115, 1, 1, 4.80374e+19
Pixel 92, 115, 1, 1, 4.80374e+19
Pixel 92, 116, 1, 1, 4.80374e+19
Pixel 93, 116, 1, 1, 4.80374e+19
Pixel 93, 117, 1, 1, 4.80374e+19
Pixel 92, 117, 1, 1, 4.80374e+19
Pixel 92, 118, 1, 1, 4.80374e+19
Pixel 93, 118, 1, 1, 4.80374e+19
Pixel 93, 119, 1, 1, 4.80374e+19
Pixel 92, 119, 1, 1, 4.80374e+19
Pixel 92, 120, 1, 1, 4.80374e+19
Pixel 93, 120, 1, 1, 4.80374e+19
Pixel 93, 121, 1, 1, 4.80374e+19
Pixel 92, 121, 1, 1, 4.80374e+19
Pixel 92, 122, 1, 1, 4.80374e+19
Pixel 93, 122, 1, 1, 4.80374e+19
Pixel 93, 123, 1, 1, 4.80374e+19
Pixel 92, 123, 1, 1, 4.80374e+19
Pixel 92, 124, 1, 1, 4.80374e+19
Pixel 93, 124, 1, 1, 4.80374e+19
Pixel 93, 125, 1, 1, 4.80374e+19
Pixel 92, 125, 1, 1, 4.80374e+19
Pixel 92, 126, 1, 1, 4.80374e+19
Pixel 93, 126, 1, 1, 4.80374e+19
Pixel 93, 127, 1, 1, 4.80374e+19
Pixel 92, 127, 1, 1, 4.80374e+19
Pixel 92, 128, 1, 1, 4.80374e+19
Pixel 93, 128, 1, 1, 4.80374e+19
Pixel 93, 129, 1, 1, 4.80374e+19
Pixel 92, 129, 1, 1, 4.80374e+19
Pixel 92, 130, 1, 1, 4.80374e+19
Pixel 93, 130, 1, 1, 4.80374e+19
Pixel 93, 131, 1, 1, 4.80374e+19
Pixel 92, 131, 1, 1, 4.80374e+19
Pixel 92, 132, 1, 1, 4.80374e+19
Pixel 93, 132, 1, 1, 4.80374e+19
Pixel 93, 133, 1, 1, 4.80374e+19
Pixel 92, 133, 1, 1, 4.80374e+19
Pixel 92, 134, 1, 1, 4.80374e+19
Pixel 93, 134, 1, 1, 4.80374e+19
Pixel 93, 135, 1, 1, 4.80374e+19
Pixel 92, 135, 1, 1, 4.80374e+19
Pixel 92, 136, 1, 1, 4.80374e+19
Pixel 93, 136, 1, 1, 4.80374e+19
Pixel 93, 137, 1, 1, 4.80374e+19
Pixel 92, 137, 1, 1, 4.80374e+19
Pixel 92, 138, 1, 1, 4.80374e+19
Pixel 93, 138, 1, 1, 4.80374e+19
Pixel 93, 139, 1, 1, 4.80374e+19
Pixel 92, 139, 1, 1, 4.80374e+19
Pixel 92, 140, 1, 1, 4.80374e+19
Pixel 93, 140, 1, 1, 4.80374e+19
Pixel 93, 141, 1, 1, 4.80374e+19
Pixel 92, 141, 1, 1, 4.80374e+19
Pixel 92, 142, 1, 1, 4.80374e+19
Pixel 93, 142, 1, 1, 4.80374e+19
Pixel 93, 143, 1, 1, 4.80374e+19
Pixel 92, 143, 1, 1, 4.80374e+19
Pixel 92, 144, 1, 1, 4.80374e+19
Pixel 93, 144, 1, 1, 4.80374e+19
Pixel 93, 145, 1, 1, 4.80374e+19
Pixel 92, 145, 1, 1, 4.80374e+19
Pixel 92, 146, 1, 1, 4.80374e+19
Pixel 93, 146, 1, 1, 4.80374e+19
Pixel 93, 147, 1, 1, 4.80374e+19
Pixel 92, 147, 1, 1, 4.80374e+19
Pixel 92, 148, 1, 1, 4.80374e+19
Pixel 93, 148, 1, 1, 4.80374e+19
Pixel 93, 149, 1, 1, 4.80374e+19
Pixel 92, 149, 1, 1, 4.80374e+19
Pixel 92, 150, 1, 1, 4.80374e+19
Pixel 93, 150, 1, 1, 4.80374e+19
Pixel 93, 151, 1, 1, 4.80374e+19
Pixel 92, 151, 1, 1, 4.80374e+19
Pixel 92, 152, 1, 1, 4.80374e+19
Pixel 93, 152, 1, 1, 4.80374e+19
Pixel 93, 153, 1, 1, 4.80374e+19
Pixel 92, 153, 1, 1, 4.80374e+19
Pixel 92, 154, 1, 1, 4.80374e+19
Pixel 93, 154, 1, 1, 4.80374e+19
Pixel 93, 155, 1, 1, 4.80374e+19
Pixel 92, 155, 1, 1, 4.80374e+19
Pixel 92, 156, 1, 1, 4.80374e+19
Pixel 93, 156, 1, 1, 4.80374e+19
Pixel 93, 157, 1, 1, 4.80374e+19
Pixel 92, 157, 1, 1, 4.80374e+19
Pixel 92, 158, 1, 1, 4.80374e+19
Pixel 93, 158, 1, 1, 4.80374e+19
Pixel 93, 159, 1, 1, 4.80374e+19
Pixel 92, 159, 1, 1, 4.80374e+19
Pixel 92, 160, 1, 1, 4.80374e+19
Pixel 93, 160, 1, 1, 4.80374e+19
Pixel 93, 161, 1, 1, 4.80374e+19
Pixel 92, 161, 1, 1, 4.80374e+19
Pixel 92, 162, 1, 1, 4.80374e+19
Pixel 93, 162, 1, 1, 4.80374e+19
Pixel 93, 163, 1, 1, 4.80374e+19
Pixel 92, 163, 1, 1, 4.80374e+19
Pixel 92, 164, 1, 1, 4.80374e+19
Pixel 93, 164, 1, 1, 4.80374e+19
Pixel 93, 165, 1, 1, 4.80374e+19
Pixel 92, 165, 1, 1, 4.80374e+19
Pixel 92, 166, 1, 1, 4.80374e+19
Pixel 93, 166, 1, 1, 4.80374e+19
Pixel 93, 167, 1, 1, 4.80374e+19
Pixel 92, 167, 1, 1, 4.80374e+19
Pixel 92, 168, 1, 1, 4.80374e+19
Pixel 93, 168, 1, 1, 4.80374e+19
Pixel 93, 169, 1, 1, 4.80374e+19
Pixel 92, 169, 1, 1, 4.80374e+19
Pixel 92, 170, 1, 1, 4.80374e+19
Pixel 93, 170, 1, 1, 4.80374e+19
Pixel 93, 171, 1, 1, 4.80374e+19
Pixel 92, 171, 1, 1, 4.80374e+19
Pixel 92, 172, 1, 1, 4.80374e+19
Pixel 93, 172, 1, 1, 4.80374e+19
Pixel 93, 173, 1, 1, 4.80374e+19
Pixel 92, 173, 1, 1, 4.80374e+19
Pixel 92, 174, 1, 1, 4.80374e+19
Pixel 93, 174, 1, 1, 4.80374e+19
Pixel 93, 175, 1, 1, 4.80374e+19
Pixel 92, 175, 1, 1, 4.80374e+19
Pixel 92, 176, 1, 1, 4.80374e+19
Pixel 93, 176, 1, 1, 4.80374e+19
Pixel 93, 177, 1, 1, 4.80374e+19
Pixel 92, 177, 1, 1, 4.80374e+19
Pixel 92, 178, 1, 1, 4.80374e+19
Pixel 93, 178, 1, 1, 4.80374e+19
Pixel 93, 179, 1, 1, 4.80374e+19
Pixel 92, 179, 1, 1, 4.80374e+19
Pixel 92, 180, 1, 1, 4.80374e+19
Pixel 93, 180, 1, 1, 4.80374e+19
Pixel 93, 181, 1, 1, 4.80374e+19
Pixel 92, 181, 1, 1, 4.80374e+19
Pixel 92, 182, 1, 1, 4.80374e+19
Pixel 93, 182, 1, 1, 4.80374e+19
Pixel 93, 183, 1, 1, 4.80374e+19
Pixel 92, 183, 1, 1, 4.80374e+19
Pixel 92, 184, 1, 1, 4.80374e+19
Pixel 93, 184, 1, 1, 4.80374e+19
Pixel 93, 185, 1, 1, 4.80374e+19
Pixel 92, 185, 1, 1, 4.80374e+19
Pixel 92, 186, 1, 1, 4.80374e+19
Pixel 93, 186, 1, 1, 4.80374e+19
Pixel 93, 187, 1, 1, 4.80374e+19
Pixel 92, 187, 1, 1, 4.80374e+19
Pixel 92, 188, 1, 1, 4.80374e+19
Pixel 93, 188, 1, 1, 4.80374e+19
Pixel 93, 189, 1, 1, 4.80374e+19
Pixel 92, 189, 1, 1, 4.80374e+19
Pixel 92, 190, 1, 1, 4.80374e+19
Pixel 93, 190, 1, 1, 4.80374e+19
Pixel 93, 191, 1, 1, 4.80374e+19
Pixel 92, 191, 1, 1, 4.80374e+19
Pixel 92, 192, 1, 1, 4.80374e+19
Pixel 93, 192, 1, 1, 4.80374e+19
Pixel 93, 193, 1, 1, 4.80374e+19
Pixel 92, 193, 1, 1, 4.80374e+19
Pixel 92, 194, 1, 1, 4.80374e+19
Pixel 93, 194, 1, 1, 4.80374e+19
Pixel 93, 195, 1, 1, 4.80374e+19
Pixel 92, 195, 1, 1, 4.80374e+19
Pixel 92, 196, 1, 1, 4.80374e+19
Pixel 93, 196, 1, 1, 4.80374e+19
Pixel 93, 197, 1, 1, 4.80374e+19
Pixel 92, 197, 1, 1, 4.80374e+19
Pixel 92, 198, 1, 1, 4.80374e+19
Pixel 93, 198, 1, 1, 4.80374e+19
Pixel 93, 199, 1, 1, 4.80374e+19
Pixel 92, 199, 1, 1, 4.80374e+19
Pixel 92, 200, 1, 1, 4.80374e+19
Pixel 93, 200, 1, 1, 4.80374e+19
Pixel 93, 201, 1, 1, 4.80374e+19
Pixel 92, 201, 1, 1, 4.80374e+19
Pixel 92, 202, 1, 1, 4.80374e+19
Pixel 93, 202, 1, 1, 4.80374e+19
Pixel 93, 203, 1, 1, 4.80374e+19
Pixel 92, 203, 1, 1, 4.80374e+19
Pixel 92, 204, 1, 1, 4.80374e+19
Pixel 93, 204, 1, 1, 4.80374e+19
Pixel 93, 205, 1, 1, 4.80374e+19
Pixel 92, 205, 1, 1, 4.80374e+19
Pixel 92, 206, 1, 1, 4.80374e+19
Pixel 93, 206, 1, 1, 4.80374e+19
Pixel 93, 207, 1, 1, 4.80374e+19
Pixel 92, 207, 1, 1, 4.80374e+19
Pixel 92, 208, 1, 1, 4.80374e+19
Pixel 93, 208, 1, 1, 4.80374e+19
Pixel 93, 209, 1, 1, 4.80374e+19
Pixel 92, 209, 1, 1, 4.80374e+19
Pixel 92, 210, 1, 1, 4.80374e+19
Pixel 93, 210, 1, 1, 4.80374e+19
Pixel 93, 211, 1, 1, 4.80374e+19
Pixel 92, 211, 1, 1, 4.80374e+19
Pixel 92, 212, 1, 1, 4.80374e+19
Pixel 93, 212, 1, 1, 4.80374e+19
Pixel 93, 213, 1, 1, 4.80374e+19
Pixel 92, 213, 1, 1, 4.80374e+19
Pixel 92, 214, 1, 1, 4.80374e+19
Pixel 93, 214, 1, 1, 4.80374e+19
Pixel 93, 215, 1, 1, 4.80374e+19
Pixel 92, 215, 1, 1, 4.80374e+19
Pixel 92, 216, 1, 1, 4.80374e+19
Pixel 93, 216, 1, 1, 4.80374e+19
Pixel 93, 217, 1, 1, 4.80374e+19
Pixel 92, 217, 1, 1, 4.80374e+19
Pixel 92, 218, 1, 1, 4.80374e+19
Pixel 93, 218, 1, 1, 4.80374e+19
Pixel 93, 219, 1, 1, 4.80374e+19
Pixel 92, 219, 1, 1, 4.80374e+19
Pixel 92, 220, 1, 1, 4.80374e+19
Pixel 93, 220, 1, 1, 4.80374e+19
Pixel 93, 221, 1, 1, 4.80374e+19
Pixel 92, 221, 1, 1, 4.80374e+19
Pixel 92, 222, 1, 1, 4.80374e+19
Pixel 93, 222, 1, 1, 4.80374e+19
Pixel 93, 223, 1, 1, 4.80374e+19
Pixel 92, 223, 1, 1, 4.80374e+19
Pixel 92, 224, 1, 1, 4.80374e+19
Pixel 93, 224, 1, 1, 4.80374e+19
Pixel 93, 225, 1, 1, 4.80374e+19
Pixel 92, 225, 1, 1, 4.80374e+19
Pixel 92, 226, 1, 1, 4.80374e+19
Pixel 93, 226, 1, 1, 4.80374e+19
Pixel 93, 227, 1, 1, 4.80374e+19
Pixel 92, 227, 1, 1, 4.80374e+19
Pixel 92, 228, 1, 1, 4.80374e+19
Pixel 93, 228, 1, 1, 4.80374e+19
Pixel 93, 229, 1, 1, 4.80374e+19
Pixel 92, 229, 1, 1, 4.80374e+19
Pixel 92, 230, 1, 1, 4.80374e+19
Pixel 93, 230, 1, 1, 4.80374e+19
Pixel 93, 231, 1, 1, 4.80374e+19
Pixel 92, 231, 1, 1, 4.80374e+19
Pixel 92, 232, 1, 1, 4.80374e+19
Pixel 93, 232, 1, 1, 4.80374e+19
Pixel 93, 233, 1, 1, 4.80374e+19
Pixel 92, 233, 1, 1, 4.80374e+19
Pixel 92, 234, 1, 1, 4.80374e+19
Pixel 93, 234, 1, 1, 4.80374e+19
Pixel 93, 235, 1, 1, 4.80374e+19
Pixel 92, 235, 1, 1, 4.80374e+19
Pixel 92, 236, 1, 1, 4.80374e+19
Pixel 93, 236, 1, 1, 4.80374e+19
Pixel 93, 237, 1, 1, 4.80374e+19
Pixel 92, 237, 1, 1, 4.80374e+19
Pixel 92, 238, 1, 1, 4.80374e+19
Pixel 93, 238, 1, 1, 4.80374e+19
Pixel 93, 239, 1, 1, 4.80374e+19
Pixel 92, 239, 1, 1, 4.80374e+19
Pixel 92, 240, 1, 1, 4.80374e+19
Pixel 93, 240, 1, 1, 4.80374e+19
Pixel 93, 241, 1, 1, 4.80374e+19
Pixel 92, 241, 1, 1, 4.80374e+19
Pixel 92, 242, 1, 1, 4.80374e+19
Pixel 93, 242, 1, 1, 4.80374e+19
Pixel 93, 243, 1, 1, 4.80374e+19
Pixel 92, 243, 1, 1, 4.80374e+19
Pixel 92, 244, 1, 1, 4.80374e+19
Pixel 93, 244, 1, 1, 4.80374e+19
Pixel 93, 245, 1, 1, 4.80374e+19
Pixel 92, 245, 1, 1, 4.80374e+19
Pixel 92, 246, 1, 1, 4.80374e+19
Pixel 93, 246, 1, 1, 4.80374e+19
Pixel 93, 247, 1, 1, 4.80374e+19
Pixel 92, 247, 1, 1, 4.80374e+19
Pixel 92, 248, 1, 1, 4.80374e+19
Pixel 93, 248, 1, 1, 4.80374e+19
Pixel 93, 249, 1, 1, 4.80374e+19
Pixel 92, 249, 1, 1, 4.80374e+19
Pixel 92, 250, 1, 1, 4.80374e+19
Pixel 93, 250, 1, 1, 4.80374e+19
Pixel 93, 251, 1, 1, 4.80374e+19
Pixel 92, 251, 1, 1, 4.80374e+19
Pixel 92, 252, 1, 1, 4.80374e+19
Pixel 93, 252, 1, 1, 4.80374e+19
Pixel 93, 253, 1, 1, 4.80374e+19
Pixel 92, 253, 1, 1, 4.80374e+19
Pixel 92, 254, 1, 1, 4.80374e+19
Pixel 93, 254, 1, 1, 4.80374e+19
Pixel 93, 255, 1, 1, 4.80374e+19
Pixel 92, 255, 1, 1, 4.80374e+19
=== 5844 ===
--- pALPIDEfs_0 ---
Pixel 949, 63, 1, 1, 4.80374e+19
Pixel 950, 63, 1, 1, 4.80374e+19
=== 24400 ===
--- pALPIDEfs_1 ---
Pixel 893, 424, 1, 1, 4.80374e+19
=== 24401 ===
--- pALPIDEfs_1 ---
Pixel 893, 424, 1, 1, 4.80374e+19
=== 27160 ===
--- pALPIDEfs_3 ---
Pixel 653, 379, 1, 1, 4.80374e+19
Pixel 653, 380, 1, 1, 4.80374e+19
Pixel 654, 379, 1, 1, 4.80374e+19
Pixel 654, 380, 1, 1, 4.80374e+19
=== 35969 ===
--- pALPIDEfs_5 ---
Pixel 957, 243, 1, 1, 4.80374e+19
Pixel 958, 242, 1, 1, 4.80374e+19
Pixel 958, 243, 1, 1, 4.80374e+19
=== 69261 ===
--- pALPIDEfs_5 ---
Pixel 787, 292, 1, 1, 4.80374e+19
Pixel 787, 293, 1, 1, 4.80374e+19
Pixel 787, 294, 1, 1, 4.80374e+19
Pixel 788, 293, 1, 1, 4.80374e+19
Pixel 788, 294, 1, 1, 4.80374e+19
=== 70386 ===
--- pALPIDEfs_0 ---
Pixel 158, 152, 1, 1, 4.80374e+19
Pixel 159, 152, 1, 1, 4.80374e+19
--- pALPIDEfs_1 ---
Pixel 798, 483, 1, 1, 4.80374e+19
Pixel 798, 484, 1, 1, 4.80374e+19
=== 86963 ===
--- pALPIDEfs_6 ---
Pixel 365, 109, 1, 1, 4.80374e+19
Pixel 364, 109, 1, 1, 4.80374e+19
Pixel 364, 110, 1, 1, 4.80374e+19
Pixel 365, 110, 1, 1, 4.80374e+19
=== 98954 ===
--- pALPIDEfs_6 ---
Pixel 790, 239, 1, 1, 4.80374e+19
=== 99514 ===
--- pALPIDEfs_2 ---
Pixel 645, 80, 1, 1, 4.80374e+19
Pixel 646, 80, 1, 1, 4.80374e+19
=== 110286 ===
--- pALPIDEfs_3 ---
Pixel 459, 381, 1, 1, 4.80374e+19
Pixel 458, 381, 1, 1, 4.80374e+19
Pixel 458, 382, 1, 1, 4.80374e+19
Pixel 459, 382, 1, 1, 4.80374e+19
Pixel 459, 383, 1, 1, 4.80374e+19
Pixel 460, 382, 1, 1, 4.80374e+19
Pixel 460, 383, 1, 1, 4.80374e+19
=== 117189 ===
--- pALPIDEfs_1 ---
Pixel 392, 323, 1, 1, 4.80374e+19
=== 134063 ===
--- pALPIDEfs_1 ---
Pixel 201, 475, 1, 1, 4.80374e+19
Pixel 202, 475, 1, 1, 4.80374e+19
=== 139829 ===
--- pALPIDEfs_3 ---
Pixel 451, 297, 1, 1, 4.80374e+19
Pixel 451, 298, 1, 1, 4.80374e+19
Pixel 452, 297, 1, 1, 4.80374e+19
Pixel 452, 298, 1, 1, 4.80374e+19
=== 150916 ===
--- pALPIDEfs_1 ---
Pixel 663, 371, 1, 1, 4.80374e+19
Pixel 663, 372, 1, 1, 4.80374e+19
Pixel 664, 371, 1, 1, 4.80374e+19
Pixel 664, 372, 1, 1, 4.80374e+19
=== 162228 ===
--- pALPIDEfs_3 ---
Pixel 70, 234, 1, 1, 4.80374e+19
=== 165598 ===
--- pALPIDEfs_1 ---
Pixel 11, 433, 1, 1, 4.80374e+19
=== 176620 ===
--- pALPIDEfs_4 ---
Pixel 851, 294, 1, 1, 4.80374e+19
Pixel 851, 295, 1, 1, 4.80374e+19
Pixel 852, 295, 1, 1, 4.80374e+19
--- pALPIDEfs_5 ---
Pixel 530, 457, 1, 1, 4.80374e+19
=== 177520 ===
--- pALPIDEfs_5 ---
Pixel 867, 53, 1, 1, 4.80374e+19
Pixel 867, 54, 1, 1, 4.80374e+19
Pixel 868, 53, 1, 1, 4.80374e+19
Pixel 868, 54, 1, 1, 4.80374e+19
Pixel 868, 55, 1, 1, 4.80374e+19
=== 183252 ===
--- pALPIDEfs_1 ---
Pixel 385, 30, 1, 1, 4.80374e+19
=== 193276 ===
--- pALPIDEfs_1 ---
Pixel 956, 284, 1, 1, 4.80374e+19
Pixel 957, 284, 1, 1, 4.80374e+19
Pixel 957, 285, 1, 1, 4.80374e+19
Pixel 956, 285, 1, 1, 4.80374e+19
Pixel 957, 286, 1, 1, 4.80374e+19
Pixel 957, 287, 1, 1, 4.80374e+19
Pixel 958, 285, 1, 1, 4.80374e+19
Pixel 958, 286, 1, 1, 4.80374e+19
Pixel 958, 287, 1, 1, 4.80374e+19
Pixel 958, 288, 1, 1, 4.80374e+19
=== 194574 ===
--- pALPIDEfs_5 ---
Pixel 136, 458, 1, 1, 4.80374e+19
Pixel 137, 458, 1, 1, 4.80374e+19
=== 202041 ===
--- pALPIDEfs_3 ---
Pixel 629, 91, 1, 1, 4.80374e+19
Pixel 628, 91, 1, 1, 4.80374e+19
--- pALPIDEfs_4 ---
Pixel 269, 465, 1, 1, 4.80374e+19
=== 224083 ===
--- pALPIDEfs_0 ---
Pixel 525, 406, 1, 1, 4.80374e+19
Pixel 525, 407, 1, 1, 4.80374e+19
=== 224159 ===
--- pALPIDEfs_6 ---
Pixel 125, 167, 1, 1, 4.80374e+19
Pixel 125, 168, 1, 1, 4.80374e+19
Pixel 126, 167, 1, 1, 4.80374e+19
Pixel 126, 168, 1, 1, 4.80374e+19
Pixel 126, 169, 1, 1, 4.80374e+19
=== 224176 ===
--- pALPIDEfs_0 ---
Pixel 926, 402, 1, 1, 4.80374e+19
Pixel 927, 402, 1, 1, 4.80374e+19
Pixel 927, 403, 1, 1, 4.80374e+19
Pixel 926, 403, 1, 1, 4.80374e+19
=== 247003 ===
--- pALPIDEfs_4 ---
Pixel 725, 204, 1, 1, 4.80374e+19
Pixel 725, 205, 1, 1, 4.80374e+19
=== 250672 ===
--- pALPIDEfs_6 ---
Pixel 770, 398, 1, 1, 4.80374e+19
Pixel 771, 398, 1, 1, 4.80374e+19
Pixel 771, 399, 1, 1, 4.80374e+19
Pixel 770, 399, 1, 1, 4.80374e+19
=== 269350 ===
--- pALPIDEfs_6 ---
Pixel 421, 55, 1, 1, 4.80374e+19
Pixel 420, 55, 1, 1, 4.80374e+19
=== 281620 ===
--- pALPIDEfs_1 ---
Pixel 121, 196, 1, 1, 4.80374e+19
=== 309052 ===
--- pALPIDEfs_0 ---
Pixel 702, 30, 1, 1, 4.80374e+19
Pixel 703, 30, 1, 1, 4.80374e+19
Pixel 703, 31, 1, 1, 4.80374e+19
Pixel 702, 31, 1, 1, 4.80374e+19
=== 316583 ===
--- pALPIDEfs_4 ---
Pixel 446, 54, 1, 1, 4.80374e+19
=== 330116 ===
--- pALPIDEfs_3 ---
Pixel 557, 180, 1, 1, 4.80374e+19
=== 358485 ===
--- pALPIDEfs_0 ---
Pixel 809, 204, 1, 1, 4.80374e+19
=== 361660 ===
--- pALPIDEfs_4 ---
Pixel 563, 480, 1, 1, 4.80374e+19
=== 363788 ===
--- pALPIDEfs_5 ---
Pixel 510, 76, 1, 1, 4.80374e+19
=== 374137 ===
--- pALPIDEfs_0 ---
Pixel 725, 109, 1, 1, 4.80374e+19
Pixel 725, 110, 1, 1, 4.80374e+19
Pixel 726, 109, 1, 1, 4.80374e+19
Pixel 726, 110, 1, 1, 4.80374e+19
=== 397989 ===
--- pALPIDEfs_0 ---
Pixel 959, 17, 1, 1, 4.80374e+19
--- pALPIDEfs_1 ---
Pixel 846, 282, 1, 1, 4.80374e+19
--- pALPIDEfs_2 ---
Pixel 755, 439, 1, 1, 4.80374e+19
=== 398178 ===
--- pALPIDEfs_6 ---
Pixel 978, 392, 1, 1, 4.80374e+19
=== 416991 ===
--- pALPIDEfs_3 ---
Pixel 223, 107, 1, 1, 4.80374e+19
Pixel 224, 107, 1, 1, 4.80374e+19
=== 424197 ===
--- pALPIDEfs_3 ---
Pixel 557, 180, 1, 1, 4.80374e+19
=== 435403 ===
--- pALPIDEfs_1 ---
Pixel 1011, 370, 1, 1, 4.80374e+19
Pixel 1012, 369, 1, 1, 4.80374e+19
Pixel 1012, 370, 1, 1, 4.80374e+19
=== 440856 ===
--- pALPIDEfs_3 ---
Pixel 557, 180, 1, 1, 4.80374e+19
=== 441837 ===
--- pALPIDEfs_3 ---
Pixel 332, 335, 1, 1, 4.80374e+19
Pixel 332, 336, 1, 1, 4.80374e+19
=== 443036 ===
--- pALPIDEfs_3 ---
Pixel 557, 180, 1, 1, 4.80374e+19
=== 443538 ===
--- pALPIDEfs_3 ---
Pixel 557, 180, 1, 1, 4.80374e+19
=== 443790 ===
--- pALPIDEfs_3 ---
Pixel 557, 180, 1, 1, 4.80374e+19
=== 446242 ===
--- pALPIDEfs_0 ---
Pixel 1013, 245, 1, 1, 4.80374e+19
Pixel 1012, 245, 1, 1, 4.80374e+19
Pixel 1012, 246, 1, 1, 4.80374e+19
Pixel 1013, 246, 1, 1, 4.80374e+19
=== 472687 ===
--- pALPIDEfs_3 ---
Pixel 143, 296, 1, 1, 4.80374e+19
Pixel 143, 297, 1, 1, 4.80374e+19
Pixel 142, 297, 1, 1, 4.80374e+19
Pixel 142, 298, 1, 1, 4.80374e+19
Pixel 143, 298, 1, 1, 4.80374e+19
Pixel 143, 299, 1, 1, 4.80374e+19
Pixel 145, 293, 1, 1, 4.80374e+19
Pixel 145, 294, 1, 1, 4.80374e+19
Pixel 145, 295, 1, 1, 4.80374e+19
Pixel 144, 295, 1, 1, 4.80374e+19
Pixel 144, 296, 1, 1, 4.80374e+19
Pixel 144, 297, 1, 1, 4.80374e+19
Pixel 146, 290, 1, 1, 4.80374e+19
Pixel 147, 290, 1, 1, 4.80374e+19
Pixel 147, 291, 1, 1, 4.80374e+19
Pixel 146, 291, 1, 1, 4.80374e+19
Pixel 146, 292, 1, 1, 4.80374e+19
Pixel 147, 292, 1, 1, 4.80374e+19
Pixel 147, 293, 1, 1, 4.80374e+19
Pixel 146, 293, 1, 1, 4.80374e+19
Pixel 146, 294, 1, 1, 4.80374e+19
=== 491629 ===
--- pALPIDEfs_3 ---
Pixel 557, 180, 1, 1, 4.80374e+19
=== 492637 ===
--- pALPIDEfs_2 ---
Pixel 697, 65, 1, 1, 4.80374e+19
Pixel 696, 65, 1, 1, 4.80374e+19
Pixel 696, 66, 1, 1, 4.80374e+19
Pixel 697, 66, 1, 1, 4.80374e+19
=== 495965 ===
--- pALPIDEfs_1 ---
Pixel 831, 84, 1, 1, 4.80374e+19
Pixel 831, 85, 1, 1, 4.80374e+19
Pixel 831, 86, 1, 1, 4.80374e+19
Pixel 831, 87, 1, 1, 4.80374e+19
Pixel 832, 84, 1, 1, 4.80374e+19
Pixel 832, 85, 1, 1, 4.80374e+19
Pixel 832, 86, 1, 1, 4.80374e+19
Pixel 832, 87, 1, 1, 4.80374e+19
Pixel 832, 88, 1, 1, 4.80374e+19
Pixel 833, 88, 1, 1, 4.80374e+19
Pixel 833, 89, 1, 1, 4.80374e+19
Pixel 832, 89, 1, 1, 4.80374e+19
Pixel 833, 90, 1, 1, 4.80374e+19
Pixel 833, 91, 1, 1, 4.80374e+19
Pixel 834, 91, 1, 1, 4.80374e+19
Pixel 834, 92, 1, 1, 4.80374e+19
=== 518624 ===
--- pALPIDEfs_5 ---
Pixel 791, 167, 1, 1, 4.80374e+19
Pixel 791, 168, 1, 1, 4.80374e+19
Pixel 793, 165, 1, 1, 4.80374e+19
Pixel 792, 166, 1, 1, 4.80374e+19
Pixel 793, 166, 1, 1, 4.80374e+19
Pixel 793, 167, 1, 1, 4.80374e+19
Pixel 792, 167, 1, 1, 4.80374e+19
Pixel 792, 168, 1, 1, 4.80374e+19
=== 519117 ===
--- pALPIDEfs_0 ---
Pixel 729, 228, 1, 1, 4.80374e+19
--- pALPIDEfs_1 ---
Pixel 737, 147, 1, 1, 4.80374e+19
Pixel 736, 147, 1, 1, 4.80374e+19
=== 530735 ===
--- pALPIDEfs_3 ---
Pixel 835, 163, 1, 1, 4.80374e+19
Pixel 835, 164, 1, 1, 4.80374e+19
Pixel 836, 162, 1, 1, 4.80374e+19
Pixel 837, 162, 1, 1, 4.80374e+19
Pixel 837, 163, 1, 1, 4.80374e+19
Pixel 836, 163, 1, 1, 4.80374e+19
Pixel 836, 164, 1, 1, 4.80374e+19
=== 578016 ===
--- pALPIDEfs_1 ---
Pixel 659, 481, 1, 1, 4.80374e+19
Pixel 660, 481, 1, 1, 4.80374e+19
=== 578318 ===
--- pALPIDEfs_6 ---
Pixel 386, 225, 1, 1, 4.80374e+19
=== 582524 ===
--- pALPIDEfs_0 ---
Pixel 930, 44, 1, 1, 4.80374e+19
=== 591316 ===
--- pALPIDEfs_3 ---
Pixel 849, 345, 1, 1, 4.80374e+19
Pixel 848, 345, 1, 1, 4.80374e+19
Pixel 848, 346, 1, 1, 4.80374e+19
Pixel 849, 346, 1, 1, 4.80374e+19
Pixel 849, 347, 1, 1, 4.80374e+19
Pixel 850, 347, 1, 1, 4.80374e+19
=== 600618 ===
--- pALPIDEfs_0 ---
Pixel 551, 48, 1, 1, 4.80374e+19
Pixel 551, 49, 1, 1, 4.80374e+19
=== 603517 ===
--- pALPIDEfs_5 ---
Pixel 217, 438, 1, 1, 4.80374e+19
Pixel 217, 439, 1, 1, 4.80374e+19
Pixel 218, 439, 1, 1, 4.80374e+19
=== 623892 ===
--- pALPIDEfs_3 ---
Pixel 605, 473, 1, 1, 4.80374e+19
Pixel 605, 474, 1, 1, 4.80374e+19
Pixel 606, 473, 1, 1, 4.80374e+19
=== 639348 ===
--- pALPIDEfs_3 ---
Pixel 395, 299, 1, 1, 4.80374e+19
=== 639349 ===
--- pALPIDEfs_3 ---
Pixel 395, 299, 1, 1, 4.80374e+19
=== 641875 ===
--- pALPIDEfs_2 ---
Pixel 598, 2, 1, 1, 4.80374e+19
Pixel 598, 3, 1, 1, 4.80374e+19
=== 655947 ===
--- pALPIDEfs_6 ---
Pixel 779, 301, 1, 1, 4.80374e+19
=== 660259 ===
--- pALPIDEfs_0 ---
Pixel 877, 139, 1, 1, 4.80374e+19
Pixel 878, 138, 1, 1, 4.80374e+19
Pixel 878, 139, 1, 1, 4.80374e+19
=== 687502 ===
--- pALPIDEfs_6 ---
Pixel 623, 195, 1, 1, 4.80374e+19
=== 693695 ===
--- pALPIDEfs_0 ---
Pixel 472, 411, 1, 1, 4.80374e+19
=== 698580 ===
--- pALPIDEfs_1 ---
Pixel 497, 37, 1, 1, 4.80374e+19
Pixel 497, 38, 1, 1, 4.80374e+19
Pixel 498, 37, 1, 1, 4.80374e+19
Pixel 498, 38, 1, 1, 4.80374e+19
=== 716297 ===
--- pALPIDEfs_3 ---
Pixel 557, 180, 1, 1, 4.80374e+19
=== 716878 ===
--- pALPIDEfs_3 ---
Pixel 484, 364, 1, 1, 4.80374e+19
Pixel 485, 365, 1, 1, 4.80374e+19
Pixel 484, 365, 1, 1, 4.80374e+19
--- pALPIDEfs_4 ---
Pixel 422, 310, 1, 1, 4.80374e+19
Pixel 423, 310, 1, 1, 4.80374e+19
=== 742736 ===
--- pALPIDEfs_3 ---
Pixel 557, 180, 1, 1, 4.80374e+19
=== 746007 ===
--- pALPIDEfs_5 ---
Pixel 991, 101, 1, 1, 4.80374e+19
Pixel 991, 102, 1, 1, 4.80374e+19
=== 760127 ===
--- pALPIDEfs_6 ---
Pixel 886, 53, 1, 1, 4.80374e+19
Pixel 886, 54, 1, 1, 4.80374e+19
=== 793129 ===
--- pALPIDEfs_2 ---
Pixel 554, 465, 1, 1, 4.80374e+19
Pixel 554, 466, 1, 1, 4.80374e+19
Pixel 555, 466, 1, 1, 4.80374e+19
=== 818764 ===
--- pALPIDEfs_5 ---
Pixel 397, 270, 1, 1, 4.80374e+19
Pixel 397, 271, 1, 1, 4.80374e+19
=== 823343 ===
--- pALPIDEfs_0 ---
Pixel 349, 153, 1, 1, 4.80374e+19
Pixel 349, 154, 1, 1, 4.80374e+19
Pixel 350, 153, 1, 1, 4.80374e+19
Pixel 350, 154, 1, 1, 4.80374e+19
=== 828673 ===
--- pALPIDEfs_6 ---
Pixel 568, 384, 1, 1, 4.80374e+19
Pixel 569, 384, 1, 1, 4.80374e+19
Pixel 569, 385, 1, 1, 4.80374e+19
Pixel 568, 385, 1, 1, 4.80374e+19
=== 837889 ===
--- pALPIDEfs_4 ---
Pixel 621, 112, 1, 1, 4.80374e+19
Pixel 621, 113, 1, 1, 4.80374e+19
Pixel 620, 114, 1, 1, 4.80374e+19
Pixel 621, 114, 1, 1, 4.80374e+19
Pixel 621, 115, 1, 1, 4.80374e+19
Pixel 620, 115, 1, 1, 4.80374e+19
Pixel 620, 116, 1, 1, 4.80374e+19
Pixel 621, 116, 1, 1, 4.80374e+19
Pixel 621, 117, 1, 1, 4.80374e+19
Pixel 622, 112, 1, 1, 4.80374e+19
=== 846255 ===
--- pALPIDEfs_2 ---
Pixel 267, 495, 1, 1, 4.80374e+19
Pixel 268, 494, 1, 1, 4.80374e+19
Pixel 268, 495, 1, 1, 4.80374e+19
=== 860751 ===
--- pALPIDEfs_4 ---
Pixel 151, 183, 1, 1, 4.80374e+19
Pixel 150, 183, 1, 1, 4.80374e+19
--- pALPIDEfs_5 ---
Pixel 295, 283, 1, 1, 4.80374e+19
Pixel 296, 283, 1, 1, 4.80374e+19
--- pALPIDEfs_6 ---
Pixel 495, 325, 1, 1, 4.80374e+19
Pixel 496, 325, 1, 1, 4.80374e+19
=== 861389 ===
--- pALPIDEfs_4 ---
Pixel 118, 404, 1, 1, 4.80374e+19
Pixel 119, 404, 1, 1, 4.80374e+19
Pixel 119, 405, 1, 1, 4.80374e+19
Pixel 118, 405, 1, 1, 4.80374e+19
=== 864902 ===
--- pALPIDEfs_3 ---
Pixel 511, 250, 1, 1, 4.80374e+19
Pixel 511, 251, 1, 1, 4.80374e+19
Pixel 511, 252, 1, 1, 4.80374e+19
Pixel 512, 251, 1, 1, 4.80374e+19
=== 868270 ===
--- pALPIDEfs_3 ---
Pixel 557, 180, 1, 1, 4.80374e+19
=== 873292 ===
--- pALPIDEfs_4 ---
Pixel 656, 114, 1, 1, 4.80374e+19
Pixel 657, 114, 1, 1, 4.80374e+19
Pixel 657, 115, 1, 1, 4.80374e+19
=== 879697 ===
--- pALPIDEfs_3 ---
Pixel 557, 180, 1, 1, 4.80374e+19
=== 890639 ===
--- pALPIDEfs_2 ---
Pixel 314, 204, 1, 1, 4.80374e+19
Pixel 314, 205, 1, 1, 4.80374e+19
=== 894924 ===
--- pALPIDEfs_2 ---
Pixel 67, 227, 1, 1, 4.80374e+19
Pixel 66, 227, 1, 1, 4.80374e+19
Pixel 66, 228, 1, 1, 4.80374e+19
Pixel 67, 228, 1, 1, 4.80374e+19
=== 903028 ===
--- pALPIDEfs_2 ---
Pixel 115, 441, 1, 1, 4.80374e+19
Pixel 115, 442, 1, 1, 4.80374e+19
Pixel 116, 441, 1, 1, 4.80374e+19
Pixel 116, 442, 1, 1, 4.80374e+19
=== 914134 ===
--- pALPIDEfs_3 ---
Pixel 173, 238, 1, 1, 4.80374e+19
Pixel 173, 239, 1, 1, 4.80374e+19
=== 918207 ===
--- pALPIDEfs_0 ---
Pixel 320, 399, 1, 1, 4.80374e+19
=== 932959 ===
--- pALPIDEfs_1 ---
Pixel 495, 72, 1, 1, 4.80374e+19
=== 935252 ===
--- pALPIDEfs_4 ---
Pixel 687, 133, 1, 1, 4.80374e+19
=== 947017 ===
--- pALPIDEfs_1 ---
Pixel 601, 9, 1, 1, 4.80374e+19
=== 950524 ===
--- pALPIDEfs_6 ---
Pixel 336, 102, 1, 1, 4.80374e+19
=== 953177 ===
--- pALPIDEfs_3 ---
Pixel 8, 290, 1, 1, 4.80374e+19
Pixel 9, 290, 1, 1, 4.80374e+19
--- pALPIDEfs_4 ---
Pixel 125, 401, 1, 1, 4.80374e+19
Pixel 124, 401, 1, 1, 4.80374e+19
Pixel 125, 402, 1, 1, 4.80374e+19
--- pALPIDEfs_5 ---
Pixel 590, 372, 1, 1, 4.80374e+19
--- pALPIDEfs_6 ---
Pixel 993, 106, 1, 1, 4.80374e+19
Pixel 994, 106, 1, 1, 4.80374e+19
=== 964449 ===
--- pALPIDEfs_0 ---
Pixel 1017, 305, 1, 1, 4.80374e+19
=== 997290 ===
--- pALPIDEfs_4 ---
Pixel 176, 408, 1, 1, 4.80374e+19
Pixel 177, 408, 1, 1, 4.80374e+19
Pixel 177, 409, 1, 1, 4.80374e+19
Pixel 176, 409, 1, 1, 4.80374e+19
Pixel 176, 410, 1, 1, 4.80374e+19
Pixel 251, 81, 1, 1, 4.80374e+19
Pixel 253, 79, 1, 1, 4.80374e+19
Pixel 252, 79, 1, 1, 4.80374e+19
Pixel 252, 80, 1, 1, 4.80374e+19
Pixel 253, 80, 1, 1, 4.80374e+19
Pixel 252, 81, 1, 1, 4.80374e+19
=== 1003053 ===
--- pALPIDEfs_2 ---
Pixel 655, 88, 1, 1, 4.80374e+19
Pixel 655, 89, 1, 1, 4.80374e+19
Pixel 656, 87, 1, 1, 4.80374e+19
Pixel 656, 88, 1, 1, 4.80374e+19
Pixel 657, 88, 1, 1, 4.80374e+19
Pixel 656, 89, 1, 1, 4.80374e+19
--- pALPIDEfs_3 ---
Pixel 172, 195, 1, 1, 4.80374e+19
=== 1032585 ===
--- pALPIDEfs_2 ---
Pixel 825, 94, 1, 1, 4.80374e+19
Pixel 825, 95, 1, 1, 4.80374e+19
Pixel 826, 94, 1, 1, 4.80374e+19
Pixel 826, 95, 1, 1, 4.80374e+19
=== 1035574 ===
--- pALPIDEfs_3 ---
Pixel 708, 354, 1, 1, 4.80374e+19
Pixel 709, 354, 1, 1, 4.80374e+19
Pixel 709, 355, 1, 1, 4.80374e+19
Pixel 708, 355, 1, 1, 4.80374e+19
Pixel 708, 356, 1, 1, 4.80374e+19
Pixel 709, 356, 1, 1, 4.80374e+19
Pixel 710, 356, 1, 1, 4.80374e+19
=== 1036099 ===
--- pALPIDEfs_4 ---
Pixel 63, 488, 1, 1, 4.80374e+19
Pixel 63, 489, 1, 1, 4.80374e+19
Pixel 64, 487, 1, 1, 4.80374e+19
Pixel 64, 488, 1, 1, 4.80374e+19
Pixel 64, 489, 1, 1, 4.80374e+19
=== 1073000 ===
--- pALPIDEfs_3 ---
Pixel 997, 307, 1, 1, 4.80374e+19
Pixel 996, 308, 1, 1, 4.80374e+19
Pixel 997, 308, 1, 1, 4.80374e+19
Pixel 998, 307, 1, 1, 4.80374e+19
Pixel 998, 308, 1, 1, 4.80374e+19
--- pALPIDEfs_4 ---
Pixel 731, 346, 1, 1, 4.80374e+19
Pixel 731, 347, 1, 1, 4.80374e+19
=== 1089071 ===
--- pALPIDEfs_0 ---
Pixel 607, 263, 1, 1, 4.80374e+19
Pixel 606, 263, 1, 1, 4.80374e+19
Pixel 606, 264, 1, 1, 4.80374e+19
Pixel 607, 264, 1, 1, 4.80374e+19
Pixel 608, 264, 1, 1, 4.80374e+19
=== 1098999 ===
--- pALPIDEfs_1 ---
Pixel 9, 18, 1, 1, 4.80374e+19
Pixel 9, 19, 1, 1, 4.80374e+19
Pixel 8, 20, 1, 1, 4.80374e+19
Pixel 9, 20, 1, 1, 4.80374e+19
Pixel 9, 21, 1, 1, 4.80374e+19
Pixel 8, 21, 1, 1, 4.80374e+19
Pixel 9, 22, 1, 1, 4.80374e+19
Pixel 10, 19, 1, 1, 4.80374e+19
Pixel 10, 20, 1, 1, 4.80374e+19
Pixel 10, 21, 1, 1, 4.80374e+19
=== 1099086 ===
--- pALPIDEfs_3 ---
Pixel 557, 180, 1, 1, 4.80374e+19
=== 1117666 ===
--- pALPIDEfs_0 ---
Pixel 781, 423, 1, 1, 4.80374e+19
Pixel 780, 423, 1, 1, 4.80374e+19
Pixel 780, 424, 1, 1, 4.80374e+19
Pixel 782, 423, 1, 1, 4.80374e+19
=== 1126426 ===
--- pALPIDEfs_1 ---
Pixel 602, 394, 1, 1, 4.80374e+19
Pixel 603, 394, 1, 1, 4.80374e+19
Pixel 603, 395, 1, 1, 4.80374e+19
Pixel 602, 395, 1, 1, 4.80374e+19
Pixel 604, 394, 1, 1, 4.80374e+19
Pixel 604, 395, 1, 1, 4.80374e+19
=== 1149395 ===
--- pALPIDEfs_4 ---
Pixel 594, 62, 1, 1, 4.80374e+19
Pixel 595, 63, 1, 1, 4.80374e+19
Pixel 594, 63, 1, 1, 4.80374e+19
=== 1159702 ===
--- pALPIDEfs_5 ---
Pixel 412, 14, 1, 1, 4.80374e+19
=== 1164422 ===
--- pALPIDEfs_4 ---
Pixel 979, 116, 1, 1, 4.80374e+19
Pixel 980, 116, 1, 1, 4.80374e+19
Pixel 981, 116, 1, 1, 4.80374e+19
Pixel 980, 117, 1, 1, 4.80374e+19
=== 1167133 ===
--- pALPIDEfs_0 ---
Pixel 333, 342, 1, 1, 4.80374e+19
Pixel 333, 343, 1, 1, 4.80374e+19
=== 1179199 ===
--- pALPIDEfs_3 ---
Pixel 557, 180, 1, 1, 4.80374e+19
=== 1184599 ===
--- pALPIDEfs_5 ---
Pixel 163, 215, 1, 1, 4.80374e+19
Pixel 163, 216, 1, 1, 4.80374e+19
Pixel 164, 215, 1, 1, 4.80374e+19
Pixel 164, 216, 1, 1, 4.80374e+19
=== 1208331 ===
--- pALPIDEfs_5 ---
Pixel 587, 455, 1, 1, 4.80374e+19
Pixel 587, 456, 1, 1, 4.80374e+19
=== 1220660 ===
--- pALPIDEfs_0 ---
Pixel 303, 219, 1, 1, 4.80374e+19
Pixel 303, 220, 1, 1, 4.80374e+19
Pixel 304, 219, 1, 1, 4.80374e+19
Pixel 304, 220, 1, 1, 4.80374e+19
Pixel 304, 221, 1, 1, 4.80374e+19
Pixel 304, 222, 1, 1, 4.80374e+19
Pixel 304, 223, 1, 1, 4.80374e+19
Pixel 304, 224, 1, 1, 4.80374e+19
Pixel 304, 225, 1, 1, 4.80374e+19
Pixel 304, 226, 1, 1, 4.80374e+19
=== 1220796 ===
--- pALPIDEfs_5 ---
Pixel 777, 10, 1, 1, 4.80374e+19
Pixel 777, 11, 1, 1, 4.80374e+19
=== 1225372 ===
--- pALPIDEfs_2 ---
Pixel 22, 331, 1, 1, 4.80374e+19
=== 1251025 ===
--- pALPIDEfs_2 ---
Pixel 434, 432, 1, 1, 4.80374e+19
Pixel 435, 432, 1, 1, 4.80374e+19
Pixel 435, 433, 1, 1, 4.80374e+19
Pixel 434, 433, 1, 1, 4.80374e+19
=== 1256924 ===
--- pALPIDEfs_0 ---
Pixel 833, 180, 1, 1, 4.80374e+19
Pixel 833, 181, 1, 1, 4.80374e+19
=== 1264353 ===
--- pALPIDEfs_0 ---
Pixel 873, 465, 1, 1, 4.80374e+19
Pixel 872, 465, 1, 1, 4.80374e+19
=== 1268135 ===
--- pALPIDEfs_0 ---
Pixel 452, 409, 1, 1, 4.80374e+19
Pixel 452, 410, 1, 1, 4.80374e+19
=== 1278144 ===
--- pALPIDEfs_2 ---
Pixel 123, 323, 1, 1, 4.80374e+19
Pixel 122, 323, 1, 1, 4.80374e+19
=== 1290714 ===
--- pALPIDEfs_5 ---
Pixel 843, 501, 1, 1, 4.80374e+19
Pixel 843, 502, 1, 1, 4.80374e+19
Pixel 843, 503, 1, 1, 4.80374e+19
Pixel 843, 504, 1, 1, 4.80374e+19
Pixel 844, 500, 1, 1, 4.80374e+19
Pixel 844, 501, 1, 1, 4.80374e+19
Pixel 844, 502, 1, 1, 4.80374e+19
Pixel 844, 503, 1, 1, 4.80374e+19
Pixel 844, 504, 1, 1, 4.80374e+19
Pixel 847, 499, 1, 1, 4.80374e+19
Pixel 846, 499, 1, 1, 4.80374e+19
Pixel 846, 500, 1, 1, 4.80374e+19
Pixel 847, 500, 1, 1, 4.80374e+19
=== 1301508 ===
--- pALPIDEfs_0 ---
Pixel 556, 84, 1, 1, 4.80374e+19
Pixel 556, 85, 1, 1, 4.80374e+19
=== 1309603 ===
--- pALPIDEfs_4 ---
Pixel 68, 422, 1, 1, 4.80374e+19
Pixel 69, 422, 1, 1, 4.80374e+19
Pixel 69, 423, 1, 1, 4.80374e+19
=== 1318088 ===
--- pALPIDEfs_2 ---
Pixel 373, 129, 1, 1, 4.80374e+19
Pixel 373, 130, 1, 1, 4.80374e+19
Pixel 374, 129, 1, 1, 4.80374e+19
=== 1326618 ===
--- pALPIDEfs_0 ---
Pixel 845, 6, 1, 1, 4.80374e+19
Pixel 845, 7, 1, 1, 4.80374e+19
Pixel 846, 6, 1, 1, 4.80374e+19
Pixel 846, 7, 1, 1, 4.80374e+19
--- pALPIDEfs_1 ---
Pixel 21, 129, 1, 1, 4.80374e+19
Pixel 23, 129, 1, 1, 4.80374e+19
Pixel 22, 129, 1, 1, 4.80374e+19
Pixel 22, 130, 1, 1, 4.80374e+19
=== 1344507 ===
--- pALPIDEfs_4 ---
Pixel 151, 329, 1, 1, 4.80374e+19
Pixel 151, 330, 1, 1, 4.80374e+19
=== 1351885 ===
--- pALPIDEfs_0 ---
Pixel 746, 354, 1, 1, 4.80374e+19
=== 1355352 ===
--- pALPIDEfs_2 ---
Pixel 23, 355, 1, 1, 4.80374e+19
Pixel 24, 354, 1, 1, 4.80374e+19
Pixel 24, 355, 1, 1, 4.80374e+19
=== 1359433 ===
--- pALPIDEfs_3 ---
Pixel 557, 180, 1, 1, 4.80374e+19
=== 1368503 ===
--- pALPIDEfs_0 ---
Pixel 601, 309, 1, 1, 4.80374e+19
=== 1382338 ===
--- pALPIDEfs_6 ---
Pixel 719, 17, 1, 1, 4.80374e+19
Pixel 718, 17, 1, 1, 4.80374e+19
Pixel 718, 18, 1, 1, 4.80374e+19
Pixel 719, 18, 1, 1, 4.80374e+19
=== 1387747 ===
--- pALPIDEfs_2 ---
Pixel 1005, 347, 1, 1, 4.80374e+19
Pixel 1004, 347, 1, 1, 4.80374e+19
=== 1387842 ===
--- pALPIDEfs_3 ---
Pixel 557, 180, 1, 1, 4.80374e+19
=== 1388812 ===
--- pALPIDEfs_4 ---
Pixel 497, 8, 1, 1, 4.80374e+19
Pixel 497, 9, 1, 1, 4.80374e+19
Pixel 496, 9, 1, 1, 4.80374e+19
Pixel 496, 10, 1, 1, 4.80374e+19
=== 1395730 ===
--- pALPIDEfs_6 ---
Pixel 457, 326, 1, 1, 4.80374e+19
Pixel 457, 327, 1, 1, 4.80374e+19
Pixel 458, 326, 1, 1, 4.80374e+19
Pixel 458, 327, 1, 1, 4.80374e+19
=== 1400045 ===
--- pALPIDEfs_3 ---
Pixel 597, 258, 1, 1, 4.80374e+19
=== 1417006 ===
--- pALPIDEfs_3 ---
Pixel 396, 452, 1, 1, 4.80374e+19
Pixel 396, 453, 1, 1, 4.80374e+19
--- pALPIDEfs_4 ---
Pixel 289, 157, 1, 1, 4.80374e+19
Pixel 289, 158, 1, 1, 4.80374e+19
Pixel 290, 157, 1, 1, 4.80374e+19
Pixel 290, 158, 1, 1, 4.80374e+19
=== 1422843 ===
--- pALPIDEfs_3 ---
Pixel 847, 511, 1, 1, 4.80374e+19
--- pALPIDEfs_4 ---
Pixel 929, 164, 1, 1, 4.80374e+19
=== 1428214 ===
--- pALPIDEfs_3 ---
Pixel 240, 84, 1, 1, 4.80374e+19
Pixel 240, 85, 1, 1, 4.80374e+19
--- pALPIDEfs_4 ---
Pixel 291, 480, 1, 1, 4.80374e+19
=== 1444227 ===
--- pALPIDEfs_4 ---
Pixel 994, 459, 1, 1, 4.80374e+19
Pixel 994, 460, 1, 1, 4.80374e+19
--- pALPIDEfs_5 ---
Pixel 794, 470, 1, 1, 4.80374e+19
Pixel 794, 471, 1, 1, 4.80374e+19
--- pALPIDEfs_6 ---
Pixel 643, 430, 1, 1, 4.80374e+19
Pixel 643, 431, 1, 1, 4.80374e+19
Pixel 644, 430, 1, 1, 4.80374e+19
Pixel 644, 431, 1, 1, 4.80374e+19
=== 1452739 ===
--- pALPIDEfs_2 ---
Pixel 336, 114, 1, 1, 4.80374e+19
Pixel 336, 115, 1, 1, 4.80374e+19
=== 1459373 ===
--- pALPIDEfs_0 ---
Pixel 175, 359, 1, 1, 4.80374e+19
Pixel 174, 359, 1, 1, 4.80374e+19
Pixel 174, 360, 1, 1, 4.80374e+19
Pixel 175, 360, 1, 1, 4.80374e+19
Pixel 174, 361, 1, 1, 4.80374e+19
=== 1461237 ===
--- pALPIDEfs_3 ---
Pixel 557, 180, 1, 1, 4.80374e+19
=== 1465578 ===
--- pALPIDEfs_1 ---
Pixel 231, 176, 1, 1, 4.80374e+19
Pixel 232, 175, 1, 1, 4.80374e+19
Pixel 232, 176, 1, 1, 4.80374e+19
=== 1467174 ===
--- pALPIDEfs_1 ---
Pixel 1003, 486, 1, 1, 4.80374e+19
Pixel 1003, 487, 1, 1, 4.80374e+19
Pixel 1004, 486, 1, 1, 4.80374e+19
Pixel 1004, 487, 1, 1, 4.80374e+19
=== 1467922 ===
--- pALPIDEfs_5 ---
Pixel 131, 190, 1, 1, 4.80374e+19
Pixel 131, 191, 1, 1, 4.80374e+19
=== 1468492 ===
--- pALPIDEfs_5 ---
Pixel 832, 307, 1, 1, 4.80374e+19
Pixel 833, 308, 1, 1, 4.80374e+19
Pixel 832, 309, 1, 1, 4.80374e+19
=== 1469681 ===
--- pALPIDEfs_5 ---
Pixel 53, 486, 1, 1, 4.80374e+19
=== 1479580 ===
--- pALPIDEfs_6 ---
Pixel 825, 331, 1, 1, 4.80374e+19
Pixel 824, 331, 1, 1, 4.80374e+19
=== 1492361 ===
--- pALPIDEfs_3 ---
Pixel 535, 169, 1, 1, 4.80374e+19
Pixel 535, 170, 1, 1, 4.80374e+19
Pixel 536, 169, 1, 1, 4.80374e+19
Pixel 536, 170, 1, 1, 4.80374e+19
=== 1500247 ===
--- pALPIDEfs_1 ---
Pixel 64, 92, 1, 1, 4.80374e+19
Pixel 65, 92, 1, 1, 4.80374e+19
Pixel 65, 93, 1, 1, 4.80374e+19
=== 1505160 ===
--- pALPIDEfs_2 ---
Pixel 95, 358, 1, 1, 4.80374e+19
Pixel 96, 355, 1, 1, 4.80374e+19
Pixel 96, 356, 1, 1, 4.80374e+19
Pixel 96, 357, 1, 1, 4.80374e+19
Pixel 96, 358, 1, 1, 4.80374e+19
=== 1510717 ===
--- pALPIDEfs_4 ---
Pixel 56, 480, 1, 1, 4.80374e+19
Pixel 57, 480, 1, 1, 4.80374e+19
Pixel 57, 481, 1, 1, 4.80374e+19
Pixel 56, 481, 1, 1, 4.80374e+19
=== 1515954 ===
--- pALPIDEfs_3 ---
Pixel 92, 363, 1, 1, 4.80374e+19
Pixel 92, 364, 1, 1, 4.80374e+19
--- pALPIDEfs_4 ---
Pixel 23, 129, 1, 1, 4.80374e+19
Pixel 24, 129, 1, 1, 4.80374e+19
=== 1524773 ===
--- pALPIDEfs_2 ---
Pixel 695, 287, 1, 1, 4.80374e+19
Pixel 694, 287, 1, 1, 4.80374e+19
=== 1562986 ===
--- pALPIDEfs_1 ---
Pixel 711, 207, 1, 1, 4.80374e+19
Pixel 712, 207, 1, 1, 4.80374e+19
=== 1575612 ===
--- pALPIDEfs_4 ---
Pixel 230, 232, 1, 1, 4.80374e+19
Pixel 231, 232, 1, 1, 4.80374e+19
Pixel 231, 233, 1, 1, 4.80374e+19
Pixel 230, 233, 1, 1, 4.80374e+19
=== 1581824 ===
--- pALPIDEfs_0 ---
Pixel 12, 211, 1, 1, 4.80374e+19
Pixel 12, 212, 1, 1, 4.80374e+19
=== 1582786 ===
--- pALPIDEfs_3 ---
Pixel 557, 180, 1, 1, 4.80374e+19
=== 1608538 ===
--- pALPIDEfs_2 ---
Pixel 185, 124, 1, 1, 4.80374e+19
=== 1618464 ===
--- pALPIDEfs_3 ---
Pixel 258, 198, 1, 1, 4.80374e+19
Pixel 258, 199, 1, 1, 4.80374e+19
=== 1622007 ===
--- pALPIDEfs_3 ---
Pixel 162, 310, 1, 1, 4.80374e+19
Pixel 163, 310, 1, 1, 4.80374e+19
Pixel 163, 311, 1, 1, 4.80374e+19
Pixel 162, 311, 1, 1, 4.80374e+19
=== 1630411 ===
--- pALPIDEfs_3 ---
Pixel 557, 180, 1, 1, 4.80374e+19
=== 1634461 ===
--- pALPIDEfs_0 ---
Pixel 344, 139, 1, 1, 4.80374e+19
Pixel 344, 140, 1, 1, 4.80374e+19
=== 1657424 ===
--- pALPIDEfs_4 ---
Pixel 891, 243, 1, 1, 4.80374e+19
Pixel 890, 243, 1, 1, 4.80374e+19
Pixel 890, 244, 1, 1, 4.80374e+19
Pixel 891, 244, 1, 1, 4.80374e+19
Pixel 891, 245, 1, 1, 4.80374e+19
=== 1685148 ===
--- pALPIDEfs_3 ---
Pixel 297, 255, 1, 1, 4.80374e+19
Pixel 296, 256, 1, 1, 4.80374e+19
Pixel 297, 256, 1, 1, 4.80374e+19
Pixel 297, 257, 1, 1, 4.80374e+19
Pixel 296, 257, 1, 1, 4.80374e+19
Pixel 298, 255, 1, 1, 4.80374e+19
Pixel 298, 256, 1, 1, 4.80374e+19
=== 1697626 ===
--- pALPIDEfs_0 ---
Pixel 895, 2, 1, 1, 4.80374e+19
--- pALPIDEfs_1 ---
Pixel 1013, 511, 1, 1, 4.80374e+19
Pixel 1014, 510, 1, 1, 4.80374e+19
Pixel 1014, 511, 1, 1, 4.80374e+19
=== 1700892 ===
--- pALPIDEfs_3 ---
Pixel 557, 180, 1, 1, 4.80374e+19
=== 1706408 ===
--- pALPIDEfs_0 ---
Pixel 777, 315, 1, 1, 4.80374e+19
Pixel 778, 315, 1, 1, 4.80374e+19
--- pALPIDEfs_1 ---
Pixel 630, 413, 1, 1, 4.80374e+19
--- pALPIDEfs_2 ---
Pixel 561, 386, 1, 1, 4.80374e+19
Pixel 561, 387, 1, 1, 4.80374e+19
=== 1706855 ===
--- pALPIDEfs_3 ---
Pixel 557, 180, 1, 1, 4.80374e+19
=== 1726853 ===
--- pALPIDEfs_6 ---
Pixel 232, 124, 1, 1, 4.80374e+19
=== 1765001 ===
--- pALPIDEfs_4 ---
Pixel 986, 425, 1, 1, 4.80374e+19
Pixel 986, 426, 1, 1, 4.80374e+19
Pixel 987, 426, 1, 1, 4.80374e+19
=== 1774079 ===
--- pALPIDEfs_0 ---
Pixel 238, 398, 1, 1, 4.80374e+19
=== 1774206 ===
--- pALPIDEfs_4 ---
Pixel 198, 376, 1, 1, 4.80374e+19
Pixel 199, 376, 1, 1, 4.80374e+19
Pixel 199, 377, 1, 1, 4.80374e+19
Pixel 198, 377, 1, 1, 4.80374e+19
=== 1777048 ===
--- pALPIDEfs_5 ---
Pixel 849, 457, 1, 1, 4.80374e+19
Pixel 848, 457, 1, 1, 4.80374e+19
=== 1781266 ===
--- pALPIDEfs_0 ---
Pixel 462, 465, 1, 1, 4.80374e+19
--- pALPIDEfs_1 ---
Pixel 275, 424, 1, 1, 4.80374e+19
Pixel 276, 424, 1, 1, 4.80374e+19
--- pALPIDEfs_2 ---
Pixel 107, 283, 1, 1, 4.80374e+19
Pixel 108, 283, 1, 1, 4.80374e+19
=== 1789670 ===
--- pALPIDEfs_3 ---
Pixel 557, 180, 1, 1, 4.80374e+19
=== 1790858 ===
--- pALPIDEfs_0 ---
Pixel 186, 63, 1, 1, 4.80374e+19
=== 1793670 ===
--- pALPIDEfs_1 ---
Pixel 387, 346, 1, 1, 4.80374e+19
=== 1805265 ===
--- pALPIDEfs_3 ---
Pixel 557, 180, 1, 1, 4.80374e+19
=== 1822282 ===
--- pALPIDEfs_3 ---
Pixel 413, 240, 1, 1, 4.80374e+19
=== 1831583 ===
--- pALPIDEfs_0 ---
Pixel 868, 107, 1, 1, 4.80374e+19
=== 1871233 ===
--- pALPIDEfs_3 ---
Pixel 941, 426, 1, 1, 4.80374e+19
Pixel 941, 427, 1, 1, 4.80374e+19
Pixel 941, 428, 1, 1, 4.80374e+19
Pixel 942, 426, 1, 1, 4.80374e+19
Pixel 942, 427, 1, 1, 4.80374e+19
=== 1914416 ===
--- pALPIDEfs_0 ---
Pixel 646, 88, 1, 1, 4.80374e+19
Pixel 647, 88, 1, 1, 4.80374e+19
=== 1938572 ===
--- pALPIDEfs_0 ---
Pixel 265, 287, 1, 1, 4.80374e+19
Pixel 265, 288, 1, 1, 4.80374e+19
Pixel 265, 289, 1, 1, 4.80374e+19
Pixel 266, 288, 1, 1, 4.80374e+19
Pixel 266, 289, 1, 1, 4.80374e+19
=== 1952156 ===
--- pALPIDEfs_1 ---
Pixel 575, 132, 1, 1, 4.80374e+19
Pixel 576, 133, 1, 1, 4.80374e+19
=== 1954451 ===
--- pALPIDEfs_4 ---
Pixel 569, 301, 1, 1, 4.80374e+19
Pixel 570, 301, 1, 1, 4.80374e+19
=== 1960643 ===
--- pALPIDEfs_2 ---
Pixel 968, 234, 1, 1, 4.80374e+19
Pixel 969, 234, 1, 1, 4.80374e+19
Pixel 969, 235, 1, 1, 4.80374e+19
--- pALPIDEfs_3 ---
Pixel 243, 455, 1, 1, 4.80374e+19
Pixel 242, 455, 1, 1, 4.80374e+19
Pixel 242, 456, 1, 1, 4.80374e+19
Pixel 243, 456, 1, 1, 4.80374e+19
=== 1976131 ===
--- pALPIDEfs_6 ---
Pixel 21, 274, 1, 1, 4.80374e+19
Pixel 21, 275, 1, 1, 4.80374e+19
Pixel 22, 274, 1, 1, 4.80374e+19
=== 1976472 ===
--- pALPIDEfs_5 ---
Pixel 122, 104, 1, 1, 4.80374e+19
Pixel 123, 104, 1, 1, 4.80374e+19
Pixel 122, 105, 1, 1, 4.80374e+19
=== 2007432 ===
--- pALPIDEfs_4 ---
Pixel 849, 197, 1, 1, 4.80374e+19
Pixel 848, 197, 1, 1, 4.80374e+19
Pixel 848, 198, 1, 1, 4.80374e+19
Pixel 849, 198, 1, 1, 4.80374e+19
Pixel 849, 199, 1, 1, 4.80374e+19
Pixel 850, 197, 1, 1, 4.80374e+19
Pixel 850, 198, 1, 1, 4.80374e+19
=== 2008654 ===
--- pALPIDEfs_2 ---
Pixel 789, 83, 1, 1, 4.80374e+19
Pixel 788, 83, 1, 1, 4.80374e+19
=== 2014133 ===
--- pALPIDEfs_0 ---
Pixel 863, 104, 1, 1, 4.80374e+19
Pixel 864, 104, 1, 1, 4.80374e+19
--- pALPIDEfs_1 ---
Pixel 926, 310, 1, 1, 4.80374e+19
Pixel 927, 310, 1, 1, 4.80374e+19
--- pALPIDEfs_2 ---
Pixel 1012, 406, 1, 1, 4.80374e+19
=== 2035879 ===
--- pALPIDEfs_3 ---
Pixel 768, 478, 1, 1, 4.80374e+19
Pixel 769, 478, 1, 1, 4.80374e+19
Pixel 769, 479, 1, 1, 4.80374e+19
Pixel 768, 479, 1, 1, 4.80374e+19
Pixel 769, 480, 1, 1, 4.80374e+19
=== 2050874 ===
--- pALPIDEfs_5 ---
Pixel 157, 509, 1, 1, 4.80374e+19
Pixel 157, 510, 1, 1, 4.80374e+19
Pixel 157, 511, 1, 1, 4.80374e+19
Pixel 158, 510, 1, 1, 4.80374e+19
Pixel 159, 510, 1, 1, 4.80374e+19
Pixel 159, 511, 1, 1, 4.80374e+19
Pixel 158, 511, 1, 1, 4.80374e+19
Pixel 160, 510, 1, 1, 4.80374e+19
Pixel 161, 511, 1, 1, 4.80374e+19
Pixel 160, 511, 1, 1, 4.80374e+19
=== 2093469 ===
--- pALPIDEfs_6 ---
Pixel 321, 73, 1, 1, 4.80374e+19
Pixel 320, 73, 1, 1, 4.80374e+19
Pixel 320, 74, 1, 1, 4.80374e+19
Pixel 321, 74, 1, 1, 4.80374e+19
=== 2113185 ===
--- pALPIDEfs_4 ---
Pixel 630, 401, 1, 1, 4.80374e+19
Pixel 630, 402, 1, 1, 4.80374e+19
Pixel 756, 412, 1, 1, 4.80374e+19
Pixel 757, 412, 1, 1, 4.80374e+19
Pixel 757, 413, 1, 1, 4.80374e+19
Pixel 756, 413, 1, 1, 4.80374e+19
=== 2114425 ===
--- pALPIDEfs_0 ---
Pixel 792, 277, 1, 1, 4.80374e+19
Pixel 792, 278, 1, 1, 4.80374e+19
--- pALPIDEfs_1 ---
Pixel 101, 257, 1, 1, 4.80374e+19
Pixel 100, 257, 1, 1, 4.80374e+19
Pixel 102, 257, 1, 1, 4.80374e+19
=== 2127835 ===
--- pALPIDEfs_2 ---
Pixel 665, 377, 1, 1, 4.80374e+19
Pixel 665, 378, 1, 1, 4.80374e+19
Pixel 666, 377, 1, 1, 4.80374e+19
=== 2129901 ===
--- pALPIDEfs_1 ---
Pixel 505, 382, 1, 1, 4.80374e+19
--- pALPIDEfs_2 ---
Pixel 114, 456, 1, 1, 4.80374e+19
Pixel 115, 456, 1, 1, 4.80374e+19
=== 2132360 ===
--- pALPIDEfs_4 ---
Pixel 361, 41, 1, 1, 4.80374e+19
Pixel 362, 41, 1, 1, 4.80374e+19
Pixel 362, 42, 1, 1, 4.80374e+19
--- pALPIDEfs_5 ---
Pixel 572, 400, 1, 1, 4.80374e+19
Pixel 573, 400, 1, 1, 4.80374e+19
Pixel 573, 401, 1, 1, 4.80374e+19
Pixel 572, 401, 1, 1, 4.80374e+19
=== 2158323 ===
--- pALPIDEfs_2 ---
Pixel 691, 104, 1, 1, 4.80374e+19
Pixel 691, 105, 1, 1, 4.80374e+19
Pixel 692, 104, 1, 1, 4.80374e+19
=== 2163379 ===
--- pALPIDEfs_3 ---
Pixel 557, 180, 1, 1, 4.80374e+19
=== 2173134 ===
--- pALPIDEfs_4 ---
Pixel 787, 256, 1, 1, 4.80374e+19
Pixel 787, 257, 1, 1, 4.80374e+19
Pixel 788, 256, 1, 1, 4.80374e+19
Pixel 788, 257, 1, 1, 4.80374e+19
=== 2178125 ===
--- pALPIDEfs_6 ---
Pixel 405, 167, 1, 1, 4.80374e+19
Pixel 406, 167, 1, 1, 4.80374e+19
=== 2192656 ===
--- pALPIDEfs_5 ---
Pixel 339, 59, 1, 1, 4.80374e+19
Pixel 338, 59, 1, 1, 4.80374e+19
Pixel 338, 60, 1, 1, 4.80374e+19
=== 2194349 ===
--- pALPIDEfs_3 ---
Pixel 421, 62, 1, 1, 4.80374e+19
=== 2213607 ===
--- pALPIDEfs_2 ---
Pixel 921, 151, 1, 1, 4.80374e+19
Pixel 921, 152, 1, 1, 4.80374e+19
Pixel 922, 151, 1, 1, 4.80374e+19
Pixel 922, 152, 1, 1, 4.80374e+19
=== 2216152 ===
--- pALPIDEfs_0 ---
Pixel 122, 106, 1, 1, 4.80374e+19
--- pALPIDEfs_1 ---
Pixel 253, 137, 1, 1, 4.80374e+19
--- pALPIDEfs_2 ---
Pixel 413, 76, 1, 1, 4.80374e+19
Pixel 414, 76, 1, 1, 4.80374e+19
--- pALPIDEfs_3 ---
Pixel 575, 89, 1, 1, 4.80374e+19
Pixel 574, 89, 1, 1, 4.80374e+19
Pixel 574, 90, 1, 1, 4.80374e+19
Pixel 575, 90, 1, 1, 4.80374e+19
--- pALPIDEfs_4 ---
Pixel 753, 79, 1, 1, 4.80374e+19
--- pALPIDEfs_5 ---
Pixel 905, 115, 1, 1, 4.80374e+19
=== 2233707 ===
--- pALPIDEfs_2 ---
Pixel 925, 489, 1, 1, 4.80374e+19
Pixel 925, 490, 1, 1, 4.80374e+19
=== 2238860 ===
--- pALPIDEfs_6 ---
Pixel 839, 173, 1, 1, 4.80374e+19
Pixel 838, 174, 1, 1, 4.80374e+19
Pixel 839, 174, 1, 1, 4.80374e+19
=== 2257837 ===
--- pALPIDEfs_1 ---
Pixel 737, 394, 1, 1, 4.80374e+19
Pixel 737, 395, 1, 1, 4.80374e+19
Pixel 738, 394, 1, 1, 4.80374e+19
Pixel 738, 395, 1, 1, 4.80374e+19
=== 2269019 ===
--- pALPIDEfs_2 ---
Pixel 38, 158, 1, 1, 4.80374e+19
--- pALPIDEfs_3 ---
Pixel 609, 131, 1, 1, 4.80374e+19
Pixel 608, 131, 1, 1, 4.80374e+19
=== 2272228 ===
--- pALPIDEfs_0 ---
Pixel 412, 454, 1, 1, 4.80374e+19
=== 2276203 ===
--- pALPIDEfs_0 ---
Pixel 527, 406, 1, 1, 4.80374e+19
Pixel 528, 405, 1, 1, 4.80374e+19
Pixel 528, 406, 1, 1, 4.80374e+19
=== 2287093 ===
--- pALPIDEfs_6 ---
Pixel 529, 44, 1, 1, 4.80374e+19
Pixel 529, 45, 1, 1, 4.80374e+19
=== 2295234 ===
--- pALPIDEfs_3 ---
Pixel 88, 80, 1, 1, 4.80374e+19
=== 2301350 ===
--- pALPIDEfs_5 ---
Pixel 335, 236, 1, 1, 4.80374e+19
Pixel 335, 237, 1, 1, 4.80374e+19
Pixel 336, 236, 1, 1, 4.80374e+19
Pixel 336, 237, 1, 1, 4.80374e+19
=== 2324306 ===
--- pALPIDEfs_4 ---
Pixel 95, 427, 1, 1, 4.80374e+19
Pixel 94, 428, 1, 1, 4.80374e+19
Pixel 95, 428, 1, 1, 4.80374e+19
Pixel 95, 429, 1, 1, 4.80374e+19
Pixel 94, 429, 1, 1, 4.80374e+19
Pixel 94, 430, 1, 1, 4.80374e+19
=== 2352418 ===
--- pALPIDEfs_1 ---
Pixel 345, 78, 1, 1, 4.80374e+19
Pixel 345, 79, 1, 1, 4.80374e+19
--- pALPIDEfs_2 ---
Pixel 441, 74, 1, 1, 4.80374e+19
Pixel 441, 75, 1, 1, 4.80374e+19
Pixel 442, 74, 1, 1, 4.80374e+19
Pixel 442, 75, 1, 1, 4.80374e+19
--- pALPIDEfs_3 ---
Pixel 549, 160, 1, 1, 4.80374e+19
--- pALPIDEfs_4 ---
Pixel 681, 227, 1, 1, 4.80374e+19
Pixel 680, 227, 1, 1, 4.80374e+19
Pixel 680, 228, 1, 1, 4.80374e+19
Pixel 681, 228, 1, 1, 4.80374e+19
--- pALPIDEfs_5 ---
Pixel 781, 340, 1, 1, 4.80374e+19
Pixel 781, 341, 1, 1, 4.80374e+19
--- pALPIDEfs_6 ---
Pixel 929, 385, 1, 1, 4.80374e+19
Pixel 929, 386, 1, 1, 4.80374e+19
=== 2365700 ===
--- pALPIDEfs_3 ---
Pixel 198, 362, 1, 1, 4.80374e+19
Pixel 199, 362, 1, 1, 4.80374e+19
Pixel 199, 363, 1, 1, 4.80374e+19
=== 2365742 ===
--- pALPIDEfs_6 ---
Pixel 195, 13, 1, 1, 4.80374e+19
=== 2370237 ===
--- pALPIDEfs_2 ---
Pixel 446, 173, 1, 1, 4.80374e+19
Pixel 446, 174, 1, 1, 4.80374e+19
=== 2377994 ===
--- pALPIDEfs_3 ---
Pixel 286, 402, 1, 1, 4.80374e+19
Pixel 287, 402, 1, 1, 4.80374e+19
Pixel 287, 403, 1, 1, 4.80374e+19
Pixel 286, 403, 1, 1, 4.80374e+19
Pixel 375, 492, 1, 1, 4.80374e+19
=== 2378326 ===
--- pALPIDEfs_1 ---
Pixel 646, 464, 1, 1, 4.80374e+19
Pixel 647, 464, 1, 1, 4.80374e+19
Pixel 647, 465, 1, 1, 4.80374e+19
Pixel 646, 465, 1, 1, 4.80374e+19
Pixel 646, 466, 1, 1, 4.80374e+19
Pixel 647, 466, 1, 1, 4.80374e+19
Pixel 647, 467, 1, 1, 4.80374e+19
Pixel 646, 467, 1, 1, 4.80374e+19
Pixel 646, 468, 1, 1, 4.80374e+19
Pixel 647, 468, 1, 1, 4.80374e+19
=== 2380348 ===
--- pALPIDEfs_5 ---
Pixel 982, 83, 1, 1, 4.80374e+19
Pixel 982, 84, 1, 1, 4.80374e+19
=== 2397898 ===
--- pALPIDEfs_0 ---
Pixel 226, 497, 1, 1, 4.80374e+19
=== 2401857 ===
--- pALPIDEfs_2 ---
Pixel 392, 354, 1, 1, 4.80374e+19
=== 2404574 ===
--- pALPIDEfs_5 ---
Pixel 591, 134, 1, 1, 4.80374e+19
Pixel 591, 135, 1, 1, 4.80374e+19
Pixel 592, 135, 1, 1, 4.80374e+19
=== 2412565 ===
--- pALPIDEfs_6 ---
Pixel 461, 387, 1, 1, 4.80374e+19
Pixel 461, 388, 1, 1, 4.80374e+19
Pixel 462, 387, 1, 1, 4.80374e+19
Pixel 462, 388, 1, 1, 4.80374e+19
=== 2416243 ===
--- pALPIDEfs_0 ---
Pixel 404, 133, 1, 1, 4.80374e+19
=== 2418815 ===
--- pALPIDEfs_2 ---
Pixel 885, 168, 1, 1, 4.80374e+19
Pixel 885, 169, 1, 1, 4.80374e+19
Pixel 886, 169, 1, 1, 4.80374e+19
=== 2443949 ===
--- pALPIDEfs_4 ---
Pixel 473, 414, 1, 1, 4.80374e+19
Pixel 474, 411, 1, 1, 4.80374e+19
Pixel 474, 412, 1, 1, 4.80374e+19
Pixel 474, 413, 1, 1, 4.80374e+19
Pixel 474, 414, 1, 1, 4.80374e+19
Pixel 476, 404, 1, 1, 4.80374e+19
Pixel 477, 404, 1, 1, 4.80374e+19
Pixel 476, 405, 1, 1, 4.80374e+19
=== 2456107 ===
--- pALPIDEfs_1 ---
Pixel 838, 236, 1, 1, 4.80374e+19
Pixel 838, 237, 1, 1, 4.80374e+19
=== 2456108 ===
--- pALPIDEfs_1 ---
Pixel 838, 236, 1, 1, 4.80374e+19
Pixel 839, 236, 1, 1, 4.80374e+19
Pixel 839, 237, 1, 1, 4.80374e+19
Pixel 838, 237, 1, 1, 4.80374e+19
=== 2456269 ===
--- pALPIDEfs_1 ---
Pixel 85, 124, 1, 1, 4.80374e+19
Pixel 85, 125, 1, 1, 4.80374e+19
=== 2461502 ===
--- pALPIDEfs_1 ---
Pixel 215, 216, 1, 1, 4.80374e+19
=== 2465089 ===
--- pALPIDEfs_1 ---
Pixel 306, 123, 1, 1, 4.80374e+19
Pixel 306, 124, 1, 1, 4.80374e+19
=== 2467316 ===
--- pALPIDEfs_5 ---
Pixel 701, 203, 1, 1, 4.80374e+19
Pixel 701, 204, 1, 1, 4.80374e+19
Pixel 702, 203, 1, 1, 4.80374e+19
Pixel 702, 204, 1, 1, 4.80374e+19
=== 2492441 ===
--- pALPIDEfs_4 ---
Pixel 119, 20, 1, 1, 4.80374e+19
--- pALPIDEfs_5 ---
Pixel 227, 57, 1, 1, 4.80374e+19
Pixel 228, 57, 1, 1, 4.80374e+19
Pixel 228, 58, 1, 1, 4.80374e+19
--- pALPIDEfs_6 ---
Pixel 392, 37, 1, 1, 4.80374e+19
=== 2501263 ===
--- pALPIDEfs_3 ---
Pixel 557, 180, 1, 1, 4.80374e+19
=== 2508524 ===
--- pALPIDEfs_5 ---
Pixel 630, 158, 1, 1, 4.80374e+19
=== 2519294 ===
--- pALPIDEfs_4 ---
Pixel 384, 69, 1, 1, 4.80374e+19
Pixel 384, 70, 1, 1, 4.80374e+19
--- pALPIDEfs_5 ---
Pixel 238, 490, 1, 1, 4.80374e+19
Pixel 238, 491, 1, 1, 4.80374e+19
=== 2523523 ===
--- pALPIDEfs_6 ---
Pixel 826, 385, 1, 1, 4.80374e+19
Pixel 826, 386, 1, 1, 4.80374e+19
=== 2530238 ===
--- pALPIDEfs_6 ---
Pixel 808, 332, 1, 1, 4.80374e+19
Pixel 809, 333, 1, 1, 4.80374e+19
Pixel 808, 333, 1, 1, 4.80374e+19
=== 2530808 ===
--- pALPIDEfs_3 ---
Pixel 925, 95, 1, 1, 4.80374e+19
Pixel 926, 95, 1, 1, 4.80374e+19
--- pALPIDEfs_4 ---
Pixel 257, 50, 1, 1, 4.80374e+19
Pixel 258, 50, 1, 1, 4.80374e+19
=== 2536118 ===
--- pALPIDEfs_0 ---
Pixel 161, 240, 1, 1, 4.80374e+19
Pixel 161, 241, 1, 1, 4.80374e+19
Pixel 163, 238, 1, 1, 4.80374e+19
Pixel 163, 239, 1, 1, 4.80374e+19
Pixel 162, 239, 1, 1, 4.80374e+19
Pixel 162, 240, 1, 1, 4.80374e+19
Pixel 165, 237, 1, 1, 4.80374e+19
Pixel 164, 238, 1, 1, 4.80374e+19
Pixel 165, 238, 1, 1, 4.80374e+19
Pixel 167, 237, 1, 1, 4.80374e+19
Pixel 166, 237, 1, 1, 4.80374e+19
Pixel 166, 238, 1, 1, 4.80374e+19
=== 2536772 ===
--- pALPIDEfs_3 ---
Pixel 431, 360, 1, 1, 4.80374e+19
Pixel 431, 361, 1, 1, 4.80374e+19
=== 2542019 ===
--- pALPIDEfs_2 ---
Pixel 641, 485, 1, 1, 4.80374e+19
Pixel 640, 485, 1, 1, 4.80374e+19
Pixel 640, 486, 1, 1, 4.80374e+19
Pixel 641, 486, 1, 1, 4.80374e+19
=== 2548880 ===
--- pALPIDEfs_3 ---
Pixel 881, 26, 1, 1, 4.80374e+19
Pixel 881, 27, 1, 1, 4.80374e+19
Pixel 881, 29, 1, 1, 4.80374e+19
Pixel 881, 30, 1, 1, 4.80374e+19
Pixel 882, 26, 1, 1, 4.80374e+19
Pixel 882, 27, 1, 1, 4.80374e+19
Pixel 882, 28, 1, 1, 4.80374e+19
Pixel 882, 29, 1, 1, 4.80374e+19
Pixel 882, 30, 1, 1, 4.80374e+19
Pixel 882, 31, 1, 1, 4.80374e+19
=== 2551716 ===
--- pALPIDEfs_0 ---
Pixel 525, 202, 1, 1, 4.80374e+19
Pixel 525, 203, 1, 1, 4.80374e+19
=== 2552203 ===
--- pALPIDEfs_2 ---
Pixel 38, 178, 1, 1, 4.80374e+19
Pixel 39, 178, 1, 1, 4.80374e+19
=== 2555485 ===
--- pALPIDEfs_2 ---
Pixel 949, 370, 1, 1, 4.80374e+19
Pixel 949, 371, 1, 1, 4.80374e+19
=== 2561021 ===
--- pALPIDEfs_0 ---
Pixel 851, 344, 1, 1, 4.80374e+19
=== 2581833 ===
--- pALPIDEfs_3 ---
Pixel 484, 462, 1, 1, 4.80374e+19
Pixel 485, 462, 1, 1, 4.80374e+19
=== 2584343 ===
--- pALPIDEfs_3 ---
Pixel 307, 384, 1, 1, 4.80374e+19
Pixel 307, 385, 1, 1, 4.80374e+19
Pixel 308, 384, 1, 1, 4.80374e+19
=== 2593467 ===
--- pALPIDEfs_2 ---
Pixel 560, 214, 1, 1, 4.80374e+19
Pixel 561, 214, 1, 1, 4.80374e+19
Pixel 561, 215, 1, 1, 4.80374e+19
Pixel 560, 215, 1, 1, 4.80374e+19
=== 2598067 ===
--- pALPIDEfs_2 ---
Pixel 9, 90, 1, 1, 4.80374e+19
Pixel 9, 91, 1, 1, 4.80374e+19
Pixel 10, 91, 1, 1, 4.80374e+19
=== 2607271 ===
--- pALPIDEfs_3 ---
Pixel 685, 212, 1, 1, 4.80374e+19
Pixel 685, 213, 1, 1, 4.80374e+19
--- pALPIDEfs_4 ---
Pixel 95, 173, 1, 1, 4.80374e+19
Pixel 96, 173, 1, 1, 4.80374e+19
=== 2608045 ===
--- pALPIDEfs_4 ---
Pixel 234, 185, 1, 1, 4.80374e+19
--- pALPIDEfs_5 ---
Pixel 651, 362, 1, 1, 4.80374e+19
Pixel 652, 362, 1, 1, 4.80374e+19
Pixel 652, 363, 1, 1, 4.80374e+19
Pixel 945, 130, 1, 1, 4.80374e+19
Pixel 946, 130, 1, 1, 4.80374e+19
Pixel 946, 131, 1, 1, 4.80374e+19
=== 2623043 ===
--- pALPIDEfs_3 ---
Pixel 841, 141, 1, 1, 4.80374e+19
Pixel 841, 142, 1, 1, 4.80374e+19
Pixel 841, 143, 1, 1, 4.80374e+19
Pixel 843, 141, 1, 1, 4.80374e+19
Pixel 842, 141, 1, 1, 4.80374e+19
Pixel 842, 142, 1, 1, 4.80374e+19
Pixel 843, 142, 1, 1, 4.80374e+19
Pixel 842, 143, 1, 1, 4.80374e+19
=== 2640850 ===
--- pALPIDEfs_0 ---
Pixel 568, 98, 1, 1, 4.80374e+19
--- pALPIDEfs_1 ---
Pixel 268, 460, 1, 1, 4.80374e+19
=== 2641406 ===
--- pALPIDEfs_2 ---
Pixel 7, 178, 1, 1, 4.80374e+19
Pixel 7, 179, 1, 1, 4.80374e+19
Pixel 7, 180, 1, 1, 4.80374e+19
Pixel 8, 178, 1, 1, 4.80374e+19
Pixel 8, 179, 1, 1, 4.80374e+19
Pixel 8, 180, 1, 1, 4.80374e+19
=== 2645170 ===
--- pALPIDEfs_6 ---
Pixel 613, 215, 1, 1, 4.80374e+19
Pixel 613, 216, 1, 1, 4.80374e+19
Pixel 614, 216, 1, 1, 4.80374e+19
Pixel 615, 217, 1, 1, 4.80374e+19
Pixel 614, 217, 1, 1, 4.80374e+19
Pixel 615, 218, 1, 1, 4.80374e+19
Pixel 616, 218, 1, 1, 4.80374e+19
Pixel 616, 220, 1, 1, 4.80374e+19
Pixel 617, 220, 1, 1, 4.80374e+19
Pixel 617, 221, 1, 1, 4.80374e+19
Pixel 616, 221, 1, 1, 4.80374e+19
Pixel 618, 220, 1, 1, 4.80374e+19
Pixel 618, 221, 1, 1, 4.80374e+19
=== 2648576 ===
--- pALPIDEfs_3 ---
Pixel 871, 259, 1, 1, 4.80374e+19
Pixel 871, 260, 1, 1, 4.80374e+19
Pixel 872, 259, 1, 1, 4.80374e+19
Pixel 872, 260, 1, 1, 4.80374e+19
--- pALPIDEfs_4 ---
Pixel 568, 293, 1, 1, 4.80374e+19
--- pALPIDEfs_5 ---
Pixel 238, 371, 1, 1, 4.80374e+19
=== 2658410 ===
--- pALPIDEfs_1 ---
Pixel 619, 372, 1, 1, 4.80374e+19
Pixel 620, 372, 1, 1, 4.80374e+19
=== 2670270 ===
--- pALPIDEfs_3 ---
Pixel 557, 180, 1, 1, 4.80374e+19
=== 2677159 ===
--- pALPIDEfs_3 ---
Pixel 557, 180, 1, 1, 4.80374e+19
=== 2683983 ===
--- pALPIDEfs_3 ---
Pixel 469, 211, 1, 1, 4.80374e+19
Pixel 470, 211, 1, 1, 4.80374e+19
--- pALPIDEfs_4 ---
Pixel 718, 432, 1, 1, 4.80374e+19
=== 2685542 ===
--- pALPIDEfs_3 ---
Pixel 69, 415, 1, 1, 4.80374e+19
Pixel 69, 416, 1, 1, 4.80374e+19
Pixel 70, 415, 1, 1, 4.80374e+19
=== 2692043 ===
--- pALPIDEfs_3 ---
Pixel 557, 180, 1, 1, 4.80374e+19
=== 2692160 ===
--- pALPIDEfs_2 ---
Pixel 139, 382, 1, 1, 4.80374e+19
Pixel 139, 383, 1, 1, 4.80374e+19
Pixel 140, 382, 1, 1, 4.80374e+19
=== 2692727 ===
--- pALPIDEfs_0 ---
Pixel 60, 287, 1, 1, 4.80374e+19
=== 2755352 ===
--- pALPIDEfs_2 ---
Pixel 632, 478, 1, 1, 4.80374e+19
Pixel 633, 478, 1, 1, 4.80374e+19
=== 2760949 ===
--- pALPIDEfs_5 ---
Pixel 829, 110, 1, 1, 4.80374e+19
=== 2761314 ===
--- pALPIDEfs_6 ---
Pixel 674, 285, 1, 1, 4.80374e+19
Pixel 674, 286, 1, 1, 4.80374e+19
Pixel 675, 286, 1, 1, 4.80374e+19
=== 2782128 ===
--- pALPIDEfs_3 ---
Pixel 793, 11, 1, 1, 4.80374e+19
Pixel 793, 12, 1, 1, 4.80374e+19
Pixel 794, 10, 1, 1, 4.80374e+19
Pixel 794, 11, 1, 1, 4.80374e+19
Pixel 794, 12, 1, 1, 4.80374e+19
Pixel 795, 12, 1, 1, 4.80374e+19
Pixel 795, 13, 1, 1, 4.80374e+19
Pixel 794, 13, 1, 1, 4.80374e+19
Pixel 794, 14, 1, 1, 4.80374e+19
=== 2782897 ===
--- pALPIDEfs_3 ---
Pixel 125, 86, 1, 1, 4.80374e+19
Pixel 127, 85, 1, 1, 4.80374e+19
Pixel 126, 85, 1, 1, 4.80374e+19
Pixel 126, 86, 1, 1, 4.80374e+19
Pixel 127, 86, 1, 1, 4.80374e+19
Pixel 129, 84, 1, 1, 4.80374e+19
Pixel 129, 85, 1, 1, 4.80374e+19
Pixel 128, 85, 1, 1, 4.80374e+19
Pixel 128, 86, 1, 1, 4.80374e+19
Pixel 129, 86, 1, 1, 4.80374e+19
Pixel 130, 84, 1, 1, 4.80374e+19
Pixel 131, 84, 1, 1, 4.80374e+19
Pixel 131, 85, 1, 1, 4.80374e+19
Pixel 130, 85, 1, 1, 4.80374e+19
Pixel 130, 86, 1, 1, 4.80374e+19
=== 2799932 ===
--- pALPIDEfs_5 ---
Pixel 355, 373, 1, 1, 4.80374e+19
Pixel 355, 374, 1, 1, 4.80374e+19
=== 2822377 ===
--- pALPIDEfs_5 ---
Pixel 491, 357, 1, 1, 4.80374e+19
Pixel 491, 358, 1, 1, 4.80374e+19
Pixel 492, 357, 1, 1, 4.80374e+19
Pixel 492, 358, 1, 1, 4.80374e+19
=== 2824381 ===
--- pALPIDEfs_3 ---
Pixel 927, 134, 1, 1, 4.80374e+19
Pixel 927, 135, 1, 1, 4.80374e+19
Pixel 928, 134, 1, 1, 4.80374e+19
=== 2826310 ===
--- pALPIDEfs_6 ---
Pixel 667, 93, 1, 1, 4.80374e+19
Pixel 667, 94, 1, 1, 4.80374e+19
=== 2836470 ===
--- pALPIDEfs_0 ---
Pixel 942, 60, 1, 1, 4.80374e+19
Pixel 943, 60, 1, 1, 4.80374e+19
=== 2840881 ===
--- pALPIDEfs_1 ---
Pixel 121, 160, 1, 1, 4.80374e+19
Pixel 122, 160, 1, 1, 4.80374e+19
Pixel 123, 160, 1, 1, 4.80374e+19
Pixel 122, 161, 1, 1, 4.80374e+19
=== 2842144 ===
--- pALPIDEfs_4 ---
Pixel 451, 142, 1, 1, 4.80374e+19
Pixel 451, 143, 1, 1, 4.80374e+19
Pixel 452, 142, 1, 1, 4.80374e+19
Pixel 452, 143, 1, 1, 4.80374e+19
--- pALPIDEfs_5 ---
Pixel 167, 387, 1, 1, 4.80374e+19
Pixel 166, 387, 1, 1, 4.80374e+19
Pixel 167, 388, 1, 1, 4.80374e+19
=== 2850107 ===
--- pALPIDEfs_0 ---
Pixel 721, 72, 1, 1, 4.80374e+19
Pixel 721, 73, 1, 1, 4.80374e+19
Pixel 722, 73, 1, 1, 4.80374e+19
=== 2853978 ===
--- pALPIDEfs_1 ---
Pixel 369, 314, 1, 1, 4.80374e+19
=== 2866561 ===
--- pALPIDEfs_5 ---
Pixel 177, 159, 1, 1, 4.80374e+19
Pixel 178, 158, 1, 1, 4.80374e+19
Pixel 178, 159, 1, 1, 4.80374e+19
=== 2872246 ===
--- pALPIDEfs_0 ---
Pixel 95, 87, 1, 1, 4.80374e+19
Pixel 96, 87, 1, 1, 4.80374e+19
=== 2884904 ===
--- pALPIDEfs_3 ---
Pixel 557, 180, 1, 1, 4.80374e+19
=== 2897668 ===
--- pALPIDEfs_5 ---
Pixel 289, 231, 1, 1, 4.80374e+19
Pixel 288, 231, 1, 1, 4.80374e+19
Pixel 289, 232, 1, 1, 4.80374e+19
Pixel 290, 232, 1, 1, 4.80374e+19
--- pALPIDEfs_6 ---
Pixel 63, 412, 1, 1, 4.80374e+19
=== 2897846 ===
--- pALPIDEfs_2 ---
Pixel 222, 124, 1, 1, 4.80374e+19
Pixel 222, 125, 1, 1, 4.80374e+19
=== 2898019 ===
--- pALPIDEfs_5 ---
Pixel 547, 407, 1, 1, 4.80374e+19
Pixel 546, 407, 1, 1, 4.80374e+19
Pixel 546, 408, 1, 1, 4.80374e+19
Pixel 547, 408, 1, 1, 4.80374e+19
--- pALPIDEfs_6 ---
Pixel 680, 107, 1, 1, 4.80374e+19
=== 2900638 ===
--- pALPIDEfs_1 ---
Pixel 401, 259, 1, 1, 4.80374e+19
Pixel 401, 260, 1, 1, 4.80374e+19
Pixel 402, 259, 1, 1, 4.80374e+19
Pixel 402, 260, 1, 1, 4.80374e+19
=== 2905783 ===
--- pALPIDEfs_1 ---
Pixel 47, 163, 1, 1, 4.80374e+19
Pixel 47, 164, 1, 1, 4.80374e+19
Pixel 48, 164, 1, 1, 4.80374e+19
=== 2909529 ===
--- pALPIDEfs_0 ---
Pixel 49, 284, 1, 1, 4.80374e+19
Pixel 49, 285, 1, 1, 4.80374e+19
Pixel 49, 286, 1, 1, 4.80374e+19
Pixel 50, 284, 1, 1, 4.80374e+19
Pixel 50, 285, 1, 1, 4.80374e+19
Pixel 50, 286, 1, 1, 4.80374e+19
=== 2912988 ===
--- pALPIDEfs_2 ---
Pixel 766, 316, 1, 1, 4.80374e+19
Pixel 767, 316, 1, 1, 4.80374e+19
Pixel 767, 317, 1, 1, 4.80374e+19
Pixel 766, 317, 1, 1, 4.80374e+19
Pixel 821, 359, 1, 1, 4.80374e+19
Pixel 822, 359, 1, 1, 4.80374e+19
=== 2916964 ===
--- pALPIDEfs_5 ---
Pixel 156, 328, 1, 1, 4.80374e+19
Pixel 157, 329, 1, 1, 4.80374e+19
Pixel 156, 329, 1, 1, 4.80374e+19
Pixel 157, 330, 1, 1, 4.80374e+19
Pixel 158, 330, 1, 1, 4.80374e+19
=== 2917251 ===
--- pALPIDEfs_0 ---
Pixel 664, 174, 1, 1, 4.80374e+19
Pixel 665, 174, 1, 1, 4.80374e+19
=== 2921946 ===
--- pALPIDEfs_3 ---
Pixel 108, 10, 1, 1, 4.80374e+19
Pixel 109, 11, 1, 1, 4.80374e+19
Pixel 108, 11, 1, 1, 4.80374e+19
--- pALPIDEfs_4 ---
Pixel 164, 474, 1, 1, 4.80374e+19
=== 2942762 ===
--- pALPIDEfs_4 ---
Pixel 822, 276, 1, 1, 4.80374e+19
Pixel 822, 277, 1, 1, 4.80374e+19
=== 2945938 ===
--- pALPIDEfs_3 ---
Pixel 865, 117, 1, 1, 4.80374e+19
Pixel 866, 117, 1, 1, 4.80374e+19
Pixel 866, 118, 1, 1, 4.80374e+19
=== 2951649 ===
--- pALPIDEfs_3 ---
Pixel 557, 180, 1, 1, 4.80374e+19
=== 2957953 ===
--- pALPIDEfs_5 ---
Pixel 485, 203, 1, 1, 4.80374e+19
Pixel 485, 204, 1, 1, 4.80374e+19
=== 2973775 ===
--- pALPIDEfs_4 ---
Pixel 363, 244, 1, 1, 4.80374e+19
Pixel 363, 245, 1, 1, 4.80374e+19
Pixel 364, 244, 1, 1, 4.80374e+19
Pixel 364, 245, 1, 1, 4.80374e+19
=== 2980807 ===
--- pALPIDEfs_3 ---
Pixel 557, 180, 1, 1, 4.80374e+19
=== 2986022 ===
--- pALPIDEfs_3 ---
Pixel 557, 180, 1, 1, 4.80374e+19
=== 2988309 ===
--- pALPIDEfs_3 ---
Pixel 159, 262, 1, 1, 4.80374e+19
Pixel 159, 263, 1, 1, 4.80374e+19
=== 2988442 ===
--- pALPIDEfs_6 ---
Pixel 637, 84, 1, 1, 4.80374e+19
Pixel 637, 85, 1, 1, 4.80374e+19
Pixel 636, 85, 1, 1, 4.80374e+19
Pixel 637, 86, 1, 1, 4.80374e+19
Pixel 638, 84, 1, 1, 4.80374e+19
Pixel 638, 85, 1, 1, 4.80374e+19
Pixel 638, 86, 1, 1, 4.80374e+19
=== 3009143 ===
--- pALPIDEfs_6 ---
Pixel 979, 59, 1, 1, 4.80374e+19
Pixel 978, 60, 1, 1, 4.80374e+19
Pixel 979, 60, 1, 1, 4.80374e+19
=== 3024018 ===
--- pALPIDEfs_0 ---
Pixel 429, 187, 1, 1, 4.80374e+19
Pixel 428, 187, 1, 1, 4.80374e+19
--- pALPIDEfs_1 ---
Pixel 718, 123, 1, 1, 4.80374e+19
Pixel 718, 124, 1, 1, 4.80374e+19
=== 3034738 ===
--- pALPIDEfs_2 ---
Pixel 278, 482, 1, 1, 4.80374e+19
Pixel 278, 483, 1, 1, 4.80374e+19
Pixel 293, 446, 1, 1, 4.80374e+19
Pixel 293, 447, 1, 1, 4.80374e+19
Pixel 293, 448, 1, 1, 4.80374e+19
Pixel 293, 469, 1, 1, 4.80374e+19
Pixel 293, 470, 1, 1, 4.80374e+19
Pixel 294, 447, 1, 1, 4.80374e+19
Pixel 294, 448, 1, 1, 4.80374e+19
Pixel 294, 449, 1, 1, 4.80374e+19
Pixel 294, 450, 1, 1, 4.80374e+19
Pixel 295, 451, 1, 1, 4.80374e+19
Pixel 294, 451, 1, 1, 4.80374e+19
Pixel 294, 452, 1, 1, 4.80374e+19
Pixel 295, 452, 1, 1, 4.80374e+19
Pixel 295, 453, 1, 1, 4.80374e+19
Pixel 294, 453, 1, 1, 4.80374e+19
Pixel 294, 454, 1, 1, 4.80374e+19
Pixel 295, 454, 1, 1, 4.80374e+19
Pixel 295, 455, 1, 1, 4.80374e+19
Pixel 295, 456, 1, 1, 4.80374e+19
Pixel 295, 457, 1, 1, 4.80374e+19
Pixel 295, 467, 1, 1, 4.80374e+19
Pixel 294, 468, 1, 1, 4.80374e+19
Pixel 295, 468, 1, 1, 4.80374e+19
Pixel 294, 469, 1, 1, 4.80374e+19
=== 3047061 ===
--- pALPIDEfs_1 ---
Pixel 1013, 340, 1, 1, 4.80374e+19
=== 3109972 ===
--- pALPIDEfs_1 ---
Pixel 873, 482, 1, 1, 4.80374e+19
=== 3123240 ===
--- pALPIDEfs_3 ---
Pixel 395, 299, 1, 1, 4.80374e+19
=== 3123266 ===
--- pALPIDEfs_0 ---
Pixel 848, 487, 1, 1, 4.80374e+19
=== 3131449 ===
--- pALPIDEfs_4 ---
Pixel 437, 459, 1, 1, 4.80374e+19
Pixel 436, 459, 1, 1, 4.80374e+19
Pixel 436, 460, 1, 1, 4.80374e+19
Pixel 437, 460, 1, 1, 4.80374e+19
Pixel 437, 461, 1, 1, 4.80374e+19
Pixel 438, 460, 1, 1, 4.80374e+19
Pixel 438, 461, 1, 1, 4.80374e+19
=== 3131577 ===
--- pALPIDEfs_4 ---
Pixel 827, 325, 1, 1, 4.80374e+19
Pixel 827, 326, 1, 1, 4.80374e+19
Pixel 828, 325, 1, 1, 4.80374e+19
Pixel 828, 326, 1, 1, 4.80374e+19
--- pALPIDEfs_5 ---
Pixel 465, 319, 1, 1, 4.80374e+19
Pixel 466, 319, 1, 1, 4.80374e+19
--- pALPIDEfs_6 ---
Pixel 495, 181, 1, 1, 4.80374e+19
Pixel 494, 181, 1, 1, 4.80374e+19
Pixel 494, 182, 1, 1, 4.80374e+19
Pixel 495, 182, 1, 1, 4.80374e+19
=== 3136028 ===
--- pALPIDEfs_0 ---
Pixel 322, 2, 1, 1, 4.80374e+19
Pixel 323, 2, 1, 1, 4.80374e+19
Pixel 323, 3, 1, 1, 4.80374e+19
Pixel 322, 3, 1, 1, 4.80374e+19
Pixel 322, 4, 1, 1, 4.80374e+19
Pixel 323, 4, 1, 1, 4.80374e+19
=== 3139344 ===
--- pALPIDEfs_1 ---
Pixel 1018, 271, 1, 1, 4.80374e+19
Pixel 1018, 272, 1, 1, 4.80374e+19
Pixel 1018, 273, 1, 1, 4.80374e+19
Pixel 1018, 274, 1, 1, 4.80374e+19
=== 3148075 ===
--- pALPIDEfs_2 ---
Pixel 181, 497, 1, 1, 4.80374e+19
Pixel 180, 497, 1, 1, 4.80374e+19
Pixel 180, 498, 1, 1, 4.80374e+19
Pixel 181, 498, 1, 1, 4.80374e+19
Pixel 181, 499, 1, 1, 4.80374e+19
Pixel 180, 499, 1, 1, 4.80374e+19
=== 3151845 ===
--- pALPIDEfs_0 ---
Pixel 84, 319, 1, 1, 4.80374e+19
Pixel 84, 320, 1, 1, 4.80374e+19
Pixel 85, 320, 1, 1, 4.80374e+19
Pixel 85, 321, 1, 1, 4.80374e+19
=== 3160330 ===
--- pALPIDEfs_4 ---
Pixel 823, 281, 1, 1, 4.80374e+19
Pixel 822, 281, 1, 1, 4.80374e+19
Pixel 822, 282, 1, 1, 4.80374e+19
Pixel 823, 282, 1, 1, 4.80374e+19
Pixel 824, 282, 1, 1, 4.80374e+19
Pixel 825, 282, 1, 1, 4.80374e+19
Pixel 825, 283, 1, 1, 4.80374e+19
Pixel 824, 283, 1, 1, 4.80374e+19
Pixel 827, 283, 1, 1, 4.80374e+19
Pixel 826, 283, 1, 1, 4.80374e+19
Pixel 826, 284, 1, 1, 4.80374e+19
Pixel 827, 284, 1, 1, 4.80374e+19
Pixel 829, 283, 1, 1, 4.80374e+19
Pixel 828, 283, 1, 1, 4.80374e+19
--- pALPIDEfs_5 ---
Pixel 853, 287, 1, 1, 4.80374e+19
Pixel 854, 286, 1, 1, 4.80374e+19
Pixel 855, 286, 1, 1, 4.80374e+19
Pixel 855, 287, 1, 1, 4.80374e+19
Pixel 854, 287, 1, 1, 4.80374e+19
Pixel 854, 288, 1, 1, 4.80374e+19
Pixel 855, 288, 1, 1, 4.80374e+19
Pixel 855, 289, 1, 1, 4.80374e+19
Pixel 856, 287, 1, 1, 4.80374e+19
Pixel 856, 288, 1, 1, 4.80374e+19
Pixel 856, 289, 1, 1, 4.80374e+19
=== 3169245 ===
--- pALPIDEfs_5 ---
Pixel 900, 247, 1, 1, 4.80374e+19
Pixel 900, 248, 1, 1, 4.80374e+19
=== 3193783 ===
--- pALPIDEfs_3 ---
Pixel 541, 421, 1, 1, 4.80374e+19
Pixel 540, 421, 1, 1, 4.80374e+19
Pixel 540, 422, 1, 1, 4.80374e+19
Pixel 541, 422, 1, 1, 4.80374e+19
Pixel 541, 423, 1, 1, 4.80374e+19
Pixel 540, 423, 1, 1, 4.80374e+19
Pixel 542, 421, 1, 1, 4.80374e+19
Pixel 542, 422, 1, 1, 4.80374e+19
--- pALPIDEfs_4 ---
Pixel 587, 355, 1, 1, 4.80374e+19
Pixel 587, 356, 1, 1, 4.80374e+19
Pixel 588, 355, 1, 1, 4.80374e+19
=== 3235282 ===
--- pALPIDEfs_0 ---
Pixel 965, 65, 1, 1, 4.80374e+19
Pixel 964, 65, 1, 1, 4.80374e+19
Pixel 964, 66, 1, 1, 4.80374e+19
=== 3247114 ===
--- pALPIDEfs_3 ---
Pixel 623, 293, 1, 1, 4.80374e+19
Pixel 622, 293, 1, 1, 4.80374e+19
Pixel 622, 294, 1, 1, 4.80374e+19
Pixel 623, 294, 1, 1, 4.80374e+19
Pixel 623, 295, 1, 1, 4.80374e+19
Pixel 622, 295, 1, 1, 4.80374e+19
Pixel 624, 293, 1, 1, 4.80374e+19
Pixel 624, 294, 1, 1, 4.80374e+19
--- pALPIDEfs_4 ---
Pixel 977, 350, 1, 1, 4.80374e+19
Pixel 977, 351, 1, 1, 4.80374e+19
Pixel 977, 352, 1, 1, 4.80374e+19
Pixel 978, 351, 1, 1, 4.80374e+19
Pixel 978, 352, 1, 1, 4.80374e+19
Pixel 978, 353, 1, 1, 4.80374e+19
=== 3259822 ===
--- pALPIDEfs_4 ---
Pixel 524, 250, 1, 1, 4.80374e+19
Pixel 525, 250, 1, 1, 4.80374e+19
=== 3321776 ===
--- pALPIDEfs_2 ---
Pixel 872, 291, 1, 1, 4.80374e+19
Pixel 872, 292, 1, 1, 4.80374e+19
Pixel 872, 293, 1, 1, 4.80374e+19
Pixel 872, 294, 1, 1, 4.80374e+19
Pixel 872, 295, 1, 1, 4.80374e+19
=== 3331998 ===
--- pALPIDEfs_3 ---
Pixel 701, 256, 1, 1, 4.80374e+19
Pixel 701, 257, 1, 1, 4.80374e+19
Pixel 700, 258, 1, 1, 4.80374e+19
Pixel 701, 258, 1, 1, 4.80374e+19
Pixel 700, 259, 1, 1, 4.80374e+19
Pixel 703, 251, 1, 1, 4.80374e+19
Pixel 702, 252, 1, 1, 4.80374e+19
Pixel 703, 252, 1, 1, 4.80374e+19
Pixel 703, 253, 1, 1, 4.80374e+19
Pixel 702, 253, 1, 1, 4.80374e+19
Pixel 702, 254, 1, 1, 4.80374e+19
Pixel 702, 255, 1, 1, 4.80374e+19
Pixel 702, 256, 1, 1, 4.80374e+19
Pixel 705, 250, 1, 1, 4.80374e+19
Pixel 705, 251, 1, 1, 4.80374e+19
Pixel 704, 251, 1, 1, 4.80374e+19
Pixel 704, 252, 1, 1, 4.80374e+19
=== 3341534 ===
--- pALPIDEfs_4 ---
Pixel 176, 416, 1, 1, 4.80374e+19
Pixel 177, 416, 1, 1, 4.80374e+19
Pixel 177, 417, 1, 1, 4.80374e+19
=== 3363879 ===
--- pALPIDEfs_3 ---
Pixel 577, 447, 1, 1, 4.80374e+19
--- pALPIDEfs_4 ---
Pixel 403, 279, 1, 1, 4.80374e+19
--- pALPIDEfs_5 ---
Pixel 203, 159, 1, 1, 4.80374e+19
Pixel 204, 159, 1, 1, 4.80374e+19
=== 3366489 ===
--- pALPIDEfs_6 ---
Pixel 4, 47, 1, 1, 4.80374e+19
Pixel 4, 48, 1, 1, 4.80374e+19
=== 3388569 ===
--- pALPIDEfs_2 ---
Pixel 790, 296, 1, 1, 4.80374e+19
Pixel 791, 296, 1, 1, 4.80374e+19
Pixel 791, 297, 1, 1, 4.80374e+19
Pixel 790, 297, 1, 1, 4.80374e+19
Pixel 790, 298, 1, 1, 4.80374e+19
Pixel 791, 298, 1, 1, 4.80374e+19
=== 3399798 ===
--- pALPIDEfs_2 ---
Pixel 865, 459, 1, 1, 4.80374e+19
Pixel 866, 459, 1, 1, 4.80374e+19
Pixel 866, 460, 1, 1, 4.80374e+19
Pixel 866, 461, 1, 1, 4.80374e+19
=== 3420610 ===
--- pALPIDEfs_2 ---
Pixel 705, 415, 1, 1, 4.80374e+19
Pixel 704, 416, 1, 1, 4.80374e+19
Pixel 705, 416, 1, 1, 4.80374e+19
Pixel 707, 414, 1, 1, 4.80374e+19
Pixel 707, 415, 1, 1, 4.80374e+19
Pixel 706, 415, 1, 1, 4.80374e+19
Pixel 708, 414, 1, 1, 4.80374e+19
Pixel 709, 414, 1, 1, 4.80374e+19
Pixel 708, 415, 1, 1, 4.80374e+19
Pixel 710, 414, 1, 1, 4.80374e+19
Pixel 713, 413, 1, 1, 4.80374e+19
Pixel 715, 413, 1, 1, 4.80374e+19
Pixel 714, 413, 1, 1, 4.80374e+19
Pixel 716, 413, 1, 1, 4.80374e+19
=== 3436867 ===
--- pALPIDEfs_3 ---
Pixel 557, 180, 1, 1, 4.80374e+19
=== 3444671 ===
--- pALPIDEfs_5 ---
Pixel 769, 463, 1, 1, 4.80374e+19
Pixel 768, 463, 1, 1, 4.80374e+19
Pixel 768, 464, 1, 1, 4.80374e+19
Pixel 769, 464, 1, 1, 4.80374e+19
--- pALPIDEfs_6 ---
Pixel 364, 61, 1, 1, 4.80374e+19
Pixel 364, 62, 1, 1, 4.80374e+19
Pixel 365, 62, 1, 1, 4.80374e+19
=== 3456137 ===
--- pALPIDEfs_3 ---
Pixel 395, 295, 1, 1, 4.80374e+19
Pixel 394, 295, 1, 1, 4.80374e+19
Pixel 394, 296, 1, 1, 4.80374e+19
Pixel 395, 296, 1, 1, 4.80374e+19
Pixel 415, 413, 1, 1, 4.80374e+19
Pixel 415, 414, 1, 1, 4.80374e+19
Pixel 416, 413, 1, 1, 4.80374e+19
Pixel 416, 414, 1, 1, 4.80374e+19
--- pALPIDEfs_4 ---
Pixel 632, 378, 1, 1, 4.80374e+19
=== 3461774 ===
--- pALPIDEfs_4 ---
Pixel 1, 154, 1, 1, 4.80374e+19
Pixel 1, 155, 1, 1, 4.80374e+19
Pixel 1, 156, 1, 1, 4.80374e+19
Pixel 2, 154, 1, 1, 4.80374e+19
Pixel 2, 155, 1, 1, 4.80374e+19
Pixel 2, 156, 1, 1, 4.80374e+19
=== 3470766 ===
--- pALPIDEfs_6 ---
Pixel 909, 412, 1, 1, 4.80374e+19
Pixel 909, 413, 1, 1, 4.80374e+19
Pixel 908, 413, 1, 1, 4.80374e+19
Pixel 909, 414, 1, 1, 4.80374e+19
=== 3509082 ===
--- pALPIDEfs_6 ---
Pixel 725, 458, 1, 1, 4.80374e+19
Pixel 725, 459, 1, 1, 4.80374e+19
Pixel 726, 458, 1, 1, 4.80374e+19
Pixel 726, 459, 1, 1, 4.80374e+19
=== 3544822 ===
--- pALPIDEfs_6 ---
Pixel 503, 389, 1, 1, 4.80374e+19
Pixel 503, 390, 1, 1, 4.80374e+19
Pixel 504, 389, 1, 1, 4.80374e+19
Pixel 504, 390, 1, 1, 4.80374e+19
=== 3568374 ===
--- pALPIDEfs_2 ---
Pixel 741, 49, 1, 1, 4.80374e+19
Pixel 742, 49, 1, 1, 4.80374e+19
=== 3577388 ===
--- pALPIDEfs_2 ---
Pixel 1019, 214, 1, 1, 4.80374e+19
Pixel 1019, 215, 1, 1, 4.80374e+19
Pixel 1019, 216, 1, 1, 4.80374e+19
Pixel 1020, 214, 1, 1, 4.80374e+19
Pixel 1020, 215, 1, 1, 4.80374e+19
Pixel 1020, 216, 1, 1, 4.80374e+19
=== 3620995 ===
--- pALPIDEfs_0 ---
Pixel 763, 74, 1, 1, 4.80374e+19
Pixel 763, 75, 1, 1, 4.80374e+19
Pixel 764, 74, 1, 1, 4.80374e+19
=== 3621159 ===
--- pALPIDEfs_2 ---
Pixel 45, 70, 1, 1, 4.80374e+19
Pixel 45, 71, 1, 1, 4.80374e+19
Pixel 46, 70, 1, 1, 4.80374e+19
Pixel 47, 70, 1, 1, 4.80374e+19
Pixel 47, 71, 1, 1, 4.80374e+19
Pixel 46, 71, 1, 1, 4.80374e+19
=== 3624411 ===
--- pALPIDEfs_0 ---
Pixel 295, 258, 1, 1, 4.80374e+19
Pixel 295, 259, 1, 1, 4.80374e+19
Pixel 295, 260, 1, 1, 4.80374e+19
Pixel 294, 261, 1, 1, 4.80374e+19
Pixel 296, 256, 1, 1, 4.80374e+19
Pixel 297, 256, 1, 1, 4.80374e+19
Pixel 296, 257, 1, 1, 4.80374e+19
=== 3641617 ===
--- pALPIDEfs_3 ---
Pixel 209, 319, 1, 1, 4.80374e+19
Pixel 209, 320, 1, 1, 4.80374e+19
Pixel 211, 319, 1, 1, 4.80374e+19
Pixel 210, 319, 1, 1, 4.80374e+19
Pixel 210, 320, 1, 1, 4.80374e+19
Pixel 211, 320, 1, 1, 4.80374e+19
=== 3644291 ===
--- pALPIDEfs_0 ---
Pixel 452, 80, 1, 1, 4.80374e+19
Pixel 452, 81, 1, 1, 4.80374e+19
=== 3650343 ===
--- pALPIDEfs_6 ---
Pixel 1020, 62, 1, 1, 4.80374e+19
Pixel 1021, 62, 1, 1, 4.80374e+19
Pixel 1021, 63, 1, 1, 4.80374e+19
Pixel 1020, 63, 1, 1, 4.80374e+19
Pixel 1021, 64, 1, 1, 4.80374e+19
Pixel 1022, 62, 1, 1, 4.80374e+19
Pixel 1022, 63, 1, 1, 4.80374e+19
=== 3660259 ===
--- pALPIDEfs_5 ---
Pixel 319, 110, 1, 1, 4.80374e+19
Pixel 320, 110, 1, 1, 4.80374e+19
=== 3668707 ===
--- pALPIDEfs_3 ---
Pixel 408, 281, 1, 1, 4.80374e+19
=== 3696098 ===
--- pALPIDEfs_2 ---
Pixel 603, 165, 1, 1, 4.80374e+19
Pixel 604, 165, 1, 1, 4.80374e+19
=== 3698849 ===
--- pALPIDEfs_2 ---
Pixel 38, 412, 1, 1, 4.80374e+19
Pixel 39, 412, 1, 1, 4.80374e+19
Pixel 39, 413, 1, 1, 4.80374e+19
Pixel 38, 413, 1, 1, 4.80374e+19
=== 3725323 ===
--- pALPIDEfs_5 ---
Pixel 429, 476, 1, 1, 4.80374e+19
Pixel 429, 477, 1, 1, 4.80374e+19
Pixel 429, 478, 1, 1, 4.80374e+19
=== 3727903 ===
--- pALPIDEfs_3 ---
Pixel 557, 180, 1, 1, 4.80374e+19
=== 3769315 ===
--- pALPIDEfs_4 ---
Pixel 509, 217, 1, 1, 4.80374e+19
Pixel 509, 218, 1, 1, 4.80374e+19
=== 3778311 ===
--- pALPIDEfs_3 ---
Pixel 557, 180, 1, 1, 4.80374e+19
=== 3787164 ===
--- pALPIDEfs_0 ---
Pixel 946, 136, 1, 1, 4.80374e+19
Pixel 947, 136, 1, 1, 4.80374e+19
=== 3807109 ===
--- pALPIDEfs_3 ---
Pixel 395, 299, 1, 1, 4.80374e+19
=== 3833128 ===
--- pALPIDEfs_2 ---
Pixel 893, 265, 1, 1, 4.80374e+19
Pixel 894, 264, 1, 1, 4.80374e+19
Pixel 895, 264, 1, 1, 4.80374e+19
Pixel 895, 265, 1, 1, 4.80374e+19
Pixel 894, 265, 1, 1, 4.80374e+19
=== 3841466 ===
--- pALPIDEfs_2 ---
Pixel 850, 72, 1, 1, 4.80374e+19
=== 3845247 ===
--- pALPIDEfs_1 ---
Pixel 77, 455, 1, 1, 4.80374e+19
=== 3845513 ===
--- pALPIDEfs_3 ---
Pixel 335, 470, 1, 1, 4.80374e+19
Pixel 336, 470, 1, 1, 4.80374e+19
--- pALPIDEfs_4 ---
Pixel 316, 77, 1, 1, 4.80374e+19
=== 3853002 ===
--- pALPIDEfs_1 ---
Pixel 814, 420, 1, 1, 4.80374e+19
--- pALPIDEfs_2 ---
Pixel 801, 171, 1, 1, 4.80374e+19
=== 3860660 ===
--- pALPIDEfs_1 ---
Pixel 627, 273, 1, 1, 4.80374e+19
=== 3863834 ===
--- pALPIDEfs_0 ---
Pixel 515, 347, 1, 1, 4.80374e+19
Pixel 514, 347, 1, 1, 4.80374e+19
=== 3869429 ===
--- pALPIDEfs_5 ---
Pixel 651, 266, 1, 1, 4.80374e+19
Pixel 651, 267, 1, 1, 4.80374e+19
Pixel 652, 267, 1, 1, 4.80374e+19
=== 3876671 ===
--- pALPIDEfs_2 ---
Pixel 1012, 511, 1, 1, 4.80374e+19
=== 3884350 ===
--- pALPIDEfs_4 ---
Pixel 742, 368, 1, 1, 4.80374e+19
Pixel 743, 368, 1, 1, 4.80374e+19
Pixel 742, 369, 1, 1, 4.80374e+19
=== 3893055 ===
--- pALPIDEfs_2 ---
Pixel 575, 130, 1, 1, 4.80374e+19
Pixel 575, 131, 1, 1, 4.80374e+19
=== 3911332 ===
--- pALPIDEfs_6 ---
Pixel 447, 350, 1, 1, 4.80374e+19
Pixel 447, 351, 1, 1, 4.80374e+19
=== 3926759 ===
--- pALPIDEfs_3 ---
Pixel 557, 180, 1, 1, 4.80374e+19
=== 3929359 ===
--- pALPIDEfs_3 ---
Pixel 557, 180, 1, 1, 4.80374e+19
=== 3944497 ===
--- pALPIDEfs_2 ---
Pixel 887, 15, 1, 1, 4.80374e+19
Pixel 887, 16, 1, 1, 4.80374e+19
=== 3950781 ===
--- pALPIDEfs_5 ---
Pixel 91, 419, 1, 1, 4.80374e+19
Pixel 90, 419, 1, 1, 4.80374e+19
Pixel 90, 420, 1, 1, 4.80374e+19
Pixel 91, 420, 1, 1, 4.80374e+19
Pixel 92, 419, 1, 1, 4.80374e+19
=== 3955641 ===
--- pALPIDEfs_3 ---
Pixel 836, 88, 1, 1, 4.80374e+19
Pixel 837, 89, 1, 1, 4.80374e+19
Pixel 836, 89, 1, 1, 4.80374e+19
=== 3955675 ===
--- pALPIDEfs_3 ---
Pixel 945, 415, 1, 1, 4.80374e+19
Pixel 944, 415, 1, 1, 4.80374e+19
Pixel 944, 416, 1, 1, 4.80374e+19
Pixel 945, 416, 1, 1, 4.80374e+19
Pixel 946, 415, 1, 1, 4.80374e+19
Pixel 946, 416, 1, 1, 4.80374e+19
=== 3961241 ===
--- pALPIDEfs_1 ---
Pixel 325, 338, 1, 1, 4.80374e+19
Pixel 325, 339, 1, 1, 4.80374e+19
Pixel 326, 338, 1, 1, 4.80374e+19
Pixel 326, 339, 1, 1, 4.80374e+19
=== 3961383 ===
--- pALPIDEfs_0 ---
Pixel 821, 495, 1, 1, 4.80374e+19
Pixel 820, 495, 1, 1, 4.80374e+19
Pixel 820, 496, 1, 1, 4.80374e+19
Pixel 821, 496, 1, 1, 4.80374e+19
=== 3963377 ===
--- pALPIDEfs_4 ---
Pixel 445, 265, 1, 1, 4.80374e+19
Pixel 445, 266, 1, 1, 4.80374e+19
Pixel 446, 265, 1, 1, 4.80374e+19
Pixel 446, 266, 1, 1, 4.80374e+19
--- pALPIDEfs_5 ---
Pixel 418, 478, 1, 1, 4.80374e+19
Pixel 419, 478, 1, 1, 4.80374e+19
Pixel 419, 479, 1, 1, 4.80374e+19
Pixel 418, 479, 1, 1, 4.80374e+19
=== 3974254 ===
--- pALPIDEfs_2 ---
Pixel 6, 354, 1, 1, 4.80374e+19
Pixel 7, 354, 1, 1, 4.80374e+19
Pixel 7, 355, 1, 1, 4.80374e+19
Pixel 7, 356, 1, 1, 4.80374e+19
Pixel 8, 355, 1, 1, 4.80374e+19
Pixel 8, 356, 1, 1, 4.80374e+19
Pixel 9, 357, 1, 1, 4.80374e+19
Pixel 8, 357, 1, 1, 4.80374e+19
Pixel 8, 358, 1, 1, 4.80374e+19
Pixel 9, 358, 1, 1, 4.80374e+19
=== 3975993 ===
--- pALPIDEfs_0 ---
Pixel 346, 168, 1, 1, 4.80374e+19
Pixel 347, 168, 1, 1, 4.80374e+19
--- pALPIDEfs_1 ---
Pixel 157, 338, 1, 1, 4.80374e+19
Pixel 157, 339, 1, 1, 4.80374e+19
=== 3976423 ===
--- pALPIDEfs_0 ---
Pixel 852, 174, 1, 1, 4.80374e+19
Pixel 852, 175, 1, 1, 4.80374e+19
=== 3976715 ===
--- pALPIDEfs_5 ---
Pixel 347, 28, 1, 1, 4.80374e+19
Pixel 347, 29, 1, 1, 4.80374e+19
Pixel 347, 30, 1, 1, 4.80374e+19
Pixel 347, 31, 1, 1, 4.80374e+19
Pixel 348, 28, 1, 1, 4.80374e+19
Pixel 348, 29, 1, 1, 4.80374e+19
Pixel 348, 30, 1, 1, 4.80374e+19
=== 3982759 ===
--- pALPIDEfs_5 ---
Pixel 61, 173, 1, 1, 4.80374e+19
Pixel 61, 174, 1, 1, 4.80374e+19
Pixel 63, 172, 1, 1, 4.80374e+19
Pixel 63, 173, 1, 1, 4.80374e+19
Pixel 62, 173, 1, 1, 4.80374e+19
Pixel 62, 174, 1, 1, 4.80374e+19
Pixel 63, 174, 1, 1, 4.80374e+19
Pixel 64, 172, 1, 1, 4.80374e+19
Pixel 64, 173, 1, 1, 4.80374e+19
=== 3994269 ===
--- pALPIDEfs_6 ---
Pixel 707, 8, 1, 1, 4.80374e+19
Pixel 708, 8, 1, 1, 4.80374e+19
=== 4004318 ===
--- pALPIDEfs_3 ---
Pixel 557, 180, 1, 1, 4.80374e+19
=== 4008201 ===
--- pALPIDEfs_6 ---
Pixel 597, 299, 1, 1, 4.80374e+19
Pixel 597, 300, 1, 1, 4.80374e+19
Pixel 597, 301, 1, 1, 4.80374e+19
Pixel 598, 299, 1, 1, 4.80374e+19
Pixel 598, 300, 1, 1, 4.80374e+19
=== 4010530 ===
--- pALPIDEfs_5 ---
Pixel 944, 404, 1, 1, 4.80374e+19
Pixel 945, 404, 1, 1, 4.80374e+19
Pixel 945, 405, 1, 1, 4.80374e+19
Pixel 944, 405, 1, 1, 4.80374e+19
=== 4045136 ===
--- pALPIDEfs_1 ---
Pixel 942, 508, 1, 1, 4.80374e+19
=== 4076003 ===
--- pALPIDEfs_3 ---
Pixel 948, 224, 1, 1, 4.80374e+19
Pixel 949, 224, 1, 1, 4.80374e+19
Pixel 949, 225, 1, 1, 4.80374e+19
Pixel 948, 225, 1, 1, 4.80374e+19
=== 4085898 ===
--- pALPIDEfs_0 ---
Pixel 326, 466, 1, 1, 4.80374e+19
Pixel 327, 466, 1, 1, 4.80374e+19
=== 4095572 ===
--- pALPIDEfs_5 ---
Pixel 361, 419, 1, 1, 4.80374e+19
Pixel 361, 420, 1, 1, 4.80374e+19
Pixel 361, 421, 1, 1, 4.80374e+19
Pixel 362, 419, 1, 1, 4.80374e+19
Pixel 362, 420, 1, 1, 4.80374e+19
=== 4108667 ===
--- pALPIDEfs_3 ---
Pixel 283, 197, 1, 1, 4.80374e+19
Pixel 282, 197, 1, 1, 4.80374e+19
Pixel 282, 198, 1, 1, 4.80374e+19
Pixel 283, 198, 1, 1, 4.80374e+19
Pixel 283, 199, 1, 1, 4.80374e+19
Pixel 282, 199, 1, 1, 4.80374e+19
Pixel 282, 200, 1, 1, 4.80374e+19
Pixel 283, 200, 1, 1, 4.80374e+19
=== 4123858 ===
--- pALPIDEfs_0 ---
Pixel 618, 108, 1, 1, 4.80374e+19
--- pALPIDEfs_1 ---
Pixel 671, 354, 1, 1, 4.80374e+19
Pixel 671, 355, 1, 1, 4.80374e+19
=== 4147698 ===
--- pALPIDEfs_2 ---
Pixel 671, 345, 1, 1, 4.80374e+19
Pixel 671, 346, 1, 1, 4.80374e+19
Pixel 673, 343, 1, 1, 4.80374e+19
Pixel 672, 344, 1, 1, 4.80374e+19
Pixel 673, 344, 1, 1, 4.80374e+19
Pixel 672, 345, 1, 1, 4.80374e+19
Pixel 675, 342, 1, 1, 4.80374e+19
Pixel 675, 343, 1, 1, 4.80374e+19
Pixel 674, 343, 1, 1, 4.80374e+19
Pixel 674, 344, 1, 1, 4.80374e+19
=== 4151093 ===
--- pALPIDEfs_5 ---
Pixel 929, 58, 1, 1, 4.80374e+19
Pixel 929, 59, 1, 1, 4.80374e+19
Pixel 929, 60, 1, 1, 4.80374e+19
Pixel 930, 58, 1, 1, 4.80374e+19
Pixel 930, 59, 1, 1, 4.80374e+19
--- pALPIDEfs_6 ---
Pixel 633, 459, 1, 1, 4.80374e+19
Pixel 634, 459, 1, 1, 4.80374e+19
=== 4155071 ===
--- pALPIDEfs_3 ---
Pixel 848, 84, 1, 1, 4.80374e+19
Pixel 849, 84, 1, 1, 4.80374e+19
Pixel 849, 85, 1, 1, 4.80374e+19
Pixel 848, 85, 1, 1, 4.80374e+19
Pixel 850, 84, 1, 1, 4.80374e+19
Pixel 850, 85, 1, 1, 4.80374e+19
=== 4200013 ===
--- pALPIDEfs_3 ---
Pixel 695, 176, 1, 1, 4.80374e+19
Pixel 695, 177, 1, 1, 4.80374e+19
Pixel 696, 176, 1, 1, 4.80374e+19
Pixel 696, 177, 1, 1, 4.80374e+19
=== 4210706 ===
--- pALPIDEfs_1 ---
Pixel 331, 181, 1, 1, 4.80374e+19
Pixel 332, 181, 1, 1, 4.80374e+19
--- pALPIDEfs_2 ---
Pixel 821, 27, 1, 1, 4.80374e+19
Pixel 821, 28, 1, 1, 4.80374e+19
=== 4213741 ===
--- pALPIDEfs_4 ---
Pixel 86, 368, 1, 1, 4.80374e+19
Pixel 87, 369, 1, 1, 4.80374e+19
Pixel 86, 369, 1, 1, 4.80374e+19
=== 4235004 ===
--- pALPIDEfs_3 ---
Pixel 321, 23, 1, 1, 4.80374e+19
Pixel 321, 24, 1, 1, 4.80374e+19
Pixel 321, 25, 1, 1, 4.80374e+19
Pixel 323, 22, 1, 1, 4.80374e+19
Pixel 323, 23, 1, 1, 4.80374e+19
Pixel 322, 23, 1, 1, 4.80374e+19
Pixel 322, 24, 1, 1, 4.80374e+19
Pixel 323, 24, 1, 1, 4.80374e+19
Pixel 322, 25, 1, 1, 4.80374e+19
Pixel 324, 22, 1, 1, 4.80374e+19
Pixel 325, 22, 1, 1, 4.80374e+19
Pixel 325, 23, 1, 1, 4.80374e+19
Pixel 324, 23, 1, 1, 4.80374e+19
=== 4266649 ===
--- pALPIDEfs_1 ---
Pixel 291, 33, 1, 1, 4.80374e+19
Pixel 290, 33, 1, 1, 4.80374e+19
Pixel 290, 34, 1, 1, 4.80374e+19
Pixel 291, 34, 1, 1, 4.80374e+19
Pixel 291, 35, 1, 1, 4.80374e+19
Pixel 290, 35, 1, 1, 4.80374e+19
Pixel 291, 36, 1, 1, 4.80374e+19
Pixel 292, 35, 1, 1, 4.80374e+19
Pixel 292, 36, 1, 1, 4.80374e+19
--- pALPIDEfs_3 ---
Pixel 559, 389, 1, 1, 4.80374e+19
Pixel 559, 390, 1, 1, 4.80374e+19
Pixel 559, 391, 1, 1, 4.80374e+19
Pixel 559, 392, 1, 1, 4.80374e+19
Pixel 559, 393, 1, 1, 4.80374e+19
Pixel 560, 390, 1, 1, 4.80374e+19
Pixel 560, 391, 1, 1, 4.80374e+19
Pixel 560, 392, 1, 1, 4.80374e+19
Pixel 560, 393, 1, 1, 4.80374e+19
Pixel 560, 394, 1, 1, 4.80374e+19
Pixel 959, 235, 1, 1, 4.80374e+19
Pixel 959, 236, 1, 1, 4.80374e+19
Pixel 959, 237, 1, 1, 4.80374e+19
Pixel 960, 235, 1, 1, 4.80374e+19
Pixel 960, 236, 1, 1, 4.80374e+19
=== 4273962 ===
--- pALPIDEfs_0 ---
Pixel 686, 404, 1, 1, 4.80374e+19
Pixel 686, 405, 1, 1, 4.80374e+19
=== 4278444 ===
--- pALPIDEfs_4 ---
Pixel 375, 141, 1, 1, 4.80374e+19
Pixel 374, 142, 1, 1, 4.80374e+19
Pixel 375, 142, 1, 1, 4.80374e+19
Pixel 377, 141, 1, 1, 4.80374e+19
Pixel 376, 141, 1, 1, 4.80374e+19
Pixel 376, 142, 1, 1, 4.80374e+19
=== 4310479 ===
--- pALPIDEfs_5 ---
Pixel 351, 180, 1, 1, 4.80374e+19
Pixel 352, 180, 1, 1, 4.80374e+19
=== 4325509 ===
--- pALPIDEfs_5 ---
Pixel 16, 442, 1, 1, 4.80374e+19
Pixel 17, 442, 1, 1, 4.80374e+19
=== 4331261 ===
--- pALPIDEfs_3 ---
Pixel 1009, 475, 1, 1, 4.80374e+19
=== 4338040 ===
--- pALPIDEfs_0 ---
Pixel 777, 297, 1, 1, 4.80374e+19
=== 4360563 ===
--- pALPIDEfs_0 ---
Pixel 41, 187, 1, 1, 4.80374e+19
--- pALPIDEfs_1 ---
Pixel 625, 399, 1, 1, 4.80374e+19
Pixel 626, 399, 1, 1, 4.80374e+19
=== 4373311 ===
--- pALPIDEfs_1 ---
Pixel 745, 15, 1, 1, 4.80374e+19
Pixel 745, 16, 1, 1, 4.80374e+19
--- pALPIDEfs_2 ---
Pixel 653, 181, 1, 1, 4.80374e+19
Pixel 654, 181, 1, 1, 4.80374e+19
--- pALPIDEfs_3 ---
Pixel 466, 354, 1, 1, 4.80374e+19
Pixel 467, 354, 1, 1, 4.80374e+19
Pixel 467, 355, 1, 1, 4.80374e+19
Pixel 466, 355, 1, 1, 4.80374e+19
=== 4375892 ===
--- pALPIDEfs_5 ---
Pixel 173, 164, 1, 1, 4.80374e+19
Pixel 174, 164, 1, 1, 4.80374e+19
Pixel 175, 164, 1, 1, 4.80374e+19
Pixel 175, 165, 1, 1, 4.80374e+19
Pixel 174, 165, 1, 1, 4.80374e+19
Pixel 176, 164, 1, 1, 4.80374e+19
Pixel 177, 165, 1, 1, 4.80374e+19
Pixel 176, 165, 1, 1, 4.80374e+19
Pixel 177, 166, 1, 1, 4.80374e+19
--- pALPIDEfs_6 ---
Pixel 936, 410, 1, 1, 4.80374e+19
Pixel 937, 410, 1, 1, 4.80374e+19
=== 4384411 ===
--- pALPIDEfs_0 ---
Pixel 851, 153, 1, 1, 4.80374e+19
Pixel 851, 154, 1, 1, 4.80374e+19
Pixel 852, 153, 1, 1, 4.80374e+19
=== 4385010 ===
--- pALPIDEfs_3 ---
Pixel 446, 413, 1, 1, 4.80374e+19
Pixel 446, 414, 1, 1, 4.80374e+19
=== 4385727 ===
--- pALPIDEfs_6 ---
Pixel 388, 96, 1, 1, 4.80374e+19
=== 4392628 ===
--- pALPIDEfs_4 ---
Pixel 962, 168, 1, 1, 4.80374e+19
Pixel 963, 168, 1, 1, 4.80374e+19
Pixel 963, 169, 1, 1, 4.80374e+19
Pixel 962, 169, 1, 1, 4.80374e+19
Pixel 962, 170, 1, 1, 4.80374e+19
Pixel 963, 170, 1, 1, 4.80374e+19
Pixel 963, 171, 1, 1, 4.80374e+19
=== 4395076 ===
--- pALPIDEfs_0 ---
Pixel 729, 328, 1, 1, 4.80374e+19
Pixel 729, 329, 1, 1, 4.80374e+19
Pixel 728, 329, 1, 1, 4.80374e+19
Pixel 728, 330, 1, 1, 4.80374e+19
Pixel 729, 330, 1, 1, 4.80374e+19
Pixel 729, 331, 1, 1, 4.80374e+19
Pixel 728, 331, 1, 1, 4.80374e+19
Pixel 730, 329, 1, 1, 4.80374e+19
Pixel 730, 330, 1, 1, 4.80374e+19
=== 4395866 ===
--- pALPIDEfs_4 ---
Pixel 748, 336, 1, 1, 4.80374e+19
Pixel 749, 336, 1, 1, 4.80374e+19
Pixel 749, 337, 1, 1, 4.80374e+19
Pixel 750, 337, 1, 1, 4.80374e+19
Pixel 750, 338, 1, 1, 4.80374e+19
=== 4399015 ===
--- pALPIDEfs_0 ---
Pixel 553, 11, 1, 1, 4.80374e+19
Pixel 552, 11, 1, 1, 4.80374e+19
=== 4405930 ===
--- pALPIDEfs_5 ---
Pixel 721, 261, 1, 1, 4.80374e+19
Pixel 721, 262, 1, 1, 4.80374e+19
Pixel 722, 261, 1, 1, 4.80374e+19
Pixel 722, 262, 1, 1, 4.80374e+19
Pixel 723, 262, 1, 1, 4.80374e+19
Pixel 723, 263, 1, 1, 4.80374e+19
Pixel 724, 263, 1, 1, 4.80374e+19
Pixel 724, 264, 1, 1, 4.80374e+19
=== 4412560 ===
--- pALPIDEfs_2 ---
Pixel 23, 217, 1, 1, 4.80374e+19
Pixel 23, 218, 1, 1, 4.80374e+19
Pixel 25, 214, 1, 1, 4.80374e+19
Pixel 25, 215, 1, 1, 4.80374e+19
Pixel 24, 216, 1, 1, 4.80374e+19
Pixel 25, 216, 1, 1, 4.80374e+19
Pixel 25, 217, 1, 1, 4.80374e+19
Pixel 24, 217, 1, 1, 4.80374e+19
Pixel 24, 218, 1, 1, 4.80374e+19
Pixel 25, 218, 1, 1, 4.80374e+19
Pixel 26, 213, 1, 1, 4.80374e+19
Pixel 26, 214, 1, 1, 4.80374e+19
Pixel 26, 215, 1, 1, 4.80374e+19
Pixel 26, 216, 1, 1, 4.80374e+19
=== 4420920 ===
--- pALPIDEfs_6 ---
Pixel 603, 164, 1, 1, 4.80374e+19
Pixel 603, 165, 1, 1, 4.80374e+19
Pixel 603, 166, 1, 1, 4.80374e+19
Pixel 604, 164, 1, 1, 4.80374e+19
Pixel 604, 165, 1, 1, 4.80374e+19
=== 4428959 ===
--- pALPIDEfs_0 ---
Pixel 856, 331, 1, 1, 4.80374e+19
--- pALPIDEfs_1 ---
Pixel 664, 155, 1, 1, 4.80374e+19
Pixel 664, 156, 1, 1, 4.80374e+19
--- pALPIDEfs_2 ---
Pixel 699, 36, 1, 1, 4.80374e+19
Pixel 699, 37, 1, 1, 4.80374e+19
--- pALPIDEfs_4 ---
Pixel 512, 92, 1, 1, 4.80374e+19
Pixel 513, 92, 1, 1, 4.80374e+19
Pixel 512, 93, 1, 1, 4.80374e+19
=== 4449004 ===
--- pALPIDEfs_3 ---
Pixel 770, 373, 1, 1, 4.80374e+19
=== 4453117 ===
--- pALPIDEfs_2 ---
Pixel 199, 373, 1, 1, 4.80374e+19
Pixel 199, 374, 1, 1, 4.80374e+19
Pixel 200, 373, 1, 1, 4.80374e+19
Pixel 200, 374, 1, 1, 4.80374e+19
Pixel 523, 205, 1, 1, 4.80374e+19
Pixel 523, 206, 1, 1, 4.80374e+19
Pixel 524, 205, 1, 1, 4.80374e+19
Pixel 524, 206, 1, 1, 4.80374e+19
--- pALPIDEfs_3 ---
Pixel 257, 495, 1, 1, 4.80374e+19
Pixel 256, 495, 1, 1, 4.80374e+19
Pixel 256, 496, 1, 1, 4.80374e+19
Pixel 257, 496, 1, 1, 4.80374e+19
=== 4464805 ===
--- pALPIDEfs_3 ---
Pixel 557, 180, 1, 1, 4.80374e+19
=== 4481131 ===
--- pALPIDEfs_2 ---
Pixel 109, 419, 1, 1, 4.80374e+19
Pixel 108, 419, 1, 1, 4.80374e+19
Pixel 108, 420, 1, 1, 4.80374e+19
Pixel 109, 420, 1, 1, 4.80374e+19
Pixel 109, 421, 1, 1, 4.80374e+19
Pixel 108, 421, 1, 1, 4.80374e+19
Pixel 108, 422, 1, 1, 4.80374e+19
=== 4502885 ===
--- pALPIDEfs_3 ---
Pixel 557, 180, 1, 1, 4.80374e+19
=== 4504887 ===
--- pALPIDEfs_2 ---
Pixel 155, 394, 1, 1, 4.80374e+19
Pixel 156, 393, 1, 1, 4.80374e+19
Pixel 156, 394, 1, 1, 4.80374e+19
=== 4504888 ===
--- pALPIDEfs_2 ---
Pixel 155, 394, 1, 1, 4.80374e+19
Pixel 156, 393, 1, 1, 4.80374e+19
Pixel 156, 394, 1, 1, 4.80374e+19
=== 4515401 ===
--- pALPIDEfs_3 ---
Pixel 557, 180, 1, 1, 4.80374e+19
=== 4529708 ===
--- pALPIDEfs_2 ---
Pixel 825, 185, 1, 1, 4.80374e+19
=== 4557098 ===
--- pALPIDEfs_2 ---
Pixel 768, 71, 1, 1, 4.80374e+19
--- pALPIDEfs_3 ---
Pixel 894, 268, 1, 1, 4.80374e+19
Pixel 895, 268, 1, 1, 4.80374e+19
--- pALPIDEfs_4 ---
Pixel 961, 354, 1, 1, 4.80374e+19
Pixel 961, 355, 1, 1, 4.80374e+19
Pixel 962, 354, 1, 1, 4.80374e+19
Pixel 962, 355, 1, 1, 4.80374e+19
--- pALPIDEfs_5 ---
Pixel 1007, 508, 1, 1, 4.80374e+19
Pixel 1007, 509, 1, 1, 4.80374e+19
=== 4557456 ===
--- pALPIDEfs_4 ---
Pixel 293, 159, 1, 1, 4.80374e+19
Pixel 294, 158, 1, 1, 4.80374e+19
Pixel 294, 159, 1, 1, 4.80374e+19
=== 4560868 ===
--- pALPIDEfs_5 ---
Pixel 856, 392, 1, 1, 4.80374e+19
Pixel 857, 392, 1, 1, 4.80374e+19
Pixel 856, 393, 1, 1, 4.80374e+19
=== 4563074 ===
--- pALPIDEfs_3 ---
Pixel 503, 474, 1, 1, 4.80374e+19
Pixel 504, 466, 1, 1, 4.80374e+19
Pixel 504, 467, 1, 1, 4.80374e+19
Pixel 504, 474, 1, 1, 4.80374e+19
Pixel 504, 475, 1, 1, 4.80374e+19
=== 4563189 ===
--- pALPIDEfs_5 ---
Pixel 683, 178, 1, 1, 4.80374e+19
Pixel 683, 179, 1, 1, 4.80374e+19
=== 4581900 ===
--- pALPIDEfs_1 ---
Pixel 793, 483, 1, 1, 4.80374e+19
Pixel 793, 484, 1, 1, 4.80374e+19
Pixel 794, 483, 1, 1, 4.80374e+19
=== 4582550 ===
--- pALPIDEfs_0 ---
Pixel 552, 6, 1, 1, 4.80374e+19
=== 4591573 ===
--- pALPIDEfs_4 ---
Pixel 428, 6, 1, 1, 4.80374e+19
Pixel 429, 6, 1, 1, 4.80374e+19
=== 4599896 ===
--- pALPIDEfs_3 ---
Pixel 413, 240, 1, 1, 4.80374e+19
=== 4602168 ===
--- pALPIDEfs_5 ---
Pixel 423, 41, 1, 1, 4.80374e+19
Pixel 423, 42, 1, 1, 4.80374e+19
=== 4604778 ===
--- pALPIDEfs_1 ---
Pixel 665, 31, 1, 1, 4.80374e+19
Pixel 666, 28, 1, 1, 4.80374e+19
Pixel 667, 28, 1, 1, 4.80374e+19
Pixel 667, 29, 1, 1, 4.80374e+19
Pixel 666, 29, 1, 1, 4.80374e+19
Pixel 666, 30, 1, 1, 4.80374e+19
Pixel 667, 30, 1, 1, 4.80374e+19
Pixel 666, 31, 1, 1, 4.80374e+19
Pixel 668, 28, 1, 1, 4.80374e+19
Pixel 669, 28, 1, 1, 4.80374e+19
Pixel 668, 29, 1, 1, 4.80374e+19
=== 4605848 ===
--- pALPIDEfs_2 ---
Pixel 595, 42, 1, 1, 4.80374e+19
Pixel 596, 42, 1, 1, 4.80374e+19
Pixel 596, 43, 1, 1, 4.80374e+19
--- pALPIDEfs_3 ---
Pixel 1005, 438, 1, 1, 4.80374e+19
Pixel 1005, 439, 1, 1, 4.80374e+19
Pixel 1006, 438, 1, 1, 4.80374e+19
Pixel 1007, 438, 1, 1, 4.80374e+19
Pixel 1006, 439, 1, 1, 4.80374e+19
=== 4613837 ===
--- pALPIDEfs_6 ---
Pixel 257, 24, 1, 1, 4.80374e+19
Pixel 257, 25, 1, 1, 4.80374e+19
=== 4661801 ===
--- pALPIDEfs_4 ---
Pixel 260, 332, 1, 1, 4.80374e+19
Pixel 261, 332, 1, 1, 4.80374e+19
Pixel 261, 333, 1, 1, 4.80374e+19
Pixel 260, 333, 1, 1, 4.80374e+19
=== 4661897 ===
--- pALPIDEfs_4 ---
Pixel 625, 358, 1, 1, 4.80374e+19
Pixel 625, 359, 1, 1, 4.80374e+19
Pixel 626, 358, 1, 1, 4.80374e+19
=== 4668667 ===
--- pALPIDEfs_5 ---
Pixel 925, 477, 1, 1, 4.80374e+19
Pixel 924, 478, 1, 1, 4.80374e+19
Pixel 925, 478, 1, 1, 4.80374e+19
Pixel 926, 476, 1, 1, 4.80374e+19
Pixel 927, 477, 1, 1, 4.80374e+19
Pixel 926, 477, 1, 1, 4.80374e+19
Pixel 926, 478, 1, 1, 4.80374e+19
=== 4685829 ===
--- pALPIDEfs_6 ---
Pixel 270, 122, 1, 1, 4.80374e+19
Pixel 270, 123, 1, 1, 4.80374e+19
=== 4737572 ===
--- pALPIDEfs_3 ---
Pixel 560, 12, 1, 1, 4.80374e+19
Pixel 561, 13, 1, 1, 4.80374e+19
Pixel 560, 13, 1, 1, 4.80374e+19
Pixel 560, 14, 1, 1, 4.80374e+19
Pixel 561, 14, 1, 1, 4.80374e+19
=== 4739802 ===
--- pALPIDEfs_6 ---
Pixel 73, 21, 1, 1, 4.80374e+19
Pixel 72, 21, 1, 1, 4.80374e+19
=== 4741699 ===
--- pALPIDEfs_3 ---
Pixel 271, 58, 1, 1, 4.80374e+19
Pixel 271, 59, 1, 1, 4.80374e+19
=== 4745581 ===
--- pALPIDEfs_6 ---
Pixel 783, 311, 1, 1, 4.80374e+19
Pixel 782, 311, 1, 1, 4.80374e+19
Pixel 782, 312, 1, 1, 4.80374e+19
Pixel 783, 312, 1, 1, 4.80374e+19
Pixel 783, 313, 1, 1, 4.80374e+19
Pixel 784, 312, 1, 1, 4.80374e+19
Pixel 785, 313, 1, 1, 4.80374e+19
Pixel 784, 313, 1, 1, 4.80374e+19
Pixel 784, 314, 1, 1, 4.80374e+19
Pixel 785, 314, 1, 1, 4.80374e+19
=== 4747072 ===
--- pALPIDEfs_1 ---
Pixel 764, 460, 1, 1, 4.80374e+19
=== 4763769 ===
--- pALPIDEfs_2 ---
Pixel 9, 437, 1, 1, 4.80374e+19
Pixel 10, 437, 1, 1, 4.80374e+19
=== 4774812 ===
--- pALPIDEfs_5 ---
Pixel 187, 27, 1, 1, 4.80374e+19
Pixel 187, 28, 1, 1, 4.80374e+19
Pixel 187, 29, 1, 1, 4.80374e+19
Pixel 188, 28, 1, 1, 4.80374e+19
Pixel 188, 29, 1, 1, 4.80374e+19
=== 4792520 ===
--- pALPIDEfs_5 ---
Pixel 152, 217, 1, 1, 4.80374e+19
Pixel 152, 218, 1, 1, 4.80374e+19
=== 4807210 ===
--- pALPIDEfs_1 ---
Pixel 251, 433, 1, 1, 4.80374e+19
=== 4851024 ===
--- pALPIDEfs_6 ---
Pixel 345, 356, 1, 1, 4.80374e+19
Pixel 346, 355, 1, 1, 4.80374e+19
Pixel 346, 356, 1, 1, 4.80374e+19
=== 4863049 ===
--- pALPIDEfs_1 ---
Pixel 424, 448, 1, 1, 4.80374e+19
--- pALPIDEfs_2 ---
Pixel 36, 22, 1, 1, 4.80374e+19
=== 4869812 ===
--- pALPIDEfs_2 ---
Pixel 889, 169, 1, 1, 4.80374e+19
Pixel 889, 170, 1, 1, 4.80374e+19
Pixel 890, 168, 1, 1, 4.80374e+19
Pixel 890, 169, 1, 1, 4.80374e+19
=== 4875538 ===
--- pALPIDEfs_2 ---
Pixel 620, 125, 1, 1, 4.80374e+19
Pixel 620, 126, 1, 1, 4.80374e+19
Pixel 621, 126, 1, 1, 4.80374e+19
=== 4879628 ===
--- pALPIDEfs_4 ---
Pixel 701, 319, 1, 1, 4.80374e+19
Pixel 701, 320, 1, 1, 4.80374e+19
Pixel 703, 317, 1, 1, 4.80374e+19
Pixel 702, 318, 1, 1, 4.80374e+19
Pixel 703, 318, 1, 1, 4.80374e+19
Pixel 702, 319, 1, 1, 4.80374e+19
Pixel 705, 315, 1, 1, 4.80374e+19
Pixel 704, 315, 1, 1, 4.80374e+19
Pixel 704, 316, 1, 1, 4.80374e+19
Pixel 705, 316, 1, 1, 4.80374e+19
Pixel 704, 317, 1, 1, 4.80374e+19
Pixel 707, 313, 1, 1, 4.80374e+19
Pixel 706, 314, 1, 1, 4.80374e+19
Pixel 707, 314, 1, 1, 4.80374e+19
=== 4886072 ===
--- pALPIDEfs_4 ---
Pixel 188, 103, 1, 1, 4.80374e+19
--- pALPIDEfs_5 ---
Pixel 111, 90, 1, 1, 4.80374e+19
Pixel 112, 90, 1, 1, 4.80374e+19
=== 4915789 ===
--- pALPIDEfs_1 ---
Pixel 953, 86, 1, 1, 4.80374e+19
=== 4932927 ===
--- pALPIDEfs_3 ---
Pixel 209, 385, 1, 1, 4.80374e+19
Pixel 209, 386, 1, 1, 4.80374e+19
Pixel 210, 385, 1, 1, 4.80374e+19
Pixel 210, 386, 1, 1, 4.80374e+19
=== 4943324 ===
--- pALPIDEfs_0 ---
Pixel 413, 34, 1, 1, 4.80374e+19
Pixel 413, 35, 1, 1, 4.80374e+19
=== 4948793 ===
--- pALPIDEfs_3 ---
Pixel 286, 118, 1, 1, 4.80374e+19
Pixel 286, 119, 1, 1, 4.80374e+19
--- pALPIDEfs_4 ---
Pixel 85, 185, 1, 1, 4.80374e+19
=== 4958549 ===
--- pALPIDEfs_2 ---
Pixel 358, 152, 1, 1, 4.80374e+19
Pixel 359, 152, 1, 1, 4.80374e+19
Pixel 359, 153, 1, 1, 4.80374e+19
Pixel 360, 152, 1, 1, 4.80374e+19
Pixel 361, 152, 1, 1, 4.80374e+19
Pixel 360, 153, 1, 1, 4.80374e+19
Pixel 362, 152, 1, 1, 4.80374e+19
Pixel 363, 152, 1, 1, 4.80374e+19
=== 4963425 ===
--- pALPIDEfs_0 ---
Pixel 534, 337, 1, 1, 4.80374e+19
Pixel 534, 338, 1, 1, 4.80374e+19
