Run: Cosmics000410
=== 2 ===
--- pALPIDEfs_3 ---
Pixel 238, 320, 1, 1, 4.80374e+19
Pixel 238, 320, 1, 1, 4.80374e+19
=== 3 ===
--- pALPIDEfs_0 ---
Pixel 92, 0, 1, 1, 4.80374e+19
Pixel 93, 0, 1, 1, 4.80374e+19
Pixel 93, 1, 1, 1, 4.80374e+19
Pixel 92, 1, 1, 1, 4.80374e+19
Pixel 92, 2, 1, 1, 4.80374e+19
Pixel 93, 2, 1, 1, 4.80374e+19
Pixel 93, 3, 1, 1, 4.80374e+19
Pixel 92, 3, 1, 1, 4.80374e+19
Pixel 92, 4, 1, 1, 4.80374e+19
Pixel 93, 4, 1, 1, 4.80374e+19
Pixel 93, 5, 1, 1, 4.80374e+19
Pixel 92, 5, 1, 1, 4.80374e+19
Pixel 92, 6, 1, 1, 4.80374e+19
Pixel 93, 6, 1, 1, 4.80374e+19
Pixel 93, 7, 1, 1, 4.80374e+19
Pixel 92, 7, 1, 1, 4.80374e+19
Pixel 92, 8, 1, 1, 4.80374e+19
Pixel 93, 8, 1, 1, 4.80374e+19
Pixel 93, 9, 1, 1, 4.80374e+19
Pixel 92, 9, 1, 1, 4.80374e+19
Pixel 92, 10, 1, 1, 4.80374e+19
Pixel 93, 10, 1, 1, 4.80374e+19
Pixel 93, 11, 1, 1, 4.80374e+19
Pixel 92, 11, 1, 1, 4.80374e+19
Pixel 92, 12, 1, 1, 4.80374e+19
Pixel 93, 12, 1, 1, 4.80374e+19
Pixel 93, 13, 1, 1, 4.80374e+19
Pixel 92, 13, 1, 1, 4.80374e+19
Pixel 92, 14, 1, 1, 4.80374e+19
Pixel 93, 14, 1, 1, 4.80374e+19
Pixel 93, 15, 1, 1, 4.80374e+19
Pixel 92, 15, 1, 1, 4.80374e+19
Pixel 92, 16, 1, 1, 4.80374e+19
Pixel 93, 16, 1, 1, 4.80374e+19
Pixel 93, 17, 1, 1, 4.80374e+19
Pixel 92, 17, 1, 1, 4.80374e+19
Pixel 92, 18, 1, 1, 4.80374e+19
Pixel 93, 18, 1, 1, 4.80374e+19
Pixel 93, 19, 1, 1, 4.80374e+19
Pixel 92, 19, 1, 1, 4.80374e+19
Pixel 92, 20, 1, 1, 4.80374e+19
Pixel 93, 20, 1, 1, 4.80374e+19
Pixel 93, 21, 1, 1, 4.80374e+19
Pixel 92, 21, 1, 1, 4.80374e+19
Pixel 92, 22, 1, 1, 4.80374e+19
Pixel 93, 22, 1, 1, 4.80374e+19
Pixel 93, 23, 1, 1, 4.80374e+19
Pixel 92, 23, 1, 1, 4.80374e+19
Pixel 92, 24, 1, 1, 4.80374e+19
Pixel 93, 24, 1, 1, 4.80374e+19
Pixel 93, 25, 1, 1, 4.80374e+19
Pixel 92, 25, 1, 1, 4.80374e+19
Pixel 92, 26, 1, 1, 4.80374e+19
Pixel 93, 26, 1, 1, 4.80374e+19
Pixel 93, 27, 1, 1, 4.80374e+19
Pixel 92, 27, 1, 1, 4.80374e+19
Pixel 92, 28, 1, 1, 4.80374e+19
Pixel 93, 28, 1, 1, 4.80374e+19
Pixel 93, 29, 1, 1, 4.80374e+19
Pixel 92, 29, 1, 1, 4.80374e+19
Pixel 92, 30, 1, 1, 4.80374e+19
Pixel 93, 30, 1, 1, 4.80374e+19
Pixel 93, 31, 1, 1, 4.80374e+19
Pixel 92, 31, 1, 1, 4.80374e+19
Pixel 92, 32, 1, 1, 4.80374e+19
Pixel 93, 32, 1, 1, 4.80374e+19
Pixel 93, 33, 1, 1, 4.80374e+19
Pixel 92, 33, 1, 1, 4.80374e+19
Pixel 92, 34, 1, 1, 4.80374e+19
Pixel 93, 34, 1, 1, 4.80374e+19
Pixel 93, 35, 1, 1, 4.80374e+19
Pixel 92, 35, 1, 1, 4.80374e+19
Pixel 92, 36, 1, 1, 4.80374e+19
Pixel 93, 36, 1, 1, 4.80374e+19
Pixel 93, 37, 1, 1, 4.80374e+19
Pixel 92, 37, 1, 1, 4.80374e+19
Pixel 92, 38, 1, 1, 4.80374e+19
Pixel 93, 38, 1, 1, 4.80374e+19
Pixel 93, 39, 1, 1, 4.80374e+19
Pixel 92, 39, 1, 1, 4.80374e+19
Pixel 92, 40, 1, 1, 4.80374e+19
Pixel 93, 40, 1, 1, 4.80374e+19
Pixel 93, 41, 1, 1, 4.80374e+19
Pixel 92, 41, 1, 1, 4.80374e+19
Pixel 92, 42, 1, 1, 4.80374e+19
Pixel 93, 42, 1, 1, 4.80374e+19
Pixel 93, 43, 1, 1, 4.80374e+19
Pixel 92, 43, 1, 1, 4.80374e+19
Pixel 92, 44, 1, 1, 4.80374e+19
Pixel 93, 44, 1, 1, 4.80374e+19
Pixel 93, 45, 1, 1, 4.80374e+19
Pixel 92, 45, 1, 1, 4.80374e+19
Pixel 92, 46, 1, 1, 4.80374e+19
Pixel 93, 46, 1, 1, 4.80374e+19
Pixel 93, 47, 1, 1, 4.80374e+19
Pixel 92, 47, 1, 1, 4.80374e+19
Pixel 92, 48, 1, 1, 4.80374e+19
Pixel 93, 48, 1, 1, 4.80374e+19
Pixel 93, 49, 1, 1, 4.80374e+19
Pixel 92, 49, 1, 1, 4.80374e+19
Pixel 92, 50, 1, 1, 4.80374e+19
Pixel 93, 50, 1, 1, 4.80374e+19
Pixel 93, 51, 1, 1, 4.80374e+19
Pixel 92, 51, 1, 1, 4.80374e+19
Pixel 92, 52, 1, 1, 4.80374e+19
Pixel 93, 52, 1, 1, 4.80374e+19
Pixel 93, 53, 1, 1, 4.80374e+19
Pixel 92, 53, 1, 1, 4.80374e+19
Pixel 92, 54, 1, 1, 4.80374e+19
Pixel 93, 54, 1, 1, 4.80374e+19
Pixel 93, 55, 1, 1, 4.80374e+19
Pixel 92, 55, 1, 1, 4.80374e+19
Pixel 92, 56, 1, 1, 4.80374e+19
Pixel 93, 56, 1, 1, 4.80374e+19
Pixel 93, 57, 1, 1, 4.80374e+19
Pixel 92, 57, 1, 1, 4.80374e+19
Pixel 92, 58, 1, 1, 4.80374e+19
Pixel 93, 58, 1, 1, 4.80374e+19
Pixel 93, 59, 1, 1, 4.80374e+19
Pixel 92, 59, 1, 1, 4.80374e+19
Pixel 92, 60, 1, 1, 4.80374e+19
Pixel 93, 60, 1, 1, 4.80374e+19
Pixel 93, 61, 1, 1, 4.80374e+19
Pixel 92, 61, 1, 1, 4.80374e+19
Pixel 92, 62, 1, 1, 4.80374e+19
Pixel 93, 62, 1, 1, 4.80374e+19
Pixel 93, 63, 1, 1, 4.80374e+19
Pixel 92, 63, 1, 1, 4.80374e+19
Pixel 92, 64, 1, 1, 4.80374e+19
Pixel 93, 64, 1, 1, 4.80374e+19
Pixel 93, 65, 1, 1, 4.80374e+19
Pixel 92, 65, 1, 1, 4.80374e+19
Pixel 92, 66, 1, 1, 4.80374e+19
Pixel 93, 66, 1, 1, 4.80374e+19
Pixel 93, 67, 1, 1, 4.80374e+19
Pixel 92, 67, 1, 1, 4.80374e+19
Pixel 92, 68, 1, 1, 4.80374e+19
Pixel 93, 68, 1, 1, 4.80374e+19
Pixel 93, 69, 1, 1, 4.80374e+19
Pixel 92, 69, 1, 1, 4.80374e+19
Pixel 92, 70, 1, 1, 4.80374e+19
Pixel 93, 70, 1, 1, 4.80374e+19
Pixel 93, 71, 1, 1, 4.80374e+19
Pixel 92, 71, 1, 1, 4.80374e+19
Pixel 92, 72, 1, 1, 4.80374e+19
Pixel 93, 72, 1, 1, 4.80374e+19
Pixel 93, 73, 1, 1, 4.80374e+19
Pixel 92, 73, 1, 1, 4.80374e+19
Pixel 92, 74, 1, 1, 4.80374e+19
Pixel 93, 74, 1, 1, 4.80374e+19
Pixel 93, 75, 1, 1, 4.80374e+19
Pixel 92, 75, 1, 1, 4.80374e+19
Pixel 92, 76, 1, 1, 4.80374e+19
Pixel 93, 76, 1, 1, 4.80374e+19
Pixel 93, 77, 1, 1, 4.80374e+19
Pixel 92, 77, 1, 1, 4.80374e+19
Pixel 92, 78, 1, 1, 4.80374e+19
Pixel 93, 78, 1, 1, 4.80374e+19
Pixel 93, 79, 1, 1, 4.80374e+19
Pixel 92, 79, 1, 1, 4.80374e+19
Pixel 92, 80, 1, 1, 4.80374e+19
Pixel 93, 80, 1, 1, 4.80374e+19
Pixel 93, 81, 1, 1, 4.80374e+19
Pixel 92, 81, 1, 1, 4.80374e+19
Pixel 92, 82, 1, 1, 4.80374e+19
Pixel 93, 82, 1, 1, 4.80374e+19
Pixel 93, 83, 1, 1, 4.80374e+19
Pixel 92, 83, 1, 1, 4.80374e+19
Pixel 92, 84, 1, 1, 4.80374e+19
Pixel 93, 84, 1, 1, 4.80374e+19
Pixel 93, 85, 1, 1, 4.80374e+19
Pixel 92, 85, 1, 1, 4.80374e+19
Pixel 92, 86, 1, 1, 4.80374e+19
Pixel 93, 86, 1, 1, 4.80374e+19
Pixel 93, 87, 1, 1, 4.80374e+19
Pixel 92, 87, 1, 1, 4.80374e+19
Pixel 92, 88, 1, 1, 4.80374e+19
Pixel 93, 88, 1, 1, 4.80374e+19
Pixel 93, 89, 1, 1, 4.80374e+19
Pixel 92, 89, 1, 1, 4.80374e+19
Pixel 92, 90, 1, 1, 4.80374e+19
Pixel 93, 90, 1, 1, 4.80374e+19
Pixel 93, 91, 1, 1, 4.80374e+19
Pixel 92, 91, 1, 1, 4.80374e+19
Pixel 92, 92, 1, 1, 4.80374e+19
Pixel 93, 92, 1, 1, 4.80374e+19
Pixel 93, 93, 1, 1, 4.80374e+19
Pixel 92, 93, 1, 1, 4.80374e+19
Pixel 92, 94, 1, 1, 4.80374e+19
Pixel 93, 94, 1, 1, 4.80374e+19
Pixel 93, 95, 1, 1, 4.80374e+19
Pixel 92, 95, 1, 1, 4.80374e+19
Pixel 92, 96, 1, 1, 4.80374e+19
Pixel 93, 96, 1, 1, 4.80374e+19
Pixel 93, 97, 1, 1, 4.80374e+19
Pixel 92, 97, 1, 1, 4.80374e+19
Pixel 92, 98, 1, 1, 4.80374e+19
Pixel 93, 98, 1, 1, 4.80374e+19
Pixel 93, 99, 1, 1, 4.80374e+19
Pixel 92, 99, 1, 1, 4.80374e+19
Pixel 92, 100, 1, 1, 4.80374e+19
Pixel 93, 100, 1, 1, 4.80374e+19
Pixel 93, 101, 1, 1, 4.80374e+19
Pixel 92, 101, 1, 1, 4.80374e+19
Pixel 92, 102, 1, 1, 4.80374e+19
Pixel 93, 102, 1, 1, 4.80374e+19
Pixel 93, 103, 1, 1, 4.80374e+19
Pixel 92, 103, 1, 1, 4.80374e+19
Pixel 92, 104, 1, 1, 4.80374e+19
Pixel 93, 104, 1, 1, 4.80374e+19
Pixel 93, 105, 1, 1, 4.80374e+19
Pixel 92, 105, 1, 1, 4.80374e+19
Pixel 92, 106, 1, 1, 4.80374e+19
Pixel 93, 106, 1, 1, 4.80374e+19
Pixel 93, 107, 1, 1, 4.80374e+19
Pixel 92, 107, 1, 1, 4.80374e+19
Pixel 92, 108, 1, 1, 4.80374e+19
Pixel 93, 108, 1, 1, 4.80374e+19
Pixel 93, 109, 1, 1, 4.80374e+19
Pixel 92, 109, 1, 1, 4.80374e+19
Pixel 92, 110, 1, 1, 4.80374e+19
Pixel 93, 110, 1, 1, 4.80374e+19
Pixel 93, 111, 1, 1, 4.80374e+19
Pixel 92, 111, 1, 1, 4.80374e+19
Pixel 92, 112, 1, 1, 4.80374e+19
Pixel 93, 112, 1, 1, 4.80374e+19
Pixel 93, 113, 1, 1, 4.80374e+19
Pixel 92, 113, 1, 1, 4.80374e+19
Pixel 92, 114, 1, 1, 4.80374e+19
Pixel 93, 114, 1, 1, 4.80374e+19
Pixel 93, 115, 1, 1, 4.80374e+19
Pixel 92, 115, 1, 1, 4.80374e+19
Pixel 92, 116, 1, 1, 4.80374e+19
Pixel 93, 116, 1, 1, 4.80374e+19
Pixel 93, 117, 1, 1, 4.80374e+19
Pixel 92, 117, 1, 1, 4.80374e+19
Pixel 92, 118, 1, 1, 4.80374e+19
Pixel 93, 118, 1, 1, 4.80374e+19
Pixel 93, 119, 1, 1, 4.80374e+19
Pixel 92, 119, 1, 1, 4.80374e+19
Pixel 92, 120, 1, 1, 4.80374e+19
Pixel 93, 120, 1, 1, 4.80374e+19
Pixel 93, 121, 1, 1, 4.80374e+19
Pixel 92, 121, 1, 1, 4.80374e+19
Pixel 92, 122, 1, 1, 4.80374e+19
Pixel 93, 122, 1, 1, 4.80374e+19
Pixel 93, 123, 1, 1, 4.80374e+19
Pixel 92, 123, 1, 1, 4.80374e+19
Pixel 92, 124, 1, 1, 4.80374e+19
Pixel 93, 124, 1, 1, 4.80374e+19
Pixel 93, 125, 1, 1, 4.80374e+19
Pixel 92, 125, 1, 1, 4.80374e+19
Pixel 92, 126, 1, 1, 4.80374e+19
Pixel 93, 126, 1, 1, 4.80374e+19
Pixel 93, 127, 1, 1, 4.80374e+19
Pixel 92, 127, 1, 1, 4.80374e+19
Pixel 92, 128, 1, 1, 4.80374e+19
Pixel 93, 128, 1, 1, 4.80374e+19
Pixel 93, 129, 1, 1, 4.80374e+19
Pixel 92, 129, 1, 1, 4.80374e+19
Pixel 92, 130, 1, 1, 4.80374e+19
Pixel 93, 130, 1, 1, 4.80374e+19
Pixel 93, 131, 1, 1, 4.80374e+19
Pixel 92, 131, 1, 1, 4.80374e+19
Pixel 92, 132, 1, 1, 4.80374e+19
Pixel 93, 132, 1, 1, 4.80374e+19
Pixel 93, 133, 1, 1, 4.80374e+19
Pixel 92, 133, 1, 1, 4.80374e+19
Pixel 92, 134, 1, 1, 4.80374e+19
Pixel 93, 134, 1, 1, 4.80374e+19
Pixel 93, 135, 1, 1, 4.80374e+19
Pixel 92, 135, 1, 1, 4.80374e+19
Pixel 92, 136, 1, 1, 4.80374e+19
Pixel 93, 136, 1, 1, 4.80374e+19
Pixel 93, 137, 1, 1, 4.80374e+19
Pixel 92, 137, 1, 1, 4.80374e+19
Pixel 92, 138, 1, 1, 4.80374e+19
Pixel 93, 138, 1, 1, 4.80374e+19
Pixel 93, 139, 1, 1, 4.80374e+19
Pixel 92, 139, 1, 1, 4.80374e+19
Pixel 92, 140, 1, 1, 4.80374e+19
Pixel 93, 140, 1, 1, 4.80374e+19
Pixel 93, 141, 1, 1, 4.80374e+19
Pixel 92, 141, 1, 1, 4.80374e+19
Pixel 92, 142, 1, 1, 4.80374e+19
Pixel 93, 142, 1, 1, 4.80374e+19
Pixel 93, 143, 1, 1, 4.80374e+19
Pixel 92, 143, 1, 1, 4.80374e+19
Pixel 92, 144, 1, 1, 4.80374e+19
Pixel 93, 144, 1, 1, 4.80374e+19
Pixel 93, 145, 1, 1, 4.80374e+19
Pixel 92, 145, 1, 1, 4.80374e+19
Pixel 92, 146, 1, 1, 4.80374e+19
Pixel 93, 146, 1, 1, 4.80374e+19
Pixel 93, 147, 1, 1, 4.80374e+19
Pixel 92, 147, 1, 1, 4.80374e+19
Pixel 92, 148, 1, 1, 4.80374e+19
Pixel 93, 148, 1, 1, 4.80374e+19
Pixel 93, 149, 1, 1, 4.80374e+19
Pixel 92, 149, 1, 1, 4.80374e+19
Pixel 92, 150, 1, 1, 4.80374e+19
Pixel 93, 150, 1, 1, 4.80374e+19
Pixel 93, 151, 1, 1, 4.80374e+19
Pixel 92, 151, 1, 1, 4.80374e+19
Pixel 92, 152, 1, 1, 4.80374e+19
Pixel 93, 152, 1, 1, 4.80374e+19
Pixel 93, 153, 1, 1, 4.80374e+19
Pixel 92, 153, 1, 1, 4.80374e+19
Pixel 92, 154, 1, 1, 4.80374e+19
Pixel 93, 154, 1, 1, 4.80374e+19
Pixel 93, 155, 1, 1, 4.80374e+19
Pixel 92, 155, 1, 1, 4.80374e+19
Pixel 92, 156, 1, 1, 4.80374e+19
Pixel 93, 156, 1, 1, 4.80374e+19
Pixel 93, 157, 1, 1, 4.80374e+19
Pixel 92, 157, 1, 1, 4.80374e+19
Pixel 92, 158, 1, 1, 4.80374e+19
Pixel 93, 158, 1, 1, 4.80374e+19
Pixel 93, 159, 1, 1, 4.80374e+19
Pixel 92, 159, 1, 1, 4.80374e+19
Pixel 92, 160, 1, 1, 4.80374e+19
Pixel 93, 160, 1, 1, 4.80374e+19
Pixel 93, 161, 1, 1, 4.80374e+19
Pixel 92, 161, 1, 1, 4.80374e+19
Pixel 92, 162, 1, 1, 4.80374e+19
Pixel 93, 162, 1, 1, 4.80374e+19
Pixel 93, 163, 1, 1, 4.80374e+19
Pixel 92, 163, 1, 1, 4.80374e+19
Pixel 92, 164, 1, 1, 4.80374e+19
Pixel 93, 164, 1, 1, 4.80374e+19
Pixel 93, 165, 1, 1, 4.80374e+19
Pixel 92, 165, 1, 1, 4.80374e+19
Pixel 92, 166, 1, 1, 4.80374e+19
Pixel 93, 166, 1, 1, 4.80374e+19
Pixel 93, 167, 1, 1, 4.80374e+19
Pixel 92, 167, 1, 1, 4.80374e+19
Pixel 92, 168, 1, 1, 4.80374e+19
Pixel 93, 168, 1, 1, 4.80374e+19
Pixel 93, 169, 1, 1, 4.80374e+19
Pixel 92, 169, 1, 1, 4.80374e+19
Pixel 92, 170, 1, 1, 4.80374e+19
Pixel 93, 170, 1, 1, 4.80374e+19
Pixel 93, 171, 1, 1, 4.80374e+19
Pixel 92, 171, 1, 1, 4.80374e+19
Pixel 92, 172, 1, 1, 4.80374e+19
Pixel 93, 172, 1, 1, 4.80374e+19
Pixel 93, 173, 1, 1, 4.80374e+19
Pixel 92, 173, 1, 1, 4.80374e+19
Pixel 92, 174, 1, 1, 4.80374e+19
Pixel 93, 174, 1, 1, 4.80374e+19
Pixel 93, 175, 1, 1, 4.80374e+19
Pixel 92, 175, 1, 1, 4.80374e+19
Pixel 92, 176, 1, 1, 4.80374e+19
Pixel 93, 176, 1, 1, 4.80374e+19
Pixel 93, 177, 1, 1, 4.80374e+19
Pixel 92, 177, 1, 1, 4.80374e+19
Pixel 92, 178, 1, 1, 4.80374e+19
Pixel 93, 178, 1, 1, 4.80374e+19
Pixel 93, 179, 1, 1, 4.80374e+19
Pixel 92, 179, 1, 1, 4.80374e+19
Pixel 92, 180, 1, 1, 4.80374e+19
Pixel 93, 180, 1, 1, 4.80374e+19
Pixel 93, 181, 1, 1, 4.80374e+19
Pixel 92, 181, 1, 1, 4.80374e+19
Pixel 92, 182, 1, 1, 4.80374e+19
Pixel 93, 182, 1, 1, 4.80374e+19
Pixel 93, 183, 1, 1, 4.80374e+19
Pixel 92, 183, 1, 1, 4.80374e+19
Pixel 92, 184, 1, 1, 4.80374e+19
Pixel 93, 184, 1, 1, 4.80374e+19
Pixel 93, 185, 1, 1, 4.80374e+19
Pixel 92, 185, 1, 1, 4.80374e+19
Pixel 92, 186, 1, 1, 4.80374e+19
Pixel 93, 186, 1, 1, 4.80374e+19
Pixel 93, 187, 1, 1, 4.80374e+19
Pixel 92, 187, 1, 1, 4.80374e+19
Pixel 92, 188, 1, 1, 4.80374e+19
Pixel 93, 188, 1, 1, 4.80374e+19
Pixel 93, 189, 1, 1, 4.80374e+19
Pixel 92, 189, 1, 1, 4.80374e+19
Pixel 92, 190, 1, 1, 4.80374e+19
Pixel 93, 190, 1, 1, 4.80374e+19
Pixel 93, 191, 1, 1, 4.80374e+19
Pixel 92, 191, 1, 1, 4.80374e+19
Pixel 92, 192, 1, 1, 4.80374e+19
Pixel 93, 192, 1, 1, 4.80374e+19
Pixel 93, 193, 1, 1, 4.80374e+19
Pixel 92, 193, 1, 1, 4.80374e+19
Pixel 92, 194, 1, 1, 4.80374e+19
Pixel 93, 194, 1, 1, 4.80374e+19
Pixel 93, 195, 1, 1, 4.80374e+19
Pixel 92, 195, 1, 1, 4.80374e+19
Pixel 92, 196, 1, 1, 4.80374e+19
Pixel 93, 196, 1, 1, 4.80374e+19
Pixel 93, 197, 1, 1, 4.80374e+19
Pixel 92, 197, 1, 1, 4.80374e+19
Pixel 92, 198, 1, 1, 4.80374e+19
Pixel 93, 198, 1, 1, 4.80374e+19
Pixel 93, 199, 1, 1, 4.80374e+19
Pixel 92, 199, 1, 1, 4.80374e+19
Pixel 92, 200, 1, 1, 4.80374e+19
Pixel 93, 200, 1, 1, 4.80374e+19
Pixel 93, 201, 1, 1, 4.80374e+19
Pixel 92, 201, 1, 1, 4.80374e+19
Pixel 92, 202, 1, 1, 4.80374e+19
Pixel 93, 202, 1, 1, 4.80374e+19
Pixel 93, 203, 1, 1, 4.80374e+19
Pixel 92, 203, 1, 1, 4.80374e+19
Pixel 92, 204, 1, 1, 4.80374e+19
Pixel 93, 204, 1, 1, 4.80374e+19
Pixel 93, 205, 1, 1, 4.80374e+19
Pixel 92, 205, 1, 1, 4.80374e+19
Pixel 92, 206, 1, 1, 4.80374e+19
Pixel 93, 206, 1, 1, 4.80374e+19
Pixel 93, 207, 1, 1, 4.80374e+19
Pixel 92, 207, 1, 1, 4.80374e+19
Pixel 92, 208, 1, 1, 4.80374e+19
Pixel 93, 208, 1, 1, 4.80374e+19
Pixel 93, 209, 1, 1, 4.80374e+19
Pixel 92, 209, 1, 1, 4.80374e+19
Pixel 92, 210, 1, 1, 4.80374e+19
Pixel 93, 210, 1, 1, 4.80374e+19
Pixel 93, 211, 1, 1, 4.80374e+19
Pixel 92, 211, 1, 1, 4.80374e+19
Pixel 92, 212, 1, 1, 4.80374e+19
Pixel 93, 212, 1, 1, 4.80374e+19
Pixel 93, 213, 1, 1, 4.80374e+19
Pixel 92, 213, 1, 1, 4.80374e+19
Pixel 92, 214, 1, 1, 4.80374e+19
Pixel 93, 214, 1, 1, 4.80374e+19
Pixel 93, 215, 1, 1, 4.80374e+19
Pixel 92, 215, 1, 1, 4.80374e+19
Pixel 92, 216, 1, 1, 4.80374e+19
Pixel 93, 216, 1, 1, 4.80374e+19
Pixel 93, 217, 1, 1, 4.80374e+19
Pixel 92, 217, 1, 1, 4.80374e+19
Pixel 92, 218, 1, 1, 4.80374e+19
Pixel 93, 218, 1, 1, 4.80374e+19
Pixel 93, 219, 1, 1, 4.80374e+19
Pixel 92, 219, 1, 1, 4.80374e+19
Pixel 92, 220, 1, 1, 4.80374e+19
Pixel 93, 220, 1, 1, 4.80374e+19
Pixel 93, 221, 1, 1, 4.80374e+19
Pixel 92, 221, 1, 1, 4.80374e+19
Pixel 92, 222, 1, 1, 4.80374e+19
Pixel 93, 222, 1, 1, 4.80374e+19
Pixel 93, 223, 1, 1, 4.80374e+19
Pixel 92, 223, 1, 1, 4.80374e+19
Pixel 92, 224, 1, 1, 4.80374e+19
Pixel 93, 224, 1, 1, 4.80374e+19
Pixel 93, 225, 1, 1, 4.80374e+19
Pixel 92, 225, 1, 1, 4.80374e+19
Pixel 92, 226, 1, 1, 4.80374e+19
Pixel 93, 226, 1, 1, 4.80374e+19
Pixel 93, 227, 1, 1, 4.80374e+19
Pixel 92, 227, 1, 1, 4.80374e+19
Pixel 92, 228, 1, 1, 4.80374e+19
Pixel 93, 228, 1, 1, 4.80374e+19
Pixel 93, 229, 1, 1, 4.80374e+19
Pixel 92, 229, 1, 1, 4.80374e+19
Pixel 92, 230, 1, 1, 4.80374e+19
Pixel 93, 230, 1, 1, 4.80374e+19
Pixel 93, 231, 1, 1, 4.80374e+19
Pixel 92, 231, 1, 1, 4.80374e+19
Pixel 92, 232, 1, 1, 4.80374e+19
Pixel 93, 232, 1, 1, 4.80374e+19
Pixel 93, 233, 1, 1, 4.80374e+19
Pixel 92, 233, 1, 1, 4.80374e+19
Pixel 92, 234, 1, 1, 4.80374e+19
Pixel 93, 234, 1, 1, 4.80374e+19
Pixel 93, 235, 1, 1, 4.80374e+19
Pixel 92, 235, 1, 1, 4.80374e+19
Pixel 92, 236, 1, 1, 4.80374e+19
Pixel 93, 236, 1, 1, 4.80374e+19
Pixel 93, 237, 1, 1, 4.80374e+19
Pixel 92, 237, 1, 1, 4.80374e+19
Pixel 92, 238, 1, 1, 4.80374e+19
Pixel 93, 238, 1, 1, 4.80374e+19
Pixel 93, 239, 1, 1, 4.80374e+19
Pixel 92, 239, 1, 1, 4.80374e+19
Pixel 92, 240, 1, 1, 4.80374e+19
Pixel 93, 240, 1, 1, 4.80374e+19
Pixel 93, 241, 1, 1, 4.80374e+19
Pixel 92, 241, 1, 1, 4.80374e+19
Pixel 92, 242, 1, 1, 4.80374e+19
Pixel 93, 242, 1, 1, 4.80374e+19
Pixel 93, 243, 1, 1, 4.80374e+19
Pixel 92, 243, 1, 1, 4.80374e+19
Pixel 92, 244, 1, 1, 4.80374e+19
Pixel 93, 244, 1, 1, 4.80374e+19
Pixel 93, 245, 1, 1, 4.80374e+19
Pixel 92, 245, 1, 1, 4.80374e+19
Pixel 92, 246, 1, 1, 4.80374e+19
Pixel 93, 246, 1, 1, 4.80374e+19
Pixel 93, 247, 1, 1, 4.80374e+19
Pixel 92, 247, 1, 1, 4.80374e+19
Pixel 92, 248, 1, 1, 4.80374e+19
Pixel 93, 248, 1, 1, 4.80374e+19
Pixel 93, 249, 1, 1, 4.80374e+19
Pixel 92, 249, 1, 1, 4.80374e+19
Pixel 92, 250, 1, 1, 4.80374e+19
Pixel 93, 250, 1, 1, 4.80374e+19
Pixel 93, 251, 1, 1, 4.80374e+19
Pixel 92, 251, 1, 1, 4.80374e+19
Pixel 92, 252, 1, 1, 4.80374e+19
Pixel 93, 252, 1, 1, 4.80374e+19
Pixel 93, 253, 1, 1, 4.80374e+19
Pixel 92, 253, 1, 1, 4.80374e+19
Pixel 92, 254, 1, 1, 4.80374e+19
Pixel 93, 254, 1, 1, 4.80374e+19
Pixel 93, 255, 1, 1, 4.80374e+19
Pixel 92, 255, 1, 1, 4.80374e+19
=== 3555 ===
--- pALPIDEfs_4 ---
Pixel 1010, 246, 1, 1, 4.80374e+19
Pixel 1010, 247, 1, 1, 4.80374e+19
Pixel 1010, 248, 1, 1, 4.80374e+19
=== 5019 ===
--- pALPIDEfs_3 ---
Pixel 559, 406, 1, 1, 4.80374e+19
Pixel 559, 407, 1, 1, 4.80374e+19
=== 9577 ===
--- pALPIDEfs_0 ---
Pixel 768, 105, 1, 1, 4.80374e+19
Pixel 768, 106, 1, 1, 4.80374e+19
=== 13110 ===
--- pALPIDEfs_5 ---
Pixel 482, 471, 1, 1, 4.80374e+19
Pixel 482, 472, 1, 1, 4.80374e+19
=== 18808 ===
--- pALPIDEfs_0 ---
Pixel 541, 233, 1, 1, 4.80374e+19
Pixel 540, 233, 1, 1, 4.80374e+19
=== 27286 ===
--- pALPIDEfs_6 ---
Pixel 241, 486, 1, 1, 4.80374e+19
=== 27683 ===
--- pALPIDEfs_5 ---
Pixel 150, 196, 1, 1, 4.80374e+19
Pixel 151, 196, 1, 1, 4.80374e+19
Pixel 151, 197, 1, 1, 4.80374e+19
Pixel 150, 197, 1, 1, 4.80374e+19
=== 29127 ===
--- pALPIDEfs_5 ---
Pixel 940, 280, 1, 1, 4.80374e+19
Pixel 941, 280, 1, 1, 4.80374e+19
Pixel 941, 281, 1, 1, 4.80374e+19
Pixel 940, 281, 1, 1, 4.80374e+19
=== 76902 ===
--- pALPIDEfs_6 ---
Pixel 79, 387, 1, 1, 4.80374e+19
Pixel 78, 387, 1, 1, 4.80374e+19
Pixel 78, 388, 1, 1, 4.80374e+19
Pixel 79, 388, 1, 1, 4.80374e+19
=== 83481 ===
--- pALPIDEfs_2 ---
Pixel 469, 6, 1, 1, 4.80374e+19
Pixel 469, 7, 1, 1, 4.80374e+19
Pixel 469, 8, 1, 1, 4.80374e+19
Pixel 470, 8, 1, 1, 4.80374e+19
Pixel 471, 9, 1, 1, 4.80374e+19
Pixel 470, 9, 1, 1, 4.80374e+19
=== 109453 ===
--- pALPIDEfs_6 ---
Pixel 721, 185, 1, 1, 4.80374e+19
Pixel 722, 185, 1, 1, 4.80374e+19
=== 126301 ===
--- pALPIDEfs_0 ---
Pixel 366, 387, 1, 1, 4.80374e+19
=== 143348 ===
--- pALPIDEfs_6 ---
Pixel 329, 62, 1, 1, 4.80374e+19
Pixel 330, 62, 1, 1, 4.80374e+19
=== 160265 ===
--- pALPIDEfs_0 ---
Pixel 824, 351, 1, 1, 4.80374e+19
Pixel 824, 352, 1, 1, 4.80374e+19
=== 170596 ===
--- pALPIDEfs_5 ---
Pixel 738, 297, 1, 1, 4.80374e+19
Pixel 738, 298, 1, 1, 4.80374e+19
Pixel 738, 299, 1, 1, 4.80374e+19
=== 173315 ===
--- pALPIDEfs_5 ---
Pixel 766, 433, 1, 1, 4.80374e+19
Pixel 766, 434, 1, 1, 4.80374e+19
Pixel 767, 434, 1, 1, 4.80374e+19
Pixel 767, 435, 1, 1, 4.80374e+19
=== 181133 ===
--- pALPIDEfs_3 ---
Pixel 905, 170, 1, 1, 4.80374e+19
Pixel 906, 170, 1, 1, 4.80374e+19
Pixel 907, 170, 1, 1, 4.80374e+19
Pixel 907, 171, 1, 1, 4.80374e+19
Pixel 906, 171, 1, 1, 4.80374e+19
--- pALPIDEfs_4 ---
Pixel 157, 88, 1, 1, 4.80374e+19
Pixel 159, 87, 1, 1, 4.80374e+19
Pixel 158, 87, 1, 1, 4.80374e+19
Pixel 158, 88, 1, 1, 4.80374e+19
Pixel 159, 88, 1, 1, 4.80374e+19
=== 185279 ===
--- pALPIDEfs_6 ---
Pixel 443, 301, 1, 1, 4.80374e+19
Pixel 442, 301, 1, 1, 4.80374e+19
=== 192064 ===
--- pALPIDEfs_6 ---
Pixel 629, 86, 1, 1, 4.80374e+19
Pixel 629, 87, 1, 1, 4.80374e+19
=== 217120 ===
--- pALPIDEfs_1 ---
Pixel 262, 441, 1, 1, 4.80374e+19
Pixel 262, 442, 1, 1, 4.80374e+19
--- pALPIDEfs_2 ---
Pixel 523, 71, 1, 1, 4.80374e+19
=== 222960 ===
--- pALPIDEfs_6 ---
Pixel 561, 494, 1, 1, 4.80374e+19
Pixel 561, 495, 1, 1, 4.80374e+19
Pixel 561, 496, 1, 1, 4.80374e+19
Pixel 562, 494, 1, 1, 4.80374e+19
Pixel 562, 495, 1, 1, 4.80374e+19
Pixel 562, 496, 1, 1, 4.80374e+19
=== 225988 ===
--- pALPIDEfs_1 ---
Pixel 785, 47, 1, 1, 4.80374e+19
Pixel 784, 48, 1, 1, 4.80374e+19
Pixel 785, 48, 1, 1, 4.80374e+19
Pixel 785, 49, 1, 1, 4.80374e+19
Pixel 784, 49, 1, 1, 4.80374e+19
Pixel 784, 50, 1, 1, 4.80374e+19
Pixel 785, 50, 1, 1, 4.80374e+19
Pixel 786, 47, 1, 1, 4.80374e+19
=== 227164 ===
--- pALPIDEfs_5 ---
Pixel 1006, 287, 1, 1, 4.80374e+19
Pixel 1006, 288, 1, 1, 4.80374e+19
Pixel 1007, 289, 1, 1, 4.80374e+19
Pixel 1006, 290, 1, 1, 4.80374e+19
Pixel 1007, 290, 1, 1, 4.80374e+19
Pixel 1007, 291, 1, 1, 4.80374e+19
=== 266731 ===
--- pALPIDEfs_4 ---
Pixel 123, 36, 1, 1, 4.80374e+19
Pixel 123, 37, 1, 1, 4.80374e+19
Pixel 123, 38, 1, 1, 4.80374e+19
Pixel 124, 37, 1, 1, 4.80374e+19
=== 267644 ===
--- pALPIDEfs_5 ---
Pixel 603, 376, 1, 1, 4.80374e+19
Pixel 603, 377, 1, 1, 4.80374e+19
Pixel 603, 378, 1, 1, 4.80374e+19
Pixel 604, 376, 1, 1, 4.80374e+19
Pixel 604, 377, 1, 1, 4.80374e+19
Pixel 604, 378, 1, 1, 4.80374e+19
Pixel 605, 379, 1, 1, 4.80374e+19
Pixel 606, 379, 1, 1, 4.80374e+19
Pixel 606, 380, 1, 1, 4.80374e+19
=== 279414 ===
--- pALPIDEfs_5 ---
Pixel 994, 272, 1, 1, 4.80374e+19
=== 285753 ===
--- pALPIDEfs_6 ---
Pixel 901, 71, 1, 1, 4.80374e+19
=== 298762 ===
--- pALPIDEfs_3 ---
Pixel 373, 76, 1, 1, 4.80374e+19
Pixel 373, 77, 1, 1, 4.80374e+19
Pixel 374, 76, 1, 1, 4.80374e+19
Pixel 374, 77, 1, 1, 4.80374e+19
=== 300209 ===
--- pALPIDEfs_1 ---
Pixel 121, 470, 1, 1, 4.80374e+19
Pixel 122, 470, 1, 1, 4.80374e+19
Pixel 123, 471, 1, 1, 4.80374e+19
Pixel 122, 471, 1, 1, 4.80374e+19
Pixel 123, 472, 1, 1, 4.80374e+19
Pixel 124, 471, 1, 1, 4.80374e+19
Pixel 124, 472, 1, 1, 4.80374e+19
Pixel 125, 472, 1, 1, 4.80374e+19
Pixel 127, 473, 1, 1, 4.80374e+19
Pixel 126, 473, 1, 1, 4.80374e+19
Pixel 127, 474, 1, 1, 4.80374e+19
Pixel 128, 474, 1, 1, 4.80374e+19
=== 312843 ===
--- pALPIDEfs_1 ---
Pixel 550, 420, 1, 1, 4.80374e+19
Pixel 551, 421, 1, 1, 4.80374e+19
Pixel 550, 421, 1, 1, 4.80374e+19
Pixel 551, 422, 1, 1, 4.80374e+19
Pixel 551, 423, 1, 1, 4.80374e+19
Pixel 552, 423, 1, 1, 4.80374e+19
=== 316245 ===
--- pALPIDEfs_2 ---
Pixel 964, 336, 1, 1, 4.80374e+19
Pixel 965, 336, 1, 1, 4.80374e+19
Pixel 965, 337, 1, 1, 4.80374e+19
Pixel 964, 337, 1, 1, 4.80374e+19
=== 318981 ===
--- pALPIDEfs_4 ---
Pixel 917, 5, 1, 1, 4.80374e+19
Pixel 917, 6, 1, 1, 4.80374e+19
Pixel 918, 5, 1, 1, 4.80374e+19
Pixel 918, 6, 1, 1, 4.80374e+19
=== 319138 ===
--- pALPIDEfs_2 ---
Pixel 294, 237, 1, 1, 4.80374e+19
=== 328523 ===
--- pALPIDEfs_6 ---
Pixel 841, 7, 1, 1, 4.80374e+19
Pixel 840, 8, 1, 1, 4.80374e+19
Pixel 841, 8, 1, 1, 4.80374e+19
=== 330964 ===
--- pALPIDEfs_6 ---
Pixel 231, 40, 1, 1, 4.80374e+19
=== 334340 ===
--- pALPIDEfs_5 ---
Pixel 714, 72, 1, 1, 4.80374e+19
--- pALPIDEfs_6 ---
Pixel 583, 406, 1, 1, 4.80374e+19
=== 348525 ===
--- pALPIDEfs_4 ---
Pixel 426, 129, 1, 1, 4.80374e+19
=== 352273 ===
--- pALPIDEfs_3 ---
Pixel 395, 299, 1, 1, 4.80374e+19
=== 359099 ===
--- pALPIDEfs_3 ---
Pixel 963, 503, 1, 1, 4.80374e+19
Pixel 963, 504, 1, 1, 4.80374e+19
Pixel 963, 505, 1, 1, 4.80374e+19
Pixel 962, 506, 1, 1, 4.80374e+19
Pixel 963, 506, 1, 1, 4.80374e+19
Pixel 963, 507, 1, 1, 4.80374e+19
Pixel 962, 507, 1, 1, 4.80374e+19
Pixel 964, 504, 1, 1, 4.80374e+19
=== 361862 ===
--- pALPIDEfs_4 ---
Pixel 78, 166, 1, 1, 4.80374e+19
=== 372598 ===
--- pALPIDEfs_6 ---
Pixel 687, 132, 1, 1, 4.80374e+19
Pixel 688, 132, 1, 1, 4.80374e+19
=== 387247 ===
--- pALPIDEfs_3 ---
Pixel 847, 390, 1, 1, 4.80374e+19
Pixel 847, 391, 1, 1, 4.80374e+19
=== 387316 ===
--- pALPIDEfs_5 ---
Pixel 797, 451, 1, 1, 4.80374e+19
Pixel 797, 452, 1, 1, 4.80374e+19
Pixel 798, 451, 1, 1, 4.80374e+19
Pixel 798, 452, 1, 1, 4.80374e+19
=== 390239 ===
--- pALPIDEfs_1 ---
Pixel 597, 15, 1, 1, 4.80374e+19
Pixel 596, 15, 1, 1, 4.80374e+19
--- pALPIDEfs_2 ---
Pixel 597, 428, 1, 1, 4.80374e+19
=== 400476 ===
--- pALPIDEfs_2 ---
Pixel 867, 351, 1, 1, 4.80374e+19
Pixel 867, 352, 1, 1, 4.80374e+19
Pixel 867, 353, 1, 1, 4.80374e+19
=== 407476 ===
--- pALPIDEfs_1 ---
Pixel 851, 96, 1, 1, 4.80374e+19
Pixel 851, 97, 1, 1, 4.80374e+19
Pixel 850, 97, 1, 1, 4.80374e+19
Pixel 852, 96, 1, 1, 4.80374e+19
Pixel 853, 96, 1, 1, 4.80374e+19
Pixel 853, 97, 1, 1, 4.80374e+19
Pixel 852, 97, 1, 1, 4.80374e+19
Pixel 854, 97, 1, 1, 4.80374e+19
Pixel 854, 98, 1, 1, 4.80374e+19
Pixel 855, 98, 1, 1, 4.80374e+19
=== 438612 ===
--- pALPIDEfs_3 ---
Pixel 149, 318, 1, 1, 4.80374e+19
Pixel 149, 319, 1, 1, 4.80374e+19
Pixel 150, 318, 1, 1, 4.80374e+19
Pixel 150, 319, 1, 1, 4.80374e+19
--- pALPIDEfs_4 ---
Pixel 716, 424, 1, 1, 4.80374e+19
Pixel 717, 424, 1, 1, 4.80374e+19
Pixel 717, 425, 1, 1, 4.80374e+19
Pixel 716, 425, 1, 1, 4.80374e+19
=== 442210 ===
--- pALPIDEfs_2 ---
Pixel 727, 344, 1, 1, 4.80374e+19
Pixel 727, 345, 1, 1, 4.80374e+19
Pixel 728, 344, 1, 1, 4.80374e+19
Pixel 728, 345, 1, 1, 4.80374e+19
=== 472559 ===
--- pALPIDEfs_3 ---
Pixel 211, 57, 1, 1, 4.80374e+19
Pixel 212, 56, 1, 1, 4.80374e+19
Pixel 212, 57, 1, 1, 4.80374e+19
=== 482879 ===
--- pALPIDEfs_2 ---
Pixel 863, 445, 1, 1, 4.80374e+19
Pixel 863, 446, 1, 1, 4.80374e+19
Pixel 864, 445, 1, 1, 4.80374e+19
Pixel 864, 446, 1, 1, 4.80374e+19
=== 502779 ===
--- pALPIDEfs_2 ---
Pixel 51, 392, 1, 1, 4.80374e+19
Pixel 51, 393, 1, 1, 4.80374e+19
=== 508315 ===
--- pALPIDEfs_2 ---
Pixel 548, 48, 1, 1, 4.80374e+19
Pixel 549, 48, 1, 1, 4.80374e+19
Pixel 549, 49, 1, 1, 4.80374e+19
Pixel 548, 49, 1, 1, 4.80374e+19
Pixel 548, 50, 1, 1, 4.80374e+19
=== 508492 ===
--- pALPIDEfs_2 ---
Pixel 884, 148, 1, 1, 4.80374e+19
Pixel 885, 148, 1, 1, 4.80374e+19
=== 509270 ===
--- pALPIDEfs_5 ---
Pixel 381, 289, 1, 1, 4.80374e+19
Pixel 381, 290, 1, 1, 4.80374e+19
Pixel 383, 289, 1, 1, 4.80374e+19
Pixel 382, 289, 1, 1, 4.80374e+19
Pixel 382, 290, 1, 1, 4.80374e+19
Pixel 383, 290, 1, 1, 4.80374e+19
=== 513439 ===
--- pALPIDEfs_2 ---
Pixel 446, 390, 1, 1, 4.80374e+19
Pixel 447, 390, 1, 1, 4.80374e+19
Pixel 447, 391, 1, 1, 4.80374e+19
Pixel 446, 391, 1, 1, 4.80374e+19
=== 522574 ===
--- pALPIDEfs_5 ---
Pixel 373, 288, 1, 1, 4.80374e+19
Pixel 373, 289, 1, 1, 4.80374e+19
Pixel 374, 288, 1, 1, 4.80374e+19
Pixel 374, 289, 1, 1, 4.80374e+19
Pixel 374, 290, 1, 1, 4.80374e+19
=== 527532 ===
--- pALPIDEfs_4 ---
Pixel 503, 385, 1, 1, 4.80374e+19
Pixel 503, 386, 1, 1, 4.80374e+19
Pixel 504, 386, 1, 1, 4.80374e+19
=== 533440 ===
--- pALPIDEfs_0 ---
Pixel 843, 349, 1, 1, 4.80374e+19
Pixel 845, 349, 1, 1, 4.80374e+19
Pixel 844, 349, 1, 1, 4.80374e+19
=== 544583 ===
--- pALPIDEfs_0 ---
Pixel 47, 355, 1, 1, 4.80374e+19
Pixel 46, 356, 1, 1, 4.80374e+19
Pixel 47, 356, 1, 1, 4.80374e+19
Pixel 47, 357, 1, 1, 4.80374e+19
=== 551934 ===
--- pALPIDEfs_1 ---
Pixel 577, 62, 1, 1, 4.80374e+19
Pixel 577, 63, 1, 1, 4.80374e+19
=== 557285 ===
--- pALPIDEfs_5 ---
Pixel 330, 432, 1, 1, 4.80374e+19
Pixel 330, 433, 1, 1, 4.80374e+19
--- pALPIDEfs_6 ---
Pixel 573, 153, 1, 1, 4.80374e+19
Pixel 574, 152, 1, 1, 4.80374e+19
Pixel 574, 153, 1, 1, 4.80374e+19
=== 566827 ===
--- pALPIDEfs_0 ---
Pixel 403, 1, 1, 1, 4.80374e+19
Pixel 402, 1, 1, 1, 4.80374e+19
Pixel 402, 2, 1, 1, 4.80374e+19
Pixel 403, 2, 1, 1, 4.80374e+19
=== 570987 ===
--- pALPIDEfs_6 ---
Pixel 850, 81, 1, 1, 4.80374e+19
=== 572297 ===
--- pALPIDEfs_5 ---
Pixel 339, 206, 1, 1, 4.80374e+19
Pixel 340, 206, 1, 1, 4.80374e+19
=== 588734 ===
--- pALPIDEfs_0 ---
Pixel 936, 397, 1, 1, 4.80374e+19
Pixel 936, 398, 1, 1, 4.80374e+19
--- pALPIDEfs_1 ---
Pixel 637, 484, 1, 1, 4.80374e+19
Pixel 637, 485, 1, 1, 4.80374e+19
Pixel 638, 484, 1, 1, 4.80374e+19
Pixel 638, 485, 1, 1, 4.80374e+19
--- pALPIDEfs_2 ---
Pixel 363, 469, 1, 1, 4.80374e+19
=== 596097 ===
--- pALPIDEfs_1 ---
Pixel 659, 84, 1, 1, 4.80374e+19
=== 604336 ===
--- pALPIDEfs_2 ---
Pixel 787, 245, 1, 1, 4.80374e+19
Pixel 787, 246, 1, 1, 4.80374e+19
Pixel 788, 244, 1, 1, 4.80374e+19
Pixel 788, 245, 1, 1, 4.80374e+19
Pixel 788, 246, 1, 1, 4.80374e+19
=== 624262 ===
--- pALPIDEfs_2 ---
Pixel 49, 52, 1, 1, 4.80374e+19
Pixel 49, 53, 1, 1, 4.80374e+19
Pixel 50, 52, 1, 1, 4.80374e+19
Pixel 50, 53, 1, 1, 4.80374e+19
--- pALPIDEfs_3 ---
Pixel 480, 89, 1, 1, 4.80374e+19
Pixel 480, 90, 1, 1, 4.80374e+19
--- pALPIDEfs_4 ---
Pixel 931, 114, 1, 1, 4.80374e+19
=== 644684 ===
--- pALPIDEfs_1 ---
Pixel 109, 38, 1, 1, 4.80374e+19
Pixel 109, 39, 1, 1, 4.80374e+19
Pixel 108, 39, 1, 1, 4.80374e+19
--- pALPIDEfs_2 ---
Pixel 15, 367, 1, 1, 4.80374e+19
Pixel 14, 367, 1, 1, 4.80374e+19
Pixel 14, 368, 1, 1, 4.80374e+19
Pixel 15, 368, 1, 1, 4.80374e+19
=== 645381 ===
--- pALPIDEfs_3 ---
Pixel 605, 202, 1, 1, 4.80374e+19
Pixel 606, 202, 1, 1, 4.80374e+19
--- pALPIDEfs_4 ---
Pixel 206, 438, 1, 1, 4.80374e+19
Pixel 207, 438, 1, 1, 4.80374e+19
=== 666598 ===
--- pALPIDEfs_2 ---
Pixel 933, 54, 1, 1, 4.80374e+19
Pixel 933, 55, 1, 1, 4.80374e+19
=== 674528 ===
--- pALPIDEfs_5 ---
Pixel 308, 119, 1, 1, 4.80374e+19
--- pALPIDEfs_6 ---
Pixel 411, 306, 1, 1, 4.80374e+19
Pixel 411, 307, 1, 1, 4.80374e+19
=== 698773 ===
--- pALPIDEfs_6 ---
Pixel 631, 510, 1, 1, 4.80374e+19
Pixel 631, 511, 1, 1, 4.80374e+19
Pixel 632, 511, 1, 1, 4.80374e+19
=== 698775 ===
--- pALPIDEfs_5 ---
Pixel 241, 53, 1, 1, 4.80374e+19
Pixel 240, 53, 1, 1, 4.80374e+19
Pixel 240, 54, 1, 1, 4.80374e+19
=== 720588 ===
--- pALPIDEfs_1 ---
Pixel 469, 251, 1, 1, 4.80374e+19
Pixel 468, 251, 1, 1, 4.80374e+19
--- pALPIDEfs_2 ---
Pixel 250, 54, 1, 1, 4.80374e+19
Pixel 251, 54, 1, 1, 4.80374e+19
Pixel 251, 55, 1, 1, 4.80374e+19
Pixel 250, 55, 1, 1, 4.80374e+19
Pixel 250, 56, 1, 1, 4.80374e+19
Pixel 251, 56, 1, 1, 4.80374e+19
Pixel 300, 85, 1, 1, 4.80374e+19
--- pALPIDEfs_3 ---
Pixel 407, 145, 1, 1, 4.80374e+19
Pixel 406, 146, 1, 1, 4.80374e+19
Pixel 407, 146, 1, 1, 4.80374e+19
Pixel 407, 147, 1, 1, 4.80374e+19
Pixel 406, 147, 1, 1, 4.80374e+19
Pixel 408, 146, 1, 1, 4.80374e+19
=== 737874 ===
--- pALPIDEfs_6 ---
Pixel 867, 237, 1, 1, 4.80374e+19
Pixel 866, 237, 1, 1, 4.80374e+19
Pixel 866, 238, 1, 1, 4.80374e+19
=== 752630 ===
--- pALPIDEfs_2 ---
Pixel 680, 302, 1, 1, 4.80374e+19
Pixel 680, 303, 1, 1, 4.80374e+19
=== 757614 ===
--- pALPIDEfs_2 ---
Pixel 501, 59, 1, 1, 4.80374e+19
Pixel 501, 60, 1, 1, 4.80374e+19
--- pALPIDEfs_3 ---
Pixel 7, 365, 1, 1, 4.80374e+19
Pixel 6, 365, 1, 1, 4.80374e+19
Pixel 6, 366, 1, 1, 4.80374e+19
Pixel 7, 366, 1, 1, 4.80374e+19
Pixel 8, 365, 1, 1, 4.80374e+19
Pixel 8, 366, 1, 1, 4.80374e+19
Pixel 9, 366, 1, 1, 4.80374e+19
Pixel 9, 367, 1, 1, 4.80374e+19
Pixel 10, 366, 1, 1, 4.80374e+19
Pixel 11, 366, 1, 1, 4.80374e+19
Pixel 11, 367, 1, 1, 4.80374e+19
Pixel 10, 367, 1, 1, 4.80374e+19
Pixel 11, 368, 1, 1, 4.80374e+19
Pixel 12, 366, 1, 1, 4.80374e+19
Pixel 12, 367, 1, 1, 4.80374e+19
=== 760747 ===
--- pALPIDEfs_3 ---
Pixel 395, 299, 1, 1, 4.80374e+19
=== 767727 ===
--- pALPIDEfs_4 ---
Pixel 937, 307, 1, 1, 4.80374e+19
Pixel 938, 307, 1, 1, 4.80374e+19
=== 771462 ===
--- pALPIDEfs_1 ---
Pixel 975, 372, 1, 1, 4.80374e+19
Pixel 975, 373, 1, 1, 4.80374e+19
=== 779957 ===
--- pALPIDEfs_0 ---
Pixel 641, 132, 1, 1, 4.80374e+19
Pixel 641, 133, 1, 1, 4.80374e+19
Pixel 642, 132, 1, 1, 4.80374e+19
=== 781971 ===
--- pALPIDEfs_2 ---
Pixel 37, 398, 1, 1, 4.80374e+19
Pixel 37, 399, 1, 1, 4.80374e+19
Pixel 38, 398, 1, 1, 4.80374e+19
Pixel 38, 399, 1, 1, 4.80374e+19
=== 783217 ===
--- pALPIDEfs_2 ---
Pixel 918, 94, 1, 1, 4.80374e+19
Pixel 919, 95, 1, 1, 4.80374e+19
Pixel 918, 95, 1, 1, 4.80374e+19
=== 823295 ===
--- pALPIDEfs_6 ---
Pixel 455, 4, 1, 1, 4.80374e+19
Pixel 456, 4, 1, 1, 4.80374e+19
Pixel 457, 4, 1, 1, 4.80374e+19
=== 823296 ===
--- pALPIDEfs_6 ---
Pixel 456, 4, 1, 1, 4.80374e+19
Pixel 457, 4, 1, 1, 4.80374e+19
=== 831870 ===
--- pALPIDEfs_2 ---
Pixel 578, 3, 1, 1, 4.80374e+19
Pixel 578, 4, 1, 1, 4.80374e+19
--- pALPIDEfs_3 ---
Pixel 446, 469, 1, 1, 4.80374e+19
=== 865926 ===
--- pALPIDEfs_0 ---
Pixel 435, 198, 1, 1, 4.80374e+19
Pixel 437, 199, 1, 1, 4.80374e+19
Pixel 436, 199, 1, 1, 4.80374e+19
Pixel 437, 200, 1, 1, 4.80374e+19
Pixel 438, 200, 1, 1, 4.80374e+19
Pixel 439, 201, 1, 1, 4.80374e+19
Pixel 438, 201, 1, 1, 4.80374e+19
Pixel 439, 202, 1, 1, 4.80374e+19
Pixel 440, 202, 1, 1, 4.80374e+19
Pixel 441, 203, 1, 1, 4.80374e+19
Pixel 440, 203, 1, 1, 4.80374e+19
Pixel 443, 203, 1, 1, 4.80374e+19
Pixel 442, 203, 1, 1, 4.80374e+19
Pixel 442, 204, 1, 1, 4.80374e+19
Pixel 443, 204, 1, 1, 4.80374e+19
Pixel 445, 203, 1, 1, 4.80374e+19
Pixel 444, 203, 1, 1, 4.80374e+19
Pixel 444, 204, 1, 1, 4.80374e+19
=== 885949 ===
--- pALPIDEfs_6 ---
Pixel 405, 10, 1, 1, 4.80374e+19
Pixel 405, 11, 1, 1, 4.80374e+19
Pixel 406, 11, 1, 1, 4.80374e+19
=== 900954 ===
--- pALPIDEfs_4 ---
Pixel 853, 196, 1, 1, 4.80374e+19
Pixel 853, 197, 1, 1, 4.80374e+19
--- pALPIDEfs_5 ---
Pixel 619, 10, 1, 1, 4.80374e+19
Pixel 620, 10, 1, 1, 4.80374e+19
=== 903903 ===
--- pALPIDEfs_0 ---
Pixel 341, 436, 1, 1, 4.80374e+19
Pixel 341, 437, 1, 1, 4.80374e+19
--- pALPIDEfs_1 ---
Pixel 353, 260, 1, 1, 4.80374e+19
=== 924607 ===
--- pALPIDEfs_6 ---
Pixel 660, 42, 1, 1, 4.80374e+19
Pixel 661, 42, 1, 1, 4.80374e+19
Pixel 661, 43, 1, 1, 4.80374e+19
Pixel 660, 43, 1, 1, 4.80374e+19
=== 941987 ===
--- pALPIDEfs_6 ---
Pixel 55, 475, 1, 1, 4.80374e+19
Pixel 54, 475, 1, 1, 4.80374e+19
Pixel 54, 476, 1, 1, 4.80374e+19
Pixel 55, 476, 1, 1, 4.80374e+19
Pixel 55, 477, 1, 1, 4.80374e+19
Pixel 55, 478, 1, 1, 4.80374e+19
Pixel 55, 479, 1, 1, 4.80374e+19
=== 961984 ===
--- pALPIDEfs_6 ---
Pixel 295, 292, 1, 1, 4.80374e+19
Pixel 295, 293, 1, 1, 4.80374e+19
=== 981790 ===
--- pALPIDEfs_5 ---
Pixel 869, 465, 1, 1, 4.80374e+19
Pixel 868, 465, 1, 1, 4.80374e+19
Pixel 868, 466, 1, 1, 4.80374e+19
Pixel 869, 466, 1, 1, 4.80374e+19
Pixel 869, 467, 1, 1, 4.80374e+19
Pixel 868, 467, 1, 1, 4.80374e+19
=== 984726 ===
--- pALPIDEfs_0 ---
Pixel 639, 92, 1, 1, 4.80374e+19
=== 989041 ===
--- pALPIDEfs_2 ---
Pixel 526, 34, 1, 1, 4.80374e+19
Pixel 526, 35, 1, 1, 4.80374e+19
=== 1013210 ===
--- pALPIDEfs_4 ---
Pixel 47, 17, 1, 1, 4.80374e+19
Pixel 47, 18, 1, 1, 4.80374e+19
=== 1014057 ===
--- pALPIDEfs_0 ---
Pixel 360, 112, 1, 1, 4.80374e+19
Pixel 361, 112, 1, 1, 4.80374e+19
Pixel 361, 113, 1, 1, 4.80374e+19
Pixel 360, 113, 1, 1, 4.80374e+19
=== 1018584 ===
--- pALPIDEfs_6 ---
Pixel 41, 190, 1, 1, 4.80374e+19
=== 1034018 ===
--- pALPIDEfs_6 ---
Pixel 705, 129, 1, 1, 4.80374e+19
Pixel 705, 130, 1, 1, 4.80374e+19
=== 1034082 ===
--- pALPIDEfs_0 ---
Pixel 491, 108, 1, 1, 4.80374e+19
Pixel 493, 107, 1, 1, 4.80374e+19
Pixel 492, 108, 1, 1, 4.80374e+19
Pixel 493, 108, 1, 1, 4.80374e+19
=== 1037538 ===
--- pALPIDEfs_0 ---
Pixel 329, 377, 1, 1, 4.80374e+19
Pixel 328, 377, 1, 1, 4.80374e+19
--- pALPIDEfs_1 ---
Pixel 115, 331, 1, 1, 4.80374e+19
=== 1063213 ===
--- pALPIDEfs_5 ---
Pixel 210, 308, 1, 1, 4.80374e+19
Pixel 211, 308, 1, 1, 4.80374e+19
Pixel 211, 309, 1, 1, 4.80374e+19
Pixel 210, 309, 1, 1, 4.80374e+19
=== 1065468 ===
--- pALPIDEfs_3 ---
Pixel 341, 86, 1, 1, 4.80374e+19
Pixel 342, 86, 1, 1, 4.80374e+19
=== 1068501 ===
--- pALPIDEfs_5 ---
Pixel 898, 6, 1, 1, 4.80374e+19
Pixel 898, 7, 1, 1, 4.80374e+19
=== 1070873 ===
--- pALPIDEfs_2 ---
Pixel 718, 85, 1, 1, 4.80374e+19
=== 1076580 ===
--- pALPIDEfs_6 ---
Pixel 867, 347, 1, 1, 4.80374e+19
Pixel 866, 347, 1, 1, 4.80374e+19
Pixel 866, 348, 1, 1, 4.80374e+19
=== 1080460 ===
--- pALPIDEfs_1 ---
Pixel 429, 489, 1, 1, 4.80374e+19
Pixel 428, 489, 1, 1, 4.80374e+19
Pixel 428, 490, 1, 1, 4.80374e+19
Pixel 429, 490, 1, 1, 4.80374e+19
=== 1084822 ===
--- pALPIDEfs_2 ---
Pixel 235, 361, 1, 1, 4.80374e+19
Pixel 234, 361, 1, 1, 4.80374e+19
Pixel 235, 362, 1, 1, 4.80374e+19
=== 1086769 ===
--- pALPIDEfs_3 ---
Pixel 115, 407, 1, 1, 4.80374e+19
Pixel 114, 407, 1, 1, 4.80374e+19
=== 1100319 ===
--- pALPIDEfs_0 ---
Pixel 517, 49, 1, 1, 4.80374e+19
Pixel 516, 49, 1, 1, 4.80374e+19
=== 1103185 ===
--- pALPIDEfs_6 ---
Pixel 877, 93, 1, 1, 4.80374e+19
Pixel 877, 94, 1, 1, 4.80374e+19
Pixel 878, 94, 1, 1, 4.80374e+19
=== 1117950 ===
--- pALPIDEfs_4 ---
Pixel 7, 370, 1, 1, 4.80374e+19
=== 1125213 ===
--- pALPIDEfs_4 ---
Pixel 948, 466, 1, 1, 4.80374e+19
=== 1131535 ===
--- pALPIDEfs_0 ---
Pixel 866, 389, 1, 1, 4.80374e+19
Pixel 866, 390, 1, 1, 4.80374e+19
--- pALPIDEfs_1 ---
Pixel 555, 438, 1, 1, 4.80374e+19
Pixel 555, 439, 1, 1, 4.80374e+19
Pixel 557, 437, 1, 1, 4.80374e+19
Pixel 556, 437, 1, 1, 4.80374e+19
Pixel 556, 438, 1, 1, 4.80374e+19
Pixel 557, 438, 1, 1, 4.80374e+19
Pixel 556, 439, 1, 1, 4.80374e+19
=== 1164386 ===
--- pALPIDEfs_5 ---
Pixel 256, 482, 1, 1, 4.80374e+19
=== 1198827 ===
--- pALPIDEfs_2 ---
Pixel 230, 457, 1, 1, 4.80374e+19
=== 1223876 ===
--- pALPIDEfs_2 ---
Pixel 643, 130, 1, 1, 4.80374e+19
--- pALPIDEfs_3 ---
Pixel 877, 342, 1, 1, 4.80374e+19
Pixel 877, 343, 1, 1, 4.80374e+19
Pixel 878, 343, 1, 1, 4.80374e+19
=== 1252396 ===
--- pALPIDEfs_3 ---
Pixel 961, 246, 1, 1, 4.80374e+19
Pixel 961, 247, 1, 1, 4.80374e+19
Pixel 962, 246, 1, 1, 4.80374e+19
Pixel 962, 247, 1, 1, 4.80374e+19
=== 1262022 ===
--- pALPIDEfs_6 ---
Pixel 371, 209, 1, 1, 4.80374e+19
Pixel 370, 209, 1, 1, 4.80374e+19
=== 1269570 ===
--- pALPIDEfs_3 ---
Pixel 404, 154, 1, 1, 4.80374e+19
Pixel 405, 154, 1, 1, 4.80374e+19
Pixel 405, 155, 1, 1, 4.80374e+19
Pixel 404, 155, 1, 1, 4.80374e+19
=== 1287719 ===
--- pALPIDEfs_6 ---
Pixel 94, 376, 1, 1, 4.80374e+19
Pixel 95, 376, 1, 1, 4.80374e+19
Pixel 95, 377, 1, 1, 4.80374e+19
Pixel 94, 377, 1, 1, 4.80374e+19
=== 1291772 ===
--- pALPIDEfs_5 ---
Pixel 577, 74, 1, 1, 4.80374e+19
Pixel 578, 74, 1, 1, 4.80374e+19
Pixel 578, 75, 1, 1, 4.80374e+19
=== 1292415 ===
--- pALPIDEfs_5 ---
Pixel 205, 448, 1, 1, 4.80374e+19
Pixel 206, 448, 1, 1, 4.80374e+19
=== 1302975 ===
--- pALPIDEfs_4 ---
Pixel 305, 103, 1, 1, 4.80374e+19
Pixel 306, 102, 1, 1, 4.80374e+19
Pixel 306, 103, 1, 1, 4.80374e+19
=== 1305572 ===
--- pALPIDEfs_2 ---
Pixel 979, 33, 1, 1, 4.80374e+19
=== 1326382 ===
--- pALPIDEfs_3 ---
Pixel 496, 276, 1, 1, 4.80374e+19
Pixel 497, 276, 1, 1, 4.80374e+19
Pixel 497, 277, 1, 1, 4.80374e+19
Pixel 496, 277, 1, 1, 4.80374e+19
Pixel 496, 278, 1, 1, 4.80374e+19
=== 1328327 ===
--- pALPIDEfs_5 ---
Pixel 387, 177, 1, 1, 4.80374e+19
Pixel 386, 177, 1, 1, 4.80374e+19
=== 1354264 ===
--- pALPIDEfs_3 ---
Pixel 70, 234, 1, 1, 4.80374e+19
=== 1369990 ===
--- pALPIDEfs_6 ---
Pixel 604, 72, 1, 1, 4.80374e+19
Pixel 605, 72, 1, 1, 4.80374e+19
Pixel 605, 73, 1, 1, 4.80374e+19
=== 1387100 ===
--- pALPIDEfs_3 ---
Pixel 947, 463, 1, 1, 4.80374e+19
Pixel 946, 464, 1, 1, 4.80374e+19
Pixel 947, 464, 1, 1, 4.80374e+19
Pixel 947, 465, 1, 1, 4.80374e+19
Pixel 946, 465, 1, 1, 4.80374e+19
=== 1398210 ===
--- pALPIDEfs_4 ---
Pixel 212, 408, 1, 1, 4.80374e+19
Pixel 213, 408, 1, 1, 4.80374e+19
Pixel 213, 409, 1, 1, 4.80374e+19
Pixel 212, 409, 1, 1, 4.80374e+19
=== 1400111 ===
--- pALPIDEfs_4 ---
Pixel 534, 248, 1, 1, 4.80374e+19
Pixel 535, 248, 1, 1, 4.80374e+19
Pixel 535, 249, 1, 1, 4.80374e+19
Pixel 534, 249, 1, 1, 4.80374e+19
=== 1410412 ===
--- pALPIDEfs_1 ---
Pixel 378, 184, 1, 1, 4.80374e+19
Pixel 379, 184, 1, 1, 4.80374e+19
Pixel 379, 185, 1, 1, 4.80374e+19
Pixel 378, 185, 1, 1, 4.80374e+19
=== 1414359 ===
--- pALPIDEfs_4 ---
Pixel 69, 359, 1, 1, 4.80374e+19
Pixel 69, 360, 1, 1, 4.80374e+19
Pixel 69, 361, 1, 1, 4.80374e+19
Pixel 69, 362, 1, 1, 4.80374e+19
Pixel 69, 363, 1, 1, 4.80374e+19
Pixel 69, 364, 1, 1, 4.80374e+19
Pixel 69, 365, 1, 1, 4.80374e+19
Pixel 68, 365, 1, 1, 4.80374e+19
Pixel 68, 366, 1, 1, 4.80374e+19
Pixel 69, 366, 1, 1, 4.80374e+19
Pixel 70, 359, 1, 1, 4.80374e+19
Pixel 70, 360, 1, 1, 4.80374e+19
Pixel 70, 361, 1, 1, 4.80374e+19
Pixel 70, 362, 1, 1, 4.80374e+19
Pixel 70, 363, 1, 1, 4.80374e+19
Pixel 70, 364, 1, 1, 4.80374e+19
=== 1431723 ===
--- pALPIDEfs_3 ---
Pixel 811, 281, 1, 1, 4.80374e+19
Pixel 811, 282, 1, 1, 4.80374e+19
Pixel 811, 283, 1, 1, 4.80374e+19
Pixel 811, 284, 1, 1, 4.80374e+19
Pixel 813, 275, 1, 1, 4.80374e+19
Pixel 812, 276, 1, 1, 4.80374e+19
Pixel 813, 276, 1, 1, 4.80374e+19
Pixel 813, 277, 1, 1, 4.80374e+19
Pixel 812, 277, 1, 1, 4.80374e+19
Pixel 812, 278, 1, 1, 4.80374e+19
Pixel 813, 278, 1, 1, 4.80374e+19
Pixel 812, 279, 1, 1, 4.80374e+19
Pixel 812, 280, 1, 1, 4.80374e+19
Pixel 812, 281, 1, 1, 4.80374e+19
Pixel 812, 282, 1, 1, 4.80374e+19
Pixel 812, 283, 1, 1, 4.80374e+19
Pixel 812, 284, 1, 1, 4.80374e+19
Pixel 812, 285, 1, 1, 4.80374e+19
Pixel 812, 286, 1, 1, 4.80374e+19
Pixel 812, 287, 1, 1, 4.80374e+19
=== 1450737 ===
--- pALPIDEfs_0 ---
Pixel 711, 374, 1, 1, 4.80374e+19
Pixel 711, 375, 1, 1, 4.80374e+19
Pixel 710, 375, 1, 1, 4.80374e+19
=== 1456564 ===
--- pALPIDEfs_2 ---
Pixel 289, 241, 1, 1, 4.80374e+19
Pixel 289, 242, 1, 1, 4.80374e+19
--- pALPIDEfs_3 ---
Pixel 640, 104, 1, 1, 4.80374e+19
Pixel 641, 104, 1, 1, 4.80374e+19
Pixel 641, 105, 1, 1, 4.80374e+19
Pixel 640, 105, 1, 1, 4.80374e+19
=== 1514123 ===
--- pALPIDEfs_1 ---
Pixel 856, 356, 1, 1, 4.80374e+19
Pixel 857, 357, 1, 1, 4.80374e+19
Pixel 856, 357, 1, 1, 4.80374e+19
=== 1546776 ===
--- pALPIDEfs_5 ---
Pixel 525, 356, 1, 1, 4.80374e+19
Pixel 526, 355, 1, 1, 4.80374e+19
Pixel 526, 356, 1, 1, 4.80374e+19
=== 1549381 ===
--- pALPIDEfs_1 ---
Pixel 353, 334, 1, 1, 4.80374e+19
--- pALPIDEfs_2 ---
Pixel 562, 18, 1, 1, 4.80374e+19
Pixel 562, 19, 1, 1, 4.80374e+19
=== 1565147 ===
--- pALPIDEfs_5 ---
Pixel 938, 496, 1, 1, 4.80374e+19
Pixel 938, 497, 1, 1, 4.80374e+19
=== 1617678 ===
--- pALPIDEfs_0 ---
Pixel 268, 116, 1, 1, 4.80374e+19
--- pALPIDEfs_1 ---
Pixel 216, 248, 1, 1, 4.80374e+19
=== 1684681 ===
--- pALPIDEfs_2 ---
Pixel 937, 262, 1, 1, 4.80374e+19
Pixel 937, 263, 1, 1, 4.80374e+19
Pixel 938, 262, 1, 1, 4.80374e+19
Pixel 938, 263, 1, 1, 4.80374e+19
=== 1697647 ===
--- pALPIDEfs_6 ---
Pixel 543, 329, 1, 1, 4.80374e+19
Pixel 542, 329, 1, 1, 4.80374e+19
Pixel 542, 330, 1, 1, 4.80374e+19
Pixel 543, 330, 1, 1, 4.80374e+19
Pixel 544, 329, 1, 1, 4.80374e+19
Pixel 544, 330, 1, 1, 4.80374e+19
=== 1712096 ===
--- pALPIDEfs_2 ---
Pixel 434, 44, 1, 1, 4.80374e+19
Pixel 434, 45, 1, 1, 4.80374e+19
Pixel 434, 46, 1, 1, 4.80374e+19
Pixel 434, 47, 1, 1, 4.80374e+19
Pixel 522, 258, 1, 1, 4.80374e+19
Pixel 523, 258, 1, 1, 4.80374e+19
Pixel 523, 259, 1, 1, 4.80374e+19
Pixel 522, 259, 1, 1, 4.80374e+19
Pixel 522, 260, 1, 1, 4.80374e+19
=== 1723013 ===
--- pALPIDEfs_3 ---
Pixel 839, 5, 1, 1, 4.80374e+19
Pixel 839, 6, 1, 1, 4.80374e+19
Pixel 840, 5, 1, 1, 4.80374e+19
Pixel 840, 6, 1, 1, 4.80374e+19
=== 1729690 ===
--- pALPIDEfs_2 ---
Pixel 666, 476, 1, 1, 4.80374e+19
Pixel 667, 476, 1, 1, 4.80374e+19
=== 1732975 ===
--- pALPIDEfs_0 ---
Pixel 45, 302, 1, 1, 4.80374e+19
Pixel 45, 303, 1, 1, 4.80374e+19
Pixel 46, 303, 1, 1, 4.80374e+19
=== 1744243 ===
--- pALPIDEfs_0 ---
Pixel 328, 79, 1, 1, 4.80374e+19
=== 1767010 ===
--- pALPIDEfs_1 ---
Pixel 612, 340, 1, 1, 4.80374e+19
=== 1782513 ===
--- pALPIDEfs_1 ---
Pixel 469, 325, 1, 1, 4.80374e+19
Pixel 470, 325, 1, 1, 4.80374e+19
=== 1803179 ===
--- pALPIDEfs_0 ---
Pixel 581, 314, 1, 1, 4.80374e+19
=== 1844601 ===
--- pALPIDEfs_4 ---
Pixel 111, 484, 1, 1, 4.80374e+19
--- pALPIDEfs_5 ---
Pixel 155, 450, 1, 1, 4.80374e+19
--- pALPIDEfs_6 ---
Pixel 252, 357, 1, 1, 4.80374e+19
Pixel 252, 358, 1, 1, 4.80374e+19
=== 1858865 ===
--- pALPIDEfs_3 ---
Pixel 360, 406, 1, 1, 4.80374e+19
Pixel 361, 406, 1, 1, 4.80374e+19
Pixel 361, 407, 1, 1, 4.80374e+19
Pixel 360, 407, 1, 1, 4.80374e+19
Pixel 360, 408, 1, 1, 4.80374e+19
Pixel 361, 408, 1, 1, 4.80374e+19
Pixel 361, 409, 1, 1, 4.80374e+19
--- pALPIDEfs_4 ---
Pixel 873, 502, 1, 1, 4.80374e+19
Pixel 874, 501, 1, 1, 4.80374e+19
Pixel 874, 502, 1, 1, 4.80374e+19
Pixel 875, 502, 1, 1, 4.80374e+19
Pixel 878, 499, 1, 1, 4.80374e+19
Pixel 878, 500, 1, 1, 4.80374e+19
Pixel 878, 501, 1, 1, 4.80374e+19
=== 1870541 ===
--- pALPIDEfs_3 ---
Pixel 583, 381, 1, 1, 4.80374e+19
Pixel 584, 381, 1, 1, 4.80374e+19
=== 1883768 ===
--- pALPIDEfs_1 ---
Pixel 17, 415, 1, 1, 4.80374e+19
Pixel 18, 413, 1, 1, 4.80374e+19
Pixel 18, 414, 1, 1, 4.80374e+19
Pixel 18, 415, 1, 1, 4.80374e+19
=== 1884791 ===
--- pALPIDEfs_1 ---
Pixel 820, 172, 1, 1, 4.80374e+19
Pixel 820, 173, 1, 1, 4.80374e+19
=== 1899331 ===
--- pALPIDEfs_3 ---
Pixel 33, 241, 1, 1, 4.80374e+19
Pixel 32, 241, 1, 1, 4.80374e+19
=== 1909663 ===
--- pALPIDEfs_2 ---
Pixel 281, 274, 1, 1, 4.80374e+19
Pixel 282, 273, 1, 1, 4.80374e+19
Pixel 282, 274, 1, 1, 4.80374e+19
=== 1921201 ===
--- pALPIDEfs_6 ---
Pixel 383, 249, 1, 1, 4.80374e+19
Pixel 382, 249, 1, 1, 4.80374e+19
Pixel 382, 250, 1, 1, 4.80374e+19
Pixel 384, 249, 1, 1, 4.80374e+19
Pixel 384, 250, 1, 1, 4.80374e+19
=== 1925902 ===
--- pALPIDEfs_6 ---
Pixel 291, 72, 1, 1, 4.80374e+19
Pixel 292, 72, 1, 1, 4.80374e+19
=== 1939606 ===
--- pALPIDEfs_2 ---
Pixel 906, 349, 1, 1, 4.80374e+19
Pixel 906, 350, 1, 1, 4.80374e+19
=== 1941239 ===
--- pALPIDEfs_3 ---
Pixel 131, 100, 1, 1, 4.80374e+19
=== 1955339 ===
--- pALPIDEfs_3 ---
Pixel 815, 207, 1, 1, 4.80374e+19
Pixel 815, 208, 1, 1, 4.80374e+19
=== 1983901 ===
--- pALPIDEfs_5 ---
Pixel 359, 152, 1, 1, 4.80374e+19
Pixel 360, 151, 1, 1, 4.80374e+19
Pixel 360, 152, 1, 1, 4.80374e+19
Pixel 360, 153, 1, 1, 4.80374e+19
--- pALPIDEfs_6 ---
Pixel 241, 340, 1, 1, 4.80374e+19
Pixel 241, 341, 1, 1, 4.80374e+19
Pixel 241, 342, 1, 1, 4.80374e+19
Pixel 242, 341, 1, 1, 4.80374e+19
Pixel 242, 342, 1, 1, 4.80374e+19
Pixel 242, 343, 1, 1, 4.80374e+19
=== 1997131 ===
--- pALPIDEfs_2 ---
Pixel 93, 347, 1, 1, 4.80374e+19
Pixel 92, 347, 1, 1, 4.80374e+19
Pixel 92, 348, 1, 1, 4.80374e+19
Pixel 93, 348, 1, 1, 4.80374e+19
Pixel 93, 349, 1, 1, 4.80374e+19
Pixel 92, 349, 1, 1, 4.80374e+19
Pixel 92, 350, 1, 1, 4.80374e+19
Pixel 93, 350, 1, 1, 4.80374e+19
=== 2017692 ===
--- pALPIDEfs_0 ---
Pixel 449, 134, 1, 1, 4.80374e+19
=== 2020627 ===
--- pALPIDEfs_4 ---
Pixel 535, 371, 1, 1, 4.80374e+19
Pixel 534, 371, 1, 1, 4.80374e+19
Pixel 534, 372, 1, 1, 4.80374e+19
Pixel 535, 372, 1, 1, 4.80374e+19
Pixel 535, 373, 1, 1, 4.80374e+19
Pixel 534, 373, 1, 1, 4.80374e+19
=== 2030613 ===
--- pALPIDEfs_2 ---
Pixel 736, 70, 1, 1, 4.80374e+19
Pixel 736, 71, 1, 1, 4.80374e+19
--- pALPIDEfs_3 ---
Pixel 941, 397, 1, 1, 4.80374e+19
Pixel 941, 398, 1, 1, 4.80374e+19
Pixel 942, 398, 1, 1, 4.80374e+19
=== 2045626 ===
--- pALPIDEfs_4 ---
Pixel 772, 447, 1, 1, 4.80374e+19
Pixel 772, 448, 1, 1, 4.80374e+19
--- pALPIDEfs_5 ---
Pixel 612, 60, 1, 1, 4.80374e+19
Pixel 613, 60, 1, 1, 4.80374e+19
=== 2048255 ===
--- pALPIDEfs_6 ---
Pixel 87, 253, 1, 1, 4.80374e+19
Pixel 86, 253, 1, 1, 4.80374e+19
=== 2051506 ===
--- pALPIDEfs_3 ---
Pixel 691, 363, 1, 1, 4.80374e+19
Pixel 690, 363, 1, 1, 4.80374e+19
Pixel 690, 364, 1, 1, 4.80374e+19
Pixel 691, 364, 1, 1, 4.80374e+19
Pixel 690, 365, 1, 1, 4.80374e+19
Pixel 690, 366, 1, 1, 4.80374e+19
=== 2063383 ===
--- pALPIDEfs_5 ---
Pixel 759, 143, 1, 1, 4.80374e+19
Pixel 758, 143, 1, 1, 4.80374e+19
Pixel 758, 144, 1, 1, 4.80374e+19
Pixel 759, 144, 1, 1, 4.80374e+19
Pixel 759, 145, 1, 1, 4.80374e+19
Pixel 760, 144, 1, 1, 4.80374e+19
Pixel 760, 145, 1, 1, 4.80374e+19
=== 2087831 ===
--- pALPIDEfs_6 ---
Pixel 896, 107, 1, 1, 4.80374e+19
Pixel 896, 108, 1, 1, 4.80374e+19
=== 2106040 ===
--- pALPIDEfs_4 ---
Pixel 253, 184, 1, 1, 4.80374e+19
Pixel 253, 185, 1, 1, 4.80374e+19
=== 2106347 ===
--- pALPIDEfs_6 ---
Pixel 23, 37, 1, 1, 4.80374e+19
Pixel 24, 37, 1, 1, 4.80374e+19
=== 2122647 ===
--- pALPIDEfs_3 ---
Pixel 383, 432, 1, 1, 4.80374e+19
--- pALPIDEfs_4 ---
Pixel 485, 255, 1, 1, 4.80374e+19
Pixel 485, 256, 1, 1, 4.80374e+19
Pixel 486, 255, 1, 1, 4.80374e+19
Pixel 486, 256, 1, 1, 4.80374e+19
=== 2138600 ===
--- pALPIDEfs_5 ---
Pixel 3, 477, 1, 1, 4.80374e+19
Pixel 2, 477, 1, 1, 4.80374e+19
Pixel 2, 478, 1, 1, 4.80374e+19
Pixel 3, 478, 1, 1, 4.80374e+19
Pixel 3, 479, 1, 1, 4.80374e+19
Pixel 2, 479, 1, 1, 4.80374e+19
Pixel 2, 480, 1, 1, 4.80374e+19
Pixel 3, 480, 1, 1, 4.80374e+19
Pixel 4, 479, 1, 1, 4.80374e+19
Pixel 4, 480, 1, 1, 4.80374e+19
Pixel 5, 480, 1, 1, 4.80374e+19
Pixel 5, 481, 1, 1, 4.80374e+19
Pixel 6, 481, 1, 1, 4.80374e+19
Pixel 6, 482, 1, 1, 4.80374e+19
Pixel 7, 482, 1, 1, 4.80374e+19
Pixel 7, 483, 1, 1, 4.80374e+19
Pixel 8, 483, 1, 1, 4.80374e+19
Pixel 8, 484, 1, 1, 4.80374e+19
Pixel 21, 491, 1, 1, 4.80374e+19
Pixel 22, 491, 1, 1, 4.80374e+19
=== 2141862 ===
--- pALPIDEfs_2 ---
Pixel 919, 235, 1, 1, 4.80374e+19
Pixel 919, 236, 1, 1, 4.80374e+19
Pixel 920, 235, 1, 1, 4.80374e+19
Pixel 920, 236, 1, 1, 4.80374e+19
=== 2148161 ===
--- pALPIDEfs_6 ---
Pixel 503, 221, 1, 1, 4.80374e+19
Pixel 503, 222, 1, 1, 4.80374e+19
Pixel 504, 221, 1, 1, 4.80374e+19
Pixel 504, 222, 1, 1, 4.80374e+19
Pixel 707, 8, 1, 1, 4.80374e+19
Pixel 707, 9, 1, 1, 4.80374e+19
=== 2156704 ===
--- pALPIDEfs_3 ---
Pixel 267, 474, 1, 1, 4.80374e+19
Pixel 267, 475, 1, 1, 4.80374e+19
=== 2171089 ===
--- pALPIDEfs_3 ---
Pixel 849, 275, 1, 1, 4.80374e+19
Pixel 848, 276, 1, 1, 4.80374e+19
Pixel 849, 276, 1, 1, 4.80374e+19
=== 2176434 ===
--- pALPIDEfs_1 ---
Pixel 617, 497, 1, 1, 4.80374e+19
Pixel 617, 498, 1, 1, 4.80374e+19
Pixel 618, 498, 1, 1, 4.80374e+19
=== 2177230 ===
--- pALPIDEfs_3 ---
Pixel 69, 74, 1, 1, 4.80374e+19
Pixel 69, 75, 1, 1, 4.80374e+19
Pixel 69, 76, 1, 1, 4.80374e+19
Pixel 70, 75, 1, 1, 4.80374e+19
Pixel 70, 76, 1, 1, 4.80374e+19
=== 2183010 ===
--- pALPIDEfs_0 ---
Pixel 943, 240, 1, 1, 4.80374e+19
Pixel 943, 241, 1, 1, 4.80374e+19
Pixel 945, 237, 1, 1, 4.80374e+19
Pixel 944, 238, 1, 1, 4.80374e+19
Pixel 945, 238, 1, 1, 4.80374e+19
Pixel 944, 239, 1, 1, 4.80374e+19
Pixel 947, 237, 1, 1, 4.80374e+19
Pixel 946, 237, 1, 1, 4.80374e+19
Pixel 946, 238, 1, 1, 4.80374e+19
Pixel 947, 238, 1, 1, 4.80374e+19
=== 2188410 ===
--- pALPIDEfs_0 ---
Pixel 702, 251, 1, 1, 4.80374e+19
Pixel 702, 252, 1, 1, 4.80374e+19
--- pALPIDEfs_1 ---
Pixel 282, 216, 1, 1, 4.80374e+19
Pixel 282, 217, 1, 1, 4.80374e+19
--- pALPIDEfs_2 ---
Pixel 73, 229, 1, 1, 4.80374e+19
Pixel 74, 229, 1, 1, 4.80374e+19
=== 2189650 ===
--- pALPIDEfs_5 ---
Pixel 712, 373, 1, 1, 4.80374e+19
Pixel 712, 374, 1, 1, 4.80374e+19
=== 2214096 ===
--- pALPIDEfs_4 ---
Pixel 653, 483, 1, 1, 4.80374e+19
Pixel 654, 483, 1, 1, 4.80374e+19
Pixel 654, 484, 1, 1, 4.80374e+19
=== 2220602 ===
--- pALPIDEfs_1 ---
Pixel 318, 359, 1, 1, 4.80374e+19
Pixel 318, 360, 1, 1, 4.80374e+19
=== 2255635 ===
--- pALPIDEfs_1 ---
Pixel 242, 428, 1, 1, 4.80374e+19
Pixel 243, 428, 1, 1, 4.80374e+19
=== 2284768 ===
--- pALPIDEfs_3 ---
Pixel 821, 209, 1, 1, 4.80374e+19
Pixel 820, 209, 1, 1, 4.80374e+19
Pixel 820, 210, 1, 1, 4.80374e+19
Pixel 821, 210, 1, 1, 4.80374e+19
=== 2287257 ===
--- pALPIDEfs_4 ---
Pixel 40, 177, 1, 1, 4.80374e+19
Pixel 40, 178, 1, 1, 4.80374e+19
--- pALPIDEfs_5 ---
Pixel 112, 172, 1, 1, 4.80374e+19
--- pALPIDEfs_6 ---
Pixel 239, 108, 1, 1, 4.80374e+19
=== 2287258 ===
--- pALPIDEfs_4 ---
Pixel 40, 177, 1, 1, 4.80374e+19
--- pALPIDEfs_5 ---
Pixel 112, 172, 1, 1, 4.80374e+19
--- pALPIDEfs_6 ---
Pixel 239, 108, 1, 1, 4.80374e+19
=== 2301611 ===
--- pALPIDEfs_0 ---
Pixel 1019, 383, 1, 1, 4.80374e+19
Pixel 1019, 384, 1, 1, 4.80374e+19
Pixel 1020, 384, 1, 1, 4.80374e+19
=== 2304057 ===
--- pALPIDEfs_4 ---
Pixel 6, 24, 1, 1, 4.80374e+19
Pixel 7, 24, 1, 1, 4.80374e+19
Pixel 6, 25, 1, 1, 4.80374e+19
--- pALPIDEfs_5 ---
Pixel 289, 349, 1, 1, 4.80374e+19
Pixel 290, 349, 1, 1, 4.80374e+19
=== 2307491 ===
--- pALPIDEfs_1 ---
Pixel 388, 362, 1, 1, 4.80374e+19
Pixel 389, 362, 1, 1, 4.80374e+19
Pixel 389, 363, 1, 1, 4.80374e+19
Pixel 388, 363, 1, 1, 4.80374e+19
=== 2328892 ===
--- pALPIDEfs_4 ---
Pixel 845, 365, 1, 1, 4.80374e+19
Pixel 845, 366, 1, 1, 4.80374e+19
=== 2371328 ===
--- pALPIDEfs_5 ---
Pixel 583, 310, 1, 1, 4.80374e+19
Pixel 583, 311, 1, 1, 4.80374e+19
=== 2388154 ===
--- pALPIDEfs_2 ---
Pixel 165, 379, 1, 1, 4.80374e+19
Pixel 165, 380, 1, 1, 4.80374e+19
Pixel 166, 379, 1, 1, 4.80374e+19
Pixel 166, 380, 1, 1, 4.80374e+19
--- pALPIDEfs_3 ---
Pixel 647, 170, 1, 1, 4.80374e+19
Pixel 648, 169, 1, 1, 4.80374e+19
Pixel 648, 170, 1, 1, 4.80374e+19
=== 2388679 ===
--- pALPIDEfs_0 ---
Pixel 217, 169, 1, 1, 4.80374e+19
Pixel 217, 170, 1, 1, 4.80374e+19
=== 2395950 ===
--- pALPIDEfs_4 ---
Pixel 415, 12, 1, 1, 4.80374e+19
Pixel 416, 12, 1, 1, 4.80374e+19
=== 2397493 ===
--- pALPIDEfs_3 ---
Pixel 285, 178, 1, 1, 4.80374e+19
Pixel 287, 177, 1, 1, 4.80374e+19
Pixel 286, 177, 1, 1, 4.80374e+19
Pixel 286, 178, 1, 1, 4.80374e+19
Pixel 287, 178, 1, 1, 4.80374e+19
Pixel 286, 179, 1, 1, 4.80374e+19
--- pALPIDEfs_4 ---
Pixel 206, 214, 1, 1, 4.80374e+19
Pixel 207, 214, 1, 1, 4.80374e+19
Pixel 207, 215, 1, 1, 4.80374e+19
Pixel 206, 215, 1, 1, 4.80374e+19
Pixel 206, 216, 1, 1, 4.80374e+19
Pixel 207, 216, 1, 1, 4.80374e+19
=== 2416451 ===
--- pALPIDEfs_3 ---
Pixel 288, 104, 1, 1, 4.80374e+19
Pixel 289, 104, 1, 1, 4.80374e+19
Pixel 289, 105, 1, 1, 4.80374e+19
Pixel 288, 105, 1, 1, 4.80374e+19
=== 2426233 ===
--- pALPIDEfs_6 ---
Pixel 634, 308, 1, 1, 4.80374e+19
Pixel 635, 308, 1, 1, 4.80374e+19
Pixel 635, 309, 1, 1, 4.80374e+19
Pixel 634, 309, 1, 1, 4.80374e+19
Pixel 636, 308, 1, 1, 4.80374e+19
Pixel 637, 308, 1, 1, 4.80374e+19
Pixel 637, 309, 1, 1, 4.80374e+19
Pixel 636, 309, 1, 1, 4.80374e+19
Pixel 639, 309, 1, 1, 4.80374e+19
Pixel 638, 309, 1, 1, 4.80374e+19
Pixel 639, 310, 1, 1, 4.80374e+19
Pixel 640, 310, 1, 1, 4.80374e+19
Pixel 641, 310, 1, 1, 4.80374e+19
Pixel 641, 311, 1, 1, 4.80374e+19
=== 2432728 ===
--- pALPIDEfs_1 ---
Pixel 941, 394, 1, 1, 4.80374e+19
Pixel 941, 395, 1, 1, 4.80374e+19
Pixel 940, 395, 1, 1, 4.80374e+19
Pixel 942, 395, 1, 1, 4.80374e+19
=== 2444661 ===
--- pALPIDEfs_6 ---
Pixel 167, 423, 1, 1, 4.80374e+19
Pixel 169, 423, 1, 1, 4.80374e+19
Pixel 168, 423, 1, 1, 4.80374e+19
Pixel 168, 424, 1, 1, 4.80374e+19
=== 2445364 ===
--- pALPIDEfs_0 ---
Pixel 177, 489, 1, 1, 4.80374e+19
Pixel 176, 489, 1, 1, 4.80374e+19
Pixel 177, 490, 1, 1, 4.80374e+19
=== 2459843 ===
--- pALPIDEfs_4 ---
Pixel 267, 81, 1, 1, 4.80374e+19
Pixel 267, 82, 1, 1, 4.80374e+19
--- pALPIDEfs_5 ---
Pixel 877, 387, 1, 1, 4.80374e+19
Pixel 876, 387, 1, 1, 4.80374e+19
Pixel 876, 388, 1, 1, 4.80374e+19
Pixel 877, 388, 1, 1, 4.80374e+19
=== 2493808 ===
--- pALPIDEfs_4 ---
Pixel 597, 475, 1, 1, 4.80374e+19
Pixel 598, 475, 1, 1, 4.80374e+19
=== 2499524 ===
--- pALPIDEfs_1 ---
Pixel 905, 212, 1, 1, 4.80374e+19
Pixel 905, 213, 1, 1, 4.80374e+19
--- pALPIDEfs_2 ---
Pixel 801, 343, 1, 1, 4.80374e+19
Pixel 802, 342, 1, 1, 4.80374e+19
Pixel 802, 343, 1, 1, 4.80374e+19
=== 2515622 ===
--- pALPIDEfs_2 ---
Pixel 15, 167, 1, 1, 4.80374e+19
Pixel 14, 168, 1, 1, 4.80374e+19
Pixel 15, 168, 1, 1, 4.80374e+19
=== 2523438 ===
--- pALPIDEfs_2 ---
Pixel 960, 336, 1, 1, 4.80374e+19
Pixel 960, 337, 1, 1, 4.80374e+19
--- pALPIDEfs_3 ---
Pixel 899, 35, 1, 1, 4.80374e+19
Pixel 898, 35, 1, 1, 4.80374e+19
Pixel 898, 36, 1, 1, 4.80374e+19
Pixel 899, 36, 1, 1, 4.80374e+19
=== 2532661 ===
--- pALPIDEfs_1 ---
Pixel 333, 461, 1, 1, 4.80374e+19
=== 2544929 ===
--- pALPIDEfs_4 ---
Pixel 533, 409, 1, 1, 4.80374e+19
Pixel 532, 409, 1, 1, 4.80374e+19
Pixel 532, 410, 1, 1, 4.80374e+19
Pixel 533, 410, 1, 1, 4.80374e+19
=== 2553822 ===
--- pALPIDEfs_0 ---
Pixel 165, 81, 1, 1, 4.80374e+19
Pixel 165, 82, 1, 1, 4.80374e+19
=== 2563118 ===
--- pALPIDEfs_2 ---
Pixel 787, 69, 1, 1, 4.80374e+19
Pixel 788, 69, 1, 1, 4.80374e+19
Pixel 788, 70, 1, 1, 4.80374e+19
Pixel 789, 70, 1, 1, 4.80374e+19
Pixel 789, 71, 1, 1, 4.80374e+19
Pixel 788, 71, 1, 1, 4.80374e+19
=== 2564443 ===
--- pALPIDEfs_2 ---
Pixel 103, 258, 1, 1, 4.80374e+19
Pixel 104, 258, 1, 1, 4.80374e+19
=== 2569367 ===
--- pALPIDEfs_4 ---
Pixel 633, 133, 1, 1, 4.80374e+19
Pixel 632, 133, 1, 1, 4.80374e+19
Pixel 632, 134, 1, 1, 4.80374e+19
Pixel 633, 134, 1, 1, 4.80374e+19
=== 2586510 ===
--- pALPIDEfs_4 ---
Pixel 295, 303, 1, 1, 4.80374e+19
Pixel 294, 303, 1, 1, 4.80374e+19
Pixel 294, 304, 1, 1, 4.80374e+19
Pixel 295, 304, 1, 1, 4.80374e+19
Pixel 296, 303, 1, 1, 4.80374e+19
=== 2590510 ===
--- pALPIDEfs_6 ---
Pixel 307, 275, 1, 1, 4.80374e+19
Pixel 307, 276, 1, 1, 4.80374e+19
Pixel 308, 275, 1, 1, 4.80374e+19
Pixel 308, 276, 1, 1, 4.80374e+19
=== 2598485 ===
--- pALPIDEfs_4 ---
Pixel 987, 193, 1, 1, 4.80374e+19
Pixel 988, 193, 1, 1, 4.80374e+19
=== 2613321 ===
--- pALPIDEfs_4 ---
Pixel 495, 435, 1, 1, 4.80374e+19
=== 2622894 ===
--- pALPIDEfs_0 ---
Pixel 179, 495, 1, 1, 4.80374e+19
Pixel 179, 496, 1, 1, 4.80374e+19
Pixel 180, 495, 1, 1, 4.80374e+19
Pixel 180, 496, 1, 1, 4.80374e+19
Pixel 181, 496, 1, 1, 4.80374e+19
Pixel 181, 497, 1, 1, 4.80374e+19
=== 2623212 ===
--- pALPIDEfs_2 ---
Pixel 660, 336, 1, 1, 4.80374e+19
Pixel 660, 337, 1, 1, 4.80374e+19
--- pALPIDEfs_3 ---
Pixel 918, 114, 1, 1, 4.80374e+19
Pixel 919, 114, 1, 1, 4.80374e+19
Pixel 919, 115, 1, 1, 4.80374e+19
Pixel 918, 115, 1, 1, 4.80374e+19
--- pALPIDEfs_4 ---
Pixel 855, 151, 1, 1, 4.80374e+19
Pixel 854, 151, 1, 1, 4.80374e+19
Pixel 854, 152, 1, 1, 4.80374e+19
--- pALPIDEfs_5 ---
Pixel 931, 250, 1, 1, 4.80374e+19
=== 2651998 ===
--- pALPIDEfs_0 ---
Pixel 215, 110, 1, 1, 4.80374e+19
Pixel 215, 111, 1, 1, 4.80374e+19
Pixel 214, 111, 1, 1, 4.80374e+19
Pixel 214, 112, 1, 1, 4.80374e+19
Pixel 215, 112, 1, 1, 4.80374e+19
Pixel 215, 113, 1, 1, 4.80374e+19
Pixel 214, 113, 1, 1, 4.80374e+19
Pixel 217, 106, 1, 1, 4.80374e+19
Pixel 217, 107, 1, 1, 4.80374e+19
Pixel 216, 108, 1, 1, 4.80374e+19
Pixel 217, 108, 1, 1, 4.80374e+19
Pixel 217, 109, 1, 1, 4.80374e+19
Pixel 216, 109, 1, 1, 4.80374e+19
Pixel 216, 110, 1, 1, 4.80374e+19
=== 2652411 ===
--- pALPIDEfs_1 ---
Pixel 493, 129, 1, 1, 4.80374e+19
Pixel 492, 129, 1, 1, 4.80374e+19
Pixel 492, 130, 1, 1, 4.80374e+19
Pixel 493, 130, 1, 1, 4.80374e+19
=== 2665485 ===
--- pALPIDEfs_4 ---
Pixel 170, 133, 1, 1, 4.80374e+19
--- pALPIDEfs_5 ---
Pixel 45, 386, 1, 1, 4.80374e+19
Pixel 46, 386, 1, 1, 4.80374e+19
=== 2670197 ===
--- pALPIDEfs_1 ---
Pixel 58, 174, 1, 1, 4.80374e+19
=== 2686031 ===
--- pALPIDEfs_1 ---
Pixel 175, 260, 1, 1, 4.80374e+19
Pixel 176, 260, 1, 1, 4.80374e+19
Pixel 176, 261, 1, 1, 4.80374e+19
Pixel 285, 363, 1, 1, 4.80374e+19
--- pALPIDEfs_2 ---
Pixel 437, 347, 1, 1, 4.80374e+19
Pixel 437, 348, 1, 1, 4.80374e+19
Pixel 627, 501, 1, 1, 4.80374e+19
Pixel 627, 502, 1, 1, 4.80374e+19
--- pALPIDEfs_3 ---
Pixel 700, 502, 1, 1, 4.80374e+19
Pixel 701, 502, 1, 1, 4.80374e+19
Pixel 701, 503, 1, 1, 4.80374e+19
=== 2708715 ===
--- pALPIDEfs_2 ---
Pixel 742, 62, 1, 1, 4.80374e+19
Pixel 742, 63, 1, 1, 4.80374e+19
--- pALPIDEfs_3 ---
Pixel 591, 91, 1, 1, 4.80374e+19
--- pALPIDEfs_4 ---
Pixel 339, 203, 1, 1, 4.80374e+19
Pixel 339, 204, 1, 1, 4.80374e+19
Pixel 340, 203, 1, 1, 4.80374e+19
Pixel 340, 204, 1, 1, 4.80374e+19
--- pALPIDEfs_5 ---
Pixel 65, 255, 1, 1, 4.80374e+19
Pixel 66, 255, 1, 1, 4.80374e+19
=== 2715649 ===
--- pALPIDEfs_2 ---
Pixel 66, 207, 1, 1, 4.80374e+19
=== 2717611 ===
--- pALPIDEfs_6 ---
Pixel 881, 43, 1, 1, 4.80374e+19
Pixel 881, 44, 1, 1, 4.80374e+19
Pixel 882, 43, 1, 1, 4.80374e+19
=== 2757613 ===
--- pALPIDEfs_5 ---
Pixel 871, 481, 1, 1, 4.80374e+19
Pixel 870, 481, 1, 1, 4.80374e+19
Pixel 872, 481, 1, 1, 4.80374e+19
=== 2770961 ===
--- pALPIDEfs_4 ---
Pixel 583, 213, 1, 1, 4.80374e+19
Pixel 584, 213, 1, 1, 4.80374e+19
=== 2795844 ===
--- pALPIDEfs_5 ---
Pixel 876, 171, 1, 1, 4.80374e+19
Pixel 876, 172, 1, 1, 4.80374e+19
Pixel 877, 172, 1, 1, 4.80374e+19
=== 2806845 ===
--- pALPIDEfs_4 ---
Pixel 730, 232, 1, 1, 4.80374e+19
Pixel 730, 233, 1, 1, 4.80374e+19
=== 2806922 ===
--- pALPIDEfs_2 ---
Pixel 545, 281, 1, 1, 4.80374e+19
Pixel 544, 282, 1, 1, 4.80374e+19
Pixel 545, 282, 1, 1, 4.80374e+19
Pixel 546, 282, 1, 1, 4.80374e+19
Pixel 547, 282, 1, 1, 4.80374e+19
=== 2809553 ===
--- pALPIDEfs_6 ---
Pixel 896, 75, 1, 1, 4.80374e+19
=== 2819470 ===
--- pALPIDEfs_3 ---
Pixel 282, 388, 1, 1, 4.80374e+19
Pixel 283, 388, 1, 1, 4.80374e+19
Pixel 283, 389, 1, 1, 4.80374e+19
Pixel 282, 389, 1, 1, 4.80374e+19
--- pALPIDEfs_4 ---
Pixel 625, 297, 1, 1, 4.80374e+19
=== 2824927 ===
--- pALPIDEfs_1 ---
Pixel 971, 335, 1, 1, 4.80374e+19
Pixel 970, 335, 1, 1, 4.80374e+19
=== 2840762 ===
--- pALPIDEfs_1 ---
Pixel 989, 110, 1, 1, 4.80374e+19
Pixel 989, 111, 1, 1, 4.80374e+19
--- pALPIDEfs_2 ---
Pixel 769, 275, 1, 1, 4.80374e+19
Pixel 768, 275, 1, 1, 4.80374e+19
=== 2845375 ===
--- pALPIDEfs_2 ---
Pixel 531, 292, 1, 1, 4.80374e+19
=== 2871500 ===
--- pALPIDEfs_6 ---
Pixel 75, 253, 1, 1, 4.80374e+19
Pixel 74, 253, 1, 1, 4.80374e+19
=== 2874432 ===
--- pALPIDEfs_3 ---
Pixel 461, 168, 1, 1, 4.80374e+19
Pixel 461, 169, 1, 1, 4.80374e+19
Pixel 463, 167, 1, 1, 4.80374e+19
Pixel 462, 167, 1, 1, 4.80374e+19
Pixel 462, 168, 1, 1, 4.80374e+19
Pixel 463, 168, 1, 1, 4.80374e+19
Pixel 462, 169, 1, 1, 4.80374e+19
=== 2890833 ===
--- pALPIDEfs_1 ---
Pixel 963, 170, 1, 1, 4.80374e+19
Pixel 963, 171, 1, 1, 4.80374e+19
Pixel 964, 170, 1, 1, 4.80374e+19
Pixel 964, 171, 1, 1, 4.80374e+19
=== 2902272 ===
--- pALPIDEfs_3 ---
Pixel 253, 40, 1, 1, 4.80374e+19
Pixel 253, 41, 1, 1, 4.80374e+19
Pixel 253, 42, 1, 1, 4.80374e+19
Pixel 254, 41, 1, 1, 4.80374e+19
Pixel 254, 42, 1, 1, 4.80374e+19
=== 2903111 ===
--- pALPIDEfs_1 ---
Pixel 557, 255, 1, 1, 4.80374e+19
Pixel 556, 255, 1, 1, 4.80374e+19
Pixel 556, 256, 1, 1, 4.80374e+19
=== 2905663 ===
--- pALPIDEfs_5 ---
Pixel 701, 9, 1, 1, 4.80374e+19
Pixel 702, 9, 1, 1, 4.80374e+19
=== 2908076 ===
--- pALPIDEfs_0 ---
Pixel 502, 411, 1, 1, 4.80374e+19
Pixel 502, 412, 1, 1, 4.80374e+19
--- pALPIDEfs_1 ---
Pixel 184, 12, 1, 1, 4.80374e+19
Pixel 184, 13, 1, 1, 4.80374e+19
=== 2919696 ===
--- pALPIDEfs_4 ---
Pixel 363, 280, 1, 1, 4.80374e+19
Pixel 363, 281, 1, 1, 4.80374e+19
Pixel 364, 280, 1, 1, 4.80374e+19
Pixel 364, 281, 1, 1, 4.80374e+19
=== 2925173 ===
--- pALPIDEfs_4 ---
Pixel 648, 262, 1, 1, 4.80374e+19
Pixel 649, 262, 1, 1, 4.80374e+19
Pixel 649, 263, 1, 1, 4.80374e+19
Pixel 648, 263, 1, 1, 4.80374e+19
=== 2938212 ===
--- pALPIDEfs_0 ---
Pixel 154, 144, 1, 1, 4.80374e+19
Pixel 154, 145, 1, 1, 4.80374e+19
=== 2942279 ===
--- pALPIDEfs_5 ---
Pixel 646, 422, 1, 1, 4.80374e+19
Pixel 647, 422, 1, 1, 4.80374e+19
Pixel 647, 423, 1, 1, 4.80374e+19
Pixel 646, 423, 1, 1, 4.80374e+19
=== 2949244 ===
--- pALPIDEfs_2 ---
Pixel 864, 474, 1, 1, 4.80374e+19
Pixel 865, 474, 1, 1, 4.80374e+19
Pixel 865, 475, 1, 1, 4.80374e+19
Pixel 864, 475, 1, 1, 4.80374e+19
=== 2949748 ===
--- pALPIDEfs_3 ---
Pixel 395, 299, 1, 1, 4.80374e+19
=== 2959553 ===
--- pALPIDEfs_6 ---
Pixel 748, 262, 1, 1, 4.80374e+19
Pixel 749, 262, 1, 1, 4.80374e+19
=== 2967116 ===
--- pALPIDEfs_3 ---
Pixel 307, 479, 1, 1, 4.80374e+19
Pixel 307, 480, 1, 1, 4.80374e+19
Pixel 308, 479, 1, 1, 4.80374e+19
Pixel 308, 480, 1, 1, 4.80374e+19
=== 2991263 ===
--- pALPIDEfs_5 ---
Pixel 631, 412, 1, 1, 4.80374e+19
Pixel 631, 413, 1, 1, 4.80374e+19
Pixel 630, 413, 1, 1, 4.80374e+19
Pixel 630, 414, 1, 1, 4.80374e+19
Pixel 631, 414, 1, 1, 4.80374e+19
Pixel 632, 413, 1, 1, 4.80374e+19
=== 2997044 ===
--- pALPIDEfs_2 ---
Pixel 113, 310, 1, 1, 4.80374e+19
Pixel 113, 311, 1, 1, 4.80374e+19
--- pALPIDEfs_6 ---
Pixel 14, 13, 1, 1, 4.80374e+19
Pixel 14, 14, 1, 1, 4.80374e+19
Pixel 17, 2, 1, 1, 4.80374e+19
Pixel 17, 3, 1, 1, 4.80374e+19
Pixel 18, 2, 1, 1, 4.80374e+19
Pixel 19, 2, 1, 1, 4.80374e+19
Pixel 19, 3, 1, 1, 4.80374e+19
Pixel 18, 3, 1, 1, 4.80374e+19
=== 2997080 ===
--- pALPIDEfs_4 ---
Pixel 569, 244, 1, 1, 4.80374e+19
Pixel 570, 243, 1, 1, 4.80374e+19
Pixel 570, 244, 1, 1, 4.80374e+19
=== 2998248 ===
--- pALPIDEfs_4 ---
Pixel 207, 490, 1, 1, 4.80374e+19
Pixel 208, 490, 1, 1, 4.80374e+19
--- pALPIDEfs_5 ---
Pixel 21, 437, 1, 1, 4.80374e+19
=== 3016999 ===
--- pALPIDEfs_1 ---
Pixel 267, 270, 1, 1, 4.80374e+19
=== 3029363 ===
--- pALPIDEfs_0 ---
Pixel 468, 443, 1, 1, 4.80374e+19
Pixel 468, 444, 1, 1, 4.80374e+19
=== 3029364 ===
--- pALPIDEfs_0 ---
Pixel 468, 443, 1, 1, 4.80374e+19
=== 3035426 ===
--- pALPIDEfs_3 ---
Pixel 413, 333, 1, 1, 4.80374e+19
Pixel 414, 332, 1, 1, 4.80374e+19
Pixel 414, 333, 1, 1, 4.80374e+19
=== 3085569 ===
--- pALPIDEfs_2 ---
Pixel 779, 491, 1, 1, 4.80374e+19
Pixel 780, 491, 1, 1, 4.80374e+19
Pixel 780, 492, 1, 1, 4.80374e+19
=== 3111686 ===
--- pALPIDEfs_0 ---
Pixel 682, 312, 1, 1, 4.80374e+19
=== 3125945 ===
--- pALPIDEfs_0 ---
Pixel 514, 337, 1, 1, 4.80374e+19
Pixel 514, 338, 1, 1, 4.80374e+19
=== 3127604 ===
--- pALPIDEfs_1 ---
Pixel 267, 481, 1, 1, 4.80374e+19
Pixel 267, 482, 1, 1, 4.80374e+19
=== 3147883 ===
--- pALPIDEfs_5 ---
Pixel 977, 262, 1, 1, 4.80374e+19
Pixel 977, 263, 1, 1, 4.80374e+19
=== 3195756 ===
--- pALPIDEfs_1 ---
Pixel 375, 219, 1, 1, 4.80374e+19
Pixel 375, 220, 1, 1, 4.80374e+19
Pixel 375, 221, 1, 1, 4.80374e+19
Pixel 585, 505, 1, 1, 4.80374e+19
Pixel 587, 505, 1, 1, 4.80374e+19
Pixel 586, 505, 1, 1, 4.80374e+19
=== 3233648 ===
--- pALPIDEfs_6 ---
Pixel 292, 474, 1, 1, 4.80374e+19
=== 3240744 ===
--- pALPIDEfs_3 ---
Pixel 941, 314, 1, 1, 4.80374e+19
Pixel 941, 315, 1, 1, 4.80374e+19
Pixel 942, 314, 1, 1, 4.80374e+19
Pixel 942, 315, 1, 1, 4.80374e+19
=== 3261900 ===
--- pALPIDEfs_4 ---
Pixel 310, 298, 1, 1, 4.80374e+19
=== 3266585 ===
--- pALPIDEfs_6 ---
Pixel 357, 177, 1, 1, 4.80374e+19
Pixel 357, 178, 1, 1, 4.80374e+19
Pixel 358, 177, 1, 1, 4.80374e+19
=== 3274286 ===
--- pALPIDEfs_3 ---
Pixel 71, 269, 1, 1, 4.80374e+19
Pixel 70, 269, 1, 1, 4.80374e+19
Pixel 71, 270, 1, 1, 4.80374e+19
=== 3279531 ===
--- pALPIDEfs_6 ---
Pixel 633, 28, 1, 1, 4.80374e+19
=== 3279532 ===
--- pALPIDEfs_6 ---
Pixel 633, 27, 1, 1, 4.80374e+19
=== 3284513 ===
--- pALPIDEfs_4 ---
Pixel 21, 286, 1, 1, 4.80374e+19
=== 3295864 ===
--- pALPIDEfs_4 ---
Pixel 360, 382, 1, 1, 4.80374e+19
Pixel 361, 383, 1, 1, 4.80374e+19
Pixel 360, 383, 1, 1, 4.80374e+19
Pixel 361, 384, 1, 1, 4.80374e+19
=== 3306677 ===
--- pALPIDEfs_2 ---
Pixel 173, 368, 1, 1, 4.80374e+19
=== 3313619 ===
--- pALPIDEfs_0 ---
Pixel 869, 232, 1, 1, 4.80374e+19
Pixel 869, 233, 1, 1, 4.80374e+19
Pixel 871, 231, 1, 1, 4.80374e+19
Pixel 870, 231, 1, 1, 4.80374e+19
Pixel 870, 232, 1, 1, 4.80374e+19
Pixel 871, 232, 1, 1, 4.80374e+19
=== 3320029 ===
--- pALPIDEfs_3 ---
Pixel 413, 240, 1, 1, 4.80374e+19
=== 3322141 ===
--- pALPIDEfs_1 ---
Pixel 433, 61, 1, 1, 4.80374e+19
Pixel 433, 62, 1, 1, 4.80374e+19
Pixel 434, 61, 1, 1, 4.80374e+19
=== 3324407 ===
--- pALPIDEfs_6 ---
Pixel 129, 218, 1, 1, 4.80374e+19
Pixel 130, 218, 1, 1, 4.80374e+19
=== 3324408 ===
--- pALPIDEfs_6 ---
Pixel 129, 217, 1, 1, 4.80374e+19
Pixel 129, 218, 1, 1, 4.80374e+19
Pixel 130, 218, 1, 1, 4.80374e+19
=== 3346277 ===
--- pALPIDEfs_0 ---
Pixel 983, 93, 1, 1, 4.80374e+19
Pixel 982, 94, 1, 1, 4.80374e+19
Pixel 983, 94, 1, 1, 4.80374e+19
Pixel 984, 94, 1, 1, 4.80374e+19
=== 3362610 ===
--- pALPIDEfs_4 ---
Pixel 343, 175, 1, 1, 4.80374e+19
Pixel 344, 175, 1, 1, 4.80374e+19
=== 3362611 ===
--- pALPIDEfs_4 ---
Pixel 343, 176, 1, 1, 4.80374e+19
Pixel 344, 176, 1, 1, 4.80374e+19
=== 3367620 ===
--- pALPIDEfs_0 ---
Pixel 933, 328, 1, 1, 4.80374e+19
Pixel 933, 329, 1, 1, 4.80374e+19
Pixel 933, 330, 1, 1, 4.80374e+19
Pixel 934, 328, 1, 1, 4.80374e+19
Pixel 934, 329, 1, 1, 4.80374e+19
Pixel 934, 330, 1, 1, 4.80374e+19
Pixel 934, 331, 1, 1, 4.80374e+19
--- pALPIDEfs_1 ---
Pixel 543, 143, 1, 1, 4.80374e+19
Pixel 542, 143, 1, 1, 4.80374e+19
Pixel 543, 144, 1, 1, 4.80374e+19
Pixel 696, 481, 1, 1, 4.80374e+19
Pixel 696, 482, 1, 1, 4.80374e+19
Pixel 696, 483, 1, 1, 4.80374e+19
Pixel 704, 497, 1, 1, 4.80374e+19
Pixel 704, 498, 1, 1, 4.80374e+19
Pixel 705, 498, 1, 1, 4.80374e+19
=== 3367621 ===
--- pALPIDEfs_0 ---
Pixel 933, 328, 1, 1, 4.80374e+19
Pixel 933, 330, 1, 1, 4.80374e+19
Pixel 934, 328, 1, 1, 4.80374e+19
Pixel 934, 331, 1, 1, 4.80374e+19
--- pALPIDEfs_1 ---
Pixel 542, 143, 1, 1, 4.80374e+19
Pixel 696, 481, 1, 1, 4.80374e+19
Pixel 696, 483, 1, 1, 4.80374e+19
Pixel 704, 497, 1, 1, 4.80374e+19
Pixel 705, 498, 1, 1, 4.80374e+19
=== 3373605 ===
--- pALPIDEfs_1 ---
Pixel 431, 178, 1, 1, 4.80374e+19
Pixel 432, 178, 1, 1, 4.80374e+19
=== 3453265 ===
--- pALPIDEfs_5 ---
Pixel 779, 166, 1, 1, 4.80374e+19
Pixel 779, 167, 1, 1, 4.80374e+19
Pixel 780, 166, 1, 1, 4.80374e+19
Pixel 780, 167, 1, 1, 4.80374e+19
=== 3461730 ===
--- pALPIDEfs_4 ---
Pixel 1007, 135, 1, 1, 4.80374e+19
Pixel 1006, 135, 1, 1, 4.80374e+19
Pixel 1006, 136, 1, 1, 4.80374e+19
Pixel 1007, 136, 1, 1, 4.80374e+19
--- pALPIDEfs_5 ---
Pixel 879, 175, 1, 1, 4.80374e+19
Pixel 880, 175, 1, 1, 4.80374e+19
--- pALPIDEfs_6 ---
Pixel 807, 161, 1, 1, 4.80374e+19
Pixel 806, 161, 1, 1, 4.80374e+19
=== 3463014 ===
--- pALPIDEfs_1 ---
Pixel 496, 463, 1, 1, 4.80374e+19
=== 3467572 ===
--- pALPIDEfs_1 ---
Pixel 1010, 145, 1, 1, 4.80374e+19
=== 3509028 ===
--- pALPIDEfs_5 ---
Pixel 445, 293, 1, 1, 4.80374e+19
Pixel 445, 294, 1, 1, 4.80374e+19
Pixel 445, 295, 1, 1, 4.80374e+19
Pixel 446, 293, 1, 1, 4.80374e+19
Pixel 446, 294, 1, 1, 4.80374e+19
Pixel 446, 295, 1, 1, 4.80374e+19
--- pALPIDEfs_6 ---
Pixel 327, 373, 1, 1, 4.80374e+19
=== 3569160 ===
--- pALPIDEfs_1 ---
Pixel 237, 285, 1, 1, 4.80374e+19
--- pALPIDEfs_2 ---
Pixel 514, 92, 1, 1, 4.80374e+19
Pixel 515, 92, 1, 1, 4.80374e+19
--- pALPIDEfs_3 ---
Pixel 729, 501, 1, 1, 4.80374e+19
Pixel 728, 501, 1, 1, 4.80374e+19
=== 3580172 ===
--- pALPIDEfs_6 ---
Pixel 492, 436, 1, 1, 4.80374e+19
Pixel 493, 437, 1, 1, 4.80374e+19
Pixel 492, 437, 1, 1, 4.80374e+19
Pixel 493, 438, 1, 1, 4.80374e+19
=== 3622395 ===
--- pALPIDEfs_3 ---
Pixel 433, 311, 1, 1, 4.80374e+19
Pixel 434, 311, 1, 1, 4.80374e+19
Pixel 434, 312, 1, 1, 4.80374e+19
=== 3651157 ===
--- pALPIDEfs_1 ---
Pixel 806, 260, 1, 1, 4.80374e+19
=== 3654235 ===
--- pALPIDEfs_5 ---
Pixel 589, 151, 1, 1, 4.80374e+19
Pixel 588, 151, 1, 1, 4.80374e+19
Pixel 588, 152, 1, 1, 4.80374e+19
Pixel 589, 152, 1, 1, 4.80374e+19
--- pALPIDEfs_6 ---
Pixel 163, 423, 1, 1, 4.80374e+19
Pixel 164, 423, 1, 1, 4.80374e+19
=== 3677337 ===
--- pALPIDEfs_6 ---
Pixel 766, 176, 1, 1, 4.80374e+19
=== 3729315 ===
--- pALPIDEfs_2 ---
Pixel 957, 383, 1, 1, 4.80374e+19
Pixel 958, 383, 1, 1, 4.80374e+19
=== 3773962 ===
--- pALPIDEfs_5 ---
Pixel 886, 162, 1, 1, 4.80374e+19
Pixel 887, 162, 1, 1, 4.80374e+19
Pixel 887, 163, 1, 1, 4.80374e+19
Pixel 886, 163, 1, 1, 4.80374e+19
Pixel 887, 164, 1, 1, 4.80374e+19
Pixel 887, 165, 1, 1, 4.80374e+19
=== 3783408 ===
--- pALPIDEfs_3 ---
Pixel 151, 85, 1, 1, 4.80374e+19
Pixel 152, 85, 1, 1, 4.80374e+19
Pixel 152, 86, 1, 1, 4.80374e+19
=== 3817289 ===
--- pALPIDEfs_3 ---
Pixel 71, 346, 1, 1, 4.80374e+19
=== 3819609 ===
--- pALPIDEfs_1 ---
Pixel 543, 90, 1, 1, 4.80374e+19
Pixel 543, 91, 1, 1, 4.80374e+19
Pixel 544, 90, 1, 1, 4.80374e+19
Pixel 544, 91, 1, 1, 4.80374e+19
=== 3835697 ===
--- pALPIDEfs_1 ---
Pixel 78, 431, 1, 1, 4.80374e+19
Pixel 78, 432, 1, 1, 4.80374e+19
Pixel 785, 370, 1, 1, 4.80374e+19
--- pALPIDEfs_2 ---
Pixel 159, 21, 1, 1, 4.80374e+19
Pixel 158, 21, 1, 1, 4.80374e+19
=== 3849451 ===
--- pALPIDEfs_2 ---
Pixel 215, 134, 1, 1, 4.80374e+19
Pixel 215, 135, 1, 1, 4.80374e+19
=== 3852105 ===
--- pALPIDEfs_2 ---
Pixel 909, 488, 1, 1, 4.80374e+19
=== 3858099 ===
--- pALPIDEfs_6 ---
Pixel 447, 317, 1, 1, 4.80374e+19
Pixel 447, 318, 1, 1, 4.80374e+19
Pixel 448, 317, 1, 1, 4.80374e+19
Pixel 448, 318, 1, 1, 4.80374e+19
=== 3877769 ===
--- pALPIDEfs_6 ---
Pixel 967, 181, 1, 1, 4.80374e+19
Pixel 967, 182, 1, 1, 4.80374e+19
Pixel 968, 182, 1, 1, 4.80374e+19
=== 3893669 ===
--- pALPIDEfs_0 ---
Pixel 275, 384, 1, 1, 4.80374e+19
Pixel 275, 385, 1, 1, 4.80374e+19
=== 3893670 ===
--- pALPIDEfs_0 ---
Pixel 275, 384, 1, 1, 4.80374e+19
=== 3899364 ===
--- pALPIDEfs_3 ---
Pixel 449, 219, 1, 1, 4.80374e+19
Pixel 449, 220, 1, 1, 4.80374e+19
Pixel 450, 219, 1, 1, 4.80374e+19
Pixel 450, 220, 1, 1, 4.80374e+19
=== 3901697 ===
--- pALPIDEfs_5 ---
Pixel 449, 175, 1, 1, 4.80374e+19
Pixel 448, 175, 1, 1, 4.80374e+19
Pixel 448, 176, 1, 1, 4.80374e+19
Pixel 449, 176, 1, 1, 4.80374e+19
=== 3903918 ===
--- pALPIDEfs_1 ---
Pixel 331, 37, 1, 1, 4.80374e+19
Pixel 330, 38, 1, 1, 4.80374e+19
Pixel 331, 38, 1, 1, 4.80374e+19
=== 3906253 ===
--- pALPIDEfs_2 ---
Pixel 139, 15, 1, 1, 4.80374e+19
Pixel 138, 15, 1, 1, 4.80374e+19
=== 3911727 ===
--- pALPIDEfs_3 ---
Pixel 343, 129, 1, 1, 4.80374e+19
Pixel 343, 130, 1, 1, 4.80374e+19
Pixel 344, 129, 1, 1, 4.80374e+19
Pixel 344, 130, 1, 1, 4.80374e+19
=== 3928298 ===
--- pALPIDEfs_2 ---
Pixel 1023, 426, 1, 1, 4.80374e+19
=== 3952784 ===
--- pALPIDEfs_5 ---
Pixel 693, 242, 1, 1, 4.80374e+19
Pixel 695, 245, 1, 1, 4.80374e+19
Pixel 695, 246, 1, 1, 4.80374e+19
Pixel 696, 245, 1, 1, 4.80374e+19
Pixel 696, 246, 1, 1, 4.80374e+19
Pixel 697, 247, 1, 1, 4.80374e+19
Pixel 696, 247, 1, 1, 4.80374e+19
Pixel 696, 248, 1, 1, 4.80374e+19
Pixel 697, 248, 1, 1, 4.80374e+19
Pixel 697, 249, 1, 1, 4.80374e+19
=== 3962408 ===
--- pALPIDEfs_0 ---
Pixel 623, 65, 1, 1, 4.80374e+19
Pixel 622, 66, 1, 1, 4.80374e+19
Pixel 623, 66, 1, 1, 4.80374e+19
Pixel 624, 64, 1, 1, 4.80374e+19
Pixel 625, 64, 1, 1, 4.80374e+19
Pixel 625, 65, 1, 1, 4.80374e+19
Pixel 624, 65, 1, 1, 4.80374e+19
=== 3991263 ===
--- pALPIDEfs_2 ---
Pixel 140, 18, 1, 1, 4.80374e+19
Pixel 141, 18, 1, 1, 4.80374e+19
Pixel 141, 19, 1, 1, 4.80374e+19
Pixel 140, 19, 1, 1, 4.80374e+19
=== 4017987 ===
--- pALPIDEfs_3 ---
Pixel 557, 94, 1, 1, 4.80374e+19
--- pALPIDEfs_4 ---
Pixel 705, 509, 1, 1, 4.80374e+19
Pixel 705, 510, 1, 1, 4.80374e+19
Pixel 707, 499, 1, 1, 4.80374e+19
Pixel 707, 500, 1, 1, 4.80374e+19
Pixel 706, 503, 1, 1, 4.80374e+19
Pixel 706, 509, 1, 1, 4.80374e+19
Pixel 706, 510, 1, 1, 4.80374e+19
Pixel 708, 499, 1, 1, 4.80374e+19
=== 4031968 ===
--- pALPIDEfs_1 ---
Pixel 297, 17, 1, 1, 4.80374e+19
Pixel 298, 17, 1, 1, 4.80374e+19
=== 4035852 ===
--- pALPIDEfs_0 ---
Pixel 741, 177, 1, 1, 4.80374e+19
=== 4054136 ===
--- pALPIDEfs_0 ---
Pixel 496, 255, 1, 1, 4.80374e+19
=== 4065026 ===
--- pALPIDEfs_4 ---
Pixel 193, 286, 1, 1, 4.80374e+19
Pixel 193, 287, 1, 1, 4.80374e+19
=== 4082533 ===
--- pALPIDEfs_4 ---
Pixel 309, 161, 1, 1, 4.80374e+19
Pixel 310, 161, 1, 1, 4.80374e+19
=== 4089235 ===
--- pALPIDEfs_4 ---
Pixel 225, 475, 1, 1, 4.80374e+19
--- pALPIDEfs_5 ---
Pixel 162, 405, 1, 1, 4.80374e+19
Pixel 162, 406, 1, 1, 4.80374e+19
--- pALPIDEfs_6 ---
Pixel 151, 276, 1, 1, 4.80374e+19
Pixel 151, 277, 1, 1, 4.80374e+19
=== 4125340 ===
--- pALPIDEfs_0 ---
Pixel 301, 139, 1, 1, 4.80374e+19
Pixel 301, 140, 1, 1, 4.80374e+19
=== 4135957 ===
--- pALPIDEfs_1 ---
Pixel 902, 436, 1, 1, 4.80374e+19
--- pALPIDEfs_2 ---
Pixel 399, 339, 1, 1, 4.80374e+19
=== 4143044 ===
--- pALPIDEfs_2 ---
Pixel 329, 126, 1, 1, 4.80374e+19
Pixel 329, 127, 1, 1, 4.80374e+19
Pixel 330, 126, 1, 1, 4.80374e+19
Pixel 330, 127, 1, 1, 4.80374e+19
=== 4150184 ===
--- pALPIDEfs_3 ---
Pixel 971, 331, 1, 1, 4.80374e+19
Pixel 970, 331, 1, 1, 4.80374e+19
=== 4157387 ===
--- pALPIDEfs_2 ---
Pixel 300, 100, 1, 1, 4.80374e+19
--- pALPIDEfs_3 ---
Pixel 96, 294, 1, 1, 4.80374e+19
=== 4157448 ===
--- pALPIDEfs_3 ---
Pixel 106, 178, 1, 1, 4.80374e+19
=== 4172151 ===
--- pALPIDEfs_5 ---
Pixel 865, 80, 1, 1, 4.80374e+19
Pixel 865, 81, 1, 1, 4.80374e+19
Pixel 866, 81, 1, 1, 4.80374e+19
=== 4189777 ===
--- pALPIDEfs_6 ---
Pixel 457, 281, 1, 1, 4.80374e+19
Pixel 458, 281, 1, 1, 4.80374e+19
=== 4226104 ===
--- pALPIDEfs_6 ---
Pixel 2, 356, 1, 1, 4.80374e+19
Pixel 3, 356, 1, 1, 4.80374e+19
Pixel 3, 357, 1, 1, 4.80374e+19
Pixel 2, 357, 1, 1, 4.80374e+19
Pixel 517, 438, 1, 1, 4.80374e+19
Pixel 517, 439, 1, 1, 4.80374e+19
Pixel 516, 439, 1, 1, 4.80374e+19
=== 4233481 ===
--- pALPIDEfs_0 ---
Pixel 187, 270, 1, 1, 4.80374e+19
Pixel 187, 271, 1, 1, 4.80374e+19
Pixel 188, 270, 1, 1, 4.80374e+19
Pixel 188, 271, 1, 1, 4.80374e+19
=== 4239274 ===
--- pALPIDEfs_0 ---
Pixel 98, 272, 1, 1, 4.80374e+19
Pixel 99, 272, 1, 1, 4.80374e+19
Pixel 99, 273, 1, 1, 4.80374e+19
Pixel 98, 273, 1, 1, 4.80374e+19
=== 4250886 ===
--- pALPIDEfs_5 ---
Pixel 2, 58, 1, 1, 4.80374e+19
--- pALPIDEfs_6 ---
Pixel 127, 47, 1, 1, 4.80374e+19
=== 4285099 ===
--- pALPIDEfs_6 ---
Pixel 587, 175, 1, 1, 4.80374e+19
Pixel 588, 174, 1, 1, 4.80374e+19
Pixel 588, 175, 1, 1, 4.80374e+19
=== 4304219 ===
--- pALPIDEfs_0 ---
Pixel 537, 157, 1, 1, 4.80374e+19
Pixel 537, 158, 1, 1, 4.80374e+19
=== 4308631 ===
--- pALPIDEfs_2 ---
Pixel 817, 349, 1, 1, 4.80374e+19
Pixel 817, 350, 1, 1, 4.80374e+19
=== 4343383 ===
--- pALPIDEfs_3 ---
Pixel 297, 79, 1, 1, 4.80374e+19
Pixel 296, 79, 1, 1, 4.80374e+19
Pixel 296, 80, 1, 1, 4.80374e+19
Pixel 297, 80, 1, 1, 4.80374e+19
=== 4346415 ===
--- pALPIDEfs_1 ---
Pixel 166, 1, 1, 1, 4.80374e+19
Pixel 166, 2, 1, 1, 4.80374e+19
=== 4364298 ===
--- pALPIDEfs_2 ---
Pixel 289, 152, 1, 1, 4.80374e+19
Pixel 289, 153, 1, 1, 4.80374e+19
Pixel 288, 153, 1, 1, 4.80374e+19
=== 4380065 ===
--- pALPIDEfs_5 ---
Pixel 277, 498, 1, 1, 4.80374e+19
Pixel 277, 499, 1, 1, 4.80374e+19
Pixel 276, 499, 1, 1, 4.80374e+19
Pixel 276, 500, 1, 1, 4.80374e+19
=== 4386938 ===
--- pALPIDEfs_4 ---
Pixel 979, 7, 1, 1, 4.80374e+19
Pixel 979, 8, 1, 1, 4.80374e+19
Pixel 980, 7, 1, 1, 4.80374e+19
Pixel 980, 8, 1, 1, 4.80374e+19
=== 4429763 ===
--- pALPIDEfs_4 ---
Pixel 350, 477, 1, 1, 4.80374e+19
=== 4430162 ===
--- pALPIDEfs_2 ---
Pixel 341, 37, 1, 1, 4.80374e+19
Pixel 340, 37, 1, 1, 4.80374e+19
--- pALPIDEfs_3 ---
Pixel 784, 124, 1, 1, 4.80374e+19
Pixel 785, 124, 1, 1, 4.80374e+19
Pixel 785, 125, 1, 1, 4.80374e+19
=== 4430526 ===
--- pALPIDEfs_3 ---
Pixel 899, 267, 1, 1, 4.80374e+19
Pixel 900, 266, 1, 1, 4.80374e+19
Pixel 901, 266, 1, 1, 4.80374e+19
Pixel 901, 267, 1, 1, 4.80374e+19
Pixel 900, 267, 1, 1, 4.80374e+19
Pixel 902, 266, 1, 1, 4.80374e+19
Pixel 903, 266, 1, 1, 4.80374e+19
Pixel 903, 267, 1, 1, 4.80374e+19
Pixel 902, 267, 1, 1, 4.80374e+19
Pixel 904, 266, 1, 1, 4.80374e+19
Pixel 905, 266, 1, 1, 4.80374e+19
Pixel 905, 267, 1, 1, 4.80374e+19
Pixel 904, 267, 1, 1, 4.80374e+19
Pixel 906, 266, 1, 1, 4.80374e+19
Pixel 907, 267, 1, 1, 4.80374e+19
Pixel 906, 267, 1, 1, 4.80374e+19
Pixel 909, 267, 1, 1, 4.80374e+19
Pixel 908, 267, 1, 1, 4.80374e+19
Pixel 908, 268, 1, 1, 4.80374e+19
Pixel 909, 268, 1, 1, 4.80374e+19
Pixel 910, 268, 1, 1, 4.80374e+19
Pixel 911, 268, 1, 1, 4.80374e+19
Pixel 911, 269, 1, 1, 4.80374e+19
Pixel 910, 269, 1, 1, 4.80374e+19
Pixel 911, 270, 1, 1, 4.80374e+19
Pixel 912, 269, 1, 1, 4.80374e+19
Pixel 912, 270, 1, 1, 4.80374e+19
Pixel 913, 271, 1, 1, 4.80374e+19
Pixel 912, 271, 1, 1, 4.80374e+19
Pixel 913, 272, 1, 1, 4.80374e+19
Pixel 914, 271, 1, 1, 4.80374e+19
Pixel 914, 272, 1, 1, 4.80374e+19
Pixel 914, 273, 1, 1, 4.80374e+19
=== 4433894 ===
--- pALPIDEfs_4 ---
Pixel 389, 284, 1, 1, 4.80374e+19
Pixel 389, 285, 1, 1, 4.80374e+19
=== 4434549 ===
--- pALPIDEfs_3 ---
Pixel 49, 469, 1, 1, 4.80374e+19
Pixel 48, 469, 1, 1, 4.80374e+19
Pixel 50, 469, 1, 1, 4.80374e+19
=== 4438095 ===
--- pALPIDEfs_5 ---
Pixel 521, 380, 1, 1, 4.80374e+19
Pixel 521, 381, 1, 1, 4.80374e+19
Pixel 520, 381, 1, 1, 4.80374e+19
Pixel 520, 382, 1, 1, 4.80374e+19
Pixel 521, 382, 1, 1, 4.80374e+19
Pixel 522, 380, 1, 1, 4.80374e+19
Pixel 522, 381, 1, 1, 4.80374e+19
=== 4441261 ===
--- pALPIDEfs_2 ---
Pixel 223, 465, 1, 1, 4.80374e+19
Pixel 223, 466, 1, 1, 4.80374e+19
Pixel 224, 465, 1, 1, 4.80374e+19
Pixel 224, 466, 1, 1, 4.80374e+19
=== 4443657 ===
--- pALPIDEfs_1 ---
Pixel 781, 207, 1, 1, 4.80374e+19
Pixel 781, 208, 1, 1, 4.80374e+19
--- pALPIDEfs_2 ---
Pixel 911, 361, 1, 1, 4.80374e+19
Pixel 910, 361, 1, 1, 4.80374e+19
=== 4443658 ===
--- pALPIDEfs_1 ---
Pixel 781, 207, 1, 1, 4.80374e+19
Pixel 781, 208, 1, 1, 4.80374e+19
--- pALPIDEfs_2 ---
Pixel 911, 361, 1, 1, 4.80374e+19
Pixel 910, 361, 1, 1, 4.80374e+19
=== 4456346 ===
--- pALPIDEfs_6 ---
Pixel 648, 434, 1, 1, 4.80374e+19
=== 4515408 ===
--- pALPIDEfs_3 ---
Pixel 383, 285, 1, 1, 4.80374e+19
Pixel 383, 286, 1, 1, 4.80374e+19
=== 4527883 ===
--- pALPIDEfs_0 ---
Pixel 821, 47, 1, 1, 4.80374e+19
Pixel 823, 47, 1, 1, 4.80374e+19
Pixel 822, 47, 1, 1, 4.80374e+19
--- pALPIDEfs_1 ---
Pixel 994, 200, 1, 1, 4.80374e+19
=== 4534543 ===
--- pALPIDEfs_0 ---
Pixel 1004, 489, 1, 1, 4.80374e+19
Pixel 1004, 490, 1, 1, 4.80374e+19
=== 4535292 ===
--- pALPIDEfs_0 ---
Pixel 107, 108, 1, 1, 4.80374e+19
Pixel 107, 109, 1, 1, 4.80374e+19
Pixel 107, 110, 1, 1, 4.80374e+19
Pixel 108, 110, 1, 1, 4.80374e+19
=== 4535689 ===
--- pALPIDEfs_4 ---
Pixel 978, 489, 1, 1, 4.80374e+19
Pixel 978, 490, 1, 1, 4.80374e+19
Pixel 981, 494, 1, 1, 4.80374e+19
Pixel 981, 495, 1, 1, 4.80374e+19
Pixel 982, 495, 1, 1, 4.80374e+19
Pixel 982, 496, 1, 1, 4.80374e+19
=== 4545188 ===
--- pALPIDEfs_6 ---
Pixel 157, 403, 1, 1, 4.80374e+19
Pixel 156, 403, 1, 1, 4.80374e+19
=== 4552501 ===
--- pALPIDEfs_0 ---
Pixel 259, 415, 1, 1, 4.80374e+19
Pixel 260, 415, 1, 1, 4.80374e+19
Pixel 260, 416, 1, 1, 4.80374e+19
=== 4601633 ===
--- pALPIDEfs_0 ---
Pixel 337, 371, 1, 1, 4.80374e+19
Pixel 336, 371, 1, 1, 4.80374e+19
=== 4618583 ===
--- pALPIDEfs_3 ---
Pixel 232, 72, 1, 1, 4.80374e+19
Pixel 233, 73, 1, 1, 4.80374e+19
Pixel 232, 73, 1, 1, 4.80374e+19
=== 4618911 ===
--- pALPIDEfs_4 ---
Pixel 397, 131, 1, 1, 4.80374e+19
Pixel 396, 131, 1, 1, 4.80374e+19
Pixel 396, 132, 1, 1, 4.80374e+19
Pixel 397, 132, 1, 1, 4.80374e+19
Pixel 397, 133, 1, 1, 4.80374e+19
Pixel 398, 132, 1, 1, 4.80374e+19
=== 4622829 ===
--- pALPIDEfs_2 ---
Pixel 5, 429, 1, 1, 4.80374e+19
Pixel 4, 429, 1, 1, 4.80374e+19
Pixel 4, 430, 1, 1, 4.80374e+19
Pixel 767, 126, 1, 1, 4.80374e+19
Pixel 767, 127, 1, 1, 4.80374e+19
Pixel 766, 127, 1, 1, 4.80374e+19
Pixel 767, 128, 1, 1, 4.80374e+19
Pixel 768, 127, 1, 1, 4.80374e+19
Pixel 768, 128, 1, 1, 4.80374e+19
=== 4636982 ===
--- pALPIDEfs_2 ---
Pixel 89, 162, 1, 1, 4.80374e+19
Pixel 89, 163, 1, 1, 4.80374e+19
Pixel 88, 163, 1, 1, 4.80374e+19
Pixel 88, 164, 1, 1, 4.80374e+19
Pixel 89, 164, 1, 1, 4.80374e+19
Pixel 88, 165, 1, 1, 4.80374e+19
=== 4638322 ===
--- pALPIDEfs_3 ---
Pixel 440, 82, 1, 1, 4.80374e+19
Pixel 441, 82, 1, 1, 4.80374e+19
Pixel 441, 83, 1, 1, 4.80374e+19
Pixel 440, 83, 1, 1, 4.80374e+19
Pixel 440, 84, 1, 1, 4.80374e+19
=== 4638324 ===
--- pALPIDEfs_3 ---
Pixel 440, 82, 1, 1, 4.80374e+19
Pixel 441, 82, 1, 1, 4.80374e+19
Pixel 441, 83, 1, 1, 4.80374e+19
Pixel 440, 83, 1, 1, 4.80374e+19
Pixel 440, 84, 1, 1, 4.80374e+19
=== 4649357 ===
--- pALPIDEfs_1 ---
Pixel 291, 45, 1, 1, 4.80374e+19
Pixel 290, 45, 1, 1, 4.80374e+19
=== 4649831 ===
--- pALPIDEfs_4 ---
Pixel 991, 82, 1, 1, 4.80374e+19
=== 4703918 ===
--- pALPIDEfs_2 ---
Pixel 449, 421, 1, 1, 4.80374e+19
Pixel 450, 421, 1, 1, 4.80374e+19
Pixel 450, 422, 1, 1, 4.80374e+19
=== 4712719 ===
--- pALPIDEfs_5 ---
Pixel 891, 281, 1, 1, 4.80374e+19
Pixel 890, 281, 1, 1, 4.80374e+19
=== 4733361 ===
--- pALPIDEfs_3 ---
Pixel 477, 58, 1, 1, 4.80374e+19
Pixel 478, 58, 1, 1, 4.80374e+19
=== 4736315 ===
--- pALPIDEfs_3 ---
Pixel 199, 501, 1, 1, 4.80374e+19
Pixel 198, 501, 1, 1, 4.80374e+19
Pixel 198, 502, 1, 1, 4.80374e+19
Pixel 199, 502, 1, 1, 4.80374e+19
=== 4742705 ===
--- pALPIDEfs_1 ---
Pixel 108, 124, 1, 1, 4.80374e+19
Pixel 109, 124, 1, 1, 4.80374e+19
Pixel 108, 125, 1, 1, 4.80374e+19
Pixel 111, 121, 1, 1, 4.80374e+19
Pixel 111, 122, 1, 1, 4.80374e+19
=== 4745053 ===
--- pALPIDEfs_5 ---
Pixel 964, 192, 1, 1, 4.80374e+19
Pixel 965, 192, 1, 1, 4.80374e+19
Pixel 965, 193, 1, 1, 4.80374e+19
Pixel 964, 193, 1, 1, 4.80374e+19
Pixel 967, 191, 1, 1, 4.80374e+19
Pixel 966, 191, 1, 1, 4.80374e+19
Pixel 966, 192, 1, 1, 4.80374e+19
Pixel 967, 192, 1, 1, 4.80374e+19
Pixel 966, 193, 1, 1, 4.80374e+19
Pixel 968, 192, 1, 1, 4.80374e+19
Pixel 971, 193, 1, 1, 4.80374e+19
Pixel 970, 193, 1, 1, 4.80374e+19
Pixel 973, 193, 1, 1, 4.80374e+19
Pixel 972, 193, 1, 1, 4.80374e+19
Pixel 972, 194, 1, 1, 4.80374e+19
Pixel 973, 194, 1, 1, 4.80374e+19
Pixel 974, 193, 1, 1, 4.80374e+19
=== 4745732 ===
--- pALPIDEfs_0 ---
Pixel 129, 113, 1, 1, 4.80374e+19
Pixel 129, 114, 1, 1, 4.80374e+19
Pixel 130, 113, 1, 1, 4.80374e+19
Pixel 130, 114, 1, 1, 4.80374e+19
=== 4761467 ===
--- pALPIDEfs_5 ---
Pixel 685, 221, 1, 1, 4.80374e+19
Pixel 686, 221, 1, 1, 4.80374e+19
Pixel 686, 222, 1, 1, 4.80374e+19
Pixel 687, 222, 1, 1, 4.80374e+19
=== 4763487 ===
--- pALPIDEfs_3 ---
Pixel 920, 180, 1, 1, 4.80374e+19
Pixel 921, 180, 1, 1, 4.80374e+19
Pixel 921, 181, 1, 1, 4.80374e+19
Pixel 920, 181, 1, 1, 4.80374e+19
=== 4763488 ===
--- pALPIDEfs_3 ---
Pixel 920, 180, 1, 1, 4.80374e+19
Pixel 921, 180, 1, 1, 4.80374e+19
Pixel 921, 181, 1, 1, 4.80374e+19
Pixel 920, 181, 1, 1, 4.80374e+19
=== 4777855 ===
--- pALPIDEfs_3 ---
Pixel 404, 364, 1, 1, 4.80374e+19
=== 4813491 ===
--- pALPIDEfs_5 ---
Pixel 511, 371, 1, 1, 4.80374e+19
Pixel 511, 372, 1, 1, 4.80374e+19
Pixel 512, 371, 1, 1, 4.80374e+19
Pixel 512, 372, 1, 1, 4.80374e+19
=== 4825022 ===
--- pALPIDEfs_2 ---
Pixel 151, 226, 1, 1, 4.80374e+19
Pixel 151, 227, 1, 1, 4.80374e+19
=== 4840962 ===
--- pALPIDEfs_6 ---
Pixel 913, 386, 1, 1, 4.80374e+19
Pixel 913, 387, 1, 1, 4.80374e+19
Pixel 915, 385, 1, 1, 4.80374e+19
Pixel 914, 385, 1, 1, 4.80374e+19
Pixel 914, 386, 1, 1, 4.80374e+19
Pixel 915, 386, 1, 1, 4.80374e+19
Pixel 915, 387, 1, 1, 4.80374e+19
Pixel 914, 387, 1, 1, 4.80374e+19
=== 4843465 ===
--- pALPIDEfs_0 ---
Pixel 396, 238, 1, 1, 4.80374e+19
Pixel 397, 238, 1, 1, 4.80374e+19
Pixel 397, 239, 1, 1, 4.80374e+19
=== 4846515 ===
--- pALPIDEfs_5 ---
Pixel 564, 173, 1, 1, 4.80374e+19
Pixel 564, 174, 1, 1, 4.80374e+19
--- pALPIDEfs_6 ---
Pixel 253, 184, 1, 1, 4.80374e+19
Pixel 253, 185, 1, 1, 4.80374e+19
=== 4858699 ===
--- pALPIDEfs_3 ---
Pixel 537, 138, 1, 1, 4.80374e+19
Pixel 537, 139, 1, 1, 4.80374e+19
Pixel 537, 140, 1, 1, 4.80374e+19
Pixel 537, 141, 1, 1, 4.80374e+19
Pixel 538, 138, 1, 1, 4.80374e+19
Pixel 538, 139, 1, 1, 4.80374e+19
Pixel 538, 140, 1, 1, 4.80374e+19
Pixel 539, 140, 1, 1, 4.80374e+19
Pixel 539, 141, 1, 1, 4.80374e+19
Pixel 538, 141, 1, 1, 4.80374e+19
Pixel 538, 142, 1, 1, 4.80374e+19
=== 4880902 ===
--- pALPIDEfs_2 ---
Pixel 141, 483, 1, 1, 4.80374e+19
Pixel 142, 483, 1, 1, 4.80374e+19
Pixel 142, 484, 1, 1, 4.80374e+19
=== 4895101 ===
--- pALPIDEfs_4 ---
Pixel 934, 408, 1, 1, 4.80374e+19
Pixel 935, 408, 1, 1, 4.80374e+19
Pixel 935, 409, 1, 1, 4.80374e+19
Pixel 934, 409, 1, 1, 4.80374e+19
=== 4918480 ===
--- pALPIDEfs_5 ---
Pixel 193, 321, 1, 1, 4.80374e+19
Pixel 192, 321, 1, 1, 4.80374e+19
Pixel 192, 322, 1, 1, 4.80374e+19
Pixel 193, 322, 1, 1, 4.80374e+19
--- pALPIDEfs_6 ---
Pixel 507, 425, 1, 1, 4.80374e+19
Pixel 506, 425, 1, 1, 4.80374e+19
=== 4925336 ===
--- pALPIDEfs_4 ---
Pixel 641, 142, 1, 1, 4.80374e+19
Pixel 641, 143, 1, 1, 4.80374e+19
Pixel 642, 142, 1, 1, 4.80374e+19
Pixel 642, 143, 1, 1, 4.80374e+19
=== 4944136 ===
--- pALPIDEfs_4 ---
Pixel 77, 41, 1, 1, 4.80374e+19
Pixel 77, 42, 1, 1, 4.80374e+19
--- pALPIDEfs_5 ---
Pixel 769, 75, 1, 1, 4.80374e+19
Pixel 769, 76, 1, 1, 4.80374e+19
Pixel 770, 75, 1, 1, 4.80374e+19
Pixel 770, 76, 1, 1, 4.80374e+19
=== 4962658 ===
--- pALPIDEfs_6 ---
Pixel 339, 228, 1, 1, 4.80374e+19
Pixel 339, 229, 1, 1, 4.80374e+19
Pixel 338, 229, 1, 1, 4.80374e+19
Pixel 339, 230, 1, 1, 4.80374e+19
Pixel 340, 229, 1, 1, 4.80374e+19
=== 4967801 ===
--- pALPIDEfs_5 ---
Pixel 465, 209, 1, 1, 4.80374e+19
Pixel 464, 209, 1, 1, 4.80374e+19
Pixel 464, 210, 1, 1, 4.80374e+19
Pixel 465, 210, 1, 1, 4.80374e+19
Pixel 466, 208, 1, 1, 4.80374e+19
Pixel 466, 209, 1, 1, 4.80374e+19
=== 4975818 ===
--- pALPIDEfs_2 ---
Pixel 455, 328, 1, 1, 4.80374e+19
Pixel 455, 329, 1, 1, 4.80374e+19
Pixel 454, 330, 1, 1, 4.80374e+19
Pixel 455, 330, 1, 1, 4.80374e+19
=== 4975819 ===
--- pALPIDEfs_2 ---
Pixel 455, 328, 1, 1, 4.80374e+19
Pixel 455, 329, 1, 1, 4.80374e+19
Pixel 454, 330, 1, 1, 4.80374e+19
Pixel 455, 330, 1, 1, 4.80374e+19
=== 4987311 ===
--- pALPIDEfs_1 ---
Pixel 614, 88, 1, 1, 4.80374e+19
Pixel 614, 89, 1, 1, 4.80374e+19
Pixel 614, 90, 1, 1, 4.80374e+19
Pixel 614, 91, 1, 1, 4.80374e+19
Pixel 614, 92, 1, 1, 4.80374e+19
Pixel 614, 93, 1, 1, 4.80374e+19
=== 4997666 ===
--- pALPIDEfs_3 ---
Pixel 69, 43, 1, 1, 4.80374e+19
Pixel 69, 44, 1, 1, 4.80374e+19
Pixel 69, 45, 1, 1, 4.80374e+19
Pixel 70, 44, 1, 1, 4.80374e+19
=== 4999189 ===
--- pALPIDEfs_2 ---
Pixel 700, 464, 1, 1, 4.80374e+19
=== 5017598 ===
--- pALPIDEfs_2 ---
Pixel 149, 359, 1, 1, 4.80374e+19
Pixel 148, 360, 1, 1, 4.80374e+19
Pixel 149, 360, 1, 1, 4.80374e+19
=== 5017733 ===
--- pALPIDEfs_2 ---
Pixel 297, 248, 1, 1, 4.80374e+19
Pixel 298, 248, 1, 1, 4.80374e+19
