Run: Cosmics000411
=== 2 ===
--- pALPIDEfs_3 ---
Pixel 238, 320, 1, 1, 4.80374e+19
Pixel 238, 320, 1, 1, 4.80374e+19
=== 3 ===
--- pALPIDEfs_0 ---
Pixel 92, 0, 1, 1, 4.80374e+19
Pixel 93, 0, 1, 1, 4.80374e+19
Pixel 93, 1, 1, 1, 4.80374e+19
Pixel 92, 1, 1, 1, 4.80374e+19
Pixel 92, 2, 1, 1, 4.80374e+19
Pixel 93, 2, 1, 1, 4.80374e+19
Pixel 93, 3, 1, 1, 4.80374e+19
Pixel 92, 3, 1, 1, 4.80374e+19
Pixel 92, 4, 1, 1, 4.80374e+19
Pixel 93, 4, 1, 1, 4.80374e+19
Pixel 93, 5, 1, 1, 4.80374e+19
Pixel 92, 5, 1, 1, 4.80374e+19
Pixel 92, 6, 1, 1, 4.80374e+19
Pixel 93, 6, 1, 1, 4.80374e+19
Pixel 93, 7, 1, 1, 4.80374e+19
Pixel 92, 7, 1, 1, 4.80374e+19
Pixel 92, 8, 1, 1, 4.80374e+19
Pixel 93, 8, 1, 1, 4.80374e+19
Pixel 93, 9, 1, 1, 4.80374e+19
Pixel 92, 9, 1, 1, 4.80374e+19
Pixel 92, 10, 1, 1, 4.80374e+19
Pixel 93, 10, 1, 1, 4.80374e+19
Pixel 93, 11, 1, 1, 4.80374e+19
Pixel 92, 11, 1, 1, 4.80374e+19
Pixel 92, 12, 1, 1, 4.80374e+19
Pixel 93, 12, 1, 1, 4.80374e+19
Pixel 93, 13, 1, 1, 4.80374e+19
Pixel 92, 13, 1, 1, 4.80374e+19
Pixel 92, 14, 1, 1, 4.80374e+19
Pixel 93, 14, 1, 1, 4.80374e+19
Pixel 93, 15, 1, 1, 4.80374e+19
Pixel 92, 15, 1, 1, 4.80374e+19
Pixel 92, 16, 1, 1, 4.80374e+19
Pixel 93, 16, 1, 1, 4.80374e+19
Pixel 93, 17, 1, 1, 4.80374e+19
Pixel 92, 17, 1, 1, 4.80374e+19
Pixel 92, 18, 1, 1, 4.80374e+19
Pixel 93, 18, 1, 1, 4.80374e+19
Pixel 93, 19, 1, 1, 4.80374e+19
Pixel 92, 19, 1, 1, 4.80374e+19
Pixel 92, 20, 1, 1, 4.80374e+19
Pixel 93, 20, 1, 1, 4.80374e+19
Pixel 93, 21, 1, 1, 4.80374e+19
Pixel 92, 21, 1, 1, 4.80374e+19
Pixel 92, 22, 1, 1, 4.80374e+19
Pixel 93, 22, 1, 1, 4.80374e+19
Pixel 93, 23, 1, 1, 4.80374e+19
Pixel 92, 23, 1, 1, 4.80374e+19
Pixel 92, 24, 1, 1, 4.80374e+19
Pixel 93, 24, 1, 1, 4.80374e+19
Pixel 93, 25, 1, 1, 4.80374e+19
Pixel 92, 25, 1, 1, 4.80374e+19
Pixel 92, 26, 1, 1, 4.80374e+19
Pixel 93, 26, 1, 1, 4.80374e+19
Pixel 93, 27, 1, 1, 4.80374e+19
Pixel 92, 27, 1, 1, 4.80374e+19
Pixel 92, 28, 1, 1, 4.80374e+19
Pixel 93, 28, 1, 1, 4.80374e+19
Pixel 93, 29, 1, 1, 4.80374e+19
Pixel 92, 29, 1, 1, 4.80374e+19
Pixel 92, 30, 1, 1, 4.80374e+19
Pixel 93, 30, 1, 1, 4.80374e+19
Pixel 93, 31, 1, 1, 4.80374e+19
Pixel 92, 31, 1, 1, 4.80374e+19
Pixel 92, 32, 1, 1, 4.80374e+19
Pixel 93, 32, 1, 1, 4.80374e+19
Pixel 93, 33, 1, 1, 4.80374e+19
Pixel 92, 33, 1, 1, 4.80374e+19
Pixel 92, 34, 1, 1, 4.80374e+19
Pixel 93, 34, 1, 1, 4.80374e+19
Pixel 93, 35, 1, 1, 4.80374e+19
Pixel 92, 35, 1, 1, 4.80374e+19
Pixel 92, 36, 1, 1, 4.80374e+19
Pixel 93, 36, 1, 1, 4.80374e+19
Pixel 93, 37, 1, 1, 4.80374e+19
Pixel 92, 37, 1, 1, 4.80374e+19
Pixel 92, 38, 1, 1, 4.80374e+19
Pixel 93, 38, 1, 1, 4.80374e+19
Pixel 93, 39, 1, 1, 4.80374e+19
Pixel 92, 39, 1, 1, 4.80374e+19
Pixel 92, 40, 1, 1, 4.80374e+19
Pixel 93, 40, 1, 1, 4.80374e+19
Pixel 93, 41, 1, 1, 4.80374e+19
Pixel 92, 41, 1, 1, 4.80374e+19
Pixel 92, 42, 1, 1, 4.80374e+19
Pixel 93, 42, 1, 1, 4.80374e+19
Pixel 93, 43, 1, 1, 4.80374e+19
Pixel 92, 43, 1, 1, 4.80374e+19
Pixel 92, 44, 1, 1, 4.80374e+19
Pixel 93, 44, 1, 1, 4.80374e+19
Pixel 93, 45, 1, 1, 4.80374e+19
Pixel 92, 45, 1, 1, 4.80374e+19
Pixel 92, 46, 1, 1, 4.80374e+19
Pixel 93, 46, 1, 1, 4.80374e+19
Pixel 93, 47, 1, 1, 4.80374e+19
Pixel 92, 47, 1, 1, 4.80374e+19
Pixel 92, 48, 1, 1, 4.80374e+19
Pixel 93, 48, 1, 1, 4.80374e+19
Pixel 93, 49, 1, 1, 4.80374e+19
Pixel 92, 49, 1, 1, 4.80374e+19
Pixel 92, 50, 1, 1, 4.80374e+19
Pixel 93, 50, 1, 1, 4.80374e+19
Pixel 93, 51, 1, 1, 4.80374e+19
Pixel 92, 51, 1, 1, 4.80374e+19
Pixel 92, 52, 1, 1, 4.80374e+19
Pixel 93, 52, 1, 1, 4.80374e+19
Pixel 93, 53, 1, 1, 4.80374e+19
Pixel 92, 53, 1, 1, 4.80374e+19
Pixel 92, 54, 1, 1, 4.80374e+19
Pixel 93, 54, 1, 1, 4.80374e+19
Pixel 93, 55, 1, 1, 4.80374e+19
Pixel 92, 55, 1, 1, 4.80374e+19
Pixel 92, 56, 1, 1, 4.80374e+19
Pixel 93, 56, 1, 1, 4.80374e+19
Pixel 93, 57, 1, 1, 4.80374e+19
Pixel 92, 57, 1, 1, 4.80374e+19
Pixel 92, 58, 1, 1, 4.80374e+19
Pixel 93, 58, 1, 1, 4.80374e+19
Pixel 93, 59, 1, 1, 4.80374e+19
Pixel 92, 59, 1, 1, 4.80374e+19
Pixel 92, 60, 1, 1, 4.80374e+19
Pixel 93, 60, 1, 1, 4.80374e+19
Pixel 93, 61, 1, 1, 4.80374e+19
Pixel 92, 61, 1, 1, 4.80374e+19
Pixel 92, 62, 1, 1, 4.80374e+19
Pixel 93, 62, 1, 1, 4.80374e+19
Pixel 93, 63, 1, 1, 4.80374e+19
Pixel 92, 63, 1, 1, 4.80374e+19
Pixel 92, 64, 1, 1, 4.80374e+19
Pixel 93, 64, 1, 1, 4.80374e+19
Pixel 93, 65, 1, 1, 4.80374e+19
Pixel 92, 65, 1, 1, 4.80374e+19
Pixel 92, 66, 1, 1, 4.80374e+19
Pixel 93, 66, 1, 1, 4.80374e+19
Pixel 93, 67, 1, 1, 4.80374e+19
Pixel 92, 67, 1, 1, 4.80374e+19
Pixel 92, 68, 1, 1, 4.80374e+19
Pixel 93, 68, 1, 1, 4.80374e+19
Pixel 93, 69, 1, 1, 4.80374e+19
Pixel 92, 69, 1, 1, 4.80374e+19
Pixel 92, 70, 1, 1, 4.80374e+19
Pixel 93, 70, 1, 1, 4.80374e+19
Pixel 93, 71, 1, 1, 4.80374e+19
Pixel 92, 71, 1, 1, 4.80374e+19
Pixel 92, 72, 1, 1, 4.80374e+19
Pixel 93, 72, 1, 1, 4.80374e+19
Pixel 93, 73, 1, 1, 4.80374e+19
Pixel 92, 73, 1, 1, 4.80374e+19
Pixel 92, 74, 1, 1, 4.80374e+19
Pixel 93, 74, 1, 1, 4.80374e+19
Pixel 93, 75, 1, 1, 4.80374e+19
Pixel 92, 75, 1, 1, 4.80374e+19
Pixel 92, 76, 1, 1, 4.80374e+19
Pixel 93, 76, 1, 1, 4.80374e+19
Pixel 93, 77, 1, 1, 4.80374e+19
Pixel 92, 77, 1, 1, 4.80374e+19
Pixel 92, 78, 1, 1, 4.80374e+19
Pixel 93, 78, 1, 1, 4.80374e+19
Pixel 93, 79, 1, 1, 4.80374e+19
Pixel 92, 79, 1, 1, 4.80374e+19
Pixel 92, 80, 1, 1, 4.80374e+19
Pixel 93, 80, 1, 1, 4.80374e+19
Pixel 93, 81, 1, 1, 4.80374e+19
Pixel 92, 81, 1, 1, 4.80374e+19
Pixel 92, 82, 1, 1, 4.80374e+19
Pixel 93, 82, 1, 1, 4.80374e+19
Pixel 93, 83, 1, 1, 4.80374e+19
Pixel 92, 83, 1, 1, 4.80374e+19
Pixel 92, 84, 1, 1, 4.80374e+19
Pixel 93, 84, 1, 1, 4.80374e+19
Pixel 93, 85, 1, 1, 4.80374e+19
Pixel 92, 85, 1, 1, 4.80374e+19
Pixel 92, 86, 1, 1, 4.80374e+19
Pixel 93, 86, 1, 1, 4.80374e+19
Pixel 93, 87, 1, 1, 4.80374e+19
Pixel 92, 87, 1, 1, 4.80374e+19
Pixel 92, 88, 1, 1, 4.80374e+19
Pixel 93, 88, 1, 1, 4.80374e+19
Pixel 93, 89, 1, 1, 4.80374e+19
Pixel 92, 89, 1, 1, 4.80374e+19
Pixel 92, 90, 1, 1, 4.80374e+19
Pixel 93, 90, 1, 1, 4.80374e+19
Pixel 93, 91, 1, 1, 4.80374e+19
Pixel 92, 91, 1, 1, 4.80374e+19
Pixel 92, 92, 1, 1, 4.80374e+19
Pixel 93, 92, 1, 1, 4.80374e+19
Pixel 93, 93, 1, 1, 4.80374e+19
Pixel 92, 93, 1, 1, 4.80374e+19
Pixel 92, 94, 1, 1, 4.80374e+19
Pixel 93, 94, 1, 1, 4.80374e+19
Pixel 93, 95, 1, 1, 4.80374e+19
Pixel 92, 95, 1, 1, 4.80374e+19
Pixel 92, 96, 1, 1, 4.80374e+19
Pixel 93, 96, 1, 1, 4.80374e+19
Pixel 93, 97, 1, 1, 4.80374e+19
Pixel 92, 97, 1, 1, 4.80374e+19
Pixel 92, 98, 1, 1, 4.80374e+19
Pixel 93, 98, 1, 1, 4.80374e+19
Pixel 93, 99, 1, 1, 4.80374e+19
Pixel 92, 99, 1, 1, 4.80374e+19
Pixel 92, 100, 1, 1, 4.80374e+19
Pixel 93, 100, 1, 1, 4.80374e+19
Pixel 93, 101, 1, 1, 4.80374e+19
Pixel 92, 101, 1, 1, 4.80374e+19
Pixel 92, 102, 1, 1, 4.80374e+19
Pixel 93, 102, 1, 1, 4.80374e+19
Pixel 93, 103, 1, 1, 4.80374e+19
Pixel 92, 103, 1, 1, 4.80374e+19
Pixel 92, 104, 1, 1, 4.80374e+19
Pixel 93, 104, 1, 1, 4.80374e+19
Pixel 93, 105, 1, 1, 4.80374e+19
Pixel 92, 105, 1, 1, 4.80374e+19
Pixel 92, 106, 1, 1, 4.80374e+19
Pixel 93, 106, 1, 1, 4.80374e+19
Pixel 93, 107, 1, 1, 4.80374e+19
Pixel 92, 107, 1, 1, 4.80374e+19
Pixel 92, 108, 1, 1, 4.80374e+19
Pixel 93, 108, 1, 1, 4.80374e+19
Pixel 93, 109, 1, 1, 4.80374e+19
Pixel 92, 109, 1, 1, 4.80374e+19
Pixel 92, 110, 1, 1, 4.80374e+19
Pixel 93, 110, 1, 1, 4.80374e+19
Pixel 93, 111, 1, 1, 4.80374e+19
Pixel 92, 111, 1, 1, 4.80374e+19
Pixel 92, 112, 1, 1, 4.80374e+19
Pixel 93, 112, 1, 1, 4.80374e+19
Pixel 93, 113, 1, 1, 4.80374e+19
Pixel 92, 113, 1, 1, 4.80374e+19
Pixel 92, 114, 1, 1, 4.80374e+19
Pixel 93, 114, 1, 1, 4.80374e+19
Pixel 93, 115, 1, 1, 4.80374e+19
Pixel 92, 115, 1, 1, 4.80374e+19
Pixel 92, 116, 1, 1, 4.80374e+19
Pixel 93, 116, 1, 1, 4.80374e+19
Pixel 93, 117, 1, 1, 4.80374e+19
Pixel 92, 117, 1, 1, 4.80374e+19
Pixel 92, 118, 1, 1, 4.80374e+19
Pixel 93, 118, 1, 1, 4.80374e+19
Pixel 93, 119, 1, 1, 4.80374e+19
Pixel 92, 119, 1, 1, 4.80374e+19
Pixel 92, 120, 1, 1, 4.80374e+19
Pixel 93, 120, 1, 1, 4.80374e+19
Pixel 93, 121, 1, 1, 4.80374e+19
Pixel 92, 121, 1, 1, 4.80374e+19
Pixel 92, 122, 1, 1, 4.80374e+19
Pixel 93, 122, 1, 1, 4.80374e+19
Pixel 93, 123, 1, 1, 4.80374e+19
Pixel 92, 123, 1, 1, 4.80374e+19
Pixel 92, 124, 1, 1, 4.80374e+19
Pixel 93, 124, 1, 1, 4.80374e+19
Pixel 93, 125, 1, 1, 4.80374e+19
Pixel 92, 125, 1, 1, 4.80374e+19
Pixel 92, 126, 1, 1, 4.80374e+19
Pixel 93, 126, 1, 1, 4.80374e+19
Pixel 93, 127, 1, 1, 4.80374e+19
Pixel 92, 127, 1, 1, 4.80374e+19
Pixel 92, 128, 1, 1, 4.80374e+19
Pixel 93, 128, 1, 1, 4.80374e+19
Pixel 93, 129, 1, 1, 4.80374e+19
Pixel 92, 129, 1, 1, 4.80374e+19
Pixel 92, 130, 1, 1, 4.80374e+19
Pixel 93, 130, 1, 1, 4.80374e+19
Pixel 93, 131, 1, 1, 4.80374e+19
Pixel 92, 131, 1, 1, 4.80374e+19
Pixel 92, 132, 1, 1, 4.80374e+19
Pixel 93, 132, 1, 1, 4.80374e+19
Pixel 93, 133, 1, 1, 4.80374e+19
Pixel 92, 133, 1, 1, 4.80374e+19
Pixel 92, 134, 1, 1, 4.80374e+19
Pixel 93, 134, 1, 1, 4.80374e+19
Pixel 93, 135, 1, 1, 4.80374e+19
Pixel 92, 135, 1, 1, 4.80374e+19
Pixel 92, 136, 1, 1, 4.80374e+19
Pixel 93, 136, 1, 1, 4.80374e+19
Pixel 93, 137, 1, 1, 4.80374e+19
Pixel 92, 137, 1, 1, 4.80374e+19
Pixel 92, 138, 1, 1, 4.80374e+19
Pixel 93, 138, 1, 1, 4.80374e+19
Pixel 93, 139, 1, 1, 4.80374e+19
Pixel 92, 139, 1, 1, 4.80374e+19
Pixel 92, 140, 1, 1, 4.80374e+19
Pixel 93, 140, 1, 1, 4.80374e+19
Pixel 93, 141, 1, 1, 4.80374e+19
Pixel 92, 141, 1, 1, 4.80374e+19
Pixel 92, 142, 1, 1, 4.80374e+19
Pixel 93, 142, 1, 1, 4.80374e+19
Pixel 93, 143, 1, 1, 4.80374e+19
Pixel 92, 143, 1, 1, 4.80374e+19
Pixel 92, 144, 1, 1, 4.80374e+19
Pixel 93, 144, 1, 1, 4.80374e+19
Pixel 93, 145, 1, 1, 4.80374e+19
Pixel 92, 145, 1, 1, 4.80374e+19
Pixel 92, 146, 1, 1, 4.80374e+19
Pixel 93, 146, 1, 1, 4.80374e+19
Pixel 93, 147, 1, 1, 4.80374e+19
Pixel 92, 147, 1, 1, 4.80374e+19
Pixel 92, 148, 1, 1, 4.80374e+19
Pixel 93, 148, 1, 1, 4.80374e+19
Pixel 93, 149, 1, 1, 4.80374e+19
Pixel 92, 149, 1, 1, 4.80374e+19
Pixel 92, 150, 1, 1, 4.80374e+19
Pixel 93, 150, 1, 1, 4.80374e+19
Pixel 93, 151, 1, 1, 4.80374e+19
Pixel 92, 151, 1, 1, 4.80374e+19
Pixel 92, 152, 1, 1, 4.80374e+19
Pixel 93, 152, 1, 1, 4.80374e+19
Pixel 93, 153, 1, 1, 4.80374e+19
Pixel 92, 153, 1, 1, 4.80374e+19
Pixel 92, 154, 1, 1, 4.80374e+19
Pixel 93, 154, 1, 1, 4.80374e+19
Pixel 93, 155, 1, 1, 4.80374e+19
Pixel 92, 155, 1, 1, 4.80374e+19
Pixel 92, 156, 1, 1, 4.80374e+19
Pixel 93, 156, 1, 1, 4.80374e+19
Pixel 93, 157, 1, 1, 4.80374e+19
Pixel 92, 157, 1, 1, 4.80374e+19
Pixel 92, 158, 1, 1, 4.80374e+19
Pixel 93, 158, 1, 1, 4.80374e+19
Pixel 93, 159, 1, 1, 4.80374e+19
Pixel 92, 159, 1, 1, 4.80374e+19
Pixel 92, 160, 1, 1, 4.80374e+19
Pixel 93, 160, 1, 1, 4.80374e+19
Pixel 93, 161, 1, 1, 4.80374e+19
Pixel 92, 161, 1, 1, 4.80374e+19
Pixel 92, 162, 1, 1, 4.80374e+19
Pixel 93, 162, 1, 1, 4.80374e+19
Pixel 93, 163, 1, 1, 4.80374e+19
Pixel 92, 163, 1, 1, 4.80374e+19
Pixel 92, 164, 1, 1, 4.80374e+19
Pixel 93, 164, 1, 1, 4.80374e+19
Pixel 93, 165, 1, 1, 4.80374e+19
Pixel 92, 165, 1, 1, 4.80374e+19
Pixel 92, 166, 1, 1, 4.80374e+19
Pixel 93, 166, 1, 1, 4.80374e+19
Pixel 93, 167, 1, 1, 4.80374e+19
Pixel 92, 167, 1, 1, 4.80374e+19
Pixel 92, 168, 1, 1, 4.80374e+19
Pixel 93, 168, 1, 1, 4.80374e+19
Pixel 93, 169, 1, 1, 4.80374e+19
Pixel 92, 169, 1, 1, 4.80374e+19
Pixel 92, 170, 1, 1, 4.80374e+19
Pixel 93, 170, 1, 1, 4.80374e+19
Pixel 93, 171, 1, 1, 4.80374e+19
Pixel 92, 171, 1, 1, 4.80374e+19
Pixel 92, 172, 1, 1, 4.80374e+19
Pixel 93, 172, 1, 1, 4.80374e+19
Pixel 93, 173, 1, 1, 4.80374e+19
Pixel 92, 173, 1, 1, 4.80374e+19
Pixel 92, 174, 1, 1, 4.80374e+19
Pixel 93, 174, 1, 1, 4.80374e+19
Pixel 93, 175, 1, 1, 4.80374e+19
Pixel 92, 175, 1, 1, 4.80374e+19
Pixel 92, 176, 1, 1, 4.80374e+19
Pixel 93, 176, 1, 1, 4.80374e+19
Pixel 93, 177, 1, 1, 4.80374e+19
Pixel 92, 177, 1, 1, 4.80374e+19
Pixel 92, 178, 1, 1, 4.80374e+19
Pixel 93, 178, 1, 1, 4.80374e+19
Pixel 93, 179, 1, 1, 4.80374e+19
Pixel 92, 179, 1, 1, 4.80374e+19
Pixel 92, 180, 1, 1, 4.80374e+19
Pixel 93, 180, 1, 1, 4.80374e+19
Pixel 93, 181, 1, 1, 4.80374e+19
Pixel 92, 181, 1, 1, 4.80374e+19
Pixel 92, 182, 1, 1, 4.80374e+19
Pixel 93, 182, 1, 1, 4.80374e+19
Pixel 93, 183, 1, 1, 4.80374e+19
Pixel 92, 183, 1, 1, 4.80374e+19
Pixel 92, 184, 1, 1, 4.80374e+19
Pixel 93, 184, 1, 1, 4.80374e+19
Pixel 93, 185, 1, 1, 4.80374e+19
Pixel 92, 185, 1, 1, 4.80374e+19
Pixel 92, 186, 1, 1, 4.80374e+19
Pixel 93, 186, 1, 1, 4.80374e+19
Pixel 93, 187, 1, 1, 4.80374e+19
Pixel 92, 187, 1, 1, 4.80374e+19
Pixel 92, 188, 1, 1, 4.80374e+19
Pixel 93, 188, 1, 1, 4.80374e+19
Pixel 93, 189, 1, 1, 4.80374e+19
Pixel 92, 189, 1, 1, 4.80374e+19
Pixel 92, 190, 1, 1, 4.80374e+19
Pixel 93, 190, 1, 1, 4.80374e+19
Pixel 93, 191, 1, 1, 4.80374e+19
Pixel 92, 191, 1, 1, 4.80374e+19
Pixel 92, 192, 1, 1, 4.80374e+19
Pixel 93, 192, 1, 1, 4.80374e+19
Pixel 93, 193, 1, 1, 4.80374e+19
Pixel 92, 193, 1, 1, 4.80374e+19
Pixel 92, 194, 1, 1, 4.80374e+19
Pixel 93, 194, 1, 1, 4.80374e+19
Pixel 93, 195, 1, 1, 4.80374e+19
Pixel 92, 195, 1, 1, 4.80374e+19
Pixel 92, 196, 1, 1, 4.80374e+19
Pixel 93, 196, 1, 1, 4.80374e+19
Pixel 93, 197, 1, 1, 4.80374e+19
Pixel 92, 197, 1, 1, 4.80374e+19
Pixel 92, 198, 1, 1, 4.80374e+19
Pixel 93, 198, 1, 1, 4.80374e+19
Pixel 93, 199, 1, 1, 4.80374e+19
Pixel 92, 199, 1, 1, 4.80374e+19
Pixel 92, 200, 1, 1, 4.80374e+19
Pixel 93, 200, 1, 1, 4.80374e+19
Pixel 93, 201, 1, 1, 4.80374e+19
Pixel 92, 201, 1, 1, 4.80374e+19
Pixel 92, 202, 1, 1, 4.80374e+19
Pixel 93, 202, 1, 1, 4.80374e+19
Pixel 93, 203, 1, 1, 4.80374e+19
Pixel 92, 203, 1, 1, 4.80374e+19
Pixel 92, 204, 1, 1, 4.80374e+19
Pixel 93, 204, 1, 1, 4.80374e+19
Pixel 93, 205, 1, 1, 4.80374e+19
Pixel 92, 205, 1, 1, 4.80374e+19
Pixel 92, 206, 1, 1, 4.80374e+19
Pixel 93, 206, 1, 1, 4.80374e+19
Pixel 93, 207, 1, 1, 4.80374e+19
Pixel 92, 207, 1, 1, 4.80374e+19
Pixel 92, 208, 1, 1, 4.80374e+19
Pixel 93, 208, 1, 1, 4.80374e+19
Pixel 93, 209, 1, 1, 4.80374e+19
Pixel 92, 209, 1, 1, 4.80374e+19
Pixel 92, 210, 1, 1, 4.80374e+19
Pixel 93, 210, 1, 1, 4.80374e+19
Pixel 93, 211, 1, 1, 4.80374e+19
Pixel 92, 211, 1, 1, 4.80374e+19
Pixel 92, 212, 1, 1, 4.80374e+19
Pixel 93, 212, 1, 1, 4.80374e+19
Pixel 93, 213, 1, 1, 4.80374e+19
Pixel 92, 213, 1, 1, 4.80374e+19
Pixel 92, 214, 1, 1, 4.80374e+19
Pixel 93, 214, 1, 1, 4.80374e+19
Pixel 93, 215, 1, 1, 4.80374e+19
Pixel 92, 215, 1, 1, 4.80374e+19
Pixel 92, 216, 1, 1, 4.80374e+19
Pixel 93, 216, 1, 1, 4.80374e+19
Pixel 93, 217, 1, 1, 4.80374e+19
Pixel 92, 217, 1, 1, 4.80374e+19
Pixel 92, 218, 1, 1, 4.80374e+19
Pixel 93, 218, 1, 1, 4.80374e+19
Pixel 93, 219, 1, 1, 4.80374e+19
Pixel 92, 219, 1, 1, 4.80374e+19
Pixel 92, 220, 1, 1, 4.80374e+19
Pixel 93, 220, 1, 1, 4.80374e+19
Pixel 93, 221, 1, 1, 4.80374e+19
Pixel 92, 221, 1, 1, 4.80374e+19
Pixel 92, 222, 1, 1, 4.80374e+19
Pixel 93, 222, 1, 1, 4.80374e+19
Pixel 93, 223, 1, 1, 4.80374e+19
Pixel 92, 223, 1, 1, 4.80374e+19
Pixel 92, 224, 1, 1, 4.80374e+19
Pixel 93, 224, 1, 1, 4.80374e+19
Pixel 93, 225, 1, 1, 4.80374e+19
Pixel 92, 225, 1, 1, 4.80374e+19
Pixel 92, 226, 1, 1, 4.80374e+19
Pixel 93, 226, 1, 1, 4.80374e+19
Pixel 93, 227, 1, 1, 4.80374e+19
Pixel 92, 227, 1, 1, 4.80374e+19
Pixel 92, 228, 1, 1, 4.80374e+19
Pixel 93, 228, 1, 1, 4.80374e+19
Pixel 93, 229, 1, 1, 4.80374e+19
Pixel 92, 229, 1, 1, 4.80374e+19
Pixel 92, 230, 1, 1, 4.80374e+19
Pixel 93, 230, 1, 1, 4.80374e+19
Pixel 93, 231, 1, 1, 4.80374e+19
Pixel 92, 231, 1, 1, 4.80374e+19
Pixel 92, 232, 1, 1, 4.80374e+19
Pixel 93, 232, 1, 1, 4.80374e+19
Pixel 93, 233, 1, 1, 4.80374e+19
Pixel 92, 233, 1, 1, 4.80374e+19
Pixel 92, 234, 1, 1, 4.80374e+19
Pixel 93, 234, 1, 1, 4.80374e+19
Pixel 93, 235, 1, 1, 4.80374e+19
Pixel 92, 235, 1, 1, 4.80374e+19
Pixel 92, 236, 1, 1, 4.80374e+19
Pixel 93, 236, 1, 1, 4.80374e+19
Pixel 93, 237, 1, 1, 4.80374e+19
Pixel 92, 237, 1, 1, 4.80374e+19
Pixel 92, 238, 1, 1, 4.80374e+19
Pixel 93, 238, 1, 1, 4.80374e+19
Pixel 93, 239, 1, 1, 4.80374e+19
Pixel 92, 239, 1, 1, 4.80374e+19
Pixel 92, 240, 1, 1, 4.80374e+19
Pixel 93, 240, 1, 1, 4.80374e+19
Pixel 93, 241, 1, 1, 4.80374e+19
Pixel 92, 241, 1, 1, 4.80374e+19
Pixel 92, 242, 1, 1, 4.80374e+19
Pixel 93, 242, 1, 1, 4.80374e+19
Pixel 93, 243, 1, 1, 4.80374e+19
Pixel 92, 243, 1, 1, 4.80374e+19
Pixel 92, 244, 1, 1, 4.80374e+19
Pixel 93, 244, 1, 1, 4.80374e+19
Pixel 93, 245, 1, 1, 4.80374e+19
Pixel 92, 245, 1, 1, 4.80374e+19
Pixel 92, 246, 1, 1, 4.80374e+19
Pixel 93, 246, 1, 1, 4.80374e+19
Pixel 93, 247, 1, 1, 4.80374e+19
Pixel 92, 247, 1, 1, 4.80374e+19
Pixel 92, 248, 1, 1, 4.80374e+19
Pixel 93, 248, 1, 1, 4.80374e+19
Pixel 93, 249, 1, 1, 4.80374e+19
Pixel 92, 249, 1, 1, 4.80374e+19
Pixel 92, 250, 1, 1, 4.80374e+19
Pixel 93, 250, 1, 1, 4.80374e+19
Pixel 93, 251, 1, 1, 4.80374e+19
Pixel 92, 251, 1, 1, 4.80374e+19
Pixel 92, 252, 1, 1, 4.80374e+19
Pixel 93, 252, 1, 1, 4.80374e+19
Pixel 93, 253, 1, 1, 4.80374e+19
Pixel 92, 253, 1, 1, 4.80374e+19
Pixel 92, 254, 1, 1, 4.80374e+19
Pixel 93, 254, 1, 1, 4.80374e+19
Pixel 93, 255, 1, 1, 4.80374e+19
Pixel 92, 255, 1, 1, 4.80374e+19
=== 8569 ===
--- pALPIDEfs_6 ---
Pixel 1001, 455, 1, 1, 4.80374e+19
Pixel 1000, 455, 1, 1, 4.80374e+19
Pixel 1001, 456, 1, 1, 4.80374e+19
Pixel 1002, 456, 1, 1, 4.80374e+19
=== 40775 ===
--- pALPIDEfs_5 ---
Pixel 1011, 318, 1, 1, 4.80374e+19
Pixel 1011, 319, 1, 1, 4.80374e+19
Pixel 1012, 318, 1, 1, 4.80374e+19
Pixel 1012, 319, 1, 1, 4.80374e+19
=== 45722 ===
--- pALPIDEfs_0 ---
Pixel 679, 303, 1, 1, 4.80374e+19
Pixel 678, 303, 1, 1, 4.80374e+19
Pixel 678, 304, 1, 1, 4.80374e+19
Pixel 679, 304, 1, 1, 4.80374e+19
Pixel 681, 303, 1, 1, 4.80374e+19
Pixel 680, 303, 1, 1, 4.80374e+19
Pixel 680, 304, 1, 1, 4.80374e+19
Pixel 681, 304, 1, 1, 4.80374e+19
=== 47777 ===
--- pALPIDEfs_2 ---
Pixel 358, 298, 1, 1, 4.80374e+19
Pixel 359, 298, 1, 1, 4.80374e+19
=== 58479 ===
--- pALPIDEfs_6 ---
Pixel 827, 207, 1, 1, 4.80374e+19
Pixel 827, 208, 1, 1, 4.80374e+19
=== 60822 ===
--- pALPIDEfs_3 ---
Pixel 465, 426, 1, 1, 4.80374e+19
Pixel 466, 426, 1, 1, 4.80374e+19
Pixel 466, 427, 1, 1, 4.80374e+19
=== 65192 ===
--- pALPIDEfs_0 ---
Pixel 586, 322, 1, 1, 4.80374e+19
--- pALPIDEfs_1 ---
Pixel 333, 112, 1, 1, 4.80374e+19
=== 125872 ===
--- pALPIDEfs_0 ---
Pixel 158, 148, 1, 1, 4.80374e+19
=== 142201 ===
--- pALPIDEfs_5 ---
Pixel 25, 213, 1, 1, 4.80374e+19
Pixel 24, 213, 1, 1, 4.80374e+19
Pixel 24, 214, 1, 1, 4.80374e+19
Pixel 25, 214, 1, 1, 4.80374e+19
=== 144663 ===
--- pALPIDEfs_1 ---
Pixel 55, 301, 1, 1, 4.80374e+19
Pixel 56, 300, 1, 1, 4.80374e+19
Pixel 56, 301, 1, 1, 4.80374e+19
=== 150230 ===
--- pALPIDEfs_6 ---
Pixel 735, 4, 1, 1, 4.80374e+19
Pixel 735, 5, 1, 1, 4.80374e+19
Pixel 736, 4, 1, 1, 4.80374e+19
Pixel 736, 5, 1, 1, 4.80374e+19
=== 164588 ===
--- pALPIDEfs_6 ---
Pixel 917, 179, 1, 1, 4.80374e+19
=== 171117 ===
--- pALPIDEfs_1 ---
Pixel 233, 233, 1, 1, 4.80374e+19
=== 204143 ===
--- pALPIDEfs_4 ---
Pixel 429, 307, 1, 1, 4.80374e+19
Pixel 430, 306, 1, 1, 4.80374e+19
=== 213172 ===
--- pALPIDEfs_0 ---
Pixel 1023, 339, 1, 1, 4.80374e+19
=== 226708 ===
--- pALPIDEfs_3 ---
Pixel 237, 45, 1, 1, 4.80374e+19
Pixel 237, 46, 1, 1, 4.80374e+19
Pixel 237, 47, 1, 1, 4.80374e+19
=== 237150 ===
--- pALPIDEfs_6 ---
Pixel 759, 359, 1, 1, 4.80374e+19
Pixel 759, 360, 1, 1, 4.80374e+19
Pixel 761, 355, 1, 1, 4.80374e+19
Pixel 760, 356, 1, 1, 4.80374e+19
Pixel 761, 356, 1, 1, 4.80374e+19
Pixel 760, 357, 1, 1, 4.80374e+19
Pixel 760, 358, 1, 1, 4.80374e+19
Pixel 760, 359, 1, 1, 4.80374e+19
Pixel 760, 360, 1, 1, 4.80374e+19
=== 240724 ===
--- pALPIDEfs_0 ---
Pixel 65, 274, 1, 1, 4.80374e+19
=== 244183 ===
--- pALPIDEfs_5 ---
Pixel 890, 236, 1, 1, 4.80374e+19
Pixel 891, 237, 1, 1, 4.80374e+19
Pixel 890, 237, 1, 1, 4.80374e+19
=== 246056 ===
--- pALPIDEfs_6 ---
Pixel 804, 106, 1, 1, 4.80374e+19
Pixel 805, 106, 1, 1, 4.80374e+19
=== 254701 ===
--- pALPIDEfs_5 ---
Pixel 497, 287, 1, 1, 4.80374e+19
Pixel 496, 287, 1, 1, 4.80374e+19
Pixel 496, 288, 1, 1, 4.80374e+19
=== 255795 ===
--- pALPIDEfs_2 ---
Pixel 136, 266, 1, 1, 4.80374e+19
Pixel 137, 266, 1, 1, 4.80374e+19
--- pALPIDEfs_3 ---
Pixel 655, 317, 1, 1, 4.80374e+19
Pixel 655, 318, 1, 1, 4.80374e+19
=== 256975 ===
--- pALPIDEfs_5 ---
Pixel 593, 483, 1, 1, 4.80374e+19
Pixel 592, 483, 1, 1, 4.80374e+19
Pixel 592, 484, 1, 1, 4.80374e+19
Pixel 593, 484, 1, 1, 4.80374e+19
Pixel 593, 485, 1, 1, 4.80374e+19
Pixel 593, 486, 1, 1, 4.80374e+19
Pixel 593, 487, 1, 1, 4.80374e+19
Pixel 593, 488, 1, 1, 4.80374e+19
Pixel 593, 489, 1, 1, 4.80374e+19
=== 295966 ===
--- pALPIDEfs_1 ---
Pixel 863, 374, 1, 1, 4.80374e+19
=== 313550 ===
--- pALPIDEfs_3 ---
Pixel 532, 58, 1, 1, 4.80374e+19
Pixel 533, 59, 1, 1, 4.80374e+19
Pixel 532, 59, 1, 1, 4.80374e+19
--- pALPIDEfs_4 ---
Pixel 499, 377, 1, 1, 4.80374e+19
Pixel 499, 378, 1, 1, 4.80374e+19
=== 318522 ===
--- pALPIDEfs_4 ---
Pixel 431, 341, 1, 1, 4.80374e+19
Pixel 432, 341, 1, 1, 4.80374e+19
Pixel 432, 342, 1, 1, 4.80374e+19
Pixel 432, 343, 1, 1, 4.80374e+19
=== 332846 ===
--- pALPIDEfs_4 ---
Pixel 1005, 357, 1, 1, 4.80374e+19
Pixel 1005, 358, 1, 1, 4.80374e+19
=== 367421 ===
--- pALPIDEfs_4 ---
Pixel 118, 399, 1, 1, 4.80374e+19
Pixel 118, 400, 1, 1, 4.80374e+19
Pixel 118, 401, 1, 1, 4.80374e+19
Pixel 118, 402, 1, 1, 4.80374e+19
Pixel 118, 403, 1, 1, 4.80374e+19
Pixel 118, 404, 1, 1, 4.80374e+19
Pixel 118, 405, 1, 1, 4.80374e+19
=== 375636 ===
--- pALPIDEfs_6 ---
Pixel 387, 437, 1, 1, 4.80374e+19
Pixel 386, 437, 1, 1, 4.80374e+19
=== 381541 ===
--- pALPIDEfs_3 ---
Pixel 117, 341, 1, 1, 4.80374e+19
Pixel 116, 341, 1, 1, 4.80374e+19
Pixel 116, 342, 1, 1, 4.80374e+19
Pixel 117, 342, 1, 1, 4.80374e+19
=== 383497 ===
--- pALPIDEfs_3 ---
Pixel 211, 326, 1, 1, 4.80374e+19
Pixel 211, 327, 1, 1, 4.80374e+19
Pixel 211, 328, 1, 1, 4.80374e+19
Pixel 212, 326, 1, 1, 4.80374e+19
Pixel 212, 327, 1, 1, 4.80374e+19
=== 387649 ===
--- pALPIDEfs_4 ---
Pixel 824, 360, 1, 1, 4.80374e+19
Pixel 825, 360, 1, 1, 4.80374e+19
Pixel 825, 361, 1, 1, 4.80374e+19
=== 408624 ===
--- pALPIDEfs_6 ---
Pixel 686, 244, 1, 1, 4.80374e+19
Pixel 687, 244, 1, 1, 4.80374e+19
Pixel 686, 245, 1, 1, 4.80374e+19
=== 421093 ===
--- pALPIDEfs_1 ---
Pixel 79, 476, 1, 1, 4.80374e+19
=== 422775 ===
--- pALPIDEfs_5 ---
Pixel 589, 83, 1, 1, 4.80374e+19
Pixel 589, 84, 1, 1, 4.80374e+19
Pixel 590, 84, 1, 1, 4.80374e+19
=== 441090 ===
--- pALPIDEfs_2 ---
Pixel 361, 69, 1, 1, 4.80374e+19
Pixel 361, 70, 1, 1, 4.80374e+19
Pixel 362, 69, 1, 1, 4.80374e+19
Pixel 362, 70, 1, 1, 4.80374e+19
--- pALPIDEfs_3 ---
Pixel 709, 256, 1, 1, 4.80374e+19
Pixel 709, 257, 1, 1, 4.80374e+19
=== 446318 ===
--- pALPIDEfs_4 ---
Pixel 551, 108, 1, 1, 4.80374e+19
Pixel 551, 109, 1, 1, 4.80374e+19
Pixel 550, 110, 1, 1, 4.80374e+19
Pixel 551, 110, 1, 1, 4.80374e+19
Pixel 550, 111, 1, 1, 4.80374e+19
Pixel 552, 107, 1, 1, 4.80374e+19
Pixel 552, 108, 1, 1, 4.80374e+19
Pixel 552, 109, 1, 1, 4.80374e+19
Pixel 554, 103, 1, 1, 4.80374e+19
Pixel 554, 104, 1, 1, 4.80374e+19
Pixel 555, 104, 1, 1, 4.80374e+19
Pixel 554, 105, 1, 1, 4.80374e+19
=== 458777 ===
--- pALPIDEfs_2 ---
Pixel 411, 358, 1, 1, 4.80374e+19
Pixel 411, 359, 1, 1, 4.80374e+19
Pixel 411, 360, 1, 1, 4.80374e+19
Pixel 413, 355, 1, 1, 4.80374e+19
Pixel 413, 356, 1, 1, 4.80374e+19
Pixel 412, 358, 1, 1, 4.80374e+19
Pixel 412, 359, 1, 1, 4.80374e+19
Pixel 415, 354, 1, 1, 4.80374e+19
Pixel 414, 355, 1, 1, 4.80374e+19
=== 464679 ===
--- pALPIDEfs_4 ---
Pixel 713, 285, 1, 1, 4.80374e+19
Pixel 712, 285, 1, 1, 4.80374e+19
Pixel 714, 284, 1, 1, 4.80374e+19
Pixel 715, 285, 1, 1, 4.80374e+19
Pixel 714, 285, 1, 1, 4.80374e+19
Pixel 716, 285, 1, 1, 4.80374e+19
=== 464831 ===
--- pALPIDEfs_4 ---
Pixel 745, 147, 1, 1, 4.80374e+19
--- pALPIDEfs_5 ---
Pixel 977, 493, 1, 1, 4.80374e+19
Pixel 978, 493, 1, 1, 4.80374e+19
=== 474037 ===
--- pALPIDEfs_5 ---
Pixel 772, 456, 1, 1, 4.80374e+19
Pixel 773, 456, 1, 1, 4.80374e+19
=== 482184 ===
--- pALPIDEfs_0 ---
Pixel 638, 342, 1, 1, 4.80374e+19
Pixel 639, 342, 1, 1, 4.80374e+19
--- pALPIDEfs_1 ---
Pixel 409, 428, 1, 1, 4.80374e+19
Pixel 410, 428, 1, 1, 4.80374e+19
--- pALPIDEfs_2 ---
Pixel 203, 411, 1, 1, 4.80374e+19
Pixel 203, 412, 1, 1, 4.80374e+19
Pixel 204, 411, 1, 1, 4.80374e+19
Pixel 204, 412, 1, 1, 4.80374e+19
=== 508104 ===
--- pALPIDEfs_1 ---
Pixel 255, 266, 1, 1, 4.80374e+19
=== 511172 ===
--- pALPIDEfs_3 ---
Pixel 545, 500, 1, 1, 4.80374e+19
Pixel 545, 501, 1, 1, 4.80374e+19
=== 524356 ===
--- pALPIDEfs_4 ---
Pixel 975, 114, 1, 1, 4.80374e+19
=== 542997 ===
--- pALPIDEfs_2 ---
Pixel 787, 303, 1, 1, 4.80374e+19
Pixel 786, 304, 1, 1, 4.80374e+19
Pixel 787, 304, 1, 1, 4.80374e+19
Pixel 786, 305, 1, 1, 4.80374e+19
=== 552303 ===
--- pALPIDEfs_1 ---
Pixel 891, 365, 1, 1, 4.80374e+19
Pixel 891, 366, 1, 1, 4.80374e+19
--- pALPIDEfs_2 ---
Pixel 602, 264, 1, 1, 4.80374e+19
--- pALPIDEfs_3 ---
Pixel 313, 232, 1, 1, 4.80374e+19
Pixel 313, 233, 1, 1, 4.80374e+19
Pixel 312, 233, 1, 1, 4.80374e+19
--- pALPIDEfs_4 ---
Pixel 45, 189, 1, 1, 4.80374e+19
Pixel 45, 190, 1, 1, 4.80374e+19
=== 556735 ===
--- pALPIDEfs_4 ---
Pixel 571, 193, 1, 1, 4.80374e+19
Pixel 571, 194, 1, 1, 4.80374e+19
=== 556736 ===
--- pALPIDEfs_4 ---
Pixel 571, 193, 1, 1, 4.80374e+19
Pixel 571, 194, 1, 1, 4.80374e+19
=== 571591 ===
--- pALPIDEfs_5 ---
Pixel 312, 268, 1, 1, 4.80374e+19
Pixel 313, 268, 1, 1, 4.80374e+19
=== 589288 ===
--- pALPIDEfs_2 ---
Pixel 351, 96, 1, 1, 4.80374e+19
Pixel 351, 97, 1, 1, 4.80374e+19
=== 591972 ===
--- pALPIDEfs_5 ---
Pixel 872, 375, 1, 1, 4.80374e+19
=== 594688 ===
--- pALPIDEfs_3 ---
Pixel 709, 401, 1, 1, 4.80374e+19
Pixel 711, 400, 1, 1, 4.80374e+19
Pixel 711, 401, 1, 1, 4.80374e+19
Pixel 710, 401, 1, 1, 4.80374e+19
Pixel 710, 402, 1, 1, 4.80374e+19
Pixel 713, 399, 1, 1, 4.80374e+19
Pixel 712, 400, 1, 1, 4.80374e+19
Pixel 713, 400, 1, 1, 4.80374e+19
Pixel 712, 401, 1, 1, 4.80374e+19
Pixel 714, 400, 1, 1, 4.80374e+19
=== 600985 ===
--- pALPIDEfs_1 ---
Pixel 643, 87, 1, 1, 4.80374e+19
Pixel 643, 88, 1, 1, 4.80374e+19
Pixel 644, 87, 1, 1, 4.80374e+19
=== 606049 ===
--- pALPIDEfs_0 ---
Pixel 232, 159, 1, 1, 4.80374e+19
=== 608650 ===
--- pALPIDEfs_0 ---
Pixel 953, 376, 1, 1, 4.80374e+19
Pixel 953, 377, 1, 1, 4.80374e+19
=== 620564 ===
--- pALPIDEfs_4 ---
Pixel 648, 64, 1, 1, 4.80374e+19
Pixel 648, 65, 1, 1, 4.80374e+19
--- pALPIDEfs_5 ---
Pixel 236, 456, 1, 1, 4.80374e+19
=== 632171 ===
--- pALPIDEfs_0 ---
Pixel 190, 175, 1, 1, 4.80374e+19
--- pALPIDEfs_1 ---
Pixel 407, 284, 1, 1, 4.80374e+19
--- pALPIDEfs_2 ---
Pixel 645, 289, 1, 1, 4.80374e+19
Pixel 646, 289, 1, 1, 4.80374e+19
--- pALPIDEfs_3 ---
Pixel 886, 363, 1, 1, 4.80374e+19
=== 660909 ===
--- pALPIDEfs_3 ---
Pixel 191, 285, 1, 1, 4.80374e+19
Pixel 190, 286, 1, 1, 4.80374e+19
Pixel 191, 286, 1, 1, 4.80374e+19
Pixel 192, 285, 1, 1, 4.80374e+19
Pixel 192, 286, 1, 1, 4.80374e+19
=== 666850 ===
--- pALPIDEfs_0 ---
Pixel 353, 119, 1, 1, 4.80374e+19
=== 674603 ===
--- pALPIDEfs_6 ---
Pixel 95, 346, 1, 1, 4.80374e+19
Pixel 94, 347, 1, 1, 4.80374e+19
=== 674604 ===
--- pALPIDEfs_6 ---
Pixel 94, 346, 1, 1, 4.80374e+19
Pixel 95, 346, 1, 1, 4.80374e+19
Pixel 95, 347, 1, 1, 4.80374e+19
Pixel 94, 347, 1, 1, 4.80374e+19
=== 691699 ===
--- pALPIDEfs_5 ---
Pixel 277, 344, 1, 1, 4.80374e+19
Pixel 278, 344, 1, 1, 4.80374e+19
Pixel 279, 344, 1, 1, 4.80374e+19
Pixel 278, 345, 1, 1, 4.80374e+19
=== 695431 ===
--- pALPIDEfs_5 ---
Pixel 123, 389, 1, 1, 4.80374e+19
Pixel 122, 389, 1, 1, 4.80374e+19
=== 705878 ===
--- pALPIDEfs_2 ---
Pixel 619, 433, 1, 1, 4.80374e+19
--- pALPIDEfs_3 ---
Pixel 203, 431, 1, 1, 4.80374e+19
Pixel 203, 432, 1, 1, 4.80374e+19
Pixel 204, 431, 1, 1, 4.80374e+19
Pixel 204, 432, 1, 1, 4.80374e+19
Pixel 205, 432, 1, 1, 4.80374e+19
Pixel 205, 433, 1, 1, 4.80374e+19
Pixel 204, 433, 1, 1, 4.80374e+19
Pixel 204, 434, 1, 1, 4.80374e+19
Pixel 205, 434, 1, 1, 4.80374e+19
=== 714675 ===
--- pALPIDEfs_1 ---
Pixel 195, 444, 1, 1, 4.80374e+19
Pixel 195, 445, 1, 1, 4.80374e+19
Pixel 196, 445, 1, 1, 4.80374e+19
=== 726982 ===
--- pALPIDEfs_0 ---
Pixel 309, 443, 1, 1, 4.80374e+19
Pixel 308, 443, 1, 1, 4.80374e+19
=== 728013 ===
--- pALPIDEfs_0 ---
Pixel 252, 432, 1, 1, 4.80374e+19
Pixel 252, 433, 1, 1, 4.80374e+19
=== 808018 ===
--- pALPIDEfs_2 ---
Pixel 395, 419, 1, 1, 4.80374e+19
Pixel 395, 420, 1, 1, 4.80374e+19
Pixel 396, 419, 1, 1, 4.80374e+19
Pixel 396, 420, 1, 1, 4.80374e+19
=== 813745 ===
--- pALPIDEfs_4 ---
Pixel 993, 111, 1, 1, 4.80374e+19
Pixel 993, 112, 1, 1, 4.80374e+19
Pixel 993, 113, 1, 1, 4.80374e+19
Pixel 994, 111, 1, 1, 4.80374e+19
Pixel 994, 112, 1, 1, 4.80374e+19
=== 831283 ===
--- pALPIDEfs_0 ---
Pixel 593, 144, 1, 1, 4.80374e+19
--- pALPIDEfs_2 ---
Pixel 630, 258, 1, 1, 4.80374e+19
Pixel 631, 258, 1, 1, 4.80374e+19
Pixel 630, 259, 1, 1, 4.80374e+19
=== 838967 ===
--- pALPIDEfs_2 ---
Pixel 906, 380, 1, 1, 4.80374e+19
=== 847856 ===
--- pALPIDEfs_3 ---
Pixel 411, 223, 1, 1, 4.80374e+19
Pixel 410, 223, 1, 1, 4.80374e+19
Pixel 410, 224, 1, 1, 4.80374e+19
Pixel 411, 224, 1, 1, 4.80374e+19
=== 874019 ===
--- pALPIDEfs_0 ---
Pixel 956, 418, 1, 1, 4.80374e+19
=== 876085 ===
--- pALPIDEfs_3 ---
Pixel 387, 145, 1, 1, 4.80374e+19
Pixel 387, 146, 1, 1, 4.80374e+19
Pixel 388, 145, 1, 1, 4.80374e+19
Pixel 388, 146, 1, 1, 4.80374e+19
--- pALPIDEfs_4 ---
Pixel 401, 416, 1, 1, 4.80374e+19
Pixel 401, 417, 1, 1, 4.80374e+19
=== 878429 ===
--- pALPIDEfs_4 ---
Pixel 792, 361, 1, 1, 4.80374e+19
=== 909040 ===
--- pALPIDEfs_0 ---
Pixel 43, 371, 1, 1, 4.80374e+19
Pixel 43, 372, 1, 1, 4.80374e+19
=== 933474 ===
--- pALPIDEfs_5 ---
Pixel 97, 7, 1, 1, 4.80374e+19
Pixel 98, 7, 1, 1, 4.80374e+19
Pixel 98, 8, 1, 1, 4.80374e+19
=== 963056 ===
--- pALPIDEfs_6 ---
Pixel 561, 323, 1, 1, 4.80374e+19
Pixel 562, 323, 1, 1, 4.80374e+19
=== 994422 ===
--- pALPIDEfs_6 ---
Pixel 540, 72, 1, 1, 4.80374e+19
Pixel 541, 72, 1, 1, 4.80374e+19
=== 999960 ===
--- pALPIDEfs_5 ---
Pixel 324, 401, 1, 1, 4.80374e+19
Pixel 324, 402, 1, 1, 4.80374e+19
=== 1005083 ===
--- pALPIDEfs_1 ---
Pixel 925, 437, 1, 1, 4.80374e+19
Pixel 925, 438, 1, 1, 4.80374e+19
Pixel 925, 439, 1, 1, 4.80374e+19
Pixel 926, 437, 1, 1, 4.80374e+19
Pixel 926, 438, 1, 1, 4.80374e+19
Pixel 926, 439, 1, 1, 4.80374e+19
=== 1017034 ===
--- pALPIDEfs_0 ---
Pixel 564, 19, 1, 1, 4.80374e+19
=== 1017491 ===
--- pALPIDEfs_6 ---
Pixel 581, 432, 1, 1, 4.80374e+19
Pixel 581, 433, 1, 1, 4.80374e+19
=== 1053770 ===
--- pALPIDEfs_4 ---
Pixel 219, 200, 1, 1, 4.80374e+19
Pixel 219, 201, 1, 1, 4.80374e+19
Pixel 220, 200, 1, 1, 4.80374e+19
Pixel 221, 200, 1, 1, 4.80374e+19
Pixel 221, 201, 1, 1, 4.80374e+19
Pixel 220, 201, 1, 1, 4.80374e+19
=== 1063278 ===
--- pALPIDEfs_3 ---
Pixel 911, 328, 1, 1, 4.80374e+19
Pixel 912, 328, 1, 1, 4.80374e+19
=== 1075234 ===
--- pALPIDEfs_5 ---
Pixel 220, 436, 1, 1, 4.80374e+19
Pixel 221, 436, 1, 1, 4.80374e+19
Pixel 221, 437, 1, 1, 4.80374e+19
Pixel 220, 437, 1, 1, 4.80374e+19
=== 1082370 ===
--- pALPIDEfs_5 ---
Pixel 517, 335, 1, 1, 4.80374e+19
Pixel 516, 335, 1, 1, 4.80374e+19
--- pALPIDEfs_6 ---
Pixel 977, 209, 1, 1, 4.80374e+19
Pixel 978, 208, 1, 1, 4.80374e+19
Pixel 978, 209, 1, 1, 4.80374e+19
=== 1091241 ===
--- pALPIDEfs_1 ---
Pixel 93, 453, 1, 1, 4.80374e+19
Pixel 93, 454, 1, 1, 4.80374e+19
Pixel 93, 455, 1, 1, 4.80374e+19
Pixel 97, 444, 1, 1, 4.80374e+19
Pixel 97, 445, 1, 1, 4.80374e+19
Pixel 98, 444, 1, 1, 4.80374e+19
=== 1093247 ===
--- pALPIDEfs_0 ---
Pixel 151, 272, 1, 1, 4.80374e+19
Pixel 152, 272, 1, 1, 4.80374e+19
=== 1097998 ===
--- pALPIDEfs_6 ---
Pixel 476, 124, 1, 1, 4.80374e+19
=== 1100728 ===
--- pALPIDEfs_1 ---
Pixel 497, 500, 1, 1, 4.80374e+19
Pixel 498, 499, 1, 1, 4.80374e+19
Pixel 498, 500, 1, 1, 4.80374e+19
=== 1120574 ===
--- pALPIDEfs_6 ---
Pixel 15, 209, 1, 1, 4.80374e+19
Pixel 15, 210, 1, 1, 4.80374e+19
=== 1127064 ===
--- pALPIDEfs_2 ---
Pixel 691, 202, 1, 1, 4.80374e+19
Pixel 692, 202, 1, 1, 4.80374e+19
=== 1143884 ===
--- pALPIDEfs_1 ---
Pixel 123, 411, 1, 1, 4.80374e+19
Pixel 124, 411, 1, 1, 4.80374e+19
=== 1147324 ===
--- pALPIDEfs_3 ---
Pixel 222, 116, 1, 1, 4.80374e+19
Pixel 223, 117, 1, 1, 4.80374e+19
Pixel 222, 117, 1, 1, 4.80374e+19
Pixel 222, 118, 1, 1, 4.80374e+19
Pixel 797, 442, 1, 1, 4.80374e+19
Pixel 797, 443, 1, 1, 4.80374e+19
=== 1157735 ===
--- pALPIDEfs_1 ---
Pixel 594, 412, 1, 1, 4.80374e+19
Pixel 595, 412, 1, 1, 4.80374e+19
Pixel 595, 413, 1, 1, 4.80374e+19
=== 1178176 ===
--- pALPIDEfs_4 ---
Pixel 696, 366, 1, 1, 4.80374e+19
Pixel 697, 366, 1, 1, 4.80374e+19
Pixel 698, 366, 1, 1, 4.80374e+19
=== 1187171 ===
--- pALPIDEfs_6 ---
Pixel 142, 155, 1, 1, 4.80374e+19
Pixel 142, 156, 1, 1, 4.80374e+19
=== 1217293 ===
--- pALPIDEfs_0 ---
Pixel 678, 21, 1, 1, 4.80374e+19
Pixel 678, 22, 1, 1, 4.80374e+19
=== 1225663 ===
--- pALPIDEfs_6 ---
Pixel 628, 134, 1, 1, 4.80374e+19
=== 1237458 ===
--- pALPIDEfs_3 ---
Pixel 591, 406, 1, 1, 4.80374e+19
Pixel 591, 407, 1, 1, 4.80374e+19
Pixel 592, 406, 1, 1, 4.80374e+19
Pixel 592, 407, 1, 1, 4.80374e+19
--- pALPIDEfs_4 ---
Pixel 570, 437, 1, 1, 4.80374e+19
=== 1252312 ===
--- pALPIDEfs_1 ---
Pixel 225, 28, 1, 1, 4.80374e+19
Pixel 225, 29, 1, 1, 4.80374e+19
Pixel 226, 28, 1, 1, 4.80374e+19
Pixel 226, 29, 1, 1, 4.80374e+19
--- pALPIDEfs_2 ---
Pixel 258, 258, 1, 1, 4.80374e+19
Pixel 259, 258, 1, 1, 4.80374e+19
Pixel 259, 259, 1, 1, 4.80374e+19
Pixel 258, 259, 1, 1, 4.80374e+19
=== 1253565 ===
--- pALPIDEfs_5 ---
Pixel 474, 172, 1, 1, 4.80374e+19
Pixel 474, 173, 1, 1, 4.80374e+19
=== 1259743 ===
--- pALPIDEfs_3 ---
Pixel 737, 497, 1, 1, 4.80374e+19
Pixel 737, 498, 1, 1, 4.80374e+19
Pixel 737, 499, 1, 1, 4.80374e+19
Pixel 736, 499, 1, 1, 4.80374e+19
Pixel 738, 497, 1, 1, 4.80374e+19
Pixel 738, 498, 1, 1, 4.80374e+19
=== 1272963 ===
--- pALPIDEfs_2 ---
Pixel 103, 486, 1, 1, 4.80374e+19
Pixel 104, 486, 1, 1, 4.80374e+19
=== 1286016 ===
--- pALPIDEfs_6 ---
Pixel 957, 350, 1, 1, 4.80374e+19
Pixel 958, 349, 1, 1, 4.80374e+19
Pixel 958, 350, 1, 1, 4.80374e+19
=== 1298291 ===
--- pALPIDEfs_6 ---
Pixel 769, 110, 1, 1, 4.80374e+19
Pixel 769, 111, 1, 1, 4.80374e+19
Pixel 769, 112, 1, 1, 4.80374e+19
Pixel 770, 111, 1, 1, 4.80374e+19
Pixel 770, 112, 1, 1, 4.80374e+19
=== 1303031 ===
--- pALPIDEfs_0 ---
Pixel 148, 465, 1, 1, 4.80374e+19
Pixel 148, 466, 1, 1, 4.80374e+19
Pixel 149, 466, 1, 1, 4.80374e+19
=== 1327876 ===
--- pALPIDEfs_6 ---
Pixel 620, 52, 1, 1, 4.80374e+19
Pixel 620, 53, 1, 1, 4.80374e+19
=== 1332765 ===
--- pALPIDEfs_2 ---
Pixel 319, 412, 1, 1, 4.80374e+19
Pixel 319, 413, 1, 1, 4.80374e+19
Pixel 318, 413, 1, 1, 4.80374e+19
Pixel 319, 414, 1, 1, 4.80374e+19
=== 1354625 ===
--- pALPIDEfs_3 ---
Pixel 927, 5, 1, 1, 4.80374e+19
=== 1357319 ===
--- pALPIDEfs_0 ---
Pixel 368, 10, 1, 1, 4.80374e+19
Pixel 368, 11, 1, 1, 4.80374e+19
=== 1366267 ===
--- pALPIDEfs_1 ---
Pixel 857, 509, 1, 1, 4.80374e+19
Pixel 857, 510, 1, 1, 4.80374e+19
Pixel 858, 510, 1, 1, 4.80374e+19
Pixel 858, 511, 1, 1, 4.80374e+19
=== 1391099 ===
--- pALPIDEfs_2 ---
Pixel 463, 291, 1, 1, 4.80374e+19
Pixel 464, 291, 1, 1, 4.80374e+19
=== 1396577 ===
--- pALPIDEfs_5 ---
Pixel 340, 60, 1, 1, 4.80374e+19
Pixel 340, 61, 1, 1, 4.80374e+19
=== 1397780 ===
--- pALPIDEfs_3 ---
Pixel 81, 351, 1, 1, 4.80374e+19
Pixel 81, 352, 1, 1, 4.80374e+19
Pixel 82, 351, 1, 1, 4.80374e+19
Pixel 82, 352, 1, 1, 4.80374e+19
=== 1398315 ===
--- pALPIDEfs_5 ---
Pixel 363, 435, 1, 1, 4.80374e+19
Pixel 363, 436, 1, 1, 4.80374e+19
Pixel 364, 435, 1, 1, 4.80374e+19
Pixel 364, 436, 1, 1, 4.80374e+19
=== 1403808 ===
--- pALPIDEfs_2 ---
Pixel 913, 57, 1, 1, 4.80374e+19
Pixel 914, 57, 1, 1, 4.80374e+19
=== 1407267 ===
--- pALPIDEfs_2 ---
Pixel 69, 253, 1, 1, 4.80374e+19
Pixel 70, 253, 1, 1, 4.80374e+19
Pixel 70, 254, 1, 1, 4.80374e+19
=== 1417342 ===
--- pALPIDEfs_2 ---
Pixel 603, 286, 1, 1, 4.80374e+19
Pixel 603, 287, 1, 1, 4.80374e+19
Pixel 604, 286, 1, 1, 4.80374e+19
Pixel 604, 287, 1, 1, 4.80374e+19
=== 1425177 ===
--- pALPIDEfs_3 ---
Pixel 70, 234, 1, 1, 4.80374e+19
=== 1460078 ===
--- pALPIDEfs_3 ---
Pixel 105, 77, 1, 1, 4.80374e+19
Pixel 104, 77, 1, 1, 4.80374e+19
Pixel 104, 78, 1, 1, 4.80374e+19
Pixel 105, 78, 1, 1, 4.80374e+19
=== 1463379 ===
--- pALPIDEfs_3 ---
Pixel 609, 89, 1, 1, 4.80374e+19
Pixel 610, 89, 1, 1, 4.80374e+19
=== 1467993 ===
--- pALPIDEfs_0 ---
Pixel 945, 159, 1, 1, 4.80374e+19
Pixel 946, 159, 1, 1, 4.80374e+19
--- pALPIDEfs_1 ---
Pixel 686, 23, 1, 1, 4.80374e+19
=== 1474524 ===
--- pALPIDEfs_0 ---
Pixel 641, 177, 1, 1, 4.80374e+19
Pixel 640, 177, 1, 1, 4.80374e+19
Pixel 640, 178, 1, 1, 4.80374e+19
Pixel 641, 178, 1, 1, 4.80374e+19
Pixel 641, 179, 1, 1, 4.80374e+19
Pixel 640, 179, 1, 1, 4.80374e+19
Pixel 641, 180, 1, 1, 4.80374e+19
Pixel 641, 181, 1, 1, 4.80374e+19
=== 1481533 ===
--- pALPIDEfs_3 ---
Pixel 963, 421, 1, 1, 4.80374e+19
Pixel 963, 422, 1, 1, 4.80374e+19
=== 1520182 ===
--- pALPIDEfs_2 ---
Pixel 852, 143, 1, 1, 4.80374e+19
Pixel 852, 144, 1, 1, 4.80374e+19
--- pALPIDEfs_3 ---
Pixel 809, 380, 1, 1, 4.80374e+19
Pixel 809, 381, 1, 1, 4.80374e+19
Pixel 810, 380, 1, 1, 4.80374e+19
Pixel 810, 381, 1, 1, 4.80374e+19
=== 1530208 ===
--- pALPIDEfs_4 ---
Pixel 720, 432, 1, 1, 4.80374e+19
Pixel 720, 433, 1, 1, 4.80374e+19
--- pALPIDEfs_5 ---
Pixel 53, 234, 1, 1, 4.80374e+19
Pixel 54, 233, 1, 1, 4.80374e+19
Pixel 54, 234, 1, 1, 4.80374e+19
=== 1549781 ===
--- pALPIDEfs_6 ---
Pixel 439, 416, 1, 1, 4.80374e+19
Pixel 441, 415, 1, 1, 4.80374e+19
Pixel 440, 415, 1, 1, 4.80374e+19
Pixel 440, 416, 1, 1, 4.80374e+19
Pixel 441, 416, 1, 1, 4.80374e+19
Pixel 442, 414, 1, 1, 4.80374e+19
Pixel 443, 414, 1, 1, 4.80374e+19
Pixel 443, 415, 1, 1, 4.80374e+19
Pixel 442, 415, 1, 1, 4.80374e+19
Pixel 444, 414, 1, 1, 4.80374e+19
=== 1551375 ===
--- pALPIDEfs_0 ---
Pixel 259, 33, 1, 1, 4.80374e+19
Pixel 261, 33, 1, 1, 4.80374e+19
Pixel 260, 33, 1, 1, 4.80374e+19
=== 1579666 ===
--- pALPIDEfs_1 ---
Pixel 163, 23, 1, 1, 4.80374e+19
Pixel 162, 23, 1, 1, 4.80374e+19
Pixel 162, 24, 1, 1, 4.80374e+19
Pixel 163, 24, 1, 1, 4.80374e+19
--- pALPIDEfs_2 ---
Pixel 27, 223, 1, 1, 4.80374e+19
Pixel 27, 224, 1, 1, 4.80374e+19
Pixel 28, 223, 1, 1, 4.80374e+19
Pixel 28, 224, 1, 1, 4.80374e+19
Pixel 28, 225, 1, 1, 4.80374e+19
=== 1579667 ===
--- pALPIDEfs_1 ---
Pixel 163, 23, 1, 1, 4.80374e+19
Pixel 162, 23, 1, 1, 4.80374e+19
Pixel 162, 24, 1, 1, 4.80374e+19
Pixel 163, 24, 1, 1, 4.80374e+19
--- pALPIDEfs_2 ---
Pixel 27, 224, 1, 1, 4.80374e+19
Pixel 28, 225, 1, 1, 4.80374e+19
=== 1589870 ===
--- pALPIDEfs_0 ---
Pixel 574, 369, 1, 1, 4.80374e+19
=== 1599026 ===
--- pALPIDEfs_0 ---
Pixel 151, 181, 1, 1, 4.80374e+19
Pixel 151, 182, 1, 1, 4.80374e+19
=== 1610046 ===
--- pALPIDEfs_4 ---
Pixel 227, 417, 1, 1, 4.80374e+19
Pixel 227, 418, 1, 1, 4.80374e+19
=== 1644871 ===
--- pALPIDEfs_3 ---
Pixel 1021, 50, 1, 1, 4.80374e+19
Pixel 1021, 51, 1, 1, 4.80374e+19
Pixel 1020, 51, 1, 1, 4.80374e+19
Pixel 1022, 50, 1, 1, 4.80374e+19
Pixel 1022, 51, 1, 1, 4.80374e+19
=== 1648977 ===
--- pALPIDEfs_3 ---
Pixel 518, 134, 1, 1, 4.80374e+19
Pixel 519, 134, 1, 1, 4.80374e+19
Pixel 519, 135, 1, 1, 4.80374e+19
Pixel 518, 135, 1, 1, 4.80374e+19
=== 1651899 ===
--- pALPIDEfs_4 ---
Pixel 639, 134, 1, 1, 4.80374e+19
=== 1661416 ===
--- pALPIDEfs_6 ---
Pixel 45, 258, 1, 1, 4.80374e+19
Pixel 45, 259, 1, 1, 4.80374e+19
Pixel 44, 259, 1, 1, 4.80374e+19
Pixel 44, 260, 1, 1, 4.80374e+19
=== 1664575 ===
--- pALPIDEfs_0 ---
Pixel 145, 408, 1, 1, 4.80374e+19
=== 1671625 ===
--- pALPIDEfs_4 ---
Pixel 427, 135, 1, 1, 4.80374e+19
Pixel 428, 134, 1, 1, 4.80374e+19
Pixel 428, 135, 1, 1, 4.80374e+19
=== 1678498 ===
--- pALPIDEfs_0 ---
Pixel 925, 429, 1, 1, 4.80374e+19
Pixel 925, 430, 1, 1, 4.80374e+19
Pixel 926, 429, 1, 1, 4.80374e+19
Pixel 926, 430, 1, 1, 4.80374e+19
=== 1684602 ===
--- pALPIDEfs_0 ---
Pixel 749, 21, 1, 1, 4.80374e+19
--- pALPIDEfs_1 ---
Pixel 908, 47, 1, 1, 4.80374e+19
=== 1685506 ===
--- pALPIDEfs_3 ---
Pixel 11, 227, 1, 1, 4.80374e+19
Pixel 11, 228, 1, 1, 4.80374e+19
Pixel 12, 227, 1, 1, 4.80374e+19
Pixel 12, 228, 1, 1, 4.80374e+19
=== 1692914 ===
--- pALPIDEfs_3 ---
Pixel 413, 240, 1, 1, 4.80374e+19
=== 1702593 ===
--- pALPIDEfs_0 ---
Pixel 289, 249, 1, 1, 4.80374e+19
Pixel 289, 250, 1, 1, 4.80374e+19
Pixel 290, 249, 1, 1, 4.80374e+19
Pixel 290, 250, 1, 1, 4.80374e+19
=== 1709509 ===
--- pALPIDEfs_1 ---
Pixel 99, 26, 1, 1, 4.80374e+19
Pixel 99, 27, 1, 1, 4.80374e+19
Pixel 100, 26, 1, 1, 4.80374e+19
Pixel 100, 27, 1, 1, 4.80374e+19
=== 1714865 ===
--- pALPIDEfs_1 ---
Pixel 85, 203, 1, 1, 4.80374e+19
=== 1718428 ===
--- pALPIDEfs_1 ---
Pixel 742, 197, 1, 1, 4.80374e+19
--- pALPIDEfs_2 ---
Pixel 471, 183, 1, 1, 4.80374e+19
Pixel 470, 183, 1, 1, 4.80374e+19
--- pALPIDEfs_3 ---
Pixel 199, 238, 1, 1, 4.80374e+19
Pixel 199, 239, 1, 1, 4.80374e+19
=== 1726410 ===
--- pALPIDEfs_3 ---
Pixel 597, 309, 1, 1, 4.80374e+19
Pixel 596, 309, 1, 1, 4.80374e+19
Pixel 596, 310, 1, 1, 4.80374e+19
Pixel 597, 310, 1, 1, 4.80374e+19
=== 1733983 ===
--- pALPIDEfs_4 ---
Pixel 161, 6, 1, 1, 4.80374e+19
=== 1734099 ===
--- pALPIDEfs_1 ---
Pixel 905, 250, 1, 1, 4.80374e+19
=== 1734514 ===
--- pALPIDEfs_1 ---
Pixel 669, 8, 1, 1, 4.80374e+19
=== 1741002 ===
--- pALPIDEfs_3 ---
Pixel 823, 503, 1, 1, 4.80374e+19
Pixel 824, 503, 1, 1, 4.80374e+19
=== 1742398 ===
--- pALPIDEfs_0 ---
Pixel 151, 330, 1, 1, 4.80374e+19
Pixel 151, 331, 1, 1, 4.80374e+19
=== 1742399 ===
--- pALPIDEfs_0 ---
Pixel 151, 330, 1, 1, 4.80374e+19
Pixel 151, 331, 1, 1, 4.80374e+19
=== 1743366 ===
--- pALPIDEfs_0 ---
Pixel 153, 107, 1, 1, 4.80374e+19
Pixel 154, 107, 1, 1, 4.80374e+19
=== 1747200 ===
--- pALPIDEfs_5 ---
Pixel 706, 245, 1, 1, 4.80374e+19
Pixel 706, 246, 1, 1, 4.80374e+19
=== 1763977 ===
--- pALPIDEfs_6 ---
Pixel 21, 40, 1, 1, 4.80374e+19
Pixel 22, 37, 1, 1, 4.80374e+19
=== 1768992 ===
--- pALPIDEfs_4 ---
Pixel 94, 236, 1, 1, 4.80374e+19
Pixel 95, 236, 1, 1, 4.80374e+19
--- pALPIDEfs_5 ---
Pixel 307, 36, 1, 1, 4.80374e+19
Pixel 307, 37, 1, 1, 4.80374e+19
Pixel 308, 36, 1, 1, 4.80374e+19
Pixel 308, 37, 1, 1, 4.80374e+19
=== 1769698 ===
--- pALPIDEfs_5 ---
Pixel 563, 39, 1, 1, 4.80374e+19
Pixel 562, 40, 1, 1, 4.80374e+19
Pixel 563, 40, 1, 1, 4.80374e+19
=== 1799718 ===
--- pALPIDEfs_2 ---
Pixel 43, 279, 1, 1, 4.80374e+19
Pixel 43, 280, 1, 1, 4.80374e+19
=== 1804132 ===
--- pALPIDEfs_6 ---
Pixel 11, 237, 1, 1, 4.80374e+19
Pixel 11, 238, 1, 1, 4.80374e+19
=== 1813386 ===
--- pALPIDEfs_5 ---
Pixel 435, 404, 1, 1, 4.80374e+19
Pixel 435, 405, 1, 1, 4.80374e+19
Pixel 436, 404, 1, 1, 4.80374e+19
Pixel 436, 405, 1, 1, 4.80374e+19
=== 1819818 ===
--- pALPIDEfs_6 ---
Pixel 898, 76, 1, 1, 4.80374e+19
Pixel 899, 76, 1, 1, 4.80374e+19
Pixel 899, 77, 1, 1, 4.80374e+19
Pixel 898, 77, 1, 1, 4.80374e+19
Pixel 900, 76, 1, 1, 4.80374e+19
Pixel 901, 76, 1, 1, 4.80374e+19
Pixel 900, 77, 1, 1, 4.80374e+19
=== 1822735 ===
--- pALPIDEfs_3 ---
Pixel 557, 180, 1, 1, 4.80374e+19
=== 1823295 ===
--- pALPIDEfs_5 ---
Pixel 278, 181, 1, 1, 4.80374e+19
Pixel 278, 182, 1, 1, 4.80374e+19
Pixel 278, 183, 1, 1, 4.80374e+19
Pixel 278, 184, 1, 1, 4.80374e+19
Pixel 278, 185, 1, 1, 4.80374e+19
Pixel 278, 186, 1, 1, 4.80374e+19
=== 1856045 ===
--- pALPIDEfs_2 ---
Pixel 1, 291, 1, 1, 4.80374e+19
Pixel 0, 291, 1, 1, 4.80374e+19
Pixel 0, 292, 1, 1, 4.80374e+19
Pixel 1, 292, 1, 1, 4.80374e+19
Pixel 1, 293, 1, 1, 4.80374e+19
Pixel 2, 292, 1, 1, 4.80374e+19
Pixel 2, 293, 1, 1, 4.80374e+19
--- pALPIDEfs_3 ---
Pixel 16, 178, 1, 1, 4.80374e+19
--- pALPIDEfs_4 ---
Pixel 176, 169, 1, 1, 4.80374e+19
Pixel 176, 170, 1, 1, 4.80374e+19
=== 1875935 ===
--- pALPIDEfs_0 ---
Pixel 919, 11, 1, 1, 4.80374e+19
Pixel 920, 11, 1, 1, 4.80374e+19
Pixel 920, 12, 1, 1, 4.80374e+19
=== 1879162 ===
--- pALPIDEfs_0 ---
Pixel 1008, 102, 1, 1, 4.80374e+19
Pixel 1009, 102, 1, 1, 4.80374e+19
Pixel 1009, 103, 1, 1, 4.80374e+19
Pixel 1008, 103, 1, 1, 4.80374e+19
=== 1880807 ===
--- pALPIDEfs_0 ---
Pixel 375, 480, 1, 1, 4.80374e+19
Pixel 375, 481, 1, 1, 4.80374e+19
Pixel 376, 481, 1, 1, 4.80374e+19
=== 1883083 ===
--- pALPIDEfs_1 ---
Pixel 375, 52, 1, 1, 4.80374e+19
--- pALPIDEfs_2 ---
Pixel 363, 306, 1, 1, 4.80374e+19
Pixel 363, 307, 1, 1, 4.80374e+19
=== 1895753 ===
--- pALPIDEfs_5 ---
Pixel 205, 475, 1, 1, 4.80374e+19
Pixel 204, 475, 1, 1, 4.80374e+19
Pixel 205, 476, 1, 1, 4.80374e+19
Pixel 206, 476, 1, 1, 4.80374e+19
Pixel 220, 470, 1, 1, 4.80374e+19
Pixel 221, 470, 1, 1, 4.80374e+19
Pixel 221, 471, 1, 1, 4.80374e+19
Pixel 220, 471, 1, 1, 4.80374e+19
=== 1923344 ===
--- pALPIDEfs_1 ---
Pixel 922, 40, 1, 1, 4.80374e+19
Pixel 923, 40, 1, 1, 4.80374e+19
Pixel 923, 41, 1, 1, 4.80374e+19
=== 1958754 ===
--- pALPIDEfs_0 ---
Pixel 295, 47, 1, 1, 4.80374e+19
--- pALPIDEfs_1 ---
Pixel 135, 22, 1, 1, 4.80374e+19
=== 1959394 ===
--- pALPIDEfs_3 ---
Pixel 793, 47, 1, 1, 4.80374e+19
Pixel 792, 47, 1, 1, 4.80374e+19
Pixel 792, 48, 1, 1, 4.80374e+19
Pixel 793, 48, 1, 1, 4.80374e+19
=== 2015030 ===
--- pALPIDEfs_3 ---
Pixel 835, 346, 1, 1, 4.80374e+19
Pixel 835, 347, 1, 1, 4.80374e+19
Pixel 835, 348, 1, 1, 4.80374e+19
=== 2079701 ===
--- pALPIDEfs_4 ---
Pixel 536, 221, 1, 1, 4.80374e+19
Pixel 536, 222, 1, 1, 4.80374e+19
Pixel 537, 222, 1, 1, 4.80374e+19
=== 2085966 ===
--- pALPIDEfs_4 ---
Pixel 885, 450, 1, 1, 4.80374e+19
Pixel 885, 451, 1, 1, 4.80374e+19
Pixel 886, 451, 1, 1, 4.80374e+19
=== 2086161 ===
--- pALPIDEfs_1 ---
Pixel 564, 160, 1, 1, 4.80374e+19
Pixel 565, 160, 1, 1, 4.80374e+19
=== 2105885 ===
--- pALPIDEfs_4 ---
Pixel 964, 196, 1, 1, 4.80374e+19
Pixel 965, 196, 1, 1, 4.80374e+19
Pixel 965, 197, 1, 1, 4.80374e+19
Pixel 964, 197, 1, 1, 4.80374e+19
=== 2109747 ===
--- pALPIDEfs_0 ---
Pixel 629, 85, 1, 1, 4.80374e+19
Pixel 628, 86, 1, 1, 4.80374e+19
Pixel 629, 86, 1, 1, 4.80374e+19
Pixel 629, 87, 1, 1, 4.80374e+19
=== 2118360 ===
--- pALPIDEfs_1 ---
Pixel 383, 157, 1, 1, 4.80374e+19
Pixel 383, 158, 1, 1, 4.80374e+19
Pixel 384, 157, 1, 1, 4.80374e+19
Pixel 384, 158, 1, 1, 4.80374e+19
Pixel 384, 159, 1, 1, 4.80374e+19
=== 2135563 ===
--- pALPIDEfs_4 ---
Pixel 797, 6, 1, 1, 4.80374e+19
Pixel 797, 7, 1, 1, 4.80374e+19
Pixel 797, 8, 1, 1, 4.80374e+19
=== 2138935 ===
--- pALPIDEfs_3 ---
Pixel 112, 307, 1, 1, 4.80374e+19
Pixel 112, 308, 1, 1, 4.80374e+19
=== 2160967 ===
--- pALPIDEfs_1 ---
Pixel 872, 276, 1, 1, 4.80374e+19
=== 2165735 ===
--- pALPIDEfs_2 ---
Pixel 497, 273, 1, 1, 4.80374e+19
Pixel 498, 273, 1, 1, 4.80374e+19
=== 2170247 ===
--- pALPIDEfs_0 ---
Pixel 989, 57, 1, 1, 4.80374e+19
Pixel 988, 57, 1, 1, 4.80374e+19
Pixel 988, 58, 1, 1, 4.80374e+19
=== 2192127 ===
--- pALPIDEfs_4 ---
Pixel 421, 302, 1, 1, 4.80374e+19
Pixel 422, 302, 1, 1, 4.80374e+19
Pixel 423, 302, 1, 1, 4.80374e+19
Pixel 425, 301, 1, 1, 4.80374e+19
Pixel 424, 301, 1, 1, 4.80374e+19
Pixel 424, 302, 1, 1, 4.80374e+19
Pixel 425, 302, 1, 1, 4.80374e+19
Pixel 426, 301, 1, 1, 4.80374e+19
Pixel 426, 302, 1, 1, 4.80374e+19
=== 2195063 ===
--- pALPIDEfs_6 ---
Pixel 565, 409, 1, 1, 4.80374e+19
Pixel 564, 409, 1, 1, 4.80374e+19
Pixel 564, 410, 1, 1, 4.80374e+19
Pixel 565, 410, 1, 1, 4.80374e+19
=== 2202352 ===
--- pALPIDEfs_6 ---
Pixel 308, 26, 1, 1, 4.80374e+19
Pixel 309, 26, 1, 1, 4.80374e+19
Pixel 309, 27, 1, 1, 4.80374e+19
Pixel 308, 27, 1, 1, 4.80374e+19
=== 2211310 ===
--- pALPIDEfs_2 ---
Pixel 935, 67, 1, 1, 4.80374e+19
Pixel 935, 68, 1, 1, 4.80374e+19
Pixel 935, 69, 1, 1, 4.80374e+19
=== 2232550 ===
--- pALPIDEfs_0 ---
Pixel 633, 410, 1, 1, 4.80374e+19
=== 2240239 ===
--- pALPIDEfs_5 ---
Pixel 165, 171, 1, 1, 4.80374e+19
Pixel 165, 172, 1, 1, 4.80374e+19
=== 2244660 ===
--- pALPIDEfs_3 ---
Pixel 395, 299, 1, 1, 4.80374e+19
=== 2252345 ===
--- pALPIDEfs_3 ---
Pixel 887, 190, 1, 1, 4.80374e+19
Pixel 887, 191, 1, 1, 4.80374e+19
=== 2253016 ===
--- pALPIDEfs_3 ---
Pixel 771, 384, 1, 1, 4.80374e+19
Pixel 771, 385, 1, 1, 4.80374e+19
=== 2275217 ===
--- pALPIDEfs_4 ---
Pixel 773, 375, 1, 1, 4.80374e+19
Pixel 772, 375, 1, 1, 4.80374e+19
Pixel 772, 376, 1, 1, 4.80374e+19
Pixel 773, 376, 1, 1, 4.80374e+19
Pixel 773, 377, 1, 1, 4.80374e+19
Pixel 772, 377, 1, 1, 4.80374e+19
Pixel 774, 375, 1, 1, 4.80374e+19
=== 2277597 ===
--- pALPIDEfs_3 ---
Pixel 184, 328, 1, 1, 4.80374e+19
=== 2277977 ===
--- pALPIDEfs_0 ---
Pixel 279, 92, 1, 1, 4.80374e+19
Pixel 280, 91, 1, 1, 4.80374e+19
Pixel 280, 92, 1, 1, 4.80374e+19
=== 2284853 ===
--- pALPIDEfs_5 ---
Pixel 986, 506, 1, 1, 4.80374e+19
Pixel 987, 506, 1, 1, 4.80374e+19
Pixel 986, 507, 1, 1, 4.80374e+19
=== 2293474 ===
--- pALPIDEfs_0 ---
Pixel 764, 23, 1, 1, 4.80374e+19
=== 2316529 ===
--- pALPIDEfs_1 ---
Pixel 969, 427, 1, 1, 4.80374e+19
Pixel 969, 428, 1, 1, 4.80374e+19
Pixel 970, 428, 1, 1, 4.80374e+19
Pixel 970, 429, 1, 1, 4.80374e+19
Pixel 982, 453, 1, 1, 4.80374e+19
Pixel 982, 454, 1, 1, 4.80374e+19
=== 2320419 ===
--- pALPIDEfs_2 ---
Pixel 764, 195, 1, 1, 4.80374e+19
Pixel 764, 196, 1, 1, 4.80374e+19
Pixel 765, 196, 1, 1, 4.80374e+19
Pixel 765, 197, 1, 1, 4.80374e+19
=== 2333131 ===
--- pALPIDEfs_0 ---
Pixel 822, 294, 1, 1, 4.80374e+19
Pixel 823, 295, 1, 1, 4.80374e+19
Pixel 822, 295, 1, 1, 4.80374e+19
Pixel 823, 296, 1, 1, 4.80374e+19
Pixel 824, 295, 1, 1, 4.80374e+19
Pixel 824, 296, 1, 1, 4.80374e+19
=== 2335070 ===
--- pALPIDEfs_3 ---
Pixel 1002, 193, 1, 1, 4.80374e+19
Pixel 1002, 194, 1, 1, 4.80374e+19
Pixel 1002, 195, 1, 1, 4.80374e+19
=== 2353775 ===
--- pALPIDEfs_6 ---
Pixel 10, 297, 1, 1, 4.80374e+19
Pixel 10, 298, 1, 1, 4.80374e+19
=== 2358792 ===
--- pALPIDEfs_6 ---
Pixel 42, 176, 1, 1, 4.80374e+19
Pixel 43, 176, 1, 1, 4.80374e+19
Pixel 43, 177, 1, 1, 4.80374e+19
Pixel 42, 177, 1, 1, 4.80374e+19
Pixel 43, 178, 1, 1, 4.80374e+19
Pixel 44, 177, 1, 1, 4.80374e+19
Pixel 44, 178, 1, 1, 4.80374e+19
=== 2374131 ===
--- pALPIDEfs_6 ---
Pixel 63, 301, 1, 1, 4.80374e+19
Pixel 63, 302, 1, 1, 4.80374e+19
Pixel 64, 302, 1, 1, 4.80374e+19
=== 2380140 ===
--- pALPIDEfs_1 ---
Pixel 263, 58, 1, 1, 4.80374e+19
Pixel 264, 58, 1, 1, 4.80374e+19
=== 2391243 ===
--- pALPIDEfs_2 ---
Pixel 668, 158, 1, 1, 4.80374e+19
Pixel 668, 159, 1, 1, 4.80374e+19
=== 2422312 ===
--- pALPIDEfs_2 ---
Pixel 827, 332, 1, 1, 4.80374e+19
Pixel 827, 333, 1, 1, 4.80374e+19
Pixel 828, 333, 1, 1, 4.80374e+19
=== 2435975 ===
--- pALPIDEfs_5 ---
Pixel 51, 56, 1, 1, 4.80374e+19
Pixel 51, 57, 1, 1, 4.80374e+19
Pixel 52, 56, 1, 1, 4.80374e+19
=== 2441984 ===
--- pALPIDEfs_5 ---
Pixel 611, 251, 1, 1, 4.80374e+19
Pixel 611, 252, 1, 1, 4.80374e+19
Pixel 612, 251, 1, 1, 4.80374e+19
=== 2480407 ===
--- pALPIDEfs_2 ---
Pixel 588, 82, 1, 1, 4.80374e+19
=== 2480854 ===
--- pALPIDEfs_3 ---
Pixel 1015, 445, 1, 1, 4.80374e+19
Pixel 1014, 445, 1, 1, 4.80374e+19
Pixel 1014, 446, 1, 1, 4.80374e+19
=== 2482866 ===
--- pALPIDEfs_0 ---
Pixel 773, 339, 1, 1, 4.80374e+19
Pixel 773, 340, 1, 1, 4.80374e+19
Pixel 774, 339, 1, 1, 4.80374e+19
Pixel 774, 340, 1, 1, 4.80374e+19
=== 2500996 ===
--- pALPIDEfs_5 ---
Pixel 889, 254, 1, 1, 4.80374e+19
Pixel 889, 255, 1, 1, 4.80374e+19
Pixel 889, 256, 1, 1, 4.80374e+19
=== 2509256 ===
--- pALPIDEfs_6 ---
Pixel 267, 136, 1, 1, 4.80374e+19
Pixel 267, 137, 1, 1, 4.80374e+19
Pixel 268, 135, 1, 1, 4.80374e+19
Pixel 268, 136, 1, 1, 4.80374e+19
=== 2512679 ===
--- pALPIDEfs_5 ---
Pixel 388, 438, 1, 1, 4.80374e+19
Pixel 388, 439, 1, 1, 4.80374e+19
--- pALPIDEfs_6 ---
Pixel 617, 23, 1, 1, 4.80374e+19
Pixel 617, 24, 1, 1, 4.80374e+19
=== 2516637 ===
--- pALPIDEfs_1 ---
Pixel 171, 293, 1, 1, 4.80374e+19
Pixel 170, 293, 1, 1, 4.80374e+19
Pixel 170, 294, 1, 1, 4.80374e+19
--- pALPIDEfs_2 ---
Pixel 226, 402, 1, 1, 4.80374e+19
Pixel 227, 402, 1, 1, 4.80374e+19
Pixel 898, 32, 1, 1, 4.80374e+19
Pixel 899, 32, 1, 1, 4.80374e+19
Pixel 898, 33, 1, 1, 4.80374e+19
--- pALPIDEfs_3 ---
Pixel 649, 441, 1, 1, 4.80374e+19
Pixel 650, 441, 1, 1, 4.80374e+19
=== 2540088 ===
--- pALPIDEfs_0 ---
Pixel 255, 347, 1, 1, 4.80374e+19
Pixel 254, 347, 1, 1, 4.80374e+19
=== 2542093 ===
--- pALPIDEfs_0 ---
Pixel 755, 331, 1, 1, 4.80374e+19
Pixel 755, 332, 1, 1, 4.80374e+19
Pixel 756, 331, 1, 1, 4.80374e+19
Pixel 756, 332, 1, 1, 4.80374e+19
=== 2544057 ===
--- pALPIDEfs_5 ---
Pixel 493, 321, 1, 1, 4.80374e+19
Pixel 492, 321, 1, 1, 4.80374e+19
Pixel 492, 322, 1, 1, 4.80374e+19
=== 2547761 ===
--- pALPIDEfs_3 ---
Pixel 984, 196, 1, 1, 4.80374e+19
Pixel 985, 197, 1, 1, 4.80374e+19
Pixel 984, 197, 1, 1, 4.80374e+19
=== 2583026 ===
--- pALPIDEfs_6 ---
Pixel 901, 351, 1, 1, 4.80374e+19
Pixel 901, 352, 1, 1, 4.80374e+19
Pixel 902, 351, 1, 1, 4.80374e+19
Pixel 902, 352, 1, 1, 4.80374e+19
=== 2590776 ===
--- pALPIDEfs_1 ---
Pixel 36, 401, 1, 1, 4.80374e+19
Pixel 36, 402, 1, 1, 4.80374e+19
=== 2594703 ===
--- pALPIDEfs_3 ---
Pixel 173, 32, 1, 1, 4.80374e+19
=== 2594704 ===
--- pALPIDEfs_3 ---
Pixel 172, 32, 1, 1, 4.80374e+19
=== 2600649 ===
--- pALPIDEfs_6 ---
Pixel 444, 296, 1, 1, 4.80374e+19
=== 2601434 ===
--- pALPIDEfs_0 ---
Pixel 122, 254, 1, 1, 4.80374e+19
Pixel 123, 254, 1, 1, 4.80374e+19
=== 2602379 ===
--- pALPIDEfs_0 ---
Pixel 179, 485, 1, 1, 4.80374e+19
Pixel 180, 485, 1, 1, 4.80374e+19
=== 2635302 ===
--- pALPIDEfs_1 ---
Pixel 4, 60, 1, 1, 4.80374e+19
Pixel 4, 61, 1, 1, 4.80374e+19
Pixel 4, 62, 1, 1, 4.80374e+19
=== 2651756 ===
--- pALPIDEfs_1 ---
Pixel 767, 10, 1, 1, 4.80374e+19
Pixel 767, 11, 1, 1, 4.80374e+19
=== 2663703 ===
--- pALPIDEfs_4 ---
Pixel 823, 284, 1, 1, 4.80374e+19
Pixel 823, 285, 1, 1, 4.80374e+19
Pixel 824, 284, 1, 1, 4.80374e+19
Pixel 824, 285, 1, 1, 4.80374e+19
=== 2693256 ===
--- pALPIDEfs_6 ---
Pixel 79, 494, 1, 1, 4.80374e+19
Pixel 80, 493, 1, 1, 4.80374e+19
Pixel 80, 494, 1, 1, 4.80374e+19
Pixel 81, 494, 1, 1, 4.80374e+19
Pixel 82, 494, 1, 1, 4.80374e+19
Pixel 89, 494, 1, 1, 4.80374e+19
Pixel 89, 495, 1, 1, 4.80374e+19
=== 2722295 ===
--- pALPIDEfs_0 ---
Pixel 320, 135, 1, 1, 4.80374e+19
Pixel 320, 136, 1, 1, 4.80374e+19
--- pALPIDEfs_1 ---
Pixel 949, 110, 1, 1, 4.80374e+19
Pixel 950, 110, 1, 1, 4.80374e+19
=== 2755451 ===
--- pALPIDEfs_3 ---
Pixel 911, 477, 1, 1, 4.80374e+19
Pixel 911, 478, 1, 1, 4.80374e+19
=== 2759255 ===
--- pALPIDEfs_6 ---
Pixel 790, 450, 1, 1, 4.80374e+19
Pixel 790, 451, 1, 1, 4.80374e+19
=== 2759382 ===
--- pALPIDEfs_4 ---
Pixel 664, 112, 1, 1, 4.80374e+19
Pixel 665, 113, 1, 1, 4.80374e+19
Pixel 664, 113, 1, 1, 4.80374e+19
=== 2762484 ===
--- pALPIDEfs_2 ---
Pixel 1011, 469, 1, 1, 4.80374e+19
Pixel 1010, 469, 1, 1, 4.80374e+19
Pixel 1010, 470, 1, 1, 4.80374e+19
Pixel 1011, 470, 1, 1, 4.80374e+19
Pixel 1012, 468, 1, 1, 4.80374e+19
Pixel 1013, 468, 1, 1, 4.80374e+19
Pixel 1012, 469, 1, 1, 4.80374e+19
=== 2786542 ===
--- pALPIDEfs_5 ---
Pixel 793, 197, 1, 1, 4.80374e+19
Pixel 794, 197, 1, 1, 4.80374e+19
=== 2792066 ===
--- pALPIDEfs_1 ---
Pixel 107, 433, 1, 1, 4.80374e+19
Pixel 106, 433, 1, 1, 4.80374e+19
Pixel 109, 433, 1, 1, 4.80374e+19
Pixel 108, 433, 1, 1, 4.80374e+19
=== 2793573 ===
--- pALPIDEfs_3 ---
Pixel 597, 149, 1, 1, 4.80374e+19
Pixel 598, 149, 1, 1, 4.80374e+19
=== 2794844 ===
--- pALPIDEfs_6 ---
Pixel 432, 475, 1, 1, 4.80374e+19
Pixel 432, 476, 1, 1, 4.80374e+19
Pixel 453, 419, 1, 1, 4.80374e+19
Pixel 454, 418, 1, 1, 4.80374e+19
=== 2812268 ===
--- pALPIDEfs_4 ---
Pixel 767, 413, 1, 1, 4.80374e+19
Pixel 766, 413, 1, 1, 4.80374e+19
Pixel 767, 414, 1, 1, 4.80374e+19
Pixel 768, 413, 1, 1, 4.80374e+19
Pixel 768, 414, 1, 1, 4.80374e+19
--- pALPIDEfs_5 ---
Pixel 569, 270, 1, 1, 4.80374e+19
Pixel 569, 271, 1, 1, 4.80374e+19
Pixel 570, 270, 1, 1, 4.80374e+19
Pixel 570, 271, 1, 1, 4.80374e+19
=== 2835634 ===
--- pALPIDEfs_4 ---
Pixel 151, 159, 1, 1, 4.80374e+19
Pixel 151, 160, 1, 1, 4.80374e+19
=== 2837110 ===
--- pALPIDEfs_2 ---
Pixel 140, 130, 1, 1, 4.80374e+19
=== 2839135 ===
--- pALPIDEfs_2 ---
Pixel 204, 280, 1, 1, 4.80374e+19
Pixel 204, 281, 1, 1, 4.80374e+19
=== 2869749 ===
--- pALPIDEfs_0 ---
Pixel 346, 189, 1, 1, 4.80374e+19
--- pALPIDEfs_1 ---
Pixel 414, 78, 1, 1, 4.80374e+19
Pixel 415, 78, 1, 1, 4.80374e+19
Pixel 415, 79, 1, 1, 4.80374e+19
Pixel 414, 79, 1, 1, 4.80374e+19
Pixel 421, 243, 1, 1, 4.80374e+19
Pixel 421, 244, 1, 1, 4.80374e+19
=== 2876399 ===
--- pALPIDEfs_6 ---
Pixel 705, 400, 1, 1, 4.80374e+19
=== 2883368 ===
--- pALPIDEfs_4 ---
Pixel 669, 1, 1, 1, 4.80374e+19
Pixel 668, 1, 1, 1, 4.80374e+19
Pixel 668, 2, 1, 1, 4.80374e+19
Pixel 669, 2, 1, 1, 4.80374e+19
=== 2921903 ===
--- pALPIDEfs_2 ---
Pixel 682, 135, 1, 1, 4.80374e+19
Pixel 682, 136, 1, 1, 4.80374e+19
=== 2931566 ===
--- pALPIDEfs_2 ---
Pixel 673, 422, 1, 1, 4.80374e+19
Pixel 673, 423, 1, 1, 4.80374e+19
=== 2942801 ===
--- pALPIDEfs_4 ---
Pixel 732, 232, 1, 1, 4.80374e+19
Pixel 732, 233, 1, 1, 4.80374e+19
--- pALPIDEfs_5 ---
Pixel 280, 32, 1, 1, 4.80374e+19
Pixel 280, 33, 1, 1, 4.80374e+19
=== 2992972 ===
--- pALPIDEfs_0 ---
Pixel 927, 208, 1, 1, 4.80374e+19
=== 2999090 ===
--- pALPIDEfs_5 ---
Pixel 345, 466, 1, 1, 4.80374e+19
Pixel 345, 467, 1, 1, 4.80374e+19
Pixel 346, 466, 1, 1, 4.80374e+19
Pixel 346, 467, 1, 1, 4.80374e+19
Pixel 349, 467, 1, 1, 4.80374e+19
Pixel 349, 468, 1, 1, 4.80374e+19
Pixel 350, 467, 1, 1, 4.80374e+19
Pixel 350, 468, 1, 1, 4.80374e+19
=== 3003354 ===
--- pALPIDEfs_3 ---
Pixel 316, 132, 1, 1, 4.80374e+19
Pixel 317, 132, 1, 1, 4.80374e+19
Pixel 317, 133, 1, 1, 4.80374e+19
Pixel 316, 133, 1, 1, 4.80374e+19
Pixel 316, 134, 1, 1, 4.80374e+19
Pixel 317, 134, 1, 1, 4.80374e+19
Pixel 317, 135, 1, 1, 4.80374e+19
Pixel 317, 137, 1, 1, 4.80374e+19
Pixel 317, 138, 1, 1, 4.80374e+19
Pixel 318, 137, 1, 1, 4.80374e+19
Pixel 318, 138, 1, 1, 4.80374e+19
=== 3009618 ===
--- pALPIDEfs_5 ---
Pixel 95, 281, 1, 1, 4.80374e+19
Pixel 95, 282, 1, 1, 4.80374e+19
Pixel 96, 281, 1, 1, 4.80374e+19
Pixel 96, 282, 1, 1, 4.80374e+19
=== 3024751 ===
--- pALPIDEfs_0 ---
Pixel 169, 311, 1, 1, 4.80374e+19
Pixel 168, 311, 1, 1, 4.80374e+19
Pixel 168, 312, 1, 1, 4.80374e+19
Pixel 169, 312, 1, 1, 4.80374e+19
=== 3024752 ===
--- pALPIDEfs_0 ---
Pixel 169, 311, 1, 1, 4.80374e+19
Pixel 168, 311, 1, 1, 4.80374e+19
Pixel 168, 312, 1, 1, 4.80374e+19
Pixel 169, 312, 1, 1, 4.80374e+19
=== 3076768 ===
--- pALPIDEfs_6 ---
Pixel 859, 271, 1, 1, 4.80374e+19
Pixel 860, 271, 1, 1, 4.80374e+19
Pixel 860, 272, 1, 1, 4.80374e+19
Pixel 861, 272, 1, 1, 4.80374e+19
Pixel 862, 272, 1, 1, 4.80374e+19
Pixel 862, 273, 1, 1, 4.80374e+19
=== 3081522 ===
--- pALPIDEfs_6 ---
Pixel 407, 384, 1, 1, 4.80374e+19
Pixel 407, 385, 1, 1, 4.80374e+19
Pixel 408, 384, 1, 1, 4.80374e+19
Pixel 408, 385, 1, 1, 4.80374e+19
Pixel 408, 386, 1, 1, 4.80374e+19
Pixel 409, 386, 1, 1, 4.80374e+19
Pixel 409, 387, 1, 1, 4.80374e+19
Pixel 409, 388, 1, 1, 4.80374e+19
Pixel 410, 388, 1, 1, 4.80374e+19
Pixel 410, 389, 1, 1, 4.80374e+19
=== 3084958 ===
--- pALPIDEfs_3 ---
Pixel 333, 1, 1, 1, 4.80374e+19
Pixel 332, 1, 1, 1, 4.80374e+19
Pixel 332, 2, 1, 1, 4.80374e+19
Pixel 333, 2, 1, 1, 4.80374e+19
=== 3092115 ===
--- pALPIDEfs_2 ---
Pixel 835, 215, 1, 1, 4.80374e+19
Pixel 835, 216, 1, 1, 4.80374e+19
Pixel 836, 216, 1, 1, 4.80374e+19
=== 3093523 ===
--- pALPIDEfs_3 ---
Pixel 103, 409, 1, 1, 4.80374e+19
Pixel 102, 409, 1, 1, 4.80374e+19
--- pALPIDEfs_4 ---
Pixel 119, 176, 1, 1, 4.80374e+19
--- pALPIDEfs_5 ---
Pixel 111, 216, 1, 1, 4.80374e+19
Pixel 112, 216, 1, 1, 4.80374e+19
--- pALPIDEfs_6 ---
Pixel 1, 183, 1, 1, 4.80374e+19
Pixel 2, 183, 1, 1, 4.80374e+19
=== 3103941 ===
--- pALPIDEfs_2 ---
Pixel 458, 72, 1, 1, 4.80374e+19
Pixel 459, 72, 1, 1, 4.80374e+19
Pixel 460, 71, 1, 1, 4.80374e+19
Pixel 460, 72, 1, 1, 4.80374e+19
=== 3114349 ===
--- pALPIDEfs_4 ---
Pixel 768, 454, 1, 1, 4.80374e+19
=== 3128111 ===
--- pALPIDEfs_6 ---
Pixel 850, 408, 1, 1, 4.80374e+19
Pixel 851, 408, 1, 1, 4.80374e+19
Pixel 851, 409, 1, 1, 4.80374e+19
Pixel 852, 409, 1, 1, 4.80374e+19
=== 3132319 ===
--- pALPIDEfs_1 ---
Pixel 8, 254, 1, 1, 4.80374e+19
--- pALPIDEfs_2 ---
Pixel 467, 107, 1, 1, 4.80374e+19
Pixel 466, 107, 1, 1, 4.80374e+19
--- pALPIDEfs_3 ---
Pixel 927, 26, 1, 1, 4.80374e+19
Pixel 927, 27, 1, 1, 4.80374e+19
Pixel 928, 26, 1, 1, 4.80374e+19
Pixel 928, 27, 1, 1, 4.80374e+19
=== 3141683 ===
--- pALPIDEfs_2 ---
Pixel 884, 324, 1, 1, 4.80374e+19
Pixel 884, 325, 1, 1, 4.80374e+19
--- pALPIDEfs_3 ---
Pixel 851, 30, 1, 1, 4.80374e+19
=== 3143702 ===
--- pALPIDEfs_5 ---
Pixel 326, 38, 1, 1, 4.80374e+19
--- pALPIDEfs_6 ---
Pixel 413, 41, 1, 1, 4.80374e+19
Pixel 412, 41, 1, 1, 4.80374e+19
=== 3147121 ===
--- pALPIDEfs_3 ---
Pixel 122, 45, 1, 1, 4.80374e+19
Pixel 122, 46, 1, 1, 4.80374e+19
Pixel 123, 46, 1, 1, 4.80374e+19
=== 3151587 ===
--- pALPIDEfs_2 ---
Pixel 384, 184, 1, 1, 4.80374e+19
Pixel 384, 185, 1, 1, 4.80374e+19
=== 3151735 ===
--- pALPIDEfs_1 ---
Pixel 25, 113, 1, 1, 4.80374e+19
Pixel 25, 114, 1, 1, 4.80374e+19
Pixel 26, 114, 1, 1, 4.80374e+19
=== 3167831 ===
--- pALPIDEfs_1 ---
Pixel 651, 355, 1, 1, 4.80374e+19
Pixel 651, 356, 1, 1, 4.80374e+19
=== 3196389 ===
--- pALPIDEfs_2 ---
Pixel 1023, 131, 1, 1, 4.80374e+19
Pixel 1022, 131, 1, 1, 4.80374e+19
Pixel 1022, 132, 1, 1, 4.80374e+19
=== 3196390 ===
--- pALPIDEfs_2 ---
Pixel 1022, 131, 1, 1, 4.80374e+19
Pixel 1022, 132, 1, 1, 4.80374e+19
=== 3199649 ===
--- pALPIDEfs_2 ---
Pixel 17, 452, 1, 1, 4.80374e+19
=== 3216728 ===
--- pALPIDEfs_1 ---
Pixel 802, 291, 1, 1, 4.80374e+19
=== 3218294 ===
--- pALPIDEfs_4 ---
Pixel 291, 323, 1, 1, 4.80374e+19
Pixel 291, 324, 1, 1, 4.80374e+19
Pixel 292, 323, 1, 1, 4.80374e+19
Pixel 292, 324, 1, 1, 4.80374e+19
=== 3227720 ===
--- pALPIDEfs_2 ---
Pixel 1003, 198, 1, 1, 4.80374e+19
Pixel 1003, 199, 1, 1, 4.80374e+19
Pixel 1004, 198, 1, 1, 4.80374e+19
Pixel 1005, 198, 1, 1, 4.80374e+19
Pixel 1004, 199, 1, 1, 4.80374e+19
=== 3233654 ===
--- pALPIDEfs_6 ---
Pixel 71, 448, 1, 1, 4.80374e+19
Pixel 72, 448, 1, 1, 4.80374e+19
=== 3251629 ===
--- pALPIDEfs_1 ---
Pixel 177, 240, 1, 1, 4.80374e+19
Pixel 177, 242, 1, 1, 4.80374e+19
Pixel 178, 240, 1, 1, 4.80374e+19
Pixel 178, 242, 1, 1, 4.80374e+19
Pixel 178, 243, 1, 1, 4.80374e+19
=== 3266519 ===
--- pALPIDEfs_4 ---
Pixel 71, 349, 1, 1, 4.80374e+19
Pixel 70, 350, 1, 1, 4.80374e+19
Pixel 71, 350, 1, 1, 4.80374e+19
Pixel 72, 349, 1, 1, 4.80374e+19
Pixel 72, 350, 1, 1, 4.80374e+19
=== 3290593 ===
--- pALPIDEfs_6 ---
Pixel 367, 244, 1, 1, 4.80374e+19
Pixel 367, 245, 1, 1, 4.80374e+19
Pixel 366, 245, 1, 1, 4.80374e+19
=== 3298298 ===
--- pALPIDEfs_1 ---
Pixel 165, 453, 1, 1, 4.80374e+19
Pixel 164, 454, 1, 1, 4.80374e+19
Pixel 165, 454, 1, 1, 4.80374e+19
Pixel 165, 455, 1, 1, 4.80374e+19
Pixel 164, 455, 1, 1, 4.80374e+19
=== 3299974 ===
--- pALPIDEfs_6 ---
Pixel 318, 463, 1, 1, 4.80374e+19
Pixel 318, 464, 1, 1, 4.80374e+19
=== 3301351 ===
--- pALPIDEfs_5 ---
Pixel 606, 68, 1, 1, 4.80374e+19
Pixel 606, 69, 1, 1, 4.80374e+19
--- pALPIDEfs_6 ---
Pixel 889, 223, 1, 1, 4.80374e+19
Pixel 890, 223, 1, 1, 4.80374e+19
Pixel 890, 224, 1, 1, 4.80374e+19
=== 3306005 ===
--- pALPIDEfs_1 ---
Pixel 82, 455, 1, 1, 4.80374e+19
--- pALPIDEfs_2 ---
Pixel 227, 478, 1, 1, 4.80374e+19
Pixel 227, 479, 1, 1, 4.80374e+19
Pixel 228, 479, 1, 1, 4.80374e+19
=== 3318661 ===
--- pALPIDEfs_0 ---
Pixel 38, 263, 1, 1, 4.80374e+19
--- pALPIDEfs_1 ---
Pixel 532, 222, 1, 1, 4.80374e+19
=== 3342279 ===
--- pALPIDEfs_5 ---
Pixel 529, 406, 1, 1, 4.80374e+19
Pixel 529, 407, 1, 1, 4.80374e+19
Pixel 528, 407, 1, 1, 4.80374e+19
Pixel 528, 408, 1, 1, 4.80374e+19
Pixel 530, 406, 1, 1, 4.80374e+19
Pixel 530, 407, 1, 1, 4.80374e+19
=== 3342780 ===
--- pALPIDEfs_2 ---
Pixel 623, 202, 1, 1, 4.80374e+19
--- pALPIDEfs_3 ---
Pixel 501, 300, 1, 1, 4.80374e+19
Pixel 501, 301, 1, 1, 4.80374e+19
Pixel 502, 300, 1, 1, 4.80374e+19
Pixel 502, 301, 1, 1, 4.80374e+19
--- pALPIDEfs_4 ---
Pixel 753, 221, 1, 1, 4.80374e+19
Pixel 754, 221, 1, 1, 4.80374e+19
=== 3360568 ===
--- pALPIDEfs_4 ---
Pixel 731, 167, 1, 1, 4.80374e+19
Pixel 731, 168, 1, 1, 4.80374e+19
Pixel 732, 167, 1, 1, 4.80374e+19
Pixel 732, 168, 1, 1, 4.80374e+19
=== 3374960 ===
--- pALPIDEfs_4 ---
Pixel 467, 170, 1, 1, 4.80374e+19
Pixel 467, 171, 1, 1, 4.80374e+19
Pixel 469, 171, 1, 1, 4.80374e+19
Pixel 468, 171, 1, 1, 4.80374e+19
Pixel 468, 172, 1, 1, 4.80374e+19
Pixel 469, 172, 1, 1, 4.80374e+19
Pixel 469, 173, 1, 1, 4.80374e+19
Pixel 470, 172, 1, 1, 4.80374e+19
Pixel 471, 173, 1, 1, 4.80374e+19
Pixel 470, 173, 1, 1, 4.80374e+19
Pixel 470, 174, 1, 1, 4.80374e+19
Pixel 471, 174, 1, 1, 4.80374e+19
Pixel 471, 175, 1, 1, 4.80374e+19
=== 3377183 ===
--- pALPIDEfs_6 ---
Pixel 170, 352, 1, 1, 4.80374e+19
Pixel 171, 352, 1, 1, 4.80374e+19
=== 3379540 ===
--- pALPIDEfs_6 ---
Pixel 273, 461, 1, 1, 4.80374e+19
Pixel 274, 461, 1, 1, 4.80374e+19
=== 3399978 ===
--- pALPIDEfs_3 ---
Pixel 158, 120, 1, 1, 4.80374e+19
Pixel 158, 121, 1, 1, 4.80374e+19
--- pALPIDEfs_4 ---
Pixel 601, 346, 1, 1, 4.80374e+19
Pixel 602, 346, 1, 1, 4.80374e+19
Pixel 602, 347, 1, 1, 4.80374e+19
=== 3400436 ===
--- pALPIDEfs_0 ---
Pixel 667, 201, 1, 1, 4.80374e+19
Pixel 667, 202, 1, 1, 4.80374e+19
=== 3412950 ===
--- pALPIDEfs_6 ---
Pixel 446, 318, 1, 1, 4.80374e+19
=== 3424766 ===
--- pALPIDEfs_0 ---
Pixel 381, 222, 1, 1, 4.80374e+19
Pixel 381, 223, 1, 1, 4.80374e+19
Pixel 382, 222, 1, 1, 4.80374e+19
=== 3436956 ===
--- pALPIDEfs_4 ---
Pixel 502, 290, 1, 1, 4.80374e+19
Pixel 502, 291, 1, 1, 4.80374e+19
--- pALPIDEfs_5 ---
Pixel 232, 308, 1, 1, 4.80374e+19
Pixel 233, 309, 1, 1, 4.80374e+19
Pixel 232, 309, 1, 1, 4.80374e+19
--- pALPIDEfs_6 ---
Pixel 2, 219, 1, 1, 4.80374e+19
=== 3450398 ===
--- pALPIDEfs_1 ---
Pixel 591, 73, 1, 1, 4.80374e+19
--- pALPIDEfs_2 ---
Pixel 567, 101, 1, 1, 4.80374e+19
Pixel 567, 102, 1, 1, 4.80374e+19
--- pALPIDEfs_3 ---
Pixel 544, 200, 1, 1, 4.80374e+19
Pixel 545, 200, 1, 1, 4.80374e+19
Pixel 545, 201, 1, 1, 4.80374e+19
Pixel 544, 201, 1, 1, 4.80374e+19
--- pALPIDEfs_4 ---
Pixel 544, 287, 1, 1, 4.80374e+19
--- pALPIDEfs_5 ---
Pixel 515, 417, 1, 1, 4.80374e+19
Pixel 515, 418, 1, 1, 4.80374e+19
--- pALPIDEfs_6 ---
Pixel 538, 493, 1, 1, 4.80374e+19
=== 3469383 ===
--- pALPIDEfs_0 ---
Pixel 546, 150, 1, 1, 4.80374e+19
--- pALPIDEfs_1 ---
Pixel 807, 463, 1, 1, 4.80374e+19
=== 3479545 ===
--- pALPIDEfs_3 ---
Pixel 551, 69, 1, 1, 4.80374e+19
Pixel 551, 70, 1, 1, 4.80374e+19
Pixel 552, 69, 1, 1, 4.80374e+19
--- pALPIDEfs_4 ---
Pixel 110, 349, 1, 1, 4.80374e+19
Pixel 110, 350, 1, 1, 4.80374e+19
=== 3480417 ===
--- pALPIDEfs_5 ---
Pixel 78, 102, 1, 1, 4.80374e+19
Pixel 79, 102, 1, 1, 4.80374e+19
--- pALPIDEfs_6 ---
Pixel 377, 336, 1, 1, 4.80374e+19
=== 3487827 ===
--- pALPIDEfs_5 ---
Pixel 647, 444, 1, 1, 4.80374e+19
Pixel 648, 444, 1, 1, 4.80374e+19
=== 3496091 ===
--- pALPIDEfs_0 ---
Pixel 525, 151, 1, 1, 4.80374e+19
Pixel 524, 152, 1, 1, 4.80374e+19
Pixel 525, 152, 1, 1, 4.80374e+19
Pixel 525, 153, 1, 1, 4.80374e+19
Pixel 524, 153, 1, 1, 4.80374e+19
Pixel 526, 152, 1, 1, 4.80374e+19
=== 3501779 ===
--- pALPIDEfs_5 ---
Pixel 640, 112, 1, 1, 4.80374e+19
Pixel 641, 113, 1, 1, 4.80374e+19
Pixel 640, 113, 1, 1, 4.80374e+19
=== 3503785 ===
--- pALPIDEfs_6 ---
Pixel 737, 354, 1, 1, 4.80374e+19
Pixel 738, 353, 1, 1, 4.80374e+19
Pixel 738, 354, 1, 1, 4.80374e+19
=== 3515853 ===
--- pALPIDEfs_6 ---
Pixel 641, 364, 1, 1, 4.80374e+19
=== 3533678 ===
--- pALPIDEfs_6 ---
Pixel 215, 108, 1, 1, 4.80374e+19
Pixel 215, 109, 1, 1, 4.80374e+19
=== 3534535 ===
--- pALPIDEfs_6 ---
Pixel 953, 35, 1, 1, 4.80374e+19
Pixel 953, 36, 1, 1, 4.80374e+19
Pixel 954, 36, 1, 1, 4.80374e+19
Pixel 954, 37, 1, 1, 4.80374e+19
=== 3535441 ===
--- pALPIDEfs_2 ---
Pixel 271, 177, 1, 1, 4.80374e+19
Pixel 271, 178, 1, 1, 4.80374e+19
Pixel 273, 173, 1, 1, 4.80374e+19
Pixel 273, 174, 1, 1, 4.80374e+19
Pixel 273, 175, 1, 1, 4.80374e+19
Pixel 272, 176, 1, 1, 4.80374e+19
Pixel 273, 176, 1, 1, 4.80374e+19
Pixel 273, 177, 1, 1, 4.80374e+19
Pixel 272, 177, 1, 1, 4.80374e+19
Pixel 272, 178, 1, 1, 4.80374e+19
Pixel 273, 178, 1, 1, 4.80374e+19
Pixel 274, 173, 1, 1, 4.80374e+19
Pixel 274, 174, 1, 1, 4.80374e+19
=== 3556518 ===
--- pALPIDEfs_2 ---
Pixel 598, 140, 1, 1, 4.80374e+19
Pixel 598, 141, 1, 1, 4.80374e+19
=== 3582405 ===
--- pALPIDEfs_0 ---
Pixel 247, 125, 1, 1, 4.80374e+19
=== 3586478 ===
--- pALPIDEfs_4 ---
Pixel 1013, 444, 1, 1, 4.80374e+19
Pixel 1014, 444, 1, 1, 4.80374e+19
Pixel 1015, 444, 1, 1, 4.80374e+19
Pixel 1015, 445, 1, 1, 4.80374e+19
Pixel 1014, 445, 1, 1, 4.80374e+19
Pixel 1016, 444, 1, 1, 4.80374e+19
Pixel 1017, 445, 1, 1, 4.80374e+19
Pixel 1016, 445, 1, 1, 4.80374e+19
=== 3588753 ===
--- pALPIDEfs_2 ---
Pixel 479, 504, 1, 1, 4.80374e+19
Pixel 479, 505, 1, 1, 4.80374e+19
Pixel 480, 505, 1, 1, 4.80374e+19
=== 3609932 ===
--- pALPIDEfs_6 ---
Pixel 195, 11, 1, 1, 4.80374e+19
Pixel 196, 8, 1, 1, 4.80374e+19
Pixel 196, 9, 1, 1, 4.80374e+19
Pixel 196, 10, 1, 1, 4.80374e+19
Pixel 196, 11, 1, 1, 4.80374e+19
=== 3620530 ===
--- pALPIDEfs_1 ---
Pixel 575, 495, 1, 1, 4.80374e+19
Pixel 574, 496, 1, 1, 4.80374e+19
Pixel 575, 496, 1, 1, 4.80374e+19
Pixel 577, 495, 1, 1, 4.80374e+19
Pixel 576, 495, 1, 1, 4.80374e+19
=== 3626832 ===
--- pALPIDEfs_3 ---
Pixel 797, 458, 1, 1, 4.80374e+19
Pixel 798, 458, 1, 1, 4.80374e+19
=== 3643029 ===
--- pALPIDEfs_5 ---
Pixel 232, 346, 1, 1, 4.80374e+19
Pixel 233, 346, 1, 1, 4.80374e+19
=== 3643620 ===
--- pALPIDEfs_1 ---
Pixel 896, 382, 1, 1, 4.80374e+19
Pixel 896, 383, 1, 1, 4.80374e+19
Pixel 896, 384, 1, 1, 4.80374e+19
=== 3646595 ===
--- pALPIDEfs_4 ---
Pixel 326, 265, 1, 1, 4.80374e+19
Pixel 326, 266, 1, 1, 4.80374e+19
=== 3664158 ===
--- pALPIDEfs_6 ---
Pixel 641, 65, 1, 1, 4.80374e+19
Pixel 642, 65, 1, 1, 4.80374e+19
=== 3665196 ===
--- pALPIDEfs_2 ---
Pixel 219, 1, 1, 1, 4.80374e+19
Pixel 219, 2, 1, 1, 4.80374e+19
Pixel 220, 2, 1, 1, 4.80374e+19
=== 3680739 ===
--- pALPIDEfs_3 ---
Pixel 971, 385, 1, 1, 4.80374e+19
Pixel 971, 386, 1, 1, 4.80374e+19
=== 3705797 ===
--- pALPIDEfs_0 ---
Pixel 616, 332, 1, 1, 4.80374e+19
=== 3707960 ===
--- pALPIDEfs_2 ---
Pixel 162, 239, 1, 1, 4.80374e+19
=== 3715850 ===
--- pALPIDEfs_4 ---
Pixel 835, 390, 1, 1, 4.80374e+19
Pixel 835, 391, 1, 1, 4.80374e+19
Pixel 835, 392, 1, 1, 4.80374e+19
Pixel 835, 393, 1, 1, 4.80374e+19
Pixel 836, 390, 1, 1, 4.80374e+19
Pixel 836, 391, 1, 1, 4.80374e+19
Pixel 836, 392, 1, 1, 4.80374e+19
Pixel 839, 391, 1, 1, 4.80374e+19
Pixel 838, 391, 1, 1, 4.80374e+19
Pixel 838, 392, 1, 1, 4.80374e+19
Pixel 839, 392, 1, 1, 4.80374e+19
=== 3730697 ===
--- pALPIDEfs_0 ---
Pixel 220, 275, 1, 1, 4.80374e+19
=== 3731136 ===
--- pALPIDEfs_5 ---
Pixel 626, 490, 1, 1, 4.80374e+19
Pixel 627, 490, 1, 1, 4.80374e+19
Pixel 627, 491, 1, 1, 4.80374e+19
Pixel 811, 15, 1, 1, 4.80374e+19
Pixel 811, 16, 1, 1, 4.80374e+19
Pixel 812, 15, 1, 1, 4.80374e+19
Pixel 812, 16, 1, 1, 4.80374e+19
=== 3734074 ===
--- pALPIDEfs_3 ---
Pixel 492, 66, 1, 1, 4.80374e+19
Pixel 492, 67, 1, 1, 4.80374e+19
--- pALPIDEfs_4 ---
Pixel 79, 168, 1, 1, 4.80374e+19
Pixel 80, 167, 1, 1, 4.80374e+19
Pixel 80, 168, 1, 1, 4.80374e+19
=== 3738286 ===
--- pALPIDEfs_6 ---
Pixel 865, 335, 1, 1, 4.80374e+19
Pixel 865, 336, 1, 1, 4.80374e+19
Pixel 866, 335, 1, 1, 4.80374e+19
=== 3742661 ===
--- pALPIDEfs_0 ---
Pixel 485, 370, 1, 1, 4.80374e+19
Pixel 485, 371, 1, 1, 4.80374e+19
Pixel 487, 368, 1, 1, 4.80374e+19
Pixel 487, 369, 1, 1, 4.80374e+19
Pixel 486, 369, 1, 1, 4.80374e+19
Pixel 486, 370, 1, 1, 4.80374e+19
Pixel 487, 370, 1, 1, 4.80374e+19
Pixel 486, 371, 1, 1, 4.80374e+19
=== 3764793 ===
--- pALPIDEfs_3 ---
Pixel 793, 325, 1, 1, 4.80374e+19
Pixel 792, 325, 1, 1, 4.80374e+19
Pixel 792, 326, 1, 1, 4.80374e+19
=== 3769233 ===
--- pALPIDEfs_6 ---
Pixel 187, 506, 1, 1, 4.80374e+19
Pixel 188, 506, 1, 1, 4.80374e+19
=== 3816334 ===
--- pALPIDEfs_2 ---
Pixel 278, 383, 1, 1, 4.80374e+19
Pixel 278, 384, 1, 1, 4.80374e+19
=== 3843630 ===
--- pALPIDEfs_5 ---
Pixel 772, 160, 1, 1, 4.80374e+19
Pixel 772, 161, 1, 1, 4.80374e+19
=== 3846284 ===
--- pALPIDEfs_2 ---
Pixel 551, 136, 1, 1, 4.80374e+19
Pixel 551, 137, 1, 1, 4.80374e+19
Pixel 551, 138, 1, 1, 4.80374e+19
Pixel 552, 136, 1, 1, 4.80374e+19
Pixel 552, 137, 1, 1, 4.80374e+19
Pixel 552, 138, 1, 1, 4.80374e+19
=== 3863845 ===
--- pALPIDEfs_5 ---
Pixel 53, 132, 1, 1, 4.80374e+19
Pixel 54, 132, 1, 1, 4.80374e+19
Pixel 55, 132, 1, 1, 4.80374e+19
Pixel 58, 134, 1, 1, 4.80374e+19
Pixel 59, 134, 1, 1, 4.80374e+19
Pixel 59, 135, 1, 1, 4.80374e+19
Pixel 59, 136, 1, 1, 4.80374e+19
Pixel 60, 135, 1, 1, 4.80374e+19
Pixel 60, 136, 1, 1, 4.80374e+19
Pixel 61, 137, 1, 1, 4.80374e+19
Pixel 60, 137, 1, 1, 4.80374e+19
Pixel 61, 138, 1, 1, 4.80374e+19
Pixel 61, 139, 1, 1, 4.80374e+19
Pixel 61, 140, 1, 1, 4.80374e+19
Pixel 61, 141, 1, 1, 4.80374e+19
Pixel 62, 139, 1, 1, 4.80374e+19
Pixel 62, 140, 1, 1, 4.80374e+19
Pixel 63, 140, 1, 1, 4.80374e+19
Pixel 62, 141, 1, 1, 4.80374e+19
=== 3873081 ===
--- pALPIDEfs_6 ---
Pixel 895, 324, 1, 1, 4.80374e+19
Pixel 895, 325, 1, 1, 4.80374e+19
Pixel 896, 324, 1, 1, 4.80374e+19
Pixel 896, 325, 1, 1, 4.80374e+19
=== 3887592 ===
--- pALPIDEfs_3 ---
Pixel 522, 122, 1, 1, 4.80374e+19
Pixel 523, 123, 1, 1, 4.80374e+19
Pixel 522, 123, 1, 1, 4.80374e+19
=== 3892293 ===
--- pALPIDEfs_0 ---
Pixel 52, 197, 1, 1, 4.80374e+19
=== 3907348 ===
--- pALPIDEfs_2 ---
Pixel 181, 479, 1, 1, 4.80374e+19
Pixel 180, 479, 1, 1, 4.80374e+19
Pixel 180, 480, 1, 1, 4.80374e+19
Pixel 181, 480, 1, 1, 4.80374e+19
Pixel 181, 481, 1, 1, 4.80374e+19
Pixel 180, 481, 1, 1, 4.80374e+19
=== 3950655 ===
--- pALPIDEfs_3 ---
Pixel 1001, 269, 1, 1, 4.80374e+19
Pixel 1001, 270, 1, 1, 4.80374e+19
Pixel 1002, 269, 1, 1, 4.80374e+19
Pixel 1002, 270, 1, 1, 4.80374e+19
=== 3964701 ===
--- pALPIDEfs_1 ---
Pixel 437, 470, 1, 1, 4.80374e+19
Pixel 437, 471, 1, 1, 4.80374e+19
Pixel 438, 471, 1, 1, 4.80374e+19
=== 3965351 ===
--- pALPIDEfs_5 ---
Pixel 360, 466, 1, 1, 4.80374e+19
Pixel 360, 467, 1, 1, 4.80374e+19
--- pALPIDEfs_6 ---
Pixel 744, 94, 1, 1, 4.80374e+19
Pixel 744, 95, 1, 1, 4.80374e+19
=== 4016301 ===
--- pALPIDEfs_2 ---
Pixel 27, 450, 1, 1, 4.80374e+19
Pixel 27, 451, 1, 1, 4.80374e+19
=== 4021827 ===
--- pALPIDEfs_5 ---
Pixel 306, 195, 1, 1, 4.80374e+19
Pixel 306, 196, 1, 1, 4.80374e+19
Pixel 307, 196, 1, 1, 4.80374e+19
Pixel 661, 451, 1, 1, 4.80374e+19
Pixel 661, 452, 1, 1, 4.80374e+19
Pixel 662, 451, 1, 1, 4.80374e+19
Pixel 662, 452, 1, 1, 4.80374e+19
=== 4022764 ===
--- pALPIDEfs_5 ---
Pixel 379, 437, 1, 1, 4.80374e+19
Pixel 379, 438, 1, 1, 4.80374e+19
--- pALPIDEfs_6 ---
Pixel 291, 267, 1, 1, 4.80374e+19
=== 4024652 ===
--- pALPIDEfs_0 ---
Pixel 839, 39, 1, 1, 4.80374e+19
=== 4024653 ===
--- pALPIDEfs_0 ---
Pixel 839, 38, 1, 1, 4.80374e+19
Pixel 838, 39, 1, 1, 4.80374e+19
Pixel 839, 40, 1, 1, 4.80374e+19
Pixel 840, 39, 1, 1, 4.80374e+19
Pixel 840, 40, 1, 1, 4.80374e+19
=== 4027540 ===
--- pALPIDEfs_0 ---
Pixel 394, 430, 1, 1, 4.80374e+19
=== 4048464 ===
--- pALPIDEfs_2 ---
Pixel 752, 236, 1, 1, 4.80374e+19
Pixel 753, 236, 1, 1, 4.80374e+19
Pixel 753, 237, 1, 1, 4.80374e+19
Pixel 752, 237, 1, 1, 4.80374e+19
Pixel 754, 237, 1, 1, 4.80374e+19
=== 4050649 ===
--- pALPIDEfs_4 ---
Pixel 955, 454, 1, 1, 4.80374e+19
Pixel 955, 455, 1, 1, 4.80374e+19
=== 4051826 ===
--- pALPIDEfs_3 ---
Pixel 573, 84, 1, 1, 4.80374e+19
Pixel 573, 85, 1, 1, 4.80374e+19
Pixel 572, 85, 1, 1, 4.80374e+19
Pixel 572, 86, 1, 1, 4.80374e+19
Pixel 573, 86, 1, 1, 4.80374e+19
Pixel 574, 84, 1, 1, 4.80374e+19
Pixel 574, 85, 1, 1, 4.80374e+19
=== 4057312 ===
--- pALPIDEfs_4 ---
Pixel 176, 61, 1, 1, 4.80374e+19
Pixel 176, 62, 1, 1, 4.80374e+19
--- pALPIDEfs_5 ---
Pixel 456, 64, 1, 1, 4.80374e+19
Pixel 457, 64, 1, 1, 4.80374e+19
Pixel 456, 65, 1, 1, 4.80374e+19
--- pALPIDEfs_6 ---
Pixel 688, 234, 1, 1, 4.80374e+19
=== 4058805 ===
--- pALPIDEfs_2 ---
Pixel 812, 188, 1, 1, 4.80374e+19
Pixel 812, 189, 1, 1, 4.80374e+19
Pixel 812, 190, 1, 1, 4.80374e+19
=== 4065072 ===
--- pALPIDEfs_1 ---
Pixel 676, 217, 1, 1, 4.80374e+19
=== 4068250 ===
--- pALPIDEfs_4 ---
Pixel 734, 243, 1, 1, 4.80374e+19
Pixel 734, 244, 1, 1, 4.80374e+19
Pixel 735, 244, 1, 1, 4.80374e+19
Pixel 734, 245, 1, 1, 4.80374e+19
=== 4073414 ===
--- pALPIDEfs_5 ---
Pixel 595, 129, 1, 1, 4.80374e+19
Pixel 596, 129, 1, 1, 4.80374e+19
=== 4080876 ===
--- pALPIDEfs_0 ---
Pixel 327, 442, 1, 1, 4.80374e+19
Pixel 329, 441, 1, 1, 4.80374e+19
Pixel 328, 441, 1, 1, 4.80374e+19
Pixel 328, 442, 1, 1, 4.80374e+19
Pixel 329, 442, 1, 1, 4.80374e+19
Pixel 331, 441, 1, 1, 4.80374e+19
Pixel 330, 441, 1, 1, 4.80374e+19
Pixel 330, 442, 1, 1, 4.80374e+19
Pixel 331, 442, 1, 1, 4.80374e+19
=== 4087585 ===
--- pALPIDEfs_5 ---
Pixel 797, 93, 1, 1, 4.80374e+19
Pixel 797, 94, 1, 1, 4.80374e+19
Pixel 798, 94, 1, 1, 4.80374e+19
=== 4088475 ===
--- pALPIDEfs_0 ---
Pixel 250, 12, 1, 1, 4.80374e+19
Pixel 250, 13, 1, 1, 4.80374e+19
=== 4141398 ===
--- pALPIDEfs_1 ---
Pixel 1020, 262, 1, 1, 4.80374e+19
Pixel 1021, 262, 1, 1, 4.80374e+19
Pixel 1021, 263, 1, 1, 4.80374e+19
=== 4163234 ===
--- pALPIDEfs_2 ---
Pixel 865, 250, 1, 1, 4.80374e+19
Pixel 865, 251, 1, 1, 4.80374e+19
=== 4166877 ===
--- pALPIDEfs_1 ---
Pixel 828, 56, 1, 1, 4.80374e+19
=== 4173748 ===
--- pALPIDEfs_6 ---
Pixel 812, 148, 1, 1, 4.80374e+19
Pixel 813, 148, 1, 1, 4.80374e+19
Pixel 813, 149, 1, 1, 4.80374e+19
Pixel 812, 149, 1, 1, 4.80374e+19
=== 4174526 ===
--- pALPIDEfs_0 ---
Pixel 565, 148, 1, 1, 4.80374e+19
Pixel 565, 149, 1, 1, 4.80374e+19
Pixel 566, 148, 1, 1, 4.80374e+19
=== 4204510 ===
--- pALPIDEfs_1 ---
Pixel 936, 367, 1, 1, 4.80374e+19
Pixel 936, 368, 1, 1, 4.80374e+19
Pixel 937, 368, 1, 1, 4.80374e+19
Pixel 937, 369, 1, 1, 4.80374e+19
Pixel 936, 369, 1, 1, 4.80374e+19
Pixel 936, 370, 1, 1, 4.80374e+19
Pixel 937, 370, 1, 1, 4.80374e+19
Pixel 937, 371, 1, 1, 4.80374e+19
Pixel 937, 372, 1, 1, 4.80374e+19
=== 4211166 ===
--- pALPIDEfs_0 ---
Pixel 411, 511, 1, 1, 4.80374e+19
=== 4226720 ===
--- pALPIDEfs_4 ---
Pixel 626, 6, 1, 1, 4.80374e+19
Pixel 626, 7, 1, 1, 4.80374e+19
--- pALPIDEfs_5 ---
Pixel 401, 73, 1, 1, 4.80374e+19
Pixel 402, 73, 1, 1, 4.80374e+19
--- pALPIDEfs_6 ---
Pixel 230, 84, 1, 1, 4.80374e+19
=== 4252510 ===
--- pALPIDEfs_5 ---
Pixel 383, 471, 1, 1, 4.80374e+19
Pixel 383, 472, 1, 1, 4.80374e+19
Pixel 383, 473, 1, 1, 4.80374e+19
Pixel 384, 471, 1, 1, 4.80374e+19
Pixel 384, 472, 1, 1, 4.80374e+19
Pixel 385, 472, 1, 1, 4.80374e+19
Pixel 384, 473, 1, 1, 4.80374e+19
=== 4261177 ===
--- pALPIDEfs_3 ---
Pixel 249, 13, 1, 1, 4.80374e+19
Pixel 249, 14, 1, 1, 4.80374e+19
Pixel 250, 13, 1, 1, 4.80374e+19
Pixel 250, 14, 1, 1, 4.80374e+19
=== 4263378 ===
--- pALPIDEfs_6 ---
Pixel 825, 341, 1, 1, 4.80374e+19
Pixel 825, 342, 1, 1, 4.80374e+19
Pixel 826, 341, 1, 1, 4.80374e+19
Pixel 826, 342, 1, 1, 4.80374e+19
=== 4271515 ===
--- pALPIDEfs_4 ---
Pixel 575, 169, 1, 1, 4.80374e+19
Pixel 575, 170, 1, 1, 4.80374e+19
--- pALPIDEfs_5 ---
Pixel 795, 406, 1, 1, 4.80374e+19
Pixel 796, 406, 1, 1, 4.80374e+19
Pixel 796, 407, 1, 1, 4.80374e+19
=== 4303810 ===
--- pALPIDEfs_5 ---
Pixel 742, 448, 1, 1, 4.80374e+19
Pixel 742, 449, 1, 1, 4.80374e+19
=== 4303811 ===
--- pALPIDEfs_5 ---
Pixel 742, 448, 1, 1, 4.80374e+19
=== 4305404 ===
--- pALPIDEfs_0 ---
Pixel 81, 349, 1, 1, 4.80374e+19
Pixel 81, 350, 1, 1, 4.80374e+19
Pixel 82, 348, 1, 1, 4.80374e+19
Pixel 82, 349, 1, 1, 4.80374e+19
Pixel 82, 350, 1, 1, 4.80374e+19
=== 4311322 ===
--- pALPIDEfs_6 ---
Pixel 445, 55, 1, 1, 4.80374e+19
Pixel 446, 55, 1, 1, 4.80374e+19
Pixel 446, 56, 1, 1, 4.80374e+19
=== 4326225 ===
--- pALPIDEfs_6 ---
Pixel 272, 38, 1, 1, 4.80374e+19
Pixel 273, 38, 1, 1, 4.80374e+19
Pixel 273, 39, 1, 1, 4.80374e+19
=== 4329642 ===
--- pALPIDEfs_0 ---
Pixel 878, 273, 1, 1, 4.80374e+19
Pixel 878, 274, 1, 1, 4.80374e+19
Pixel 879, 274, 1, 1, 4.80374e+19
=== 4359556 ===
--- pALPIDEfs_4 ---
Pixel 299, 227, 1, 1, 4.80374e+19
Pixel 300, 227, 1, 1, 4.80374e+19
Pixel 300, 228, 1, 1, 4.80374e+19
Pixel 301, 228, 1, 1, 4.80374e+19
=== 4361405 ===
--- pALPIDEfs_4 ---
Pixel 623, 93, 1, 1, 4.80374e+19
--- pALPIDEfs_6 ---
Pixel 135, 419, 1, 1, 4.80374e+19
=== 4379395 ===
--- pALPIDEfs_0 ---
Pixel 405, 201, 1, 1, 4.80374e+19
=== 4384032 ===
--- pALPIDEfs_1 ---
Pixel 405, 222, 1, 1, 4.80374e+19
Pixel 405, 223, 1, 1, 4.80374e+19
Pixel 406, 222, 1, 1, 4.80374e+19
=== 4400699 ===
--- pALPIDEfs_4 ---
Pixel 494, 294, 1, 1, 4.80374e+19
Pixel 495, 294, 1, 1, 4.80374e+19
Pixel 495, 295, 1, 1, 4.80374e+19
Pixel 494, 295, 1, 1, 4.80374e+19
=== 4410731 ===
--- pALPIDEfs_6 ---
Pixel 445, 375, 1, 1, 4.80374e+19
Pixel 444, 375, 1, 1, 4.80374e+19
Pixel 444, 376, 1, 1, 4.80374e+19
Pixel 445, 376, 1, 1, 4.80374e+19
=== 4422774 ===
--- pALPIDEfs_0 ---
Pixel 701, 155, 1, 1, 4.80374e+19
Pixel 701, 156, 1, 1, 4.80374e+19
=== 4430586 ===
--- pALPIDEfs_4 ---
Pixel 311, 183, 1, 1, 4.80374e+19
Pixel 310, 183, 1, 1, 4.80374e+19
Pixel 311, 184, 1, 1, 4.80374e+19
=== 4433290 ===
--- pALPIDEfs_1 ---
Pixel 870, 393, 1, 1, 4.80374e+19
=== 4436173 ===
--- pALPIDEfs_3 ---
Pixel 70, 307, 1, 1, 4.80374e+19
Pixel 70, 308, 1, 1, 4.80374e+19
=== 4444872 ===
--- pALPIDEfs_0 ---
Pixel 589, 189, 1, 1, 4.80374e+19
--- pALPIDEfs_1 ---
Pixel 603, 111, 1, 1, 4.80374e+19
=== 4452009 ===
--- pALPIDEfs_6 ---
Pixel 841, 470, 1, 1, 4.80374e+19
Pixel 841, 471, 1, 1, 4.80374e+19
Pixel 842, 470, 1, 1, 4.80374e+19
Pixel 843, 470, 1, 1, 4.80374e+19
Pixel 843, 471, 1, 1, 4.80374e+19
Pixel 842, 471, 1, 1, 4.80374e+19
Pixel 844, 470, 1, 1, 4.80374e+19
Pixel 845, 470, 1, 1, 4.80374e+19
Pixel 845, 471, 1, 1, 4.80374e+19
Pixel 844, 471, 1, 1, 4.80374e+19
Pixel 846, 470, 1, 1, 4.80374e+19
Pixel 847, 471, 1, 1, 4.80374e+19
Pixel 846, 471, 1, 1, 4.80374e+19
Pixel 847, 472, 1, 1, 4.80374e+19
Pixel 848, 472, 1, 1, 4.80374e+19
Pixel 849, 473, 1, 1, 4.80374e+19
Pixel 848, 473, 1, 1, 4.80374e+19
Pixel 850, 474, 1, 1, 4.80374e+19
Pixel 851, 475, 1, 1, 4.80374e+19
Pixel 850, 475, 1, 1, 4.80374e+19
=== 4471680 ===
--- pALPIDEfs_0 ---
Pixel 789, 178, 1, 1, 4.80374e+19
Pixel 789, 179, 1, 1, 4.80374e+19
Pixel 789, 180, 1, 1, 4.80374e+19
Pixel 790, 179, 1, 1, 4.80374e+19
=== 4472837 ===
--- pALPIDEfs_0 ---
Pixel 808, 446, 1, 1, 4.80374e+19
Pixel 813, 460, 1, 1, 4.80374e+19
Pixel 813, 461, 1, 1, 4.80374e+19
Pixel 814, 461, 1, 1, 4.80374e+19
Pixel 814, 462, 1, 1, 4.80374e+19
=== 4474166 ===
--- pALPIDEfs_6 ---
Pixel 710, 132, 1, 1, 4.80374e+19
Pixel 711, 132, 1, 1, 4.80374e+19
Pixel 711, 133, 1, 1, 4.80374e+19
=== 4498324 ===
--- pALPIDEfs_3 ---
Pixel 413, 240, 1, 1, 4.80374e+19
=== 4500839 ===
--- pALPIDEfs_5 ---
Pixel 696, 211, 1, 1, 4.80374e+19
--- pALPIDEfs_6 ---
Pixel 799, 15, 1, 1, 4.80374e+19
Pixel 798, 16, 1, 1, 4.80374e+19
Pixel 799, 16, 1, 1, 4.80374e+19
Pixel 800, 15, 1, 1, 4.80374e+19
Pixel 800, 16, 1, 1, 4.80374e+19
=== 4505481 ===
--- pALPIDEfs_0 ---
Pixel 907, 363, 1, 1, 4.80374e+19
--- pALPIDEfs_1 ---
Pixel 947, 451, 1, 1, 4.80374e+19
--- pALPIDEfs_2 ---
Pixel 1013, 432, 1, 1, 4.80374e+19
=== 4513609 ===
--- pALPIDEfs_6 ---
Pixel 619, 100, 1, 1, 4.80374e+19
=== 4522403 ===
--- pALPIDEfs_2 ---
Pixel 455, 13, 1, 1, 4.80374e+19
Pixel 454, 13, 1, 1, 4.80374e+19
Pixel 456, 13, 1, 1, 4.80374e+19
Pixel 789, 204, 1, 1, 4.80374e+19
Pixel 789, 205, 1, 1, 4.80374e+19
Pixel 790, 204, 1, 1, 4.80374e+19
Pixel 790, 205, 1, 1, 4.80374e+19
Pixel 792, 206, 1, 1, 4.80374e+19
Pixel 793, 206, 1, 1, 4.80374e+19
Pixel 793, 207, 1, 1, 4.80374e+19
Pixel 792, 207, 1, 1, 4.80374e+19
=== 4530827 ===
--- pALPIDEfs_1 ---
Pixel 1005, 222, 1, 1, 4.80374e+19
=== 4533575 ===
--- pALPIDEfs_2 ---
Pixel 153, 244, 1, 1, 4.80374e+19
Pixel 153, 245, 1, 1, 4.80374e+19
Pixel 154, 244, 1, 1, 4.80374e+19
Pixel 154, 245, 1, 1, 4.80374e+19
=== 4533725 ===
--- pALPIDEfs_6 ---
Pixel 806, 478, 1, 1, 4.80374e+19
Pixel 807, 478, 1, 1, 4.80374e+19
Pixel 806, 479, 1, 1, 4.80374e+19
=== 4533853 ===
--- pALPIDEfs_0 ---
Pixel 339, 239, 1, 1, 4.80374e+19
--- pALPIDEfs_1 ---
Pixel 243, 346, 1, 1, 4.80374e+19
Pixel 243, 347, 1, 1, 4.80374e+19
Pixel 242, 347, 1, 1, 4.80374e+19
Pixel 242, 348, 1, 1, 4.80374e+19
Pixel 243, 348, 1, 1, 4.80374e+19
=== 4555924 ===
--- pALPIDEfs_6 ---
Pixel 271, 372, 1, 1, 4.80374e+19
Pixel 271, 373, 1, 1, 4.80374e+19
Pixel 270, 373, 1, 1, 4.80374e+19
=== 4564585 ===
--- pALPIDEfs_1 ---
Pixel 146, 328, 1, 1, 4.80374e+19
=== 4585182 ===
--- pALPIDEfs_4 ---
Pixel 1012, 192, 1, 1, 4.80374e+19
Pixel 1013, 192, 1, 1, 4.80374e+19
Pixel 1013, 193, 1, 1, 4.80374e+19
Pixel 1012, 193, 1, 1, 4.80374e+19
=== 4604880 ===
--- pALPIDEfs_1 ---
Pixel 731, 68, 1, 1, 4.80374e+19
Pixel 731, 69, 1, 1, 4.80374e+19
Pixel 732, 68, 1, 1, 4.80374e+19
Pixel 732, 69, 1, 1, 4.80374e+19
=== 4610626 ===
--- pALPIDEfs_1 ---
Pixel 938, 179, 1, 1, 4.80374e+19
=== 4664502 ===
--- pALPIDEfs_1 ---
Pixel 518, 210, 1, 1, 4.80374e+19
Pixel 519, 210, 1, 1, 4.80374e+19
Pixel 519, 211, 1, 1, 4.80374e+19
=== 4675906 ===
--- pALPIDEfs_3 ---
Pixel 395, 299, 1, 1, 4.80374e+19
=== 4680932 ===
--- pALPIDEfs_3 ---
Pixel 923, 150, 1, 1, 4.80374e+19
Pixel 923, 151, 1, 1, 4.80374e+19
Pixel 924, 150, 1, 1, 4.80374e+19
Pixel 924, 151, 1, 1, 4.80374e+19
=== 4684228 ===
--- pALPIDEfs_4 ---
Pixel 211, 401, 1, 1, 4.80374e+19
Pixel 211, 402, 1, 1, 4.80374e+19
Pixel 212, 401, 1, 1, 4.80374e+19
Pixel 212, 402, 1, 1, 4.80374e+19
Pixel 213, 403, 1, 1, 4.80374e+19
Pixel 212, 403, 1, 1, 4.80374e+19
Pixel 212, 404, 1, 1, 4.80374e+19
Pixel 213, 404, 1, 1, 4.80374e+19
=== 4685958 ===
--- pALPIDEfs_1 ---
Pixel 551, 148, 1, 1, 4.80374e+19
Pixel 551, 149, 1, 1, 4.80374e+19
=== 4686317 ===
--- pALPIDEfs_0 ---
Pixel 13, 232, 1, 1, 4.80374e+19
Pixel 13, 233, 1, 1, 4.80374e+19
=== 4774391 ===
--- pALPIDEfs_0 ---
Pixel 486, 468, 1, 1, 4.80374e+19
Pixel 487, 468, 1, 1, 4.80374e+19
Pixel 488, 468, 1, 1, 4.80374e+19
Pixel 489, 468, 1, 1, 4.80374e+19
Pixel 489, 469, 1, 1, 4.80374e+19
=== 4783220 ===
--- pALPIDEfs_4 ---
Pixel 501, 342, 1, 1, 4.80374e+19
Pixel 501, 343, 1, 1, 4.80374e+19
Pixel 503, 341, 1, 1, 4.80374e+19
Pixel 502, 341, 1, 1, 4.80374e+19
Pixel 502, 342, 1, 1, 4.80374e+19
Pixel 503, 342, 1, 1, 4.80374e+19
Pixel 503, 343, 1, 1, 4.80374e+19
Pixel 502, 343, 1, 1, 4.80374e+19
Pixel 504, 341, 1, 1, 4.80374e+19
Pixel 504, 342, 1, 1, 4.80374e+19
Pixel 504, 343, 1, 1, 4.80374e+19
=== 4794275 ===
--- pALPIDEfs_3 ---
Pixel 802, 58, 1, 1, 4.80374e+19
--- pALPIDEfs_4 ---
Pixel 429, 200, 1, 1, 4.80374e+19
=== 4801251 ===
--- pALPIDEfs_3 ---
Pixel 128, 350, 1, 1, 4.80374e+19
Pixel 128, 351, 1, 1, 4.80374e+19
=== 4802018 ===
--- pALPIDEfs_4 ---
Pixel 57, 388, 1, 1, 4.80374e+19
Pixel 58, 387, 1, 1, 4.80374e+19
Pixel 58, 388, 1, 1, 4.80374e+19
Pixel 59, 388, 1, 1, 4.80374e+19
Pixel 59, 389, 1, 1, 4.80374e+19
Pixel 58, 389, 1, 1, 4.80374e+19
=== 4826439 ===
--- pALPIDEfs_0 ---
Pixel 155, 498, 1, 1, 4.80374e+19
=== 4828591 ===
--- pALPIDEfs_4 ---
Pixel 901, 283, 1, 1, 4.80374e+19
Pixel 900, 283, 1, 1, 4.80374e+19
Pixel 901, 284, 1, 1, 4.80374e+19
Pixel 902, 283, 1, 1, 4.80374e+19
Pixel 902, 284, 1, 1, 4.80374e+19
Pixel 902, 285, 1, 1, 4.80374e+19
=== 4837352 ===
--- pALPIDEfs_5 ---
Pixel 87, 427, 1, 1, 4.80374e+19
Pixel 88, 427, 1, 1, 4.80374e+19
=== 4840613 ===
--- pALPIDEfs_0 ---
Pixel 775, 82, 1, 1, 4.80374e+19
Pixel 776, 81, 1, 1, 4.80374e+19
Pixel 776, 82, 1, 1, 4.80374e+19
=== 4851442 ===
--- pALPIDEfs_2 ---
Pixel 427, 347, 1, 1, 4.80374e+19
Pixel 426, 347, 1, 1, 4.80374e+19
Pixel 426, 348, 1, 1, 4.80374e+19
Pixel 427, 348, 1, 1, 4.80374e+19
=== 4868199 ===
--- pALPIDEfs_4 ---
Pixel 693, 42, 1, 1, 4.80374e+19
=== 4870671 ===
--- pALPIDEfs_4 ---
Pixel 811, 396, 1, 1, 4.80374e+19
Pixel 811, 397, 1, 1, 4.80374e+19
Pixel 812, 396, 1, 1, 4.80374e+19
Pixel 812, 397, 1, 1, 4.80374e+19
--- pALPIDEfs_5 ---
Pixel 971, 316, 1, 1, 4.80374e+19
Pixel 971, 317, 1, 1, 4.80374e+19
=== 4877623 ===
--- pALPIDEfs_1 ---
Pixel 665, 271, 1, 1, 4.80374e+19
Pixel 665, 272, 1, 1, 4.80374e+19
Pixel 666, 271, 1, 1, 4.80374e+19
Pixel 666, 272, 1, 1, 4.80374e+19
=== 4878084 ===
--- pALPIDEfs_4 ---
Pixel 982, 126, 1, 1, 4.80374e+19
Pixel 983, 126, 1, 1, 4.80374e+19
Pixel 983, 127, 1, 1, 4.80374e+19
Pixel 984, 127, 1, 1, 4.80374e+19
=== 4878988 ===
--- pALPIDEfs_1 ---
Pixel 680, 17, 1, 1, 4.80374e+19
Pixel 680, 18, 1, 1, 4.80374e+19
--- pALPIDEfs_2 ---
Pixel 740, 293, 1, 1, 4.80374e+19
=== 4880926 ===
--- pALPIDEfs_3 ---
Pixel 981, 199, 1, 1, 4.80374e+19
Pixel 980, 199, 1, 1, 4.80374e+19
Pixel 980, 200, 1, 1, 4.80374e+19
Pixel 981, 200, 1, 1, 4.80374e+19
Pixel 980, 201, 1, 1, 4.80374e+19
Pixel 983, 196, 1, 1, 4.80374e+19
Pixel 983, 197, 1, 1, 4.80374e+19
Pixel 982, 197, 1, 1, 4.80374e+19
Pixel 982, 198, 1, 1, 4.80374e+19
Pixel 985, 194, 1, 1, 4.80374e+19
Pixel 985, 195, 1, 1, 4.80374e+19
Pixel 984, 195, 1, 1, 4.80374e+19
Pixel 984, 196, 1, 1, 4.80374e+19
=== 4883700 ===
--- pALPIDEfs_3 ---
Pixel 497, 361, 1, 1, 4.80374e+19
=== 4889113 ===
--- pALPIDEfs_0 ---
Pixel 615, 224, 1, 1, 4.80374e+19
Pixel 616, 224, 1, 1, 4.80374e+19
--- pALPIDEfs_1 ---
Pixel 189, 319, 1, 1, 4.80374e+19
=== 4892572 ===
--- pALPIDEfs_3 ---
Pixel 735, 135, 1, 1, 4.80374e+19
Pixel 735, 136, 1, 1, 4.80374e+19
Pixel 735, 137, 1, 1, 4.80374e+19
Pixel 736, 135, 1, 1, 4.80374e+19
Pixel 736, 136, 1, 1, 4.80374e+19
Pixel 737, 136, 1, 1, 4.80374e+19
Pixel 737, 137, 1, 1, 4.80374e+19
Pixel 736, 137, 1, 1, 4.80374e+19
=== 4894358 ===
--- pALPIDEfs_3 ---
Pixel 243, 508, 1, 1, 4.80374e+19
Pixel 243, 509, 1, 1, 4.80374e+19
=== 4903069 ===
--- pALPIDEfs_6 ---
Pixel 882, 178, 1, 1, 4.80374e+19
Pixel 883, 178, 1, 1, 4.80374e+19
Pixel 883, 179, 1, 1, 4.80374e+19
Pixel 884, 178, 1, 1, 4.80374e+19
Pixel 884, 179, 1, 1, 4.80374e+19
=== 4908966 ===
--- pALPIDEfs_1 ---
Pixel 547, 249, 1, 1, 4.80374e+19
Pixel 547, 250, 1, 1, 4.80374e+19
Pixel 548, 250, 1, 1, 4.80374e+19
=== 4919929 ===
--- pALPIDEfs_1 ---
Pixel 292, 387, 1, 1, 4.80374e+19
--- pALPIDEfs_2 ---
Pixel 578, 71, 1, 1, 4.80374e+19
Pixel 578, 72, 1, 1, 4.80374e+19
=== 4930202 ===
--- pALPIDEfs_0 ---
Pixel 866, 480, 1, 1, 4.80374e+19
Pixel 867, 481, 1, 1, 4.80374e+19
Pixel 866, 481, 1, 1, 4.80374e+19
--- pALPIDEfs_1 ---
Pixel 316, 46, 1, 1, 4.80374e+19
Pixel 317, 46, 1, 1, 4.80374e+19
Pixel 317, 47, 1, 1, 4.80374e+19
Pixel 316, 47, 1, 1, 4.80374e+19
=== 4934208 ===
--- pALPIDEfs_5 ---
Pixel 413, 366, 1, 1, 4.80374e+19
Pixel 414, 366, 1, 1, 4.80374e+19
Pixel 447, 15, 1, 1, 4.80374e+19
Pixel 447, 16, 1, 1, 4.80374e+19
Pixel 448, 15, 1, 1, 4.80374e+19
Pixel 448, 16, 1, 1, 4.80374e+19
=== 4945873 ===
--- pALPIDEfs_5 ---
Pixel 523, 7, 1, 1, 4.80374e+19
Pixel 523, 8, 1, 1, 4.80374e+19
Pixel 524, 7, 1, 1, 4.80374e+19
Pixel 524, 8, 1, 1, 4.80374e+19
=== 4955901 ===
--- pALPIDEfs_3 ---
Pixel 48, 4, 1, 1, 4.80374e+19
=== 4970477 ===
--- pALPIDEfs_1 ---
Pixel 969, 272, 1, 1, 4.80374e+19
Pixel 969, 273, 1, 1, 4.80374e+19
Pixel 968, 273, 1, 1, 4.80374e+19
=== 4979830 ===
--- pALPIDEfs_2 ---
Pixel 185, 4, 1, 1, 4.80374e+19
Pixel 185, 5, 1, 1, 4.80374e+19
--- pALPIDEfs_3 ---
Pixel 502, 68, 1, 1, 4.80374e+19
--- pALPIDEfs_4 ---
Pixel 842, 120, 1, 1, 4.80374e+19
Pixel 843, 120, 1, 1, 4.80374e+19
=== 4994993 ===
--- pALPIDEfs_4 ---
Pixel 753, 219, 1, 1, 4.80374e+19
Pixel 752, 219, 1, 1, 4.80374e+19
Pixel 753, 220, 1, 1, 4.80374e+19
=== 5000519 ===
--- pALPIDEfs_0 ---
Pixel 358, 506, 1, 1, 4.80374e+19
Pixel 359, 506, 1, 1, 4.80374e+19
=== 5014444 ===
--- pALPIDEfs_3 ---
Pixel 569, 79, 1, 1, 4.80374e+19
=== 5015687 ===
--- pALPIDEfs_3 ---
Pixel 326, 499, 1, 1, 4.80374e+19
Pixel 326, 500, 1, 1, 4.80374e+19
Pixel 326, 501, 1, 1, 4.80374e+19
=== 5017628 ===
--- pALPIDEfs_0 ---
Pixel 736, 237, 1, 1, 4.80374e+19
Pixel 736, 238, 1, 1, 4.80374e+19
