Run: Cosmics000403
=== 2 ===
--- pALPIDEfs_3 ---
Pixel 238, 320, 1, 1, 4.80374e+19
Pixel 238, 320, 1, 1, 4.80374e+19
=== 3 ===
--- pALPIDEfs_0 ---
Pixel 92, 0, 1, 1, 4.80374e+19
Pixel 93, 0, 1, 1, 4.80374e+19
Pixel 93, 1, 1, 1, 4.80374e+19
Pixel 92, 1, 1, 1, 4.80374e+19
Pixel 92, 2, 1, 1, 4.80374e+19
Pixel 93, 2, 1, 1, 4.80374e+19
Pixel 93, 3, 1, 1, 4.80374e+19
Pixel 92, 3, 1, 1, 4.80374e+19
Pixel 92, 4, 1, 1, 4.80374e+19
Pixel 93, 4, 1, 1, 4.80374e+19
Pixel 93, 5, 1, 1, 4.80374e+19
Pixel 92, 5, 1, 1, 4.80374e+19
Pixel 92, 6, 1, 1, 4.80374e+19
Pixel 93, 6, 1, 1, 4.80374e+19
Pixel 93, 7, 1, 1, 4.80374e+19
Pixel 92, 7, 1, 1, 4.80374e+19
Pixel 92, 8, 1, 1, 4.80374e+19
Pixel 93, 8, 1, 1, 4.80374e+19
Pixel 93, 9, 1, 1, 4.80374e+19
Pixel 92, 9, 1, 1, 4.80374e+19
Pixel 92, 10, 1, 1, 4.80374e+19
Pixel 93, 10, 1, 1, 4.80374e+19
Pixel 93, 11, 1, 1, 4.80374e+19
Pixel 92, 11, 1, 1, 4.80374e+19
Pixel 92, 12, 1, 1, 4.80374e+19
Pixel 93, 12, 1, 1, 4.80374e+19
Pixel 93, 13, 1, 1, 4.80374e+19
Pixel 92, 13, 1, 1, 4.80374e+19
Pixel 92, 14, 1, 1, 4.80374e+19
Pixel 93, 14, 1, 1, 4.80374e+19
Pixel 93, 15, 1, 1, 4.80374e+19
Pixel 92, 15, 1, 1, 4.80374e+19
Pixel 92, 16, 1, 1, 4.80374e+19
Pixel 93, 16, 1, 1, 4.80374e+19
Pixel 93, 17, 1, 1, 4.80374e+19
Pixel 92, 17, 1, 1, 4.80374e+19
Pixel 92, 18, 1, 1, 4.80374e+19
Pixel 93, 18, 1, 1, 4.80374e+19
Pixel 93, 19, 1, 1, 4.80374e+19
Pixel 92, 19, 1, 1, 4.80374e+19
Pixel 92, 20, 1, 1, 4.80374e+19
Pixel 93, 20, 1, 1, 4.80374e+19
Pixel 93, 21, 1, 1, 4.80374e+19
Pixel 92, 21, 1, 1, 4.80374e+19
Pixel 92, 22, 1, 1, 4.80374e+19
Pixel 93, 22, 1, 1, 4.80374e+19
Pixel 93, 23, 1, 1, 4.80374e+19
Pixel 92, 23, 1, 1, 4.80374e+19
Pixel 92, 24, 1, 1, 4.80374e+19
Pixel 93, 24, 1, 1, 4.80374e+19
Pixel 93, 25, 1, 1, 4.80374e+19
Pixel 92, 25, 1, 1, 4.80374e+19
Pixel 92, 26, 1, 1, 4.80374e+19
Pixel 93, 26, 1, 1, 4.80374e+19
Pixel 93, 27, 1, 1, 4.80374e+19
Pixel 92, 27, 1, 1, 4.80374e+19
Pixel 92, 28, 1, 1, 4.80374e+19
Pixel 93, 28, 1, 1, 4.80374e+19
Pixel 93, 29, 1, 1, 4.80374e+19
Pixel 92, 29, 1, 1, 4.80374e+19
Pixel 92, 30, 1, 1, 4.80374e+19
Pixel 93, 30, 1, 1, 4.80374e+19
Pixel 93, 31, 1, 1, 4.80374e+19
Pixel 92, 31, 1, 1, 4.80374e+19
Pixel 92, 32, 1, 1, 4.80374e+19
Pixel 93, 32, 1, 1, 4.80374e+19
Pixel 93, 33, 1, 1, 4.80374e+19
Pixel 92, 33, 1, 1, 4.80374e+19
Pixel 92, 34, 1, 1, 4.80374e+19
Pixel 93, 34, 1, 1, 4.80374e+19
Pixel 93, 35, 1, 1, 4.80374e+19
Pixel 92, 35, 1, 1, 4.80374e+19
Pixel 92, 36, 1, 1, 4.80374e+19
Pixel 93, 36, 1, 1, 4.80374e+19
Pixel 93, 37, 1, 1, 4.80374e+19
Pixel 92, 37, 1, 1, 4.80374e+19
Pixel 92, 38, 1, 1, 4.80374e+19
Pixel 93, 38, 1, 1, 4.80374e+19
Pixel 93, 39, 1, 1, 4.80374e+19
Pixel 92, 39, 1, 1, 4.80374e+19
Pixel 92, 40, 1, 1, 4.80374e+19
Pixel 93, 40, 1, 1, 4.80374e+19
Pixel 93, 41, 1, 1, 4.80374e+19
Pixel 92, 41, 1, 1, 4.80374e+19
Pixel 92, 42, 1, 1, 4.80374e+19
Pixel 93, 42, 1, 1, 4.80374e+19
Pixel 93, 43, 1, 1, 4.80374e+19
Pixel 92, 43, 1, 1, 4.80374e+19
Pixel 92, 44, 1, 1, 4.80374e+19
Pixel 93, 44, 1, 1, 4.80374e+19
Pixel 93, 45, 1, 1, 4.80374e+19
Pixel 92, 45, 1, 1, 4.80374e+19
Pixel 92, 46, 1, 1, 4.80374e+19
Pixel 93, 46, 1, 1, 4.80374e+19
Pixel 93, 47, 1, 1, 4.80374e+19
Pixel 92, 47, 1, 1, 4.80374e+19
Pixel 92, 48, 1, 1, 4.80374e+19
Pixel 93, 48, 1, 1, 4.80374e+19
Pixel 93, 49, 1, 1, 4.80374e+19
Pixel 92, 49, 1, 1, 4.80374e+19
Pixel 92, 50, 1, 1, 4.80374e+19
Pixel 93, 50, 1, 1, 4.80374e+19
Pixel 93, 51, 1, 1, 4.80374e+19
Pixel 92, 51, 1, 1, 4.80374e+19
Pixel 92, 52, 1, 1, 4.80374e+19
Pixel 93, 52, 1, 1, 4.80374e+19
Pixel 93, 53, 1, 1, 4.80374e+19
Pixel 92, 53, 1, 1, 4.80374e+19
Pixel 92, 54, 1, 1, 4.80374e+19
Pixel 93, 54, 1, 1, 4.80374e+19
Pixel 93, 55, 1, 1, 4.80374e+19
Pixel 92, 55, 1, 1, 4.80374e+19
Pixel 92, 56, 1, 1, 4.80374e+19
Pixel 93, 56, 1, 1, 4.80374e+19
Pixel 93, 57, 1, 1, 4.80374e+19
Pixel 92, 57, 1, 1, 4.80374e+19
Pixel 92, 58, 1, 1, 4.80374e+19
Pixel 93, 58, 1, 1, 4.80374e+19
Pixel 93, 59, 1, 1, 4.80374e+19
Pixel 92, 59, 1, 1, 4.80374e+19
Pixel 92, 60, 1, 1, 4.80374e+19
Pixel 93, 60, 1, 1, 4.80374e+19
Pixel 93, 61, 1, 1, 4.80374e+19
Pixel 92, 61, 1, 1, 4.80374e+19
Pixel 92, 62, 1, 1, 4.80374e+19
Pixel 93, 62, 1, 1, 4.80374e+19
Pixel 93, 63, 1, 1, 4.80374e+19
Pixel 92, 63, 1, 1, 4.80374e+19
Pixel 92, 64, 1, 1, 4.80374e+19
Pixel 93, 64, 1, 1, 4.80374e+19
Pixel 93, 65, 1, 1, 4.80374e+19
Pixel 92, 65, 1, 1, 4.80374e+19
Pixel 92, 66, 1, 1, 4.80374e+19
Pixel 93, 66, 1, 1, 4.80374e+19
Pixel 93, 67, 1, 1, 4.80374e+19
Pixel 92, 67, 1, 1, 4.80374e+19
Pixel 92, 68, 1, 1, 4.80374e+19
Pixel 93, 68, 1, 1, 4.80374e+19
Pixel 93, 69, 1, 1, 4.80374e+19
Pixel 92, 69, 1, 1, 4.80374e+19
Pixel 92, 70, 1, 1, 4.80374e+19
Pixel 93, 70, 1, 1, 4.80374e+19
Pixel 93, 71, 1, 1, 4.80374e+19
Pixel 92, 71, 1, 1, 4.80374e+19
Pixel 92, 72, 1, 1, 4.80374e+19
Pixel 93, 72, 1, 1, 4.80374e+19
Pixel 93, 73, 1, 1, 4.80374e+19
Pixel 92, 73, 1, 1, 4.80374e+19
Pixel 92, 74, 1, 1, 4.80374e+19
Pixel 93, 74, 1, 1, 4.80374e+19
Pixel 93, 75, 1, 1, 4.80374e+19
Pixel 92, 75, 1, 1, 4.80374e+19
Pixel 92, 76, 1, 1, 4.80374e+19
Pixel 93, 76, 1, 1, 4.80374e+19
Pixel 93, 77, 1, 1, 4.80374e+19
Pixel 92, 77, 1, 1, 4.80374e+19
Pixel 92, 78, 1, 1, 4.80374e+19
Pixel 93, 78, 1, 1, 4.80374e+19
Pixel 93, 79, 1, 1, 4.80374e+19
Pixel 92, 79, 1, 1, 4.80374e+19
Pixel 92, 80, 1, 1, 4.80374e+19
Pixel 93, 80, 1, 1, 4.80374e+19
Pixel 93, 81, 1, 1, 4.80374e+19
Pixel 92, 81, 1, 1, 4.80374e+19
Pixel 92, 82, 1, 1, 4.80374e+19
Pixel 93, 82, 1, 1, 4.80374e+19
Pixel 93, 83, 1, 1, 4.80374e+19
Pixel 92, 83, 1, 1, 4.80374e+19
Pixel 92, 84, 1, 1, 4.80374e+19
Pixel 93, 84, 1, 1, 4.80374e+19
Pixel 93, 85, 1, 1, 4.80374e+19
Pixel 92, 85, 1, 1, 4.80374e+19
Pixel 92, 86, 1, 1, 4.80374e+19
Pixel 93, 86, 1, 1, 4.80374e+19
Pixel 93, 87, 1, 1, 4.80374e+19
Pixel 92, 87, 1, 1, 4.80374e+19
Pixel 92, 88, 1, 1, 4.80374e+19
Pixel 93, 88, 1, 1, 4.80374e+19
Pixel 93, 89, 1, 1, 4.80374e+19
Pixel 92, 89, 1, 1, 4.80374e+19
Pixel 92, 90, 1, 1, 4.80374e+19
Pixel 93, 90, 1, 1, 4.80374e+19
Pixel 93, 91, 1, 1, 4.80374e+19
Pixel 92, 91, 1, 1, 4.80374e+19
Pixel 92, 92, 1, 1, 4.80374e+19
Pixel 93, 92, 1, 1, 4.80374e+19
Pixel 93, 93, 1, 1, 4.80374e+19
Pixel 92, 93, 1, 1, 4.80374e+19
Pixel 92, 94, 1, 1, 4.80374e+19
Pixel 93, 94, 1, 1, 4.80374e+19
Pixel 93, 95, 1, 1, 4.80374e+19
Pixel 92, 95, 1, 1, 4.80374e+19
Pixel 92, 96, 1, 1, 4.80374e+19
Pixel 93, 96, 1, 1, 4.80374e+19
Pixel 93, 97, 1, 1, 4.80374e+19
Pixel 92, 97, 1, 1, 4.80374e+19
Pixel 92, 98, 1, 1, 4.80374e+19
Pixel 93, 98, 1, 1, 4.80374e+19
Pixel 93, 99, 1, 1, 4.80374e+19
Pixel 92, 99, 1, 1, 4.80374e+19
Pixel 92, 100, 1, 1, 4.80374e+19
Pixel 93, 100, 1, 1, 4.80374e+19
Pixel 93, 101, 1, 1, 4.80374e+19
Pixel 92, 101, 1, 1, 4.80374e+19
Pixel 92, 102, 1, 1, 4.80374e+19
Pixel 93, 102, 1, 1, 4.80374e+19
Pixel 93, 103, 1, 1, 4.80374e+19
Pixel 92, 103, 1, 1, 4.80374e+19
Pixel 92, 104, 1, 1, 4.80374e+19
Pixel 93, 104, 1, 1, 4.80374e+19
Pixel 93, 105, 1, 1, 4.80374e+19
Pixel 92, 105, 1, 1, 4.80374e+19
Pixel 92, 106, 1, 1, 4.80374e+19
Pixel 93, 106, 1, 1, 4.80374e+19
Pixel 93, 107, 1, 1, 4.80374e+19
Pixel 92, 107, 1, 1, 4.80374e+19
Pixel 92, 108, 1, 1, 4.80374e+19
Pixel 93, 108, 1, 1, 4.80374e+19
Pixel 93, 109, 1, 1, 4.80374e+19
Pixel 92, 109, 1, 1, 4.80374e+19
Pixel 92, 110, 1, 1, 4.80374e+19
Pixel 93, 110, 1, 1, 4.80374e+19
Pixel 93, 111, 1, 1, 4.80374e+19
Pixel 92, 111, 1, 1, 4.80374e+19
Pixel 92, 112, 1, 1, 4.80374e+19
Pixel 93, 112, 1, 1, 4.80374e+19
Pixel 93, 113, 1, 1, 4.80374e+19
Pixel 92, 113, 1, 1, 4.80374e+19
Pixel 92, 114, 1, 1, 4.80374e+19
Pixel 93, 114, 1, 1, 4.80374e+19
Pixel 93, 115, 1, 1, 4.80374e+19
Pixel 92, 115, 1, 1, 4.80374e+19
Pixel 92, 116, 1, 1, 4.80374e+19
Pixel 93, 116, 1, 1, 4.80374e+19
Pixel 93, 117, 1, 1, 4.80374e+19
Pixel 92, 117, 1, 1, 4.80374e+19
Pixel 92, 118, 1, 1, 4.80374e+19
Pixel 93, 118, 1, 1, 4.80374e+19
Pixel 93, 119, 1, 1, 4.80374e+19
Pixel 92, 119, 1, 1, 4.80374e+19
Pixel 92, 120, 1, 1, 4.80374e+19
Pixel 93, 120, 1, 1, 4.80374e+19
Pixel 93, 121, 1, 1, 4.80374e+19
Pixel 92, 121, 1, 1, 4.80374e+19
Pixel 92, 122, 1, 1, 4.80374e+19
Pixel 93, 122, 1, 1, 4.80374e+19
Pixel 93, 123, 1, 1, 4.80374e+19
Pixel 92, 123, 1, 1, 4.80374e+19
Pixel 92, 124, 1, 1, 4.80374e+19
Pixel 93, 124, 1, 1, 4.80374e+19
Pixel 93, 125, 1, 1, 4.80374e+19
Pixel 92, 125, 1, 1, 4.80374e+19
Pixel 92, 126, 1, 1, 4.80374e+19
Pixel 93, 126, 1, 1, 4.80374e+19
Pixel 93, 127, 1, 1, 4.80374e+19
Pixel 92, 127, 1, 1, 4.80374e+19
Pixel 92, 128, 1, 1, 4.80374e+19
Pixel 93, 128, 1, 1, 4.80374e+19
Pixel 93, 129, 1, 1, 4.80374e+19
Pixel 92, 129, 1, 1, 4.80374e+19
Pixel 92, 130, 1, 1, 4.80374e+19
Pixel 93, 130, 1, 1, 4.80374e+19
Pixel 93, 131, 1, 1, 4.80374e+19
Pixel 92, 131, 1, 1, 4.80374e+19
Pixel 92, 132, 1, 1, 4.80374e+19
Pixel 93, 132, 1, 1, 4.80374e+19
Pixel 93, 133, 1, 1, 4.80374e+19
Pixel 92, 133, 1, 1, 4.80374e+19
Pixel 92, 134, 1, 1, 4.80374e+19
Pixel 93, 134, 1, 1, 4.80374e+19
Pixel 93, 135, 1, 1, 4.80374e+19
Pixel 92, 135, 1, 1, 4.80374e+19
Pixel 92, 136, 1, 1, 4.80374e+19
Pixel 93, 136, 1, 1, 4.80374e+19
Pixel 93, 137, 1, 1, 4.80374e+19
Pixel 92, 137, 1, 1, 4.80374e+19
Pixel 92, 138, 1, 1, 4.80374e+19
Pixel 93, 138, 1, 1, 4.80374e+19
Pixel 93, 139, 1, 1, 4.80374e+19
Pixel 92, 139, 1, 1, 4.80374e+19
Pixel 92, 140, 1, 1, 4.80374e+19
Pixel 93, 140, 1, 1, 4.80374e+19
Pixel 93, 141, 1, 1, 4.80374e+19
Pixel 92, 141, 1, 1, 4.80374e+19
Pixel 92, 142, 1, 1, 4.80374e+19
Pixel 93, 142, 1, 1, 4.80374e+19
Pixel 93, 143, 1, 1, 4.80374e+19
Pixel 92, 143, 1, 1, 4.80374e+19
Pixel 92, 144, 1, 1, 4.80374e+19
Pixel 93, 144, 1, 1, 4.80374e+19
Pixel 93, 145, 1, 1, 4.80374e+19
Pixel 92, 145, 1, 1, 4.80374e+19
Pixel 92, 146, 1, 1, 4.80374e+19
Pixel 93, 146, 1, 1, 4.80374e+19
Pixel 93, 147, 1, 1, 4.80374e+19
Pixel 92, 147, 1, 1, 4.80374e+19
Pixel 92, 148, 1, 1, 4.80374e+19
Pixel 93, 148, 1, 1, 4.80374e+19
Pixel 93, 149, 1, 1, 4.80374e+19
Pixel 92, 149, 1, 1, 4.80374e+19
Pixel 92, 150, 1, 1, 4.80374e+19
Pixel 93, 150, 1, 1, 4.80374e+19
Pixel 93, 151, 1, 1, 4.80374e+19
Pixel 92, 151, 1, 1, 4.80374e+19
Pixel 92, 152, 1, 1, 4.80374e+19
Pixel 93, 152, 1, 1, 4.80374e+19
Pixel 93, 153, 1, 1, 4.80374e+19
Pixel 92, 153, 1, 1, 4.80374e+19
Pixel 92, 154, 1, 1, 4.80374e+19
Pixel 93, 154, 1, 1, 4.80374e+19
Pixel 93, 155, 1, 1, 4.80374e+19
Pixel 92, 155, 1, 1, 4.80374e+19
Pixel 92, 156, 1, 1, 4.80374e+19
Pixel 93, 156, 1, 1, 4.80374e+19
Pixel 93, 157, 1, 1, 4.80374e+19
Pixel 92, 157, 1, 1, 4.80374e+19
Pixel 92, 158, 1, 1, 4.80374e+19
Pixel 93, 158, 1, 1, 4.80374e+19
Pixel 93, 159, 1, 1, 4.80374e+19
Pixel 92, 159, 1, 1, 4.80374e+19
Pixel 92, 160, 1, 1, 4.80374e+19
Pixel 93, 160, 1, 1, 4.80374e+19
Pixel 93, 161, 1, 1, 4.80374e+19
Pixel 92, 161, 1, 1, 4.80374e+19
Pixel 92, 162, 1, 1, 4.80374e+19
Pixel 93, 162, 1, 1, 4.80374e+19
Pixel 93, 163, 1, 1, 4.80374e+19
Pixel 92, 163, 1, 1, 4.80374e+19
Pixel 92, 164, 1, 1, 4.80374e+19
Pixel 93, 164, 1, 1, 4.80374e+19
Pixel 93, 165, 1, 1, 4.80374e+19
Pixel 92, 165, 1, 1, 4.80374e+19
Pixel 92, 166, 1, 1, 4.80374e+19
Pixel 93, 166, 1, 1, 4.80374e+19
Pixel 93, 167, 1, 1, 4.80374e+19
Pixel 92, 167, 1, 1, 4.80374e+19
Pixel 92, 168, 1, 1, 4.80374e+19
Pixel 93, 168, 1, 1, 4.80374e+19
Pixel 93, 169, 1, 1, 4.80374e+19
Pixel 92, 169, 1, 1, 4.80374e+19
Pixel 92, 170, 1, 1, 4.80374e+19
Pixel 93, 170, 1, 1, 4.80374e+19
Pixel 93, 171, 1, 1, 4.80374e+19
Pixel 92, 171, 1, 1, 4.80374e+19
Pixel 92, 172, 1, 1, 4.80374e+19
Pixel 93, 172, 1, 1, 4.80374e+19
Pixel 93, 173, 1, 1, 4.80374e+19
Pixel 92, 173, 1, 1, 4.80374e+19
Pixel 92, 174, 1, 1, 4.80374e+19
Pixel 93, 174, 1, 1, 4.80374e+19
Pixel 93, 175, 1, 1, 4.80374e+19
Pixel 92, 175, 1, 1, 4.80374e+19
Pixel 92, 176, 1, 1, 4.80374e+19
Pixel 93, 176, 1, 1, 4.80374e+19
Pixel 93, 177, 1, 1, 4.80374e+19
Pixel 92, 177, 1, 1, 4.80374e+19
Pixel 92, 178, 1, 1, 4.80374e+19
Pixel 93, 178, 1, 1, 4.80374e+19
Pixel 93, 179, 1, 1, 4.80374e+19
Pixel 92, 179, 1, 1, 4.80374e+19
Pixel 92, 180, 1, 1, 4.80374e+19
Pixel 93, 180, 1, 1, 4.80374e+19
Pixel 93, 181, 1, 1, 4.80374e+19
Pixel 92, 181, 1, 1, 4.80374e+19
Pixel 92, 182, 1, 1, 4.80374e+19
Pixel 93, 182, 1, 1, 4.80374e+19
Pixel 93, 183, 1, 1, 4.80374e+19
Pixel 92, 183, 1, 1, 4.80374e+19
Pixel 92, 184, 1, 1, 4.80374e+19
Pixel 93, 184, 1, 1, 4.80374e+19
Pixel 93, 185, 1, 1, 4.80374e+19
Pixel 92, 185, 1, 1, 4.80374e+19
Pixel 92, 186, 1, 1, 4.80374e+19
Pixel 93, 186, 1, 1, 4.80374e+19
Pixel 93, 187, 1, 1, 4.80374e+19
Pixel 92, 187, 1, 1, 4.80374e+19
Pixel 92, 188, 1, 1, 4.80374e+19
Pixel 93, 188, 1, 1, 4.80374e+19
Pixel 93, 189, 1, 1, 4.80374e+19
Pixel 92, 189, 1, 1, 4.80374e+19
Pixel 92, 190, 1, 1, 4.80374e+19
Pixel 93, 190, 1, 1, 4.80374e+19
Pixel 93, 191, 1, 1, 4.80374e+19
Pixel 92, 191, 1, 1, 4.80374e+19
Pixel 92, 192, 1, 1, 4.80374e+19
Pixel 93, 192, 1, 1, 4.80374e+19
Pixel 93, 193, 1, 1, 4.80374e+19
Pixel 92, 193, 1, 1, 4.80374e+19
Pixel 92, 194, 1, 1, 4.80374e+19
Pixel 93, 194, 1, 1, 4.80374e+19
Pixel 93, 195, 1, 1, 4.80374e+19
Pixel 92, 195, 1, 1, 4.80374e+19
Pixel 92, 196, 1, 1, 4.80374e+19
Pixel 93, 196, 1, 1, 4.80374e+19
Pixel 93, 197, 1, 1, 4.80374e+19
Pixel 92, 197, 1, 1, 4.80374e+19
Pixel 92, 198, 1, 1, 4.80374e+19
Pixel 93, 198, 1, 1, 4.80374e+19
Pixel 93, 199, 1, 1, 4.80374e+19
Pixel 92, 199, 1, 1, 4.80374e+19
Pixel 92, 200, 1, 1, 4.80374e+19
Pixel 93, 200, 1, 1, 4.80374e+19
Pixel 93, 201, 1, 1, 4.80374e+19
Pixel 92, 201, 1, 1, 4.80374e+19
Pixel 92, 202, 1, 1, 4.80374e+19
Pixel 93, 202, 1, 1, 4.80374e+19
Pixel 93, 203, 1, 1, 4.80374e+19
Pixel 92, 203, 1, 1, 4.80374e+19
Pixel 92, 204, 1, 1, 4.80374e+19
Pixel 93, 204, 1, 1, 4.80374e+19
Pixel 93, 205, 1, 1, 4.80374e+19
Pixel 92, 205, 1, 1, 4.80374e+19
Pixel 92, 206, 1, 1, 4.80374e+19
Pixel 93, 206, 1, 1, 4.80374e+19
Pixel 93, 207, 1, 1, 4.80374e+19
Pixel 92, 207, 1, 1, 4.80374e+19
Pixel 92, 208, 1, 1, 4.80374e+19
Pixel 93, 208, 1, 1, 4.80374e+19
Pixel 93, 209, 1, 1, 4.80374e+19
Pixel 92, 209, 1, 1, 4.80374e+19
Pixel 92, 210, 1, 1, 4.80374e+19
Pixel 93, 210, 1, 1, 4.80374e+19
Pixel 93, 211, 1, 1, 4.80374e+19
Pixel 92, 211, 1, 1, 4.80374e+19
Pixel 92, 212, 1, 1, 4.80374e+19
Pixel 93, 212, 1, 1, 4.80374e+19
Pixel 93, 213, 1, 1, 4.80374e+19
Pixel 92, 213, 1, 1, 4.80374e+19
Pixel 92, 214, 1, 1, 4.80374e+19
Pixel 93, 214, 1, 1, 4.80374e+19
Pixel 93, 215, 1, 1, 4.80374e+19
Pixel 92, 215, 1, 1, 4.80374e+19
Pixel 92, 216, 1, 1, 4.80374e+19
Pixel 93, 216, 1, 1, 4.80374e+19
Pixel 93, 217, 1, 1, 4.80374e+19
Pixel 92, 217, 1, 1, 4.80374e+19
Pixel 92, 218, 1, 1, 4.80374e+19
Pixel 93, 218, 1, 1, 4.80374e+19
Pixel 93, 219, 1, 1, 4.80374e+19
Pixel 92, 219, 1, 1, 4.80374e+19
Pixel 92, 220, 1, 1, 4.80374e+19
Pixel 93, 220, 1, 1, 4.80374e+19
Pixel 93, 221, 1, 1, 4.80374e+19
Pixel 92, 221, 1, 1, 4.80374e+19
Pixel 92, 222, 1, 1, 4.80374e+19
Pixel 93, 222, 1, 1, 4.80374e+19
Pixel 93, 223, 1, 1, 4.80374e+19
Pixel 92, 223, 1, 1, 4.80374e+19
Pixel 92, 224, 1, 1, 4.80374e+19
Pixel 93, 224, 1, 1, 4.80374e+19
Pixel 93, 225, 1, 1, 4.80374e+19
Pixel 92, 225, 1, 1, 4.80374e+19
Pixel 92, 226, 1, 1, 4.80374e+19
Pixel 93, 226, 1, 1, 4.80374e+19
Pixel 93, 227, 1, 1, 4.80374e+19
Pixel 92, 227, 1, 1, 4.80374e+19
Pixel 92, 228, 1, 1, 4.80374e+19
Pixel 93, 228, 1, 1, 4.80374e+19
Pixel 93, 229, 1, 1, 4.80374e+19
Pixel 92, 229, 1, 1, 4.80374e+19
Pixel 92, 230, 1, 1, 4.80374e+19
Pixel 93, 230, 1, 1, 4.80374e+19
Pixel 93, 231, 1, 1, 4.80374e+19
Pixel 92, 231, 1, 1, 4.80374e+19
Pixel 92, 232, 1, 1, 4.80374e+19
Pixel 93, 232, 1, 1, 4.80374e+19
Pixel 93, 233, 1, 1, 4.80374e+19
Pixel 92, 233, 1, 1, 4.80374e+19
Pixel 92, 234, 1, 1, 4.80374e+19
Pixel 93, 234, 1, 1, 4.80374e+19
Pixel 93, 235, 1, 1, 4.80374e+19
Pixel 92, 235, 1, 1, 4.80374e+19
Pixel 92, 236, 1, 1, 4.80374e+19
Pixel 93, 236, 1, 1, 4.80374e+19
Pixel 93, 237, 1, 1, 4.80374e+19
Pixel 92, 237, 1, 1, 4.80374e+19
Pixel 92, 238, 1, 1, 4.80374e+19
Pixel 93, 238, 1, 1, 4.80374e+19
Pixel 93, 239, 1, 1, 4.80374e+19
Pixel 92, 239, 1, 1, 4.80374e+19
Pixel 92, 240, 1, 1, 4.80374e+19
Pixel 93, 240, 1, 1, 4.80374e+19
Pixel 93, 241, 1, 1, 4.80374e+19
Pixel 92, 241, 1, 1, 4.80374e+19
Pixel 92, 242, 1, 1, 4.80374e+19
Pixel 93, 242, 1, 1, 4.80374e+19
Pixel 93, 243, 1, 1, 4.80374e+19
Pixel 92, 243, 1, 1, 4.80374e+19
Pixel 92, 244, 1, 1, 4.80374e+19
Pixel 93, 244, 1, 1, 4.80374e+19
Pixel 93, 245, 1, 1, 4.80374e+19
Pixel 92, 245, 1, 1, 4.80374e+19
Pixel 92, 246, 1, 1, 4.80374e+19
Pixel 93, 246, 1, 1, 4.80374e+19
Pixel 93, 247, 1, 1, 4.80374e+19
Pixel 92, 247, 1, 1, 4.80374e+19
Pixel 92, 248, 1, 1, 4.80374e+19
Pixel 93, 248, 1, 1, 4.80374e+19
Pixel 93, 249, 1, 1, 4.80374e+19
Pixel 92, 249, 1, 1, 4.80374e+19
Pixel 92, 250, 1, 1, 4.80374e+19
Pixel 93, 250, 1, 1, 4.80374e+19
Pixel 93, 251, 1, 1, 4.80374e+19
Pixel 92, 251, 1, 1, 4.80374e+19
Pixel 92, 252, 1, 1, 4.80374e+19
Pixel 93, 252, 1, 1, 4.80374e+19
Pixel 93, 253, 1, 1, 4.80374e+19
Pixel 92, 253, 1, 1, 4.80374e+19
Pixel 92, 254, 1, 1, 4.80374e+19
Pixel 93, 254, 1, 1, 4.80374e+19
Pixel 93, 255, 1, 1, 4.80374e+19
Pixel 92, 255, 1, 1, 4.80374e+19
=== 2175 ===
--- pALPIDEfs_1 ---
Pixel 165, 369, 1, 1, 4.80374e+19
Pixel 166, 369, 1, 1, 4.80374e+19
=== 3404 ===
--- pALPIDEfs_2 ---
Pixel 659, 110, 1, 1, 4.80374e+19
Pixel 659, 111, 1, 1, 4.80374e+19
=== 18032 ===
--- pALPIDEfs_4 ---
Pixel 89, 245, 1, 1, 4.80374e+19
Pixel 89, 246, 1, 1, 4.80374e+19
Pixel 89, 247, 1, 1, 4.80374e+19
Pixel 88, 248, 1, 1, 4.80374e+19
Pixel 89, 248, 1, 1, 4.80374e+19
Pixel 89, 249, 1, 1, 4.80374e+19
Pixel 88, 249, 1, 1, 4.80374e+19
Pixel 90, 245, 1, 1, 4.80374e+19
Pixel 90, 246, 1, 1, 4.80374e+19
=== 34643 ===
--- pALPIDEfs_0 ---
Pixel 488, 220, 1, 1, 4.80374e+19
=== 42917 ===
--- pALPIDEfs_3 ---
Pixel 557, 180, 1, 1, 4.80374e+19
=== 43890 ===
--- pALPIDEfs_6 ---
Pixel 883, 324, 1, 1, 4.80374e+19
Pixel 883, 325, 1, 1, 4.80374e+19
Pixel 884, 325, 1, 1, 4.80374e+19
=== 55008 ===
--- pALPIDEfs_5 ---
Pixel 91, 269, 1, 1, 4.80374e+19
Pixel 92, 269, 1, 1, 4.80374e+19
Pixel 92, 270, 1, 1, 4.80374e+19
--- pALPIDEfs_6 ---
Pixel 764, 376, 1, 1, 4.80374e+19
Pixel 765, 376, 1, 1, 4.80374e+19
=== 56086 ===
--- pALPIDEfs_0 ---
Pixel 403, 331, 1, 1, 4.80374e+19
Pixel 403, 332, 1, 1, 4.80374e+19
=== 85308 ===
--- pALPIDEfs_3 ---
Pixel 557, 180, 1, 1, 4.80374e+19
=== 100534 ===
--- pALPIDEfs_3 ---
Pixel 493, 197, 1, 1, 4.80374e+19
Pixel 492, 197, 1, 1, 4.80374e+19
--- pALPIDEfs_4 ---
Pixel 749, 313, 1, 1, 4.80374e+19
Pixel 750, 313, 1, 1, 4.80374e+19
=== 109846 ===
--- pALPIDEfs_4 ---
Pixel 81, 158, 1, 1, 4.80374e+19
=== 111258 ===
--- pALPIDEfs_2 ---
Pixel 37, 312, 1, 1, 4.80374e+19
Pixel 37, 313, 1, 1, 4.80374e+19
Pixel 38, 312, 1, 1, 4.80374e+19
Pixel 38, 313, 1, 1, 4.80374e+19
--- pALPIDEfs_3 ---
Pixel 351, 29, 1, 1, 4.80374e+19
Pixel 351, 30, 1, 1, 4.80374e+19
=== 112687 ===
--- pALPIDEfs_0 ---
Pixel 419, 99, 1, 1, 4.80374e+19
Pixel 418, 99, 1, 1, 4.80374e+19
Pixel 419, 100, 1, 1, 4.80374e+19
=== 116073 ===
--- pALPIDEfs_2 ---
Pixel 313, 375, 1, 1, 4.80374e+19
Pixel 313, 376, 1, 1, 4.80374e+19
Pixel 314, 376, 1, 1, 4.80374e+19
=== 126958 ===
--- pALPIDEfs_1 ---
Pixel 161, 377, 1, 1, 4.80374e+19
--- pALPIDEfs_2 ---
Pixel 86, 125, 1, 1, 4.80374e+19
=== 144397 ===
--- pALPIDEfs_3 ---
Pixel 557, 180, 1, 1, 4.80374e+19
=== 150174 ===
--- pALPIDEfs_1 ---
Pixel 201, 349, 1, 1, 4.80374e+19
=== 161832 ===
--- pALPIDEfs_2 ---
Pixel 259, 67, 1, 1, 4.80374e+19
Pixel 258, 67, 1, 1, 4.80374e+19
Pixel 258, 68, 1, 1, 4.80374e+19
=== 176457 ===
--- pALPIDEfs_0 ---
Pixel 393, 362, 1, 1, 4.80374e+19
Pixel 394, 362, 1, 1, 4.80374e+19
--- pALPIDEfs_1 ---
Pixel 460, 478, 1, 1, 4.80374e+19
--- pALPIDEfs_2 ---
Pixel 549, 490, 1, 1, 4.80374e+19
Pixel 550, 490, 1, 1, 4.80374e+19
=== 178611 ===
--- pALPIDEfs_2 ---
Pixel 331, 259, 1, 1, 4.80374e+19
Pixel 332, 258, 1, 1, 4.80374e+19
Pixel 332, 259, 1, 1, 4.80374e+19
--- pALPIDEfs_3 ---
Pixel 162, 36, 1, 1, 4.80374e+19
Pixel 162, 37, 1, 1, 4.80374e+19
=== 206941 ===
--- pALPIDEfs_5 ---
Pixel 22, 83, 1, 1, 4.80374e+19
Pixel 22, 84, 1, 1, 4.80374e+19
Pixel 22, 85, 1, 1, 4.80374e+19
=== 208671 ===
--- pALPIDEfs_2 ---
Pixel 930, 88, 1, 1, 4.80374e+19
=== 223343 ===
--- pALPIDEfs_6 ---
Pixel 704, 235, 1, 1, 4.80374e+19
=== 235635 ===
--- pALPIDEfs_5 ---
Pixel 9, 73, 1, 1, 4.80374e+19
Pixel 9, 74, 1, 1, 4.80374e+19
Pixel 9, 75, 1, 1, 4.80374e+19
Pixel 10, 74, 1, 1, 4.80374e+19
Pixel 10, 75, 1, 1, 4.80374e+19
=== 241561 ===
--- pALPIDEfs_5 ---
Pixel 767, 171, 1, 1, 4.80374e+19
Pixel 768, 171, 1, 1, 4.80374e+19
=== 248105 ===
--- pALPIDEfs_0 ---
Pixel 321, 5, 1, 1, 4.80374e+19
Pixel 321, 6, 1, 1, 4.80374e+19
Pixel 322, 5, 1, 1, 4.80374e+19
Pixel 322, 6, 1, 1, 4.80374e+19
=== 253620 ===
--- pALPIDEfs_2 ---
Pixel 3, 262, 1, 1, 4.80374e+19
--- pALPIDEfs_3 ---
Pixel 353, 75, 1, 1, 4.80374e+19
Pixel 353, 76, 1, 1, 4.80374e+19
Pixel 354, 75, 1, 1, 4.80374e+19
=== 288945 ===
--- pALPIDEfs_4 ---
Pixel 983, 78, 1, 1, 4.80374e+19
Pixel 983, 79, 1, 1, 4.80374e+19
Pixel 984, 79, 1, 1, 4.80374e+19
=== 302899 ===
--- pALPIDEfs_4 ---
Pixel 289, 280, 1, 1, 4.80374e+19
Pixel 290, 279, 1, 1, 4.80374e+19
Pixel 290, 280, 1, 1, 4.80374e+19
=== 321616 ===
--- pALPIDEfs_1 ---
Pixel 891, 55, 1, 1, 4.80374e+19
Pixel 890, 55, 1, 1, 4.80374e+19
Pixel 890, 56, 1, 1, 4.80374e+19
Pixel 891, 56, 1, 1, 4.80374e+19
--- pALPIDEfs_3 ---
Pixel 806, 53, 1, 1, 4.80374e+19
=== 327690 ===
--- pALPIDEfs_0 ---
Pixel 475, 380, 1, 1, 4.80374e+19
Pixel 476, 379, 1, 1, 4.80374e+19
Pixel 476, 380, 1, 1, 4.80374e+19
=== 329168 ===
--- pALPIDEfs_4 ---
Pixel 528, 498, 1, 1, 4.80374e+19
Pixel 529, 498, 1, 1, 4.80374e+19
Pixel 531, 483, 1, 1, 4.80374e+19
Pixel 531, 484, 1, 1, 4.80374e+19
Pixel 531, 485, 1, 1, 4.80374e+19
Pixel 530, 486, 1, 1, 4.80374e+19
Pixel 531, 486, 1, 1, 4.80374e+19
Pixel 531, 487, 1, 1, 4.80374e+19
Pixel 530, 488, 1, 1, 4.80374e+19
Pixel 531, 488, 1, 1, 4.80374e+19
Pixel 531, 489, 1, 1, 4.80374e+19
Pixel 530, 489, 1, 1, 4.80374e+19
Pixel 530, 490, 1, 1, 4.80374e+19
Pixel 531, 490, 1, 1, 4.80374e+19
Pixel 530, 491, 1, 1, 4.80374e+19
Pixel 530, 492, 1, 1, 4.80374e+19
Pixel 530, 493, 1, 1, 4.80374e+19
Pixel 532, 483, 1, 1, 4.80374e+19
=== 329394 ===
--- pALPIDEfs_4 ---
Pixel 884, 150, 1, 1, 4.80374e+19
=== 348302 ===
--- pALPIDEfs_5 ---
Pixel 59, 143, 1, 1, 4.80374e+19
Pixel 59, 144, 1, 1, 4.80374e+19
Pixel 60, 142, 1, 1, 4.80374e+19
Pixel 61, 142, 1, 1, 4.80374e+19
Pixel 61, 143, 1, 1, 4.80374e+19
Pixel 60, 143, 1, 1, 4.80374e+19
Pixel 60, 144, 1, 1, 4.80374e+19
=== 375875 ===
--- pALPIDEfs_2 ---
Pixel 193, 192, 1, 1, 4.80374e+19
Pixel 195, 188, 1, 1, 4.80374e+19
Pixel 195, 189, 1, 1, 4.80374e+19
Pixel 194, 189, 1, 1, 4.80374e+19
Pixel 194, 190, 1, 1, 4.80374e+19
Pixel 195, 190, 1, 1, 4.80374e+19
Pixel 194, 191, 1, 1, 4.80374e+19
Pixel 194, 192, 1, 1, 4.80374e+19
=== 378248 ===
--- pALPIDEfs_1 ---
Pixel 979, 452, 1, 1, 4.80374e+19
Pixel 979, 453, 1, 1, 4.80374e+19
=== 381266 ===
--- pALPIDEfs_3 ---
Pixel 557, 180, 1, 1, 4.80374e+19
=== 391752 ===
--- pALPIDEfs_1 ---
Pixel 414, 50, 1, 1, 4.80374e+19
=== 396223 ===
--- pALPIDEfs_6 ---
Pixel 255, 489, 1, 1, 4.80374e+19
Pixel 255, 490, 1, 1, 4.80374e+19
Pixel 255, 491, 1, 1, 4.80374e+19
Pixel 256, 490, 1, 1, 4.80374e+19
Pixel 256, 491, 1, 1, 4.80374e+19
Pixel 256, 492, 1, 1, 4.80374e+19
Pixel 257, 492, 1, 1, 4.80374e+19
=== 402953 ===
--- pALPIDEfs_3 ---
Pixel 557, 180, 1, 1, 4.80374e+19
=== 410305 ===
--- pALPIDEfs_0 ---
Pixel 730, 265, 1, 1, 4.80374e+19
Pixel 730, 266, 1, 1, 4.80374e+19
--- pALPIDEfs_1 ---
Pixel 932, 216, 1, 1, 4.80374e+19
Pixel 932, 217, 1, 1, 4.80374e+19
=== 411506 ===
--- pALPIDEfs_5 ---
Pixel 278, 6, 1, 1, 4.80374e+19
Pixel 279, 6, 1, 1, 4.80374e+19
Pixel 279, 7, 1, 1, 4.80374e+19
Pixel 278, 7, 1, 1, 4.80374e+19
Pixel 279, 8, 1, 1, 4.80374e+19
=== 425044 ===
--- pALPIDEfs_6 ---
Pixel 205, 387, 1, 1, 4.80374e+19
Pixel 205, 388, 1, 1, 4.80374e+19
Pixel 206, 387, 1, 1, 4.80374e+19
Pixel 206, 388, 1, 1, 4.80374e+19
Pixel 207, 388, 1, 1, 4.80374e+19
Pixel 207, 389, 1, 1, 4.80374e+19
Pixel 206, 389, 1, 1, 4.80374e+19
=== 436944 ===
--- pALPIDEfs_1 ---
Pixel 667, 33, 1, 1, 4.80374e+19
Pixel 667, 34, 1, 1, 4.80374e+19
--- pALPIDEfs_2 ---
Pixel 733, 331, 1, 1, 4.80374e+19
Pixel 733, 332, 1, 1, 4.80374e+19
=== 455925 ===
--- pALPIDEfs_5 ---
Pixel 729, 423, 1, 1, 4.80374e+19
Pixel 729, 424, 1, 1, 4.80374e+19
Pixel 729, 425, 1, 1, 4.80374e+19
Pixel 730, 423, 1, 1, 4.80374e+19
Pixel 730, 424, 1, 1, 4.80374e+19
Pixel 731, 424, 1, 1, 4.80374e+19
Pixel 731, 425, 1, 1, 4.80374e+19
Pixel 730, 425, 1, 1, 4.80374e+19
Pixel 732, 424, 1, 1, 4.80374e+19
Pixel 732, 425, 1, 1, 4.80374e+19
=== 481322 ===
--- pALPIDEfs_1 ---
Pixel 645, 4, 1, 1, 4.80374e+19
Pixel 645, 5, 1, 1, 4.80374e+19
Pixel 645, 6, 1, 1, 4.80374e+19
Pixel 646, 4, 1, 1, 4.80374e+19
Pixel 646, 5, 1, 1, 4.80374e+19
Pixel 694, 6, 1, 1, 4.80374e+19
Pixel 695, 6, 1, 1, 4.80374e+19
Pixel 695, 7, 1, 1, 4.80374e+19
=== 487889 ===
--- pALPIDEfs_5 ---
Pixel 208, 58, 1, 1, 4.80374e+19
Pixel 209, 58, 1, 1, 4.80374e+19
--- pALPIDEfs_6 ---
Pixel 462, 52, 1, 1, 4.80374e+19
Pixel 462, 53, 1, 1, 4.80374e+19
=== 489710 ===
--- pALPIDEfs_6 ---
Pixel 805, 278, 1, 1, 4.80374e+19
Pixel 805, 279, 1, 1, 4.80374e+19
Pixel 806, 279, 1, 1, 4.80374e+19
=== 491004 ===
--- pALPIDEfs_1 ---
Pixel 385, 177, 1, 1, 4.80374e+19
Pixel 384, 177, 1, 1, 4.80374e+19
Pixel 384, 178, 1, 1, 4.80374e+19
=== 495199 ===
--- pALPIDEfs_3 ---
Pixel 557, 180, 1, 1, 4.80374e+19
=== 509303 ===
--- pALPIDEfs_1 ---
Pixel 168, 104, 1, 1, 4.80374e+19
Pixel 169, 104, 1, 1, 4.80374e+19
=== 525856 ===
--- pALPIDEfs_3 ---
Pixel 366, 124, 1, 1, 4.80374e+19
Pixel 367, 124, 1, 1, 4.80374e+19
Pixel 367, 125, 1, 1, 4.80374e+19
=== 527933 ===
--- pALPIDEfs_2 ---
Pixel 296, 210, 1, 1, 4.80374e+19
Pixel 297, 211, 1, 1, 4.80374e+19
Pixel 296, 211, 1, 1, 4.80374e+19
=== 537924 ===
--- pALPIDEfs_2 ---
Pixel 759, 235, 1, 1, 4.80374e+19
=== 558337 ===
--- pALPIDEfs_5 ---
Pixel 337, 3, 1, 1, 4.80374e+19
Pixel 338, 2, 1, 1, 4.80374e+19
Pixel 338, 3, 1, 1, 4.80374e+19
=== 560437 ===
--- pALPIDEfs_0 ---
Pixel 697, 10, 1, 1, 4.80374e+19
=== 565019 ===
--- pALPIDEfs_3 ---
Pixel 70, 234, 1, 1, 4.80374e+19
=== 573361 ===
--- pALPIDEfs_3 ---
Pixel 1, 111, 1, 1, 4.80374e+19
Pixel 1, 112, 1, 1, 4.80374e+19
=== 580079 ===
--- pALPIDEfs_2 ---
Pixel 174, 422, 1, 1, 4.80374e+19
Pixel 175, 422, 1, 1, 4.80374e+19
=== 585620 ===
--- pALPIDEfs_1 ---
Pixel 1023, 283, 1, 1, 4.80374e+19
=== 588530 ===
--- pALPIDEfs_5 ---
Pixel 202, 41, 1, 1, 4.80374e+19
=== 599761 ===
--- pALPIDEfs_2 ---
Pixel 387, 367, 1, 1, 4.80374e+19
Pixel 387, 368, 1, 1, 4.80374e+19
Pixel 388, 367, 1, 1, 4.80374e+19
Pixel 388, 368, 1, 1, 4.80374e+19
=== 600111 ===
--- pALPIDEfs_4 ---
Pixel 858, 442, 1, 1, 4.80374e+19
Pixel 859, 442, 1, 1, 4.80374e+19
Pixel 858, 443, 1, 1, 4.80374e+19
=== 601134 ===
--- pALPIDEfs_0 ---
Pixel 365, 438, 1, 1, 4.80374e+19
Pixel 365, 439, 1, 1, 4.80374e+19
Pixel 366, 438, 1, 1, 4.80374e+19
Pixel 366, 439, 1, 1, 4.80374e+19
=== 603233 ===
--- pALPIDEfs_0 ---
Pixel 156, 73, 1, 1, 4.80374e+19
Pixel 156, 74, 1, 1, 4.80374e+19
--- pALPIDEfs_1 ---
Pixel 491, 461, 1, 1, 4.80374e+19
Pixel 490, 461, 1, 1, 4.80374e+19
Pixel 490, 462, 1, 1, 4.80374e+19
Pixel 491, 462, 1, 1, 4.80374e+19
Pixel 500, 467, 1, 1, 4.80374e+19
Pixel 500, 468, 1, 1, 4.80374e+19
Pixel 501, 468, 1, 1, 4.80374e+19
=== 617804 ===
--- pALPIDEfs_3 ---
Pixel 557, 180, 1, 1, 4.80374e+19
=== 656469 ===
--- pALPIDEfs_0 ---
Pixel 712, 242, 1, 1, 4.80374e+19
--- pALPIDEfs_1 ---
Pixel 29, 1, 1, 1, 4.80374e+19
Pixel 30, 1, 1, 1, 4.80374e+19
Pixel 687, 149, 1, 1, 4.80374e+19
Pixel 686, 149, 1, 1, 4.80374e+19
=== 662902 ===
--- pALPIDEfs_3 ---
Pixel 557, 180, 1, 1, 4.80374e+19
=== 665371 ===
--- pALPIDEfs_2 ---
Pixel 221, 203, 1, 1, 4.80374e+19
Pixel 220, 203, 1, 1, 4.80374e+19
Pixel 840, 430, 1, 1, 4.80374e+19
Pixel 841, 430, 1, 1, 4.80374e+19
Pixel 841, 431, 1, 1, 4.80374e+19
Pixel 840, 431, 1, 1, 4.80374e+19
Pixel 843, 429, 1, 1, 4.80374e+19
Pixel 842, 430, 1, 1, 4.80374e+19
Pixel 845, 427, 1, 1, 4.80374e+19
Pixel 845, 428, 1, 1, 4.80374e+19
Pixel 847, 424, 1, 1, 4.80374e+19
Pixel 847, 425, 1, 1, 4.80374e+19
Pixel 846, 426, 1, 1, 4.80374e+19
Pixel 847, 426, 1, 1, 4.80374e+19
Pixel 846, 427, 1, 1, 4.80374e+19
Pixel 848, 423, 1, 1, 4.80374e+19
Pixel 848, 424, 1, 1, 4.80374e+19
Pixel 850, 420, 1, 1, 4.80374e+19
Pixel 851, 420, 1, 1, 4.80374e+19
Pixel 850, 421, 1, 1, 4.80374e+19
=== 666661 ===
--- pALPIDEfs_0 ---
Pixel 1009, 217, 1, 1, 4.80374e+19
--- pALPIDEfs_1 ---
Pixel 992, 184, 1, 1, 4.80374e+19
=== 669921 ===
--- pALPIDEfs_3 ---
Pixel 627, 161, 1, 1, 4.80374e+19
Pixel 627, 162, 1, 1, 4.80374e+19
Pixel 628, 161, 1, 1, 4.80374e+19
=== 692132 ===
--- pALPIDEfs_5 ---
Pixel 43, 482, 1, 1, 4.80374e+19
Pixel 43, 483, 1, 1, 4.80374e+19
--- pALPIDEfs_6 ---
Pixel 120, 222, 1, 1, 4.80374e+19
Pixel 121, 223, 1, 1, 4.80374e+19
Pixel 120, 223, 1, 1, 4.80374e+19
=== 720764 ===
--- pALPIDEfs_5 ---
Pixel 679, 277, 1, 1, 4.80374e+19
Pixel 680, 277, 1, 1, 4.80374e+19
--- pALPIDEfs_6 ---
Pixel 357, 411, 1, 1, 4.80374e+19
=== 724682 ===
--- pALPIDEfs_0 ---
Pixel 170, 311, 1, 1, 4.80374e+19
Pixel 170, 312, 1, 1, 4.80374e+19
--- pALPIDEfs_1 ---
Pixel 202, 176, 1, 1, 4.80374e+19
=== 737409 ===
--- pALPIDEfs_0 ---
Pixel 711, 401, 1, 1, 4.80374e+19
=== 749686 ===
--- pALPIDEfs_3 ---
Pixel 63, 12, 1, 1, 4.80374e+19
Pixel 63, 13, 1, 1, 4.80374e+19
Pixel 64, 12, 1, 1, 4.80374e+19
Pixel 64, 13, 1, 1, 4.80374e+19
=== 751882 ===
--- pALPIDEfs_1 ---
Pixel 967, 477, 1, 1, 4.80374e+19
=== 754043 ===
--- pALPIDEfs_5 ---
Pixel 547, 256, 1, 1, 4.80374e+19
Pixel 548, 256, 1, 1, 4.80374e+19
=== 756495 ===
--- pALPIDEfs_3 ---
Pixel 557, 180, 1, 1, 4.80374e+19
=== 780946 ===
--- pALPIDEfs_5 ---
Pixel 572, 389, 1, 1, 4.80374e+19
Pixel 572, 390, 1, 1, 4.80374e+19
--- pALPIDEfs_6 ---
Pixel 539, 123, 1, 1, 4.80374e+19
Pixel 538, 123, 1, 1, 4.80374e+19
=== 798492 ===
--- pALPIDEfs_4 ---
Pixel 787, 470, 1, 1, 4.80374e+19
Pixel 787, 471, 1, 1, 4.80374e+19
Pixel 786, 472, 1, 1, 4.80374e+19
Pixel 787, 472, 1, 1, 4.80374e+19
Pixel 786, 473, 1, 1, 4.80374e+19
Pixel 788, 469, 1, 1, 4.80374e+19
Pixel 788, 470, 1, 1, 4.80374e+19
=== 802546 ===
--- pALPIDEfs_3 ---
Pixel 524, 258, 1, 1, 4.80374e+19
Pixel 525, 258, 1, 1, 4.80374e+19
=== 802631 ===
--- pALPIDEfs_0 ---
Pixel 116, 166, 1, 1, 4.80374e+19
Pixel 116, 167, 1, 1, 4.80374e+19
=== 834346 ===
--- pALPIDEfs_4 ---
Pixel 302, 190, 1, 1, 4.80374e+19
Pixel 303, 190, 1, 1, 4.80374e+19
Pixel 303, 191, 1, 1, 4.80374e+19
Pixel 302, 191, 1, 1, 4.80374e+19
=== 876038 ===
--- pALPIDEfs_2 ---
Pixel 626, 190, 1, 1, 4.80374e+19
Pixel 627, 190, 1, 1, 4.80374e+19
Pixel 627, 191, 1, 1, 4.80374e+19
Pixel 626, 191, 1, 1, 4.80374e+19
=== 887790 ===
--- pALPIDEfs_1 ---
Pixel 555, 44, 1, 1, 4.80374e+19
Pixel 555, 45, 1, 1, 4.80374e+19
Pixel 556, 44, 1, 1, 4.80374e+19
Pixel 556, 45, 1, 1, 4.80374e+19
Pixel 556, 46, 1, 1, 4.80374e+19
--- pALPIDEfs_4 ---
Pixel 317, 261, 1, 1, 4.80374e+19
Pixel 316, 261, 1, 1, 4.80374e+19
Pixel 316, 262, 1, 1, 4.80374e+19
Pixel 317, 262, 1, 1, 4.80374e+19
=== 889150 ===
--- pALPIDEfs_1 ---
Pixel 846, 260, 1, 1, 4.80374e+19
=== 900328 ===
--- pALPIDEfs_3 ---
Pixel 557, 180, 1, 1, 4.80374e+19
=== 907812 ===
--- pALPIDEfs_3 ---
Pixel 364, 501, 1, 1, 4.80374e+19
Pixel 364, 502, 1, 1, 4.80374e+19
--- pALPIDEfs_4 ---
Pixel 861, 258, 1, 1, 4.80374e+19
=== 928447 ===
--- pALPIDEfs_3 ---
Pixel 739, 250, 1, 1, 4.80374e+19
Pixel 739, 251, 1, 1, 4.80374e+19
Pixel 740, 250, 1, 1, 4.80374e+19
Pixel 740, 251, 1, 1, 4.80374e+19
--- pALPIDEfs_4 ---
Pixel 835, 289, 1, 1, 4.80374e+19
=== 937508 ===
--- pALPIDEfs_1 ---
Pixel 655, 348, 1, 1, 4.80374e+19
Pixel 656, 348, 1, 1, 4.80374e+19
Pixel 656, 349, 1, 1, 4.80374e+19
=== 957068 ===
--- pALPIDEfs_4 ---
Pixel 911, 257, 1, 1, 4.80374e+19
Pixel 910, 257, 1, 1, 4.80374e+19
=== 958295 ===
--- pALPIDEfs_5 ---
Pixel 871, 289, 1, 1, 4.80374e+19
Pixel 871, 290, 1, 1, 4.80374e+19
=== 963051 ===
--- pALPIDEfs_2 ---
Pixel 105, 459, 1, 1, 4.80374e+19
Pixel 104, 459, 1, 1, 4.80374e+19
Pixel 104, 460, 1, 1, 4.80374e+19
Pixel 105, 460, 1, 1, 4.80374e+19
=== 967918 ===
--- pALPIDEfs_4 ---
Pixel 537, 328, 1, 1, 4.80374e+19
Pixel 537, 329, 1, 1, 4.80374e+19
Pixel 538, 328, 1, 1, 4.80374e+19
Pixel 539, 329, 1, 1, 4.80374e+19
Pixel 538, 329, 1, 1, 4.80374e+19
=== 967919 ===
--- pALPIDEfs_4 ---
Pixel 538, 328, 1, 1, 4.80374e+19
Pixel 539, 329, 1, 1, 4.80374e+19
Pixel 538, 329, 1, 1, 4.80374e+19
Pixel 540, 329, 1, 1, 4.80374e+19
=== 986047 ===
--- pALPIDEfs_4 ---
Pixel 37, 304, 1, 1, 4.80374e+19
Pixel 37, 305, 1, 1, 4.80374e+19
Pixel 38, 305, 1, 1, 4.80374e+19
=== 1008028 ===
--- pALPIDEfs_3 ---
Pixel 557, 180, 1, 1, 4.80374e+19
=== 1010411 ===
--- pALPIDEfs_0 ---
Pixel 213, 473, 1, 1, 4.80374e+19
Pixel 214, 472, 1, 1, 4.80374e+19
Pixel 223, 474, 1, 1, 4.80374e+19
Pixel 223, 475, 1, 1, 4.80374e+19
Pixel 223, 476, 1, 1, 4.80374e+19
Pixel 224, 475, 1, 1, 4.80374e+19
Pixel 224, 476, 1, 1, 4.80374e+19
=== 1023610 ===
--- pALPIDEfs_0 ---
Pixel 617, 433, 1, 1, 4.80374e+19
Pixel 617, 434, 1, 1, 4.80374e+19
Pixel 618, 433, 1, 1, 4.80374e+19
Pixel 618, 434, 1, 1, 4.80374e+19
Pixel 618, 435, 1, 1, 4.80374e+19
Pixel 729, 260, 1, 1, 4.80374e+19
Pixel 729, 261, 1, 1, 4.80374e+19
=== 1043019 ===
--- pALPIDEfs_6 ---
Pixel 51, 209, 1, 1, 4.80374e+19
Pixel 51, 210, 1, 1, 4.80374e+19
Pixel 53, 209, 1, 1, 4.80374e+19
Pixel 52, 209, 1, 1, 4.80374e+19
Pixel 52, 210, 1, 1, 4.80374e+19
Pixel 381, 1, 1, 1, 4.80374e+19
Pixel 381, 2, 1, 1, 4.80374e+19
Pixel 383, 1, 1, 1, 4.80374e+19
Pixel 382, 1, 1, 1, 4.80374e+19
Pixel 382, 2, 1, 1, 4.80374e+19
Pixel 383, 2, 1, 1, 4.80374e+19
=== 1055895 ===
--- pALPIDEfs_2 ---
Pixel 264, 289, 1, 1, 4.80374e+19
=== 1080436 ===
--- pALPIDEfs_2 ---
Pixel 249, 425, 1, 1, 4.80374e+19
Pixel 249, 426, 1, 1, 4.80374e+19
Pixel 250, 425, 1, 1, 4.80374e+19
--- pALPIDEfs_3 ---
Pixel 348, 110, 1, 1, 4.80374e+19
Pixel 349, 110, 1, 1, 4.80374e+19
Pixel 349, 111, 1, 1, 4.80374e+19
Pixel 348, 111, 1, 1, 4.80374e+19
=== 1084364 ===
--- pALPIDEfs_0 ---
Pixel 429, 175, 1, 1, 4.80374e+19
Pixel 428, 176, 1, 1, 4.80374e+19
Pixel 429, 176, 1, 1, 4.80374e+19
Pixel 429, 177, 1, 1, 4.80374e+19
Pixel 428, 177, 1, 1, 4.80374e+19
Pixel 430, 175, 1, 1, 4.80374e+19
Pixel 430, 176, 1, 1, 4.80374e+19
=== 1132160 ===
--- pALPIDEfs_3 ---
Pixel 711, 200, 1, 1, 4.80374e+19
Pixel 711, 201, 1, 1, 4.80374e+19
=== 1134011 ===
--- pALPIDEfs_3 ---
Pixel 658, 42, 1, 1, 4.80374e+19
Pixel 659, 43, 1, 1, 4.80374e+19
Pixel 658, 43, 1, 1, 4.80374e+19
Pixel 659, 44, 1, 1, 4.80374e+19
=== 1140515 ===
--- pALPIDEfs_6 ---
Pixel 371, 349, 1, 1, 4.80374e+19
Pixel 372, 348, 1, 1, 4.80374e+19
Pixel 372, 349, 1, 1, 4.80374e+19
Pixel 372, 350, 1, 1, 4.80374e+19
=== 1143824 ===
--- pALPIDEfs_6 ---
Pixel 222, 304, 1, 1, 4.80374e+19
Pixel 222, 305, 1, 1, 4.80374e+19
=== 1154605 ===
--- pALPIDEfs_0 ---
Pixel 759, 198, 1, 1, 4.80374e+19
Pixel 759, 199, 1, 1, 4.80374e+19
Pixel 760, 198, 1, 1, 4.80374e+19
Pixel 760, 199, 1, 1, 4.80374e+19
=== 1179248 ===
--- pALPIDEfs_3 ---
Pixel 856, 490, 1, 1, 4.80374e+19
Pixel 857, 490, 1, 1, 4.80374e+19
Pixel 856, 491, 1, 1, 4.80374e+19
=== 1181580 ===
--- pALPIDEfs_2 ---
Pixel 125, 417, 1, 1, 4.80374e+19
--- pALPIDEfs_3 ---
Pixel 168, 36, 1, 1, 4.80374e+19
Pixel 169, 36, 1, 1, 4.80374e+19
=== 1195196 ===
--- pALPIDEfs_2 ---
Pixel 767, 21, 1, 1, 4.80374e+19
Pixel 767, 22, 1, 1, 4.80374e+19
Pixel 768, 21, 1, 1, 4.80374e+19
Pixel 768, 22, 1, 1, 4.80374e+19
=== 1208678 ===
--- pALPIDEfs_0 ---
Pixel 149, 158, 1, 1, 4.80374e+19
Pixel 150, 158, 1, 1, 4.80374e+19
=== 1209228 ===
--- pALPIDEfs_3 ---
Pixel 677, 145, 1, 1, 4.80374e+19
Pixel 677, 146, 1, 1, 4.80374e+19
Pixel 677, 147, 1, 1, 4.80374e+19
Pixel 678, 145, 1, 1, 4.80374e+19
Pixel 678, 146, 1, 1, 4.80374e+19
Pixel 678, 147, 1, 1, 4.80374e+19
=== 1214451 ===
--- pALPIDEfs_3 ---
Pixel 557, 180, 1, 1, 4.80374e+19
=== 1224195 ===
--- pALPIDEfs_3 ---
Pixel 99, 260, 1, 1, 4.80374e+19
Pixel 100, 260, 1, 1, 4.80374e+19
=== 1224592 ===
--- pALPIDEfs_3 ---
Pixel 557, 180, 1, 1, 4.80374e+19
=== 1251254 ===
--- pALPIDEfs_3 ---
Pixel 485, 232, 1, 1, 4.80374e+19
Pixel 485, 233, 1, 1, 4.80374e+19
Pixel 485, 234, 1, 1, 4.80374e+19
Pixel 487, 228, 1, 1, 4.80374e+19
Pixel 487, 229, 1, 1, 4.80374e+19
Pixel 486, 230, 1, 1, 4.80374e+19
Pixel 487, 230, 1, 1, 4.80374e+19
Pixel 487, 231, 1, 1, 4.80374e+19
Pixel 486, 231, 1, 1, 4.80374e+19
Pixel 486, 232, 1, 1, 4.80374e+19
Pixel 486, 233, 1, 1, 4.80374e+19
=== 1262985 ===
--- pALPIDEfs_5 ---
Pixel 71, 115, 1, 1, 4.80374e+19
Pixel 70, 116, 1, 1, 4.80374e+19
Pixel 71, 116, 1, 1, 4.80374e+19
Pixel 71, 117, 1, 1, 4.80374e+19
=== 1262986 ===
--- pALPIDEfs_5 ---
Pixel 71, 115, 1, 1, 4.80374e+19
Pixel 70, 116, 1, 1, 4.80374e+19
Pixel 71, 117, 1, 1, 4.80374e+19
=== 1275494 ===
--- pALPIDEfs_3 ---
Pixel 557, 180, 1, 1, 4.80374e+19
=== 1278066 ===
--- pALPIDEfs_1 ---
Pixel 986, 318, 1, 1, 4.80374e+19
=== 1289439 ===
--- pALPIDEfs_3 ---
Pixel 493, 499, 1, 1, 4.80374e+19
Pixel 492, 499, 1, 1, 4.80374e+19
Pixel 492, 500, 1, 1, 4.80374e+19
Pixel 493, 500, 1, 1, 4.80374e+19
--- pALPIDEfs_4 ---
Pixel 708, 148, 1, 1, 4.80374e+19
Pixel 709, 148, 1, 1, 4.80374e+19
Pixel 709, 149, 1, 1, 4.80374e+19
Pixel 708, 149, 1, 1, 4.80374e+19
=== 1292702 ===
--- pALPIDEfs_5 ---
Pixel 267, 471, 1, 1, 4.80374e+19
Pixel 267, 472, 1, 1, 4.80374e+19
=== 1292739 ===
--- pALPIDEfs_6 ---
Pixel 133, 68, 1, 1, 4.80374e+19
Pixel 133, 69, 1, 1, 4.80374e+19
Pixel 133, 70, 1, 1, 4.80374e+19
Pixel 134, 68, 1, 1, 4.80374e+19
Pixel 134, 69, 1, 1, 4.80374e+19
Pixel 134, 70, 1, 1, 4.80374e+19
=== 1296933 ===
--- pALPIDEfs_3 ---
Pixel 198, 490, 1, 1, 4.80374e+19
Pixel 199, 490, 1, 1, 4.80374e+19
Pixel 199, 491, 1, 1, 4.80374e+19
Pixel 198, 491, 1, 1, 4.80374e+19
Pixel 198, 492, 1, 1, 4.80374e+19
Pixel 199, 492, 1, 1, 4.80374e+19
=== 1304030 ===
--- pALPIDEfs_4 ---
Pixel 207, 371, 1, 1, 4.80374e+19
Pixel 206, 371, 1, 1, 4.80374e+19
Pixel 206, 372, 1, 1, 4.80374e+19
Pixel 207, 372, 1, 1, 4.80374e+19
=== 1307010 ===
--- pALPIDEfs_4 ---
Pixel 19, 252, 1, 1, 4.80374e+19
Pixel 19, 253, 1, 1, 4.80374e+19
Pixel 18, 253, 1, 1, 4.80374e+19
Pixel 18, 254, 1, 1, 4.80374e+19
Pixel 19, 254, 1, 1, 4.80374e+19
Pixel 20, 252, 1, 1, 4.80374e+19
Pixel 20, 253, 1, 1, 4.80374e+19
=== 1313235 ===
--- pALPIDEfs_5 ---
Pixel 269, 263, 1, 1, 4.80374e+19
Pixel 268, 264, 1, 1, 4.80374e+19
Pixel 269, 264, 1, 1, 4.80374e+19
Pixel 270, 263, 1, 1, 4.80374e+19
Pixel 270, 264, 1, 1, 4.80374e+19
=== 1316791 ===
--- pALPIDEfs_0 ---
Pixel 320, 116, 1, 1, 4.80374e+19
--- pALPIDEfs_1 ---
Pixel 737, 184, 1, 1, 4.80374e+19
=== 1318529 ===
--- pALPIDEfs_6 ---
Pixel 573, 427, 1, 1, 4.80374e+19
Pixel 573, 428, 1, 1, 4.80374e+19
=== 1322162 ===
--- pALPIDEfs_0 ---
Pixel 577, 227, 1, 1, 4.80374e+19
Pixel 577, 228, 1, 1, 4.80374e+19
=== 1323396 ===
--- pALPIDEfs_3 ---
Pixel 557, 180, 1, 1, 4.80374e+19
=== 1340267 ===
--- pALPIDEfs_2 ---
Pixel 941, 137, 1, 1, 4.80374e+19
Pixel 940, 137, 1, 1, 4.80374e+19
Pixel 940, 138, 1, 1, 4.80374e+19
Pixel 941, 138, 1, 1, 4.80374e+19
=== 1343361 ===
--- pALPIDEfs_5 ---
Pixel 687, 311, 1, 1, 4.80374e+19
Pixel 687, 312, 1, 1, 4.80374e+19
Pixel 688, 311, 1, 1, 4.80374e+19
Pixel 688, 312, 1, 1, 4.80374e+19
=== 1362179 ===
--- pALPIDEfs_0 ---
Pixel 145, 196, 1, 1, 4.80374e+19
Pixel 145, 197, 1, 1, 4.80374e+19
=== 1367941 ===
--- pALPIDEfs_0 ---
Pixel 237, 183, 1, 1, 4.80374e+19
Pixel 238, 183, 1, 1, 4.80374e+19
Pixel 238, 184, 1, 1, 4.80374e+19
Pixel 239, 184, 1, 1, 4.80374e+19
Pixel 240, 184, 1, 1, 4.80374e+19
Pixel 240, 185, 1, 1, 4.80374e+19
=== 1382634 ===
--- pALPIDEfs_3 ---
Pixel 975, 49, 1, 1, 4.80374e+19
Pixel 975, 50, 1, 1, 4.80374e+19
Pixel 976, 49, 1, 1, 4.80374e+19
Pixel 976, 50, 1, 1, 4.80374e+19
=== 1390032 ===
--- pALPIDEfs_6 ---
Pixel 401, 116, 1, 1, 4.80374e+19
Pixel 401, 117, 1, 1, 4.80374e+19
Pixel 400, 117, 1, 1, 4.80374e+19
Pixel 400, 118, 1, 1, 4.80374e+19
Pixel 401, 118, 1, 1, 4.80374e+19
Pixel 402, 116, 1, 1, 4.80374e+19
Pixel 402, 117, 1, 1, 4.80374e+19
Pixel 402, 118, 1, 1, 4.80374e+19
=== 1393871 ===
--- pALPIDEfs_4 ---
Pixel 632, 28, 1, 1, 4.80374e+19
Pixel 632, 29, 1, 1, 4.80374e+19
=== 1395660 ===
--- pALPIDEfs_2 ---
Pixel 794, 64, 1, 1, 4.80374e+19
--- pALPIDEfs_3 ---
Pixel 733, 421, 1, 1, 4.80374e+19
Pixel 733, 422, 1, 1, 4.80374e+19
Pixel 734, 421, 1, 1, 4.80374e+19
Pixel 734, 422, 1, 1, 4.80374e+19
=== 1397574 ===
--- pALPIDEfs_1 ---
Pixel 121, 61, 1, 1, 4.80374e+19
--- pALPIDEfs_2 ---
Pixel 293, 382, 1, 1, 4.80374e+19
Pixel 294, 382, 1, 1, 4.80374e+19
=== 1400168 ===
--- pALPIDEfs_0 ---
Pixel 962, 374, 1, 1, 4.80374e+19
Pixel 963, 374, 1, 1, 4.80374e+19
Pixel 963, 375, 1, 1, 4.80374e+19
Pixel 962, 375, 1, 1, 4.80374e+19
=== 1410634 ===
--- pALPIDEfs_4 ---
Pixel 1016, 70, 1, 1, 4.80374e+19
Pixel 1017, 70, 1, 1, 4.80374e+19
Pixel 1017, 71, 1, 1, 4.80374e+19
Pixel 1016, 71, 1, 1, 4.80374e+19
Pixel 1016, 72, 1, 1, 4.80374e+19
Pixel 1017, 72, 1, 1, 4.80374e+19
=== 1415856 ===
--- pALPIDEfs_3 ---
Pixel 901, 222, 1, 1, 4.80374e+19
=== 1427355 ===
--- pALPIDEfs_1 ---
Pixel 178, 194, 1, 1, 4.80374e+19
=== 1427549 ===
--- pALPIDEfs_3 ---
Pixel 547, 394, 1, 1, 4.80374e+19
Pixel 548, 394, 1, 1, 4.80374e+19
Pixel 548, 395, 1, 1, 4.80374e+19
=== 1462610 ===
--- pALPIDEfs_5 ---
Pixel 118, 298, 1, 1, 4.80374e+19
--- pALPIDEfs_6 ---
Pixel 363, 256, 1, 1, 4.80374e+19
Pixel 364, 256, 1, 1, 4.80374e+19
Pixel 364, 257, 1, 1, 4.80374e+19
=== 1462612 ===
--- pALPIDEfs_4 ---
Pixel 119, 282, 1, 1, 4.80374e+19
=== 1464777 ===
--- pALPIDEfs_6 ---
Pixel 155, 287, 1, 1, 4.80374e+19
Pixel 155, 288, 1, 1, 4.80374e+19
Pixel 156, 287, 1, 1, 4.80374e+19
Pixel 156, 288, 1, 1, 4.80374e+19
=== 1468384 ===
--- pALPIDEfs_4 ---
Pixel 470, 302, 1, 1, 4.80374e+19
Pixel 470, 303, 1, 1, 4.80374e+19
=== 1480900 ===
--- pALPIDEfs_1 ---
Pixel 500, 100, 1, 1, 4.80374e+19
Pixel 501, 100, 1, 1, 4.80374e+19
Pixel 500, 101, 1, 1, 4.80374e+19
--- pALPIDEfs_2 ---
Pixel 677, 6, 1, 1, 4.80374e+19
Pixel 677, 7, 1, 1, 4.80374e+19
Pixel 678, 6, 1, 1, 4.80374e+19
Pixel 679, 6, 1, 1, 4.80374e+19
Pixel 679, 7, 1, 1, 4.80374e+19
Pixel 678, 7, 1, 1, 4.80374e+19
Pixel 681, 7, 1, 1, 4.80374e+19
Pixel 680, 7, 1, 1, 4.80374e+19
Pixel 681, 8, 1, 1, 4.80374e+19
=== 1487823 ===
--- pALPIDEfs_5 ---
Pixel 895, 125, 1, 1, 4.80374e+19
Pixel 894, 125, 1, 1, 4.80374e+19
Pixel 894, 126, 1, 1, 4.80374e+19
=== 1535820 ===
--- pALPIDEfs_5 ---
Pixel 708, 401, 1, 1, 4.80374e+19
=== 1565117 ===
--- pALPIDEfs_0 ---
Pixel 289, 301, 1, 1, 4.80374e+19
=== 1568473 ===
--- pALPIDEfs_2 ---
Pixel 908, 206, 1, 1, 4.80374e+19
Pixel 909, 206, 1, 1, 4.80374e+19
Pixel 909, 207, 1, 1, 4.80374e+19
Pixel 909, 208, 1, 1, 4.80374e+19
Pixel 909, 209, 1, 1, 4.80374e+19
=== 1583066 ===
--- pALPIDEfs_4 ---
Pixel 410, 446, 1, 1, 4.80374e+19
Pixel 411, 446, 1, 1, 4.80374e+19
Pixel 411, 447, 1, 1, 4.80374e+19
Pixel 412, 447, 1, 1, 4.80374e+19
Pixel 421, 439, 1, 1, 4.80374e+19
Pixel 421, 440, 1, 1, 4.80374e+19
Pixel 421, 441, 1, 1, 4.80374e+19
Pixel 422, 439, 1, 1, 4.80374e+19
Pixel 422, 440, 1, 1, 4.80374e+19
Pixel 422, 441, 1, 1, 4.80374e+19
=== 1585286 ===
--- pALPIDEfs_1 ---
Pixel 6, 82, 1, 1, 4.80374e+19
Pixel 7, 82, 1, 1, 4.80374e+19
Pixel 7, 83, 1, 1, 4.80374e+19
Pixel 6, 83, 1, 1, 4.80374e+19
Pixel 6, 84, 1, 1, 4.80374e+19
Pixel 7, 84, 1, 1, 4.80374e+19
=== 1587013 ===
--- pALPIDEfs_0 ---
Pixel 151, 52, 1, 1, 4.80374e+19
Pixel 151, 53, 1, 1, 4.80374e+19
Pixel 151, 54, 1, 1, 4.80374e+19
Pixel 151, 55, 1, 1, 4.80374e+19
Pixel 151, 56, 1, 1, 4.80374e+19
Pixel 152, 52, 1, 1, 4.80374e+19
Pixel 152, 53, 1, 1, 4.80374e+19
Pixel 152, 54, 1, 1, 4.80374e+19
Pixel 152, 55, 1, 1, 4.80374e+19
=== 1600292 ===
--- pALPIDEfs_0 ---
Pixel 558, 124, 1, 1, 4.80374e+19
Pixel 559, 124, 1, 1, 4.80374e+19
Pixel 559, 125, 1, 1, 4.80374e+19
=== 1600423 ===
--- pALPIDEfs_3 ---
Pixel 557, 180, 1, 1, 4.80374e+19
=== 1605197 ===
--- pALPIDEfs_3 ---
Pixel 877, 400, 1, 1, 4.80374e+19
Pixel 877, 401, 1, 1, 4.80374e+19
Pixel 878, 400, 1, 1, 4.80374e+19
=== 1619561 ===
--- pALPIDEfs_4 ---
Pixel 963, 410, 1, 1, 4.80374e+19
Pixel 964, 410, 1, 1, 4.80374e+19
--- pALPIDEfs_5 ---
Pixel 968, 178, 1, 1, 4.80374e+19
Pixel 969, 178, 1, 1, 4.80374e+19
Pixel 969, 179, 1, 1, 4.80374e+19
=== 1627528 ===
--- pALPIDEfs_1 ---
Pixel 933, 191, 1, 1, 4.80374e+19
Pixel 934, 191, 1, 1, 4.80374e+19
=== 1627529 ===
--- pALPIDEfs_1 ---
Pixel 933, 190, 1, 1, 4.80374e+19
Pixel 933, 191, 1, 1, 4.80374e+19
Pixel 934, 191, 1, 1, 4.80374e+19
Pixel 934, 192, 1, 1, 4.80374e+19
=== 1628491 ===
--- pALPIDEfs_5 ---
Pixel 85, 113, 1, 1, 4.80374e+19
Pixel 86, 113, 1, 1, 4.80374e+19
Pixel 86, 114, 1, 1, 4.80374e+19
Pixel 87, 114, 1, 1, 4.80374e+19
Pixel 87, 115, 1, 1, 4.80374e+19
=== 1649144 ===
--- pALPIDEfs_4 ---
Pixel 264, 469, 1, 1, 4.80374e+19
Pixel 264, 470, 1, 1, 4.80374e+19
=== 1662820 ===
--- pALPIDEfs_3 ---
Pixel 863, 100, 1, 1, 4.80374e+19
Pixel 863, 101, 1, 1, 4.80374e+19
Pixel 864, 100, 1, 1, 4.80374e+19
Pixel 865, 100, 1, 1, 4.80374e+19
Pixel 865, 101, 1, 1, 4.80374e+19
Pixel 864, 101, 1, 1, 4.80374e+19
Pixel 866, 100, 1, 1, 4.80374e+19
=== 1665457 ===
--- pALPIDEfs_1 ---
Pixel 803, 385, 1, 1, 4.80374e+19
Pixel 802, 385, 1, 1, 4.80374e+19
Pixel 802, 386, 1, 1, 4.80374e+19
Pixel 803, 386, 1, 1, 4.80374e+19
--- pALPIDEfs_2 ---
Pixel 155, 32, 1, 1, 4.80374e+19
Pixel 155, 33, 1, 1, 4.80374e+19
=== 1670449 ===
--- pALPIDEfs_3 ---
Pixel 436, 460, 1, 1, 4.80374e+19
=== 1676970 ===
--- pALPIDEfs_3 ---
Pixel 557, 180, 1, 1, 4.80374e+19
=== 1677406 ===
--- pALPIDEfs_6 ---
Pixel 766, 248, 1, 1, 4.80374e+19
=== 1678831 ===
--- pALPIDEfs_0 ---
Pixel 91, 334, 1, 1, 4.80374e+19
Pixel 92, 334, 1, 1, 4.80374e+19
Pixel 93, 334, 1, 1, 4.80374e+19
=== 1681408 ===
--- pALPIDEfs_2 ---
Pixel 300, 355, 1, 1, 4.80374e+19
--- pALPIDEfs_3 ---
Pixel 379, 439, 1, 1, 4.80374e+19
Pixel 379, 440, 1, 1, 4.80374e+19
Pixel 380, 439, 1, 1, 4.80374e+19
Pixel 380, 440, 1, 1, 4.80374e+19
=== 1701764 ===
--- pALPIDEfs_6 ---
Pixel 544, 91, 1, 1, 4.80374e+19
=== 1703751 ===
--- pALPIDEfs_3 ---
Pixel 625, 131, 1, 1, 4.80374e+19
Pixel 625, 132, 1, 1, 4.80374e+19
Pixel 625, 133, 1, 1, 4.80374e+19
Pixel 626, 131, 1, 1, 4.80374e+19
Pixel 626, 132, 1, 1, 4.80374e+19
Pixel 626, 133, 1, 1, 4.80374e+19
=== 1715738 ===
--- pALPIDEfs_0 ---
Pixel 252, 93, 1, 1, 4.80374e+19
--- pALPIDEfs_1 ---
Pixel 517, 284, 1, 1, 4.80374e+19
=== 1723804 ===
--- pALPIDEfs_4 ---
Pixel 561, 459, 1, 1, 4.80374e+19
Pixel 561, 460, 1, 1, 4.80374e+19
Pixel 562, 459, 1, 1, 4.80374e+19
Pixel 562, 460, 1, 1, 4.80374e+19
=== 1730870 ===
--- pALPIDEfs_3 ---
Pixel 557, 180, 1, 1, 4.80374e+19
=== 1824002 ===
--- pALPIDEfs_5 ---
Pixel 624, 364, 1, 1, 4.80374e+19
Pixel 625, 364, 1, 1, 4.80374e+19
Pixel 625, 365, 1, 1, 4.80374e+19
=== 1858057 ===
--- pALPIDEfs_4 ---
Pixel 917, 428, 1, 1, 4.80374e+19
Pixel 918, 428, 1, 1, 4.80374e+19
=== 1860964 ===
--- pALPIDEfs_0 ---
Pixel 575, 222, 1, 1, 4.80374e+19
Pixel 576, 222, 1, 1, 4.80374e+19
--- pALPIDEfs_1 ---
Pixel 604, 98, 1, 1, 4.80374e+19
=== 1876070 ===
--- pALPIDEfs_2 ---
Pixel 381, 307, 1, 1, 4.80374e+19
Pixel 380, 307, 1, 1, 4.80374e+19
--- pALPIDEfs_3 ---
Pixel 347, 8, 1, 1, 4.80374e+19
Pixel 347, 9, 1, 1, 4.80374e+19
Pixel 348, 8, 1, 1, 4.80374e+19
Pixel 348, 9, 1, 1, 4.80374e+19
=== 1885607 ===
--- pALPIDEfs_2 ---
Pixel 85, 328, 1, 1, 4.80374e+19
Pixel 85, 329, 1, 1, 4.80374e+19
Pixel 86, 328, 1, 1, 4.80374e+19
Pixel 86, 329, 1, 1, 4.80374e+19
=== 1891419 ===
--- pALPIDEfs_4 ---
Pixel 167, 487, 1, 1, 4.80374e+19
Pixel 168, 487, 1, 1, 4.80374e+19
=== 1912363 ===
--- pALPIDEfs_2 ---
Pixel 981, 278, 1, 1, 4.80374e+19
Pixel 981, 279, 1, 1, 4.80374e+19
Pixel 981, 280, 1, 1, 4.80374e+19
Pixel 982, 278, 1, 1, 4.80374e+19
Pixel 982, 279, 1, 1, 4.80374e+19
Pixel 982, 280, 1, 1, 4.80374e+19
Pixel 983, 280, 1, 1, 4.80374e+19
Pixel 982, 281, 1, 1, 4.80374e+19
=== 1915305 ===
--- pALPIDEfs_1 ---
Pixel 870, 336, 1, 1, 4.80374e+19
Pixel 870, 337, 1, 1, 4.80374e+19
=== 1915528 ===
--- pALPIDEfs_0 ---
Pixel 89, 247, 1, 1, 4.80374e+19
Pixel 89, 248, 1, 1, 4.80374e+19
Pixel 89, 249, 1, 1, 4.80374e+19
=== 1917432 ===
--- pALPIDEfs_2 ---
Pixel 87, 189, 1, 1, 4.80374e+19
Pixel 86, 189, 1, 1, 4.80374e+19
=== 1920198 ===
--- pALPIDEfs_0 ---
Pixel 952, 494, 1, 1, 4.80374e+19
Pixel 953, 494, 1, 1, 4.80374e+19
Pixel 953, 495, 1, 1, 4.80374e+19
=== 1938649 ===
--- pALPIDEfs_3 ---
Pixel 899, 478, 1, 1, 4.80374e+19
Pixel 900, 477, 1, 1, 4.80374e+19
Pixel 900, 478, 1, 1, 4.80374e+19
Pixel 900, 479, 1, 1, 4.80374e+19
--- pALPIDEfs_5 ---
Pixel 711, 119, 1, 1, 4.80374e+19
Pixel 710, 119, 1, 1, 4.80374e+19
=== 1945504 ===
--- pALPIDEfs_0 ---
Pixel 783, 11, 1, 1, 4.80374e+19
Pixel 782, 12, 1, 1, 4.80374e+19
Pixel 783, 12, 1, 1, 4.80374e+19
Pixel 784, 11, 1, 1, 4.80374e+19
=== 1978571 ===
--- pALPIDEfs_2 ---
Pixel 147, 39, 1, 1, 4.80374e+19
Pixel 146, 39, 1, 1, 4.80374e+19
Pixel 146, 40, 1, 1, 4.80374e+19
Pixel 147, 40, 1, 1, 4.80374e+19
=== 1990893 ===
--- pALPIDEfs_1 ---
Pixel 391, 278, 1, 1, 4.80374e+19
Pixel 391, 279, 1, 1, 4.80374e+19
Pixel 392, 278, 1, 1, 4.80374e+19
=== 2008682 ===
--- pALPIDEfs_1 ---
Pixel 615, 212, 1, 1, 4.80374e+19
=== 2013227 ===
--- pALPIDEfs_0 ---
Pixel 173, 104, 1, 1, 4.80374e+19
Pixel 173, 105, 1, 1, 4.80374e+19
Pixel 172, 105, 1, 1, 4.80374e+19
Pixel 172, 106, 1, 1, 4.80374e+19
Pixel 173, 106, 1, 1, 4.80374e+19
Pixel 174, 105, 1, 1, 4.80374e+19
=== 2014488 ===
--- pALPIDEfs_3 ---
Pixel 557, 180, 1, 1, 4.80374e+19
=== 2021375 ===
--- pALPIDEfs_1 ---
Pixel 831, 509, 1, 1, 4.80374e+19
Pixel 831, 510, 1, 1, 4.80374e+19
=== 2021421 ===
--- pALPIDEfs_0 ---
Pixel 965, 3, 1, 1, 4.80374e+19
Pixel 966, 3, 1, 1, 4.80374e+19
=== 2043833 ===
--- pALPIDEfs_4 ---
Pixel 893, 314, 1, 1, 4.80374e+19
Pixel 894, 313, 1, 1, 4.80374e+19
Pixel 894, 314, 1, 1, 4.80374e+19
=== 2044166 ===
--- pALPIDEfs_2 ---
Pixel 296, 162, 1, 1, 4.80374e+19
=== 2045841 ===
--- pALPIDEfs_1 ---
Pixel 475, 119, 1, 1, 4.80374e+19
Pixel 476, 119, 1, 1, 4.80374e+19
=== 2050523 ===
--- pALPIDEfs_6 ---
Pixel 225, 73, 1, 1, 4.80374e+19
Pixel 225, 74, 1, 1, 4.80374e+19
Pixel 226, 73, 1, 1, 4.80374e+19
=== 2062851 ===
--- pALPIDEfs_4 ---
Pixel 627, 247, 1, 1, 4.80374e+19
Pixel 626, 247, 1, 1, 4.80374e+19
Pixel 626, 248, 1, 1, 4.80374e+19
Pixel 627, 248, 1, 1, 4.80374e+19
Pixel 627, 249, 1, 1, 4.80374e+19
Pixel 626, 249, 1, 1, 4.80374e+19
=== 2071429 ===
--- pALPIDEfs_4 ---
Pixel 99, 411, 1, 1, 4.80374e+19
Pixel 98, 411, 1, 1, 4.80374e+19
Pixel 101, 411, 1, 1, 4.80374e+19
Pixel 100, 411, 1, 1, 4.80374e+19
Pixel 100, 412, 1, 1, 4.80374e+19
--- pALPIDEfs_5 ---
Pixel 769, 365, 1, 1, 4.80374e+19
Pixel 768, 365, 1, 1, 4.80374e+19
Pixel 768, 366, 1, 1, 4.80374e+19
Pixel 769, 366, 1, 1, 4.80374e+19
=== 2073644 ===
--- pALPIDEfs_5 ---
Pixel 146, 147, 1, 1, 4.80374e+19
Pixel 146, 148, 1, 1, 4.80374e+19
Pixel 147, 148, 1, 1, 4.80374e+19
Pixel 146, 149, 1, 1, 4.80374e+19
=== 2074537 ===
--- pALPIDEfs_5 ---
Pixel 939, 82, 1, 1, 4.80374e+19
Pixel 940, 82, 1, 1, 4.80374e+19
--- pALPIDEfs_6 ---
Pixel 341, 494, 1, 1, 4.80374e+19
Pixel 341, 495, 1, 1, 4.80374e+19
Pixel 361, 498, 1, 1, 4.80374e+19
Pixel 362, 498, 1, 1, 4.80374e+19
=== 2086397 ===
--- pALPIDEfs_0 ---
Pixel 567, 91, 1, 1, 4.80374e+19
Pixel 569, 91, 1, 1, 4.80374e+19
Pixel 568, 91, 1, 1, 4.80374e+19
Pixel 568, 92, 1, 1, 4.80374e+19
Pixel 569, 92, 1, 1, 4.80374e+19
Pixel 570, 91, 1, 1, 4.80374e+19
Pixel 570, 92, 1, 1, 4.80374e+19
Pixel 571, 92, 1, 1, 4.80374e+19
Pixel 572, 92, 1, 1, 4.80374e+19
Pixel 573, 93, 1, 1, 4.80374e+19
Pixel 572, 93, 1, 1, 4.80374e+19
Pixel 575, 92, 1, 1, 4.80374e+19
Pixel 575, 93, 1, 1, 4.80374e+19
Pixel 574, 93, 1, 1, 4.80374e+19
Pixel 575, 94, 1, 1, 4.80374e+19
Pixel 576, 92, 1, 1, 4.80374e+19
Pixel 576, 93, 1, 1, 4.80374e+19
Pixel 576, 94, 1, 1, 4.80374e+19
Pixel 577, 94, 1, 1, 4.80374e+19
=== 2113206 ===
--- pALPIDEfs_2 ---
Pixel 506, 2, 1, 1, 4.80374e+19
Pixel 507, 2, 1, 1, 4.80374e+19
Pixel 506, 3, 1, 1, 4.80374e+19
=== 2115478 ===
--- pALPIDEfs_5 ---
Pixel 893, 305, 1, 1, 4.80374e+19
Pixel 894, 305, 1, 1, 4.80374e+19
=== 2119700 ===
--- pALPIDEfs_4 ---
Pixel 643, 39, 1, 1, 4.80374e+19
Pixel 643, 40, 1, 1, 4.80374e+19
Pixel 644, 39, 1, 1, 4.80374e+19
=== 2143585 ===
--- pALPIDEfs_0 ---
Pixel 191, 47, 1, 1, 4.80374e+19
Pixel 190, 47, 1, 1, 4.80374e+19
--- pALPIDEfs_1 ---
Pixel 381, 28, 1, 1, 4.80374e+19
Pixel 382, 28, 1, 1, 4.80374e+19
=== 2144109 ===
--- pALPIDEfs_1 ---
Pixel 372, 218, 1, 1, 4.80374e+19
Pixel 373, 218, 1, 1, 4.80374e+19
Pixel 373, 219, 1, 1, 4.80374e+19
Pixel 372, 219, 1, 1, 4.80374e+19
Pixel 373, 220, 1, 1, 4.80374e+19
Pixel 375, 219, 1, 1, 4.80374e+19
Pixel 374, 219, 1, 1, 4.80374e+19
Pixel 374, 220, 1, 1, 4.80374e+19
Pixel 375, 220, 1, 1, 4.80374e+19
Pixel 375, 221, 1, 1, 4.80374e+19
Pixel 374, 221, 1, 1, 4.80374e+19
=== 2147464 ===
--- pALPIDEfs_2 ---
Pixel 75, 52, 1, 1, 4.80374e+19
Pixel 76, 51, 1, 1, 4.80374e+19
Pixel 76, 52, 1, 1, 4.80374e+19
=== 2152545 ===
--- pALPIDEfs_1 ---
Pixel 721, 128, 1, 1, 4.80374e+19
Pixel 721, 129, 1, 1, 4.80374e+19
Pixel 722, 128, 1, 1, 4.80374e+19
Pixel 722, 129, 1, 1, 4.80374e+19
=== 2158072 ===
--- pALPIDEfs_5 ---
Pixel 52, 326, 1, 1, 4.80374e+19
Pixel 53, 326, 1, 1, 4.80374e+19
--- pALPIDEfs_6 ---
Pixel 441, 501, 1, 1, 4.80374e+19
Pixel 442, 501, 1, 1, 4.80374e+19
=== 2167759 ===
--- pALPIDEfs_2 ---
Pixel 928, 409, 1, 1, 4.80374e+19
Pixel 928, 410, 1, 1, 4.80374e+19
=== 2176881 ===
--- pALPIDEfs_3 ---
Pixel 557, 180, 1, 1, 4.80374e+19
=== 2177120 ===
--- pALPIDEfs_6 ---
Pixel 959, 280, 1, 1, 4.80374e+19
=== 2181079 ===
--- pALPIDEfs_1 ---
Pixel 601, 25, 1, 1, 4.80374e+19
Pixel 601, 26, 1, 1, 4.80374e+19
Pixel 602, 25, 1, 1, 4.80374e+19
Pixel 602, 26, 1, 1, 4.80374e+19
=== 2203334 ===
--- pALPIDEfs_2 ---
Pixel 821, 130, 1, 1, 4.80374e+19
Pixel 821, 131, 1, 1, 4.80374e+19
=== 2212926 ===
--- pALPIDEfs_5 ---
Pixel 753, 397, 1, 1, 4.80374e+19
Pixel 753, 398, 1, 1, 4.80374e+19
=== 2216582 ===
--- pALPIDEfs_3 ---
Pixel 2, 300, 1, 1, 4.80374e+19
--- pALPIDEfs_4 ---
Pixel 589, 249, 1, 1, 4.80374e+19
Pixel 590, 249, 1, 1, 4.80374e+19
=== 2237496 ===
--- pALPIDEfs_1 ---
Pixel 439, 327, 1, 1, 4.80374e+19
Pixel 440, 327, 1, 1, 4.80374e+19
=== 2243817 ===
--- pALPIDEfs_0 ---
Pixel 412, 246, 1, 1, 4.80374e+19
--- pALPIDEfs_1 ---
Pixel 602, 113, 1, 1, 4.80374e+19
=== 2284789 ===
--- pALPIDEfs_5 ---
Pixel 554, 290, 1, 1, 4.80374e+19
Pixel 554, 291, 1, 1, 4.80374e+19
=== 2288703 ===
--- pALPIDEfs_4 ---
Pixel 378, 460, 1, 1, 4.80374e+19
Pixel 378, 461, 1, 1, 4.80374e+19
=== 2300696 ===
--- pALPIDEfs_2 ---
Pixel 534, 459, 1, 1, 4.80374e+19
Pixel 534, 460, 1, 1, 4.80374e+19
Pixel 537, 447, 1, 1, 4.80374e+19
Pixel 537, 448, 1, 1, 4.80374e+19
=== 2305149 ===
--- pALPIDEfs_6 ---
Pixel 330, 184, 1, 1, 4.80374e+19
Pixel 331, 184, 1, 1, 4.80374e+19
Pixel 331, 185, 1, 1, 4.80374e+19
Pixel 330, 185, 1, 1, 4.80374e+19
=== 2319985 ===
--- pALPIDEfs_4 ---
Pixel 989, 363, 1, 1, 4.80374e+19
Pixel 990, 363, 1, 1, 4.80374e+19
--- pALPIDEfs_5 ---
Pixel 445, 230, 1, 1, 4.80374e+19
Pixel 445, 231, 1, 1, 4.80374e+19
Pixel 446, 230, 1, 1, 4.80374e+19
Pixel 446, 231, 1, 1, 4.80374e+19
=== 2330752 ===
--- pALPIDEfs_3 ---
Pixel 427, 109, 1, 1, 4.80374e+19
Pixel 427, 110, 1, 1, 4.80374e+19
Pixel 427, 111, 1, 1, 4.80374e+19
Pixel 427, 112, 1, 1, 4.80374e+19
Pixel 429, 102, 1, 1, 4.80374e+19
Pixel 429, 103, 1, 1, 4.80374e+19
Pixel 428, 104, 1, 1, 4.80374e+19
Pixel 429, 104, 1, 1, 4.80374e+19
Pixel 428, 105, 1, 1, 4.80374e+19
Pixel 428, 106, 1, 1, 4.80374e+19
Pixel 428, 109, 1, 1, 4.80374e+19
Pixel 428, 110, 1, 1, 4.80374e+19
Pixel 428, 111, 1, 1, 4.80374e+19
Pixel 428, 112, 1, 1, 4.80374e+19
Pixel 431, 99, 1, 1, 4.80374e+19
Pixel 430, 100, 1, 1, 4.80374e+19
Pixel 431, 100, 1, 1, 4.80374e+19
Pixel 431, 101, 1, 1, 4.80374e+19
Pixel 430, 101, 1, 1, 4.80374e+19
Pixel 430, 102, 1, 1, 4.80374e+19
Pixel 430, 103, 1, 1, 4.80374e+19
Pixel 432, 98, 1, 1, 4.80374e+19
Pixel 432, 99, 1, 1, 4.80374e+19
=== 2333788 ===
--- pALPIDEfs_4 ---
Pixel 887, 129, 1, 1, 4.80374e+19
Pixel 887, 130, 1, 1, 4.80374e+19
Pixel 888, 129, 1, 1, 4.80374e+19
Pixel 888, 130, 1, 1, 4.80374e+19
=== 2350421 ===
--- pALPIDEfs_3 ---
Pixel 348, 108, 1, 1, 4.80374e+19
Pixel 349, 109, 1, 1, 4.80374e+19
Pixel 348, 109, 1, 1, 4.80374e+19
--- pALPIDEfs_4 ---
Pixel 618, 312, 1, 1, 4.80374e+19
Pixel 619, 313, 1, 1, 4.80374e+19
Pixel 618, 313, 1, 1, 4.80374e+19
=== 2362105 ===
--- pALPIDEfs_5 ---
Pixel 605, 174, 1, 1, 4.80374e+19
Pixel 605, 175, 1, 1, 4.80374e+19
=== 2362647 ===
--- pALPIDEfs_5 ---
Pixel 981, 113, 1, 1, 4.80374e+19
Pixel 980, 113, 1, 1, 4.80374e+19
=== 2368677 ===
--- pALPIDEfs_0 ---
Pixel 695, 367, 1, 1, 4.80374e+19
Pixel 695, 368, 1, 1, 4.80374e+19
--- pALPIDEfs_1 ---
Pixel 57, 121, 1, 1, 4.80374e+19
Pixel 56, 121, 1, 1, 4.80374e+19
Pixel 57, 122, 1, 1, 4.80374e+19
Pixel 56, 123, 1, 1, 4.80374e+19
=== 2383459 ===
--- pALPIDEfs_2 ---
Pixel 828, 340, 1, 1, 4.80374e+19
Pixel 829, 340, 1, 1, 4.80374e+19
--- pALPIDEfs_3 ---
Pixel 167, 25, 1, 1, 4.80374e+19
Pixel 168, 25, 1, 1, 4.80374e+19
=== 2389911 ===
--- pALPIDEfs_2 ---
Pixel 161, 428, 1, 1, 4.80374e+19
=== 2397472 ===
--- pALPIDEfs_1 ---
Pixel 522, 244, 1, 1, 4.80374e+19
Pixel 522, 245, 1, 1, 4.80374e+19
Pixel 522, 246, 1, 1, 4.80374e+19
--- pALPIDEfs_4 ---
Pixel 829, 39, 1, 1, 4.80374e+19
Pixel 828, 39, 1, 1, 4.80374e+19
Pixel 828, 40, 1, 1, 4.80374e+19
Pixel 829, 40, 1, 1, 4.80374e+19
=== 2401783 ===
--- pALPIDEfs_3 ---
Pixel 542, 188, 1, 1, 4.80374e+19
Pixel 543, 189, 1, 1, 4.80374e+19
Pixel 542, 189, 1, 1, 4.80374e+19
=== 2416421 ===
--- pALPIDEfs_2 ---
Pixel 555, 21, 1, 1, 4.80374e+19
Pixel 555, 22, 1, 1, 4.80374e+19
Pixel 556, 22, 1, 1, 4.80374e+19
Pixel 557, 23, 1, 1, 4.80374e+19
Pixel 556, 23, 1, 1, 4.80374e+19
=== 2425623 ===
--- pALPIDEfs_2 ---
Pixel 407, 221, 1, 1, 4.80374e+19
Pixel 406, 221, 1, 1, 4.80374e+19
Pixel 407, 222, 1, 1, 4.80374e+19
=== 2428754 ===
--- pALPIDEfs_3 ---
Pixel 991, 453, 1, 1, 4.80374e+19
Pixel 990, 453, 1, 1, 4.80374e+19
Pixel 991, 454, 1, 1, 4.80374e+19
=== 2435177 ===
--- pALPIDEfs_5 ---
Pixel 1017, 247, 1, 1, 4.80374e+19
Pixel 1016, 248, 1, 1, 4.80374e+19
Pixel 1017, 248, 1, 1, 4.80374e+19
Pixel 1017, 249, 1, 1, 4.80374e+19
Pixel 1019, 247, 1, 1, 4.80374e+19
Pixel 1018, 247, 1, 1, 4.80374e+19
Pixel 1018, 248, 1, 1, 4.80374e+19
Pixel 1019, 248, 1, 1, 4.80374e+19
Pixel 1018, 249, 1, 1, 4.80374e+19
=== 2512427 ===
--- pALPIDEfs_0 ---
Pixel 309, 239, 1, 1, 4.80374e+19
Pixel 308, 239, 1, 1, 4.80374e+19
=== 2520413 ===
--- pALPIDEfs_4 ---
Pixel 679, 277, 1, 1, 4.80374e+19
Pixel 679, 278, 1, 1, 4.80374e+19
Pixel 680, 277, 1, 1, 4.80374e+19
Pixel 680, 278, 1, 1, 4.80374e+19
=== 2548655 ===
--- pALPIDEfs_2 ---
Pixel 178, 372, 1, 1, 4.80374e+19
--- pALPIDEfs_3 ---
Pixel 483, 225, 1, 1, 4.80374e+19
Pixel 482, 226, 1, 1, 4.80374e+19
Pixel 483, 226, 1, 1, 4.80374e+19
--- pALPIDEfs_4 ---
Pixel 809, 68, 1, 1, 4.80374e+19
Pixel 810, 68, 1, 1, 4.80374e+19
=== 2551667 ===
--- pALPIDEfs_1 ---
Pixel 81, 481, 1, 1, 4.80374e+19
Pixel 81, 482, 1, 1, 4.80374e+19
Pixel 82, 481, 1, 1, 4.80374e+19
Pixel 82, 482, 1, 1, 4.80374e+19
=== 2559131 ===
--- pALPIDEfs_6 ---
Pixel 187, 475, 1, 1, 4.80374e+19
Pixel 187, 476, 1, 1, 4.80374e+19
Pixel 187, 477, 1, 1, 4.80374e+19
=== 2566333 ===
--- pALPIDEfs_6 ---
Pixel 4, 377, 1, 1, 4.80374e+19
Pixel 4, 378, 1, 1, 4.80374e+19
=== 2586482 ===
--- pALPIDEfs_4 ---
Pixel 949, 253, 1, 1, 4.80374e+19
=== 2593519 ===
--- pALPIDEfs_2 ---
Pixel 1013, 493, 1, 1, 4.80374e+19
Pixel 1014, 493, 1, 1, 4.80374e+19
=== 2615216 ===
--- pALPIDEfs_0 ---
Pixel 803, 444, 1, 1, 4.80374e+19
Pixel 803, 445, 1, 1, 4.80374e+19
Pixel 802, 445, 1, 1, 4.80374e+19
=== 2642321 ===
--- pALPIDEfs_3 ---
Pixel 444, 486, 1, 1, 4.80374e+19
Pixel 445, 486, 1, 1, 4.80374e+19
Pixel 444, 487, 1, 1, 4.80374e+19
--- pALPIDEfs_4 ---
Pixel 616, 192, 1, 1, 4.80374e+19
Pixel 617, 192, 1, 1, 4.80374e+19
=== 2661008 ===
--- pALPIDEfs_2 ---
Pixel 223, 502, 1, 1, 4.80374e+19
Pixel 223, 503, 1, 1, 4.80374e+19
Pixel 223, 504, 1, 1, 4.80374e+19
=== 2676151 ===
--- pALPIDEfs_3 ---
Pixel 869, 228, 1, 1, 4.80374e+19
Pixel 869, 229, 1, 1, 4.80374e+19
=== 2676557 ===
--- pALPIDEfs_0 ---
Pixel 120, 299, 1, 1, 4.80374e+19
=== 2678546 ===
--- pALPIDEfs_3 ---
Pixel 307, 120, 1, 1, 4.80374e+19
Pixel 307, 121, 1, 1, 4.80374e+19
Pixel 308, 120, 1, 1, 4.80374e+19
Pixel 309, 120, 1, 1, 4.80374e+19
Pixel 309, 121, 1, 1, 4.80374e+19
Pixel 308, 121, 1, 1, 4.80374e+19
Pixel 309, 122, 1, 1, 4.80374e+19
Pixel 311, 119, 1, 1, 4.80374e+19
Pixel 310, 119, 1, 1, 4.80374e+19
Pixel 310, 120, 1, 1, 4.80374e+19
Pixel 311, 120, 1, 1, 4.80374e+19
Pixel 311, 121, 1, 1, 4.80374e+19
Pixel 310, 121, 1, 1, 4.80374e+19
Pixel 310, 122, 1, 1, 4.80374e+19
=== 2689645 ===
--- pALPIDEfs_5 ---
Pixel 105, 356, 1, 1, 4.80374e+19
Pixel 105, 357, 1, 1, 4.80374e+19
Pixel 106, 356, 1, 1, 4.80374e+19
Pixel 107, 356, 1, 1, 4.80374e+19
Pixel 107, 357, 1, 1, 4.80374e+19
Pixel 106, 357, 1, 1, 4.80374e+19
Pixel 108, 356, 1, 1, 4.80374e+19
Pixel 109, 356, 1, 1, 4.80374e+19
Pixel 110, 355, 1, 1, 4.80374e+19
Pixel 110, 356, 1, 1, 4.80374e+19
Pixel 111, 356, 1, 1, 4.80374e+19
=== 2702134 ===
--- pALPIDEfs_4 ---
Pixel 422, 178, 1, 1, 4.80374e+19
Pixel 423, 178, 1, 1, 4.80374e+19
--- pALPIDEfs_5 ---
Pixel 27, 43, 1, 1, 4.80374e+19
Pixel 27, 44, 1, 1, 4.80374e+19
=== 2721110 ===
--- pALPIDEfs_6 ---
Pixel 188, 258, 1, 1, 4.80374e+19
Pixel 189, 258, 1, 1, 4.80374e+19
Pixel 189, 259, 1, 1, 4.80374e+19
Pixel 190, 258, 1, 1, 4.80374e+19
Pixel 191, 258, 1, 1, 4.80374e+19
Pixel 191, 259, 1, 1, 4.80374e+19
Pixel 192, 258, 1, 1, 4.80374e+19
Pixel 193, 258, 1, 1, 4.80374e+19
Pixel 193, 259, 1, 1, 4.80374e+19
Pixel 192, 259, 1, 1, 4.80374e+19
Pixel 192, 260, 1, 1, 4.80374e+19
Pixel 193, 260, 1, 1, 4.80374e+19
Pixel 194, 258, 1, 1, 4.80374e+19
Pixel 194, 259, 1, 1, 4.80374e+19
Pixel 194, 260, 1, 1, 4.80374e+19
=== 2724872 ===
--- pALPIDEfs_3 ---
Pixel 557, 180, 1, 1, 4.80374e+19
=== 2748794 ===
--- pALPIDEfs_4 ---
Pixel 736, 450, 1, 1, 4.80374e+19
Pixel 737, 450, 1, 1, 4.80374e+19
Pixel 737, 451, 1, 1, 4.80374e+19
Pixel 736, 451, 1, 1, 4.80374e+19
Pixel 736, 452, 1, 1, 4.80374e+19
Pixel 737, 452, 1, 1, 4.80374e+19
Pixel 737, 453, 1, 1, 4.80374e+19
Pixel 736, 453, 1, 1, 4.80374e+19
Pixel 736, 454, 1, 1, 4.80374e+19
=== 2754895 ===
--- pALPIDEfs_0 ---
Pixel 915, 142, 1, 1, 4.80374e+19
Pixel 915, 143, 1, 1, 4.80374e+19
Pixel 916, 143, 1, 1, 4.80374e+19
=== 2756691 ===
--- pALPIDEfs_3 ---
Pixel 29, 145, 1, 1, 4.80374e+19
Pixel 30, 144, 1, 1, 4.80374e+19
Pixel 30, 145, 1, 1, 4.80374e+19
Pixel 30, 146, 1, 1, 4.80374e+19
Pixel 31, 146, 1, 1, 4.80374e+19
=== 2763354 ===
--- pALPIDEfs_2 ---
Pixel 15, 501, 1, 1, 4.80374e+19
Pixel 15, 502, 1, 1, 4.80374e+19
Pixel 15, 503, 1, 1, 4.80374e+19
Pixel 16, 502, 1, 1, 4.80374e+19
Pixel 16, 503, 1, 1, 4.80374e+19
=== 2763714 ===
--- pALPIDEfs_0 ---
Pixel 336, 238, 1, 1, 4.80374e+19
Pixel 336, 239, 1, 1, 4.80374e+19
=== 2768250 ===
--- pALPIDEfs_3 ---
Pixel 557, 180, 1, 1, 4.80374e+19
=== 2773404 ===
--- pALPIDEfs_2 ---
Pixel 610, 151, 1, 1, 4.80374e+19
=== 2773405 ===
--- pALPIDEfs_2 ---
Pixel 610, 151, 1, 1, 4.80374e+19
=== 2789731 ===
--- pALPIDEfs_6 ---
Pixel 618, 500, 1, 1, 4.80374e+19
=== 2790099 ===
--- pALPIDEfs_0 ---
Pixel 704, 49, 1, 1, 4.80374e+19
Pixel 704, 50, 1, 1, 4.80374e+19
Pixel 705, 50, 1, 1, 4.80374e+19
=== 2798529 ===
--- pALPIDEfs_3 ---
Pixel 739, 183, 1, 1, 4.80374e+19
Pixel 739, 184, 1, 1, 4.80374e+19
Pixel 740, 182, 1, 1, 4.80374e+19
Pixel 741, 182, 1, 1, 4.80374e+19
Pixel 741, 183, 1, 1, 4.80374e+19
Pixel 740, 183, 1, 1, 4.80374e+19
Pixel 742, 181, 1, 1, 4.80374e+19
Pixel 742, 182, 1, 1, 4.80374e+19
=== 2801214 ===
--- pALPIDEfs_1 ---
Pixel 720, 417, 1, 1, 4.80374e+19
=== 2806123 ===
--- pALPIDEfs_5 ---
Pixel 833, 77, 1, 1, 4.80374e+19
Pixel 834, 77, 1, 1, 4.80374e+19
=== 2848656 ===
--- pALPIDEfs_6 ---
Pixel 25, 392, 1, 1, 4.80374e+19
Pixel 26, 392, 1, 1, 4.80374e+19
Pixel 27, 392, 1, 1, 4.80374e+19
Pixel 29, 391, 1, 1, 4.80374e+19
Pixel 28, 391, 1, 1, 4.80374e+19
Pixel 28, 392, 1, 1, 4.80374e+19
Pixel 29, 392, 1, 1, 4.80374e+19
=== 2862382 ===
--- pALPIDEfs_2 ---
Pixel 0, 502, 1, 1, 4.80374e+19
Pixel 1, 502, 1, 1, 4.80374e+19
Pixel 1, 503, 1, 1, 4.80374e+19
Pixel 0, 503, 1, 1, 4.80374e+19
=== 2863969 ===
--- pALPIDEfs_1 ---
Pixel 385, 210, 1, 1, 4.80374e+19
Pixel 385, 211, 1, 1, 4.80374e+19
Pixel 387, 209, 1, 1, 4.80374e+19
Pixel 386, 209, 1, 1, 4.80374e+19
Pixel 386, 210, 1, 1, 4.80374e+19
Pixel 387, 210, 1, 1, 4.80374e+19
Pixel 386, 211, 1, 1, 4.80374e+19
Pixel 723, 164, 1, 1, 4.80374e+19
Pixel 723, 165, 1, 1, 4.80374e+19
Pixel 723, 166, 1, 1, 4.80374e+19
Pixel 723, 169, 1, 1, 4.80374e+19
Pixel 724, 170, 1, 1, 4.80374e+19
Pixel 725, 170, 1, 1, 4.80374e+19
Pixel 727, 173, 1, 1, 4.80374e+19
Pixel 726, 173, 1, 1, 4.80374e+19
Pixel 726, 174, 1, 1, 4.80374e+19
Pixel 727, 174, 1, 1, 4.80374e+19
Pixel 727, 175, 1, 1, 4.80374e+19
Pixel 726, 175, 1, 1, 4.80374e+19
Pixel 728, 174, 1, 1, 4.80374e+19
Pixel 729, 175, 1, 1, 4.80374e+19
Pixel 728, 175, 1, 1, 4.80374e+19
Pixel 729, 176, 1, 1, 4.80374e+19
Pixel 730, 176, 1, 1, 4.80374e+19
Pixel 731, 177, 1, 1, 4.80374e+19
Pixel 730, 177, 1, 1, 4.80374e+19
Pixel 731, 178, 1, 1, 4.80374e+19
Pixel 731, 179, 1, 1, 4.80374e+19
Pixel 731, 180, 1, 1, 4.80374e+19
Pixel 731, 181, 1, 1, 4.80374e+19
=== 2871979 ===
--- pALPIDEfs_1 ---
Pixel 994, 114, 1, 1, 4.80374e+19
Pixel 995, 114, 1, 1, 4.80374e+19
=== 2877845 ===
--- pALPIDEfs_4 ---
Pixel 161, 352, 1, 1, 4.80374e+19
--- pALPIDEfs_5 ---
Pixel 311, 351, 1, 1, 4.80374e+19
Pixel 310, 351, 1, 1, 4.80374e+19
--- pALPIDEfs_6 ---
Pixel 515, 293, 1, 1, 4.80374e+19
=== 2890337 ===
--- pALPIDEfs_2 ---
Pixel 703, 26, 1, 1, 4.80374e+19
Pixel 703, 27, 1, 1, 4.80374e+19
Pixel 702, 27, 1, 1, 4.80374e+19
=== 2896089 ===
--- pALPIDEfs_2 ---
Pixel 473, 106, 1, 1, 4.80374e+19
Pixel 474, 105, 1, 1, 4.80374e+19
Pixel 474, 106, 1, 1, 4.80374e+19
=== 2909736 ===
--- pALPIDEfs_0 ---
Pixel 143, 346, 1, 1, 4.80374e+19
--- pALPIDEfs_1 ---
Pixel 293, 201, 1, 1, 4.80374e+19
=== 2914429 ===
--- pALPIDEfs_6 ---
Pixel 1, 128, 1, 1, 4.80374e+19
Pixel 1, 129, 1, 1, 4.80374e+19
Pixel 1, 130, 1, 1, 4.80374e+19
Pixel 2, 129, 1, 1, 4.80374e+19
Pixel 2, 130, 1, 1, 4.80374e+19
=== 2924433 ===
--- pALPIDEfs_6 ---
Pixel 204, 68, 1, 1, 4.80374e+19
=== 2938226 ===
--- pALPIDEfs_6 ---
Pixel 443, 454, 1, 1, 4.80374e+19
Pixel 443, 455, 1, 1, 4.80374e+19
=== 2938950 ===
--- pALPIDEfs_5 ---
Pixel 475, 446, 1, 1, 4.80374e+19
Pixel 475, 447, 1, 1, 4.80374e+19
--- pALPIDEfs_6 ---
Pixel 524, 289, 1, 1, 4.80374e+19
=== 2951209 ===
--- pALPIDEfs_4 ---
Pixel 678, 221, 1, 1, 4.80374e+19
--- pALPIDEfs_5 ---
Pixel 764, 442, 1, 1, 4.80374e+19
--- pALPIDEfs_6 ---
Pixel 554, 418, 1, 1, 4.80374e+19
Pixel 555, 418, 1, 1, 4.80374e+19
=== 2958276 ===
--- pALPIDEfs_5 ---
Pixel 103, 121, 1, 1, 4.80374e+19
Pixel 104, 120, 1, 1, 4.80374e+19
Pixel 105, 121, 1, 1, 4.80374e+19
Pixel 104, 121, 1, 1, 4.80374e+19
Pixel 104, 122, 1, 1, 4.80374e+19
Pixel 105, 122, 1, 1, 4.80374e+19
Pixel 105, 123, 1, 1, 4.80374e+19
Pixel 105, 124, 1, 1, 4.80374e+19
=== 2961603 ===
--- pALPIDEfs_6 ---
Pixel 880, 204, 1, 1, 4.80374e+19
Pixel 880, 205, 1, 1, 4.80374e+19
=== 2966177 ===
--- pALPIDEfs_1 ---
Pixel 863, 92, 1, 1, 4.80374e+19
Pixel 862, 93, 1, 1, 4.80374e+19
=== 3035554 ===
--- pALPIDEfs_3 ---
Pixel 557, 180, 1, 1, 4.80374e+19
=== 3037476 ===
--- pALPIDEfs_0 ---
Pixel 557, 456, 1, 1, 4.80374e+19
Pixel 557, 457, 1, 1, 4.80374e+19
Pixel 556, 457, 1, 1, 4.80374e+19
Pixel 558, 457, 1, 1, 4.80374e+19
Pixel 558, 458, 1, 1, 4.80374e+19
=== 3044734 ===
--- pALPIDEfs_6 ---
Pixel 56, 239, 1, 1, 4.80374e+19
Pixel 375, 330, 1, 1, 4.80374e+19
Pixel 375, 331, 1, 1, 4.80374e+19
Pixel 374, 331, 1, 1, 4.80374e+19
=== 3051722 ===
--- pALPIDEfs_3 ---
Pixel 334, 348, 1, 1, 4.80374e+19
Pixel 335, 348, 1, 1, 4.80374e+19
Pixel 335, 349, 1, 1, 4.80374e+19
Pixel 334, 349, 1, 1, 4.80374e+19
=== 3057681 ===
--- pALPIDEfs_4 ---
Pixel 586, 24, 1, 1, 4.80374e+19
--- pALPIDEfs_5 ---
Pixel 353, 202, 1, 1, 4.80374e+19
Pixel 354, 202, 1, 1, 4.80374e+19
--- pALPIDEfs_6 ---
Pixel 173, 324, 1, 1, 4.80374e+19
=== 3063447 ===
--- pALPIDEfs_1 ---
Pixel 895, 248, 1, 1, 4.80374e+19
--- pALPIDEfs_2 ---
Pixel 766, 404, 1, 1, 4.80374e+19
Pixel 767, 404, 1, 1, 4.80374e+19
=== 3067431 ===
--- pALPIDEfs_1 ---
Pixel 118, 147, 1, 1, 4.80374e+19
Pixel 118, 148, 1, 1, 4.80374e+19
Pixel 119, 148, 1, 1, 4.80374e+19
Pixel 119, 149, 1, 1, 4.80374e+19
Pixel 120, 149, 1, 1, 4.80374e+19
--- pALPIDEfs_2 ---
Pixel 562, 16, 1, 1, 4.80374e+19
Pixel 563, 16, 1, 1, 4.80374e+19
Pixel 563, 17, 1, 1, 4.80374e+19
=== 3094972 ===
--- pALPIDEfs_0 ---
Pixel 51, 357, 1, 1, 4.80374e+19
Pixel 51, 358, 1, 1, 4.80374e+19
Pixel 52, 357, 1, 1, 4.80374e+19
=== 3107602 ===
--- pALPIDEfs_4 ---
Pixel 780, 458, 1, 1, 4.80374e+19
Pixel 780, 459, 1, 1, 4.80374e+19
=== 3131307 ===
--- pALPIDEfs_0 ---
Pixel 247, 447, 1, 1, 4.80374e+19
Pixel 246, 447, 1, 1, 4.80374e+19
Pixel 246, 448, 1, 1, 4.80374e+19
Pixel 247, 448, 1, 1, 4.80374e+19
=== 3153507 ===
--- pALPIDEfs_0 ---
Pixel 320, 486, 1, 1, 4.80374e+19
=== 3174226 ===
--- pALPIDEfs_1 ---
Pixel 435, 389, 1, 1, 4.80374e+19
Pixel 434, 390, 1, 1, 4.80374e+19
Pixel 435, 390, 1, 1, 4.80374e+19
Pixel 435, 391, 1, 1, 4.80374e+19
--- pALPIDEfs_2 ---
Pixel 758, 152, 1, 1, 4.80374e+19
=== 3176901 ===
--- pALPIDEfs_5 ---
Pixel 1013, 126, 1, 1, 4.80374e+19
Pixel 1013, 127, 1, 1, 4.80374e+19
Pixel 1013, 128, 1, 1, 4.80374e+19
Pixel 1014, 126, 1, 1, 4.80374e+19
Pixel 1014, 127, 1, 1, 4.80374e+19
Pixel 1014, 128, 1, 1, 4.80374e+19
=== 3198792 ===
--- pALPIDEfs_4 ---
Pixel 187, 157, 1, 1, 4.80374e+19
Pixel 186, 157, 1, 1, 4.80374e+19
Pixel 186, 158, 1, 1, 4.80374e+19
Pixel 187, 158, 1, 1, 4.80374e+19
=== 3235257 ===
--- pALPIDEfs_5 ---
Pixel 479, 392, 1, 1, 4.80374e+19
Pixel 480, 393, 1, 1, 4.80374e+19
Pixel 480, 394, 1, 1, 4.80374e+19
=== 3261501 ===
--- pALPIDEfs_2 ---
Pixel 838, 76, 1, 1, 4.80374e+19
--- pALPIDEfs_3 ---
Pixel 525, 359, 1, 1, 4.80374e+19
=== 3273351 ===
--- pALPIDEfs_0 ---
Pixel 536, 86, 1, 1, 4.80374e+19
--- pALPIDEfs_1 ---
Pixel 108, 194, 1, 1, 4.80374e+19
=== 3277107 ===
--- pALPIDEfs_1 ---
Pixel 993, 199, 1, 1, 4.80374e+19
Pixel 993, 200, 1, 1, 4.80374e+19
=== 3277128 ===
--- pALPIDEfs_0 ---
Pixel 361, 481, 1, 1, 4.80374e+19
Pixel 360, 481, 1, 1, 4.80374e+19
=== 3282744 ===
--- pALPIDEfs_2 ---
Pixel 65, 487, 1, 1, 4.80374e+19
Pixel 65, 488, 1, 1, 4.80374e+19
Pixel 65, 489, 1, 1, 4.80374e+19
Pixel 67, 487, 1, 1, 4.80374e+19
Pixel 66, 487, 1, 1, 4.80374e+19
Pixel 66, 488, 1, 1, 4.80374e+19
Pixel 67, 488, 1, 1, 4.80374e+19
Pixel 67, 489, 1, 1, 4.80374e+19
Pixel 66, 489, 1, 1, 4.80374e+19
Pixel 67, 490, 1, 1, 4.80374e+19
Pixel 67, 491, 1, 1, 4.80374e+19
Pixel 67, 492, 1, 1, 4.80374e+19
=== 3293956 ===
--- pALPIDEfs_4 ---
Pixel 349, 29, 1, 1, 4.80374e+19
=== 3310484 ===
--- pALPIDEfs_1 ---
Pixel 153, 210, 1, 1, 4.80374e+19
Pixel 153, 211, 1, 1, 4.80374e+19
Pixel 154, 210, 1, 1, 4.80374e+19
Pixel 154, 211, 1, 1, 4.80374e+19
=== 3326585 ===
--- pALPIDEfs_3 ---
Pixel 1007, 295, 1, 1, 4.80374e+19
Pixel 1007, 296, 1, 1, 4.80374e+19
Pixel 1008, 295, 1, 1, 4.80374e+19
Pixel 1008, 296, 1, 1, 4.80374e+19
--- pALPIDEfs_4 ---
Pixel 885, 187, 1, 1, 4.80374e+19
Pixel 886, 187, 1, 1, 4.80374e+19
Pixel 886, 188, 1, 1, 4.80374e+19
Pixel 887, 188, 1, 1, 4.80374e+19
Pixel 887, 189, 1, 1, 4.80374e+19
Pixel 888, 188, 1, 1, 4.80374e+19
=== 3337404 ===
--- pALPIDEfs_3 ---
Pixel 557, 180, 1, 1, 4.80374e+19
=== 3349604 ===
--- pALPIDEfs_1 ---
Pixel 921, 99, 1, 1, 4.80374e+19
Pixel 921, 100, 1, 1, 4.80374e+19
Pixel 921, 101, 1, 1, 4.80374e+19
Pixel 922, 99, 1, 1, 4.80374e+19
Pixel 922, 100, 1, 1, 4.80374e+19
Pixel 922, 101, 1, 1, 4.80374e+19
=== 3366658 ===
--- pALPIDEfs_0 ---
Pixel 578, 286, 1, 1, 4.80374e+19
Pixel 579, 286, 1, 1, 4.80374e+19
=== 3373494 ===
--- pALPIDEfs_2 ---
Pixel 304, 111, 1, 1, 4.80374e+19
Pixel 304, 112, 1, 1, 4.80374e+19
=== 3374674 ===
--- pALPIDEfs_6 ---
Pixel 497, 288, 1, 1, 4.80374e+19
=== 3393067 ===
--- pALPIDEfs_4 ---
Pixel 769, 223, 1, 1, 4.80374e+19
Pixel 769, 224, 1, 1, 4.80374e+19
Pixel 770, 224, 1, 1, 4.80374e+19
=== 3394600 ===
--- pALPIDEfs_6 ---
Pixel 1001, 219, 1, 1, 4.80374e+19
Pixel 1002, 219, 1, 1, 4.80374e+19
=== 3419107 ===
--- pALPIDEfs_1 ---
Pixel 251, 55, 1, 1, 4.80374e+19
Pixel 251, 56, 1, 1, 4.80374e+19
Pixel 252, 56, 1, 1, 4.80374e+19
=== 3421095 ===
--- pALPIDEfs_0 ---
Pixel 267, 288, 1, 1, 4.80374e+19
Pixel 266, 289, 1, 1, 4.80374e+19
Pixel 267, 290, 1, 1, 4.80374e+19
Pixel 268, 289, 1, 1, 4.80374e+19
=== 3426600 ===
--- pALPIDEfs_5 ---
Pixel 525, 5, 1, 1, 4.80374e+19
Pixel 525, 6, 1, 1, 4.80374e+19
Pixel 526, 5, 1, 1, 4.80374e+19
--- pALPIDEfs_6 ---
Pixel 100, 472, 1, 1, 4.80374e+19
Pixel 101, 472, 1, 1, 4.80374e+19
Pixel 101, 473, 1, 1, 4.80374e+19
Pixel 100, 473, 1, 1, 4.80374e+19
=== 3429612 ===
--- pALPIDEfs_1 ---
Pixel 831, 47, 1, 1, 4.80374e+19
Pixel 830, 47, 1, 1, 4.80374e+19
Pixel 831, 48, 1, 1, 4.80374e+19
=== 3439064 ===
--- pALPIDEfs_5 ---
Pixel 851, 164, 1, 1, 4.80374e+19
Pixel 851, 165, 1, 1, 4.80374e+19
Pixel 852, 164, 1, 1, 4.80374e+19
--- pALPIDEfs_6 ---
Pixel 596, 198, 1, 1, 4.80374e+19
Pixel 597, 198, 1, 1, 4.80374e+19
Pixel 597, 199, 1, 1, 4.80374e+19
=== 3447058 ===
--- pALPIDEfs_4 ---
Pixel 659, 388, 1, 1, 4.80374e+19
Pixel 659, 389, 1, 1, 4.80374e+19
Pixel 660, 388, 1, 1, 4.80374e+19
Pixel 660, 389, 1, 1, 4.80374e+19
=== 3452689 ===
--- pALPIDEfs_3 ---
Pixel 467, 470, 1, 1, 4.80374e+19
Pixel 467, 471, 1, 1, 4.80374e+19
Pixel 466, 471, 1, 1, 4.80374e+19
Pixel 466, 472, 1, 1, 4.80374e+19
Pixel 467, 472, 1, 1, 4.80374e+19
Pixel 469, 468, 1, 1, 4.80374e+19
Pixel 469, 469, 1, 1, 4.80374e+19
Pixel 468, 469, 1, 1, 4.80374e+19
Pixel 468, 470, 1, 1, 4.80374e+19
=== 3456351 ===
--- pALPIDEfs_3 ---
Pixel 921, 318, 1, 1, 4.80374e+19
Pixel 921, 319, 1, 1, 4.80374e+19
=== 3459597 ===
--- pALPIDEfs_4 ---
Pixel 618, 122, 1, 1, 4.80374e+19
Pixel 619, 122, 1, 1, 4.80374e+19
=== 3469949 ===
--- pALPIDEfs_6 ---
Pixel 399, 143, 1, 1, 4.80374e+19
Pixel 398, 143, 1, 1, 4.80374e+19
Pixel 398, 144, 1, 1, 4.80374e+19
Pixel 399, 144, 1, 1, 4.80374e+19
=== 3470913 ===
--- pALPIDEfs_5 ---
Pixel 213, 278, 1, 1, 4.80374e+19
Pixel 213, 279, 1, 1, 4.80374e+19
Pixel 214, 278, 1, 1, 4.80374e+19
=== 3489840 ===
--- pALPIDEfs_6 ---
Pixel 856, 143, 1, 1, 4.80374e+19
=== 3502378 ===
--- pALPIDEfs_0 ---
Pixel 651, 212, 1, 1, 4.80374e+19
Pixel 651, 213, 1, 1, 4.80374e+19
Pixel 650, 213, 1, 1, 4.80374e+19
Pixel 651, 214, 1, 1, 4.80374e+19
Pixel 652, 213, 1, 1, 4.80374e+19
Pixel 652, 214, 1, 1, 4.80374e+19
Pixel 653, 214, 1, 1, 4.80374e+19
--- pALPIDEfs_1 ---
Pixel 489, 188, 1, 1, 4.80374e+19
=== 3505202 ===
--- pALPIDEfs_3 ---
Pixel 617, 124, 1, 1, 4.80374e+19
Pixel 618, 124, 1, 1, 4.80374e+19
=== 3510230 ===
--- pALPIDEfs_2 ---
Pixel 735, 150, 1, 1, 4.80374e+19
Pixel 735, 151, 1, 1, 4.80374e+19
Pixel 736, 150, 1, 1, 4.80374e+19
Pixel 736, 151, 1, 1, 4.80374e+19
=== 3510929 ===
--- pALPIDEfs_3 ---
Pixel 151, 156, 1, 1, 4.80374e+19
Pixel 151, 157, 1, 1, 4.80374e+19
Pixel 150, 157, 1, 1, 4.80374e+19
Pixel 151, 158, 1, 1, 4.80374e+19
Pixel 151, 159, 1, 1, 4.80374e+19
=== 3519926 ===
--- pALPIDEfs_5 ---
Pixel 1, 139, 1, 1, 4.80374e+19
Pixel 1, 140, 1, 1, 4.80374e+19
Pixel 2, 139, 1, 1, 4.80374e+19
Pixel 2, 140, 1, 1, 4.80374e+19
=== 3523582 ===
--- pALPIDEfs_2 ---
Pixel 185, 361, 1, 1, 4.80374e+19
=== 3524435 ===
--- pALPIDEfs_5 ---
Pixel 768, 181, 1, 1, 4.80374e+19
Pixel 768, 182, 1, 1, 4.80374e+19
=== 3525628 ===
--- pALPIDEfs_1 ---
Pixel 482, 378, 1, 1, 4.80374e+19
Pixel 482, 379, 1, 1, 4.80374e+19
=== 3536573 ===
--- pALPIDEfs_3 ---
Pixel 227, 157, 1, 1, 4.80374e+19
=== 3541743 ===
--- pALPIDEfs_4 ---
Pixel 52, 85, 1, 1, 4.80374e+19
Pixel 52, 86, 1, 1, 4.80374e+19
=== 3546878 ===
--- pALPIDEfs_6 ---
Pixel 938, 319, 1, 1, 4.80374e+19
Pixel 938, 320, 1, 1, 4.80374e+19
=== 3559900 ===
--- pALPIDEfs_0 ---
Pixel 912, 60, 1, 1, 4.80374e+19
Pixel 913, 60, 1, 1, 4.80374e+19
=== 3565767 ===
--- pALPIDEfs_2 ---
Pixel 831, 129, 1, 1, 4.80374e+19
Pixel 831, 130, 1, 1, 4.80374e+19
Pixel 831, 131, 1, 1, 4.80374e+19
Pixel 833, 121, 1, 1, 4.80374e+19
Pixel 833, 122, 1, 1, 4.80374e+19
Pixel 833, 123, 1, 1, 4.80374e+19
Pixel 832, 123, 1, 1, 4.80374e+19
Pixel 832, 124, 1, 1, 4.80374e+19
Pixel 833, 124, 1, 1, 4.80374e+19
Pixel 833, 125, 1, 1, 4.80374e+19
Pixel 832, 125, 1, 1, 4.80374e+19
Pixel 832, 129, 1, 1, 4.80374e+19
Pixel 832, 130, 1, 1, 4.80374e+19
Pixel 834, 121, 1, 1, 4.80374e+19
=== 3576620 ===
--- pALPIDEfs_6 ---
Pixel 844, 284, 1, 1, 4.80374e+19
=== 3591972 ===
--- pALPIDEfs_6 ---
Pixel 675, 460, 1, 1, 4.80374e+19
Pixel 675, 461, 1, 1, 4.80374e+19
=== 3623703 ===
--- pALPIDEfs_2 ---
Pixel 779, 355, 1, 1, 4.80374e+19
--- pALPIDEfs_3 ---
Pixel 994, 111, 1, 1, 4.80374e+19
=== 3624174 ===
--- pALPIDEfs_4 ---
Pixel 195, 226, 1, 1, 4.80374e+19
Pixel 196, 226, 1, 1, 4.80374e+19
Pixel 196, 227, 1, 1, 4.80374e+19
=== 3633097 ===
--- pALPIDEfs_6 ---
Pixel 943, 54, 1, 1, 4.80374e+19
=== 3652767 ===
--- pALPIDEfs_0 ---
Pixel 998, 348, 1, 1, 4.80374e+19
Pixel 999, 348, 1, 1, 4.80374e+19
Pixel 999, 349, 1, 1, 4.80374e+19
=== 3664231 ===
--- pALPIDEfs_4 ---
Pixel 180, 483, 1, 1, 4.80374e+19
Pixel 180, 484, 1, 1, 4.80374e+19
Pixel 181, 484, 1, 1, 4.80374e+19
--- pALPIDEfs_5 ---
Pixel 256, 75, 1, 1, 4.80374e+19
Pixel 256, 76, 1, 1, 4.80374e+19
Pixel 257, 76, 1, 1, 4.80374e+19
=== 3666961 ===
--- pALPIDEfs_6 ---
Pixel 583, 344, 1, 1, 4.80374e+19
Pixel 584, 344, 1, 1, 4.80374e+19
=== 3668140 ===
--- pALPIDEfs_5 ---
Pixel 1, 245, 1, 1, 4.80374e+19
Pixel 1, 246, 1, 1, 4.80374e+19
Pixel 2, 245, 1, 1, 4.80374e+19
Pixel 2, 246, 1, 1, 4.80374e+19
=== 3682136 ===
--- pALPIDEfs_5 ---
Pixel 773, 110, 1, 1, 4.80374e+19
Pixel 773, 111, 1, 1, 4.80374e+19
Pixel 774, 110, 1, 1, 4.80374e+19
Pixel 774, 111, 1, 1, 4.80374e+19
=== 3730833 ===
--- pALPIDEfs_6 ---
Pixel 287, 103, 1, 1, 4.80374e+19
Pixel 286, 104, 1, 1, 4.80374e+19
Pixel 287, 104, 1, 1, 4.80374e+19
=== 3731065 ===
--- pALPIDEfs_3 ---
Pixel 965, 122, 1, 1, 4.80374e+19
=== 3761845 ===
--- pALPIDEfs_0 ---
Pixel 184, 106, 1, 1, 4.80374e+19
Pixel 185, 106, 1, 1, 4.80374e+19
Pixel 185, 107, 1, 1, 4.80374e+19
Pixel 184, 107, 1, 1, 4.80374e+19
=== 3770221 ===
--- pALPIDEfs_2 ---
Pixel 646, 392, 1, 1, 4.80374e+19
=== 3787268 ===
--- pALPIDEfs_3 ---
Pixel 557, 180, 1, 1, 4.80374e+19
=== 3804906 ===
--- pALPIDEfs_4 ---
Pixel 375, 457, 1, 1, 4.80374e+19
Pixel 374, 457, 1, 1, 4.80374e+19
Pixel 374, 458, 1, 1, 4.80374e+19
Pixel 375, 458, 1, 1, 4.80374e+19
Pixel 375, 459, 1, 1, 4.80374e+19
Pixel 374, 459, 1, 1, 4.80374e+19
=== 3809089 ===
--- pALPIDEfs_5 ---
Pixel 267, 380, 1, 1, 4.80374e+19
=== 3819723 ===
--- pALPIDEfs_5 ---
Pixel 779, 264, 1, 1, 4.80374e+19
Pixel 779, 265, 1, 1, 4.80374e+19
Pixel 780, 264, 1, 1, 4.80374e+19
Pixel 780, 265, 1, 1, 4.80374e+19
=== 3863243 ===
--- pALPIDEfs_3 ---
Pixel 145, 284, 1, 1, 4.80374e+19
Pixel 145, 285, 1, 1, 4.80374e+19
Pixel 146, 284, 1, 1, 4.80374e+19
Pixel 146, 285, 1, 1, 4.80374e+19
=== 3865052 ===
--- pALPIDEfs_3 ---
Pixel 559, 309, 1, 1, 4.80374e+19
Pixel 558, 309, 1, 1, 4.80374e+19
Pixel 558, 310, 1, 1, 4.80374e+19
Pixel 559, 310, 1, 1, 4.80374e+19
Pixel 560, 309, 1, 1, 4.80374e+19
Pixel 560, 310, 1, 1, 4.80374e+19
Pixel 560, 311, 1, 1, 4.80374e+19
=== 3868596 ===
--- pALPIDEfs_3 ---
Pixel 7, 417, 1, 1, 4.80374e+19
Pixel 7, 418, 1, 1, 4.80374e+19
Pixel 8, 417, 1, 1, 4.80374e+19
Pixel 8, 418, 1, 1, 4.80374e+19
--- pALPIDEfs_4 ---
Pixel 309, 511, 1, 1, 4.80374e+19
=== 3880194 ===
--- pALPIDEfs_4 ---
Pixel 141, 417, 1, 1, 4.80374e+19
Pixel 141, 418, 1, 1, 4.80374e+19
Pixel 142, 417, 1, 1, 4.80374e+19
Pixel 142, 418, 1, 1, 4.80374e+19
=== 3882152 ===
--- pALPIDEfs_4 ---
Pixel 252, 154, 1, 1, 4.80374e+19
Pixel 252, 155, 1, 1, 4.80374e+19
=== 3909487 ===
--- pALPIDEfs_5 ---
Pixel 279, 153, 1, 1, 4.80374e+19
Pixel 279, 154, 1, 1, 4.80374e+19
Pixel 280, 153, 1, 1, 4.80374e+19
Pixel 280, 154, 1, 1, 4.80374e+19
=== 3931235 ===
--- pALPIDEfs_3 ---
Pixel 557, 180, 1, 1, 4.80374e+19
=== 3952306 ===
--- pALPIDEfs_0 ---
Pixel 392, 242, 1, 1, 4.80374e+19
Pixel 392, 243, 1, 1, 4.80374e+19
=== 3952307 ===
--- pALPIDEfs_0 ---
Pixel 392, 242, 1, 1, 4.80374e+19
Pixel 392, 243, 1, 1, 4.80374e+19
=== 3953853 ===
--- pALPIDEfs_2 ---
Pixel 383, 102, 1, 1, 4.80374e+19
=== 3954391 ===
--- pALPIDEfs_0 ---
Pixel 25, 335, 1, 1, 4.80374e+19
=== 3955092 ===
--- pALPIDEfs_5 ---
Pixel 595, 43, 1, 1, 4.80374e+19
=== 3959659 ===
--- pALPIDEfs_6 ---
Pixel 88, 434, 1, 1, 4.80374e+19
Pixel 89, 435, 1, 1, 4.80374e+19
Pixel 88, 435, 1, 1, 4.80374e+19
Pixel 89, 436, 1, 1, 4.80374e+19
Pixel 89, 437, 1, 1, 4.80374e+19
Pixel 90, 436, 1, 1, 4.80374e+19
Pixel 90, 437, 1, 1, 4.80374e+19
=== 3970939 ===
--- pALPIDEfs_2 ---
Pixel 383, 337, 1, 1, 4.80374e+19
Pixel 382, 337, 1, 1, 4.80374e+19
Pixel 382, 338, 1, 1, 4.80374e+19
=== 3973823 ===
--- pALPIDEfs_4 ---
Pixel 710, 242, 1, 1, 4.80374e+19
Pixel 711, 242, 1, 1, 4.80374e+19
=== 3989365 ===
--- pALPIDEfs_2 ---
Pixel 934, 89, 1, 1, 4.80374e+19
Pixel 934, 90, 1, 1, 4.80374e+19
=== 3995150 ===
--- pALPIDEfs_0 ---
Pixel 663, 249, 1, 1, 4.80374e+19
--- pALPIDEfs_1 ---
Pixel 531, 373, 1, 1, 4.80374e+19
Pixel 530, 373, 1, 1, 4.80374e+19
--- pALPIDEfs_2 ---
Pixel 421, 393, 1, 1, 4.80374e+19
--- pALPIDEfs_3 ---
Pixel 311, 482, 1, 1, 4.80374e+19
=== 4000862 ===
--- pALPIDEfs_3 ---
Pixel 785, 407, 1, 1, 4.80374e+19
Pixel 784, 407, 1, 1, 4.80374e+19
Pixel 784, 408, 1, 1, 4.80374e+19
Pixel 785, 408, 1, 1, 4.80374e+19
=== 4000995 ===
--- pALPIDEfs_5 ---
Pixel 354, 7, 1, 1, 4.80374e+19
Pixel 354, 8, 1, 1, 4.80374e+19
--- pALPIDEfs_6 ---
Pixel 613, 158, 1, 1, 4.80374e+19
=== 4013242 ===
--- pALPIDEfs_4 ---
Pixel 940, 255, 1, 1, 4.80374e+19
=== 4016482 ===
--- pALPIDEfs_0 ---
Pixel 816, 120, 1, 1, 4.80374e+19
=== 4036034 ===
--- pALPIDEfs_6 ---
Pixel 506, 294, 1, 1, 4.80374e+19
Pixel 506, 295, 1, 1, 4.80374e+19
=== 4057031 ===
--- pALPIDEfs_5 ---
Pixel 261, 15, 1, 1, 4.80374e+19
Pixel 261, 16, 1, 1, 4.80374e+19
--- pALPIDEfs_6 ---
Pixel 483, 373, 1, 1, 4.80374e+19
Pixel 484, 373, 1, 1, 4.80374e+19
=== 4069487 ===
--- pALPIDEfs_1 ---
Pixel 541, 467, 1, 1, 4.80374e+19
=== 4073134 ===
--- pALPIDEfs_3 ---
Pixel 942, 165, 1, 1, 4.80374e+19
Pixel 942, 166, 1, 1, 4.80374e+19
Pixel 942, 167, 1, 1, 4.80374e+19
Pixel 942, 168, 1, 1, 4.80374e+19
=== 4083754 ===
--- pALPIDEfs_6 ---
Pixel 28, 98, 1, 1, 4.80374e+19
Pixel 28, 99, 1, 1, 4.80374e+19
Pixel 138, 496, 1, 1, 4.80374e+19
Pixel 272, 462, 1, 1, 4.80374e+19
Pixel 273, 462, 1, 1, 4.80374e+19
Pixel 272, 463, 1, 1, 4.80374e+19
=== 4111711 ===
--- pALPIDEfs_6 ---
Pixel 785, 355, 1, 1, 4.80374e+19
Pixel 786, 354, 1, 1, 4.80374e+19
Pixel 786, 355, 1, 1, 4.80374e+19
Pixel 786, 356, 1, 1, 4.80374e+19
=== 4122193 ===
--- pALPIDEfs_1 ---
Pixel 728, 235, 1, 1, 4.80374e+19
Pixel 728, 236, 1, 1, 4.80374e+19
=== 4133221 ===
--- pALPIDEfs_0 ---
Pixel 47, 491, 1, 1, 4.80374e+19
Pixel 46, 492, 1, 1, 4.80374e+19
Pixel 47, 492, 1, 1, 4.80374e+19
Pixel 47, 493, 1, 1, 4.80374e+19
Pixel 46, 493, 1, 1, 4.80374e+19
=== 4133222 ===
--- pALPIDEfs_0 ---
Pixel 47, 491, 1, 1, 4.80374e+19
Pixel 46, 492, 1, 1, 4.80374e+19
=== 4138565 ===
--- pALPIDEfs_4 ---
Pixel 368, 11, 1, 1, 4.80374e+19
Pixel 368, 12, 1, 1, 4.80374e+19
--- pALPIDEfs_5 ---
Pixel 527, 123, 1, 1, 4.80374e+19
Pixel 527, 124, 1, 1, 4.80374e+19
Pixel 528, 123, 1, 1, 4.80374e+19
Pixel 528, 124, 1, 1, 4.80374e+19
=== 4150510 ===
--- pALPIDEfs_5 ---
Pixel 979, 497, 1, 1, 4.80374e+19
Pixel 978, 497, 1, 1, 4.80374e+19
=== 4170464 ===
--- pALPIDEfs_1 ---
Pixel 530, 255, 1, 1, 4.80374e+19
=== 4185328 ===
--- pALPIDEfs_2 ---
Pixel 1023, 405, 1, 1, 4.80374e+19
=== 4186233 ===
--- pALPIDEfs_5 ---
Pixel 152, 268, 1, 1, 4.80374e+19
Pixel 153, 268, 1, 1, 4.80374e+19
Pixel 153, 269, 1, 1, 4.80374e+19
Pixel 152, 269, 1, 1, 4.80374e+19
Pixel 152, 270, 1, 1, 4.80374e+19
Pixel 153, 270, 1, 1, 4.80374e+19
Pixel 154, 270, 1, 1, 4.80374e+19
=== 4190410 ===
--- pALPIDEfs_6 ---
Pixel 965, 86, 1, 1, 4.80374e+19
=== 4204404 ===
--- pALPIDEfs_6 ---
Pixel 171, 51, 1, 1, 4.80374e+19
=== 4207490 ===
--- pALPIDEfs_4 ---
Pixel 595, 240, 1, 1, 4.80374e+19
=== 4210934 ===
--- pALPIDEfs_2 ---
Pixel 634, 238, 1, 1, 4.80374e+19
=== 4221590 ===
--- pALPIDEfs_0 ---
Pixel 924, 191, 1, 1, 4.80374e+19
--- pALPIDEfs_1 ---
Pixel 135, 462, 1, 1, 4.80374e+19
Pixel 136, 462, 1, 1, 4.80374e+19
=== 4223961 ===
--- pALPIDEfs_6 ---
Pixel 19, 468, 1, 1, 4.80374e+19
Pixel 19, 469, 1, 1, 4.80374e+19
Pixel 19, 470, 1, 1, 4.80374e+19
Pixel 20, 468, 1, 1, 4.80374e+19
Pixel 20, 469, 1, 1, 4.80374e+19
Pixel 20, 470, 1, 1, 4.80374e+19
Pixel 21, 470, 1, 1, 4.80374e+19
Pixel 663, 125, 1, 1, 4.80374e+19
Pixel 663, 126, 1, 1, 4.80374e+19
Pixel 664, 125, 1, 1, 4.80374e+19
Pixel 664, 126, 1, 1, 4.80374e+19
Pixel 665, 126, 1, 1, 4.80374e+19
=== 4225160 ===
--- pALPIDEfs_5 ---
Pixel 939, 350, 1, 1, 4.80374e+19
Pixel 939, 351, 1, 1, 4.80374e+19
--- pALPIDEfs_6 ---
Pixel 735, 254, 1, 1, 4.80374e+19
=== 4249502 ===
--- pALPIDEfs_5 ---
Pixel 818, 129, 1, 1, 4.80374e+19
Pixel 818, 130, 1, 1, 4.80374e+19
=== 4254957 ===
--- pALPIDEfs_0 ---
Pixel 973, 268, 1, 1, 4.80374e+19
Pixel 973, 269, 1, 1, 4.80374e+19
Pixel 974, 268, 1, 1, 4.80374e+19
Pixel 974, 269, 1, 1, 4.80374e+19
=== 4260044 ===
--- pALPIDEfs_2 ---
Pixel 645, 448, 1, 1, 4.80374e+19
Pixel 645, 449, 1, 1, 4.80374e+19
Pixel 646, 448, 1, 1, 4.80374e+19
Pixel 646, 449, 1, 1, 4.80374e+19
=== 4272626 ===
--- pALPIDEfs_2 ---
Pixel 907, 491, 1, 1, 4.80374e+19
Pixel 907, 492, 1, 1, 4.80374e+19
=== 4298408 ===
--- pALPIDEfs_0 ---
Pixel 643, 59, 1, 1, 4.80374e+19
Pixel 643, 60, 1, 1, 4.80374e+19
Pixel 644, 59, 1, 1, 4.80374e+19
Pixel 644, 60, 1, 1, 4.80374e+19
--- pALPIDEfs_1 ---
Pixel 226, 116, 1, 1, 4.80374e+19
--- pALPIDEfs_2 ---
Pixel 914, 65, 1, 1, 4.80374e+19
Pixel 914, 66, 1, 1, 4.80374e+19
=== 4308392 ===
--- pALPIDEfs_3 ---
Pixel 454, 360, 1, 1, 4.80374e+19
Pixel 455, 360, 1, 1, 4.80374e+19
Pixel 455, 361, 1, 1, 4.80374e+19
=== 4308905 ===
--- pALPIDEfs_6 ---
Pixel 169, 457, 1, 1, 4.80374e+19
Pixel 168, 457, 1, 1, 4.80374e+19
Pixel 168, 458, 1, 1, 4.80374e+19
Pixel 169, 458, 1, 1, 4.80374e+19
=== 4320795 ===
--- pALPIDEfs_5 ---
Pixel 841, 39, 1, 1, 4.80374e+19
Pixel 842, 38, 1, 1, 4.80374e+19
Pixel 842, 39, 1, 1, 4.80374e+19
=== 4341572 ===
--- pALPIDEfs_3 ---
Pixel 871, 356, 1, 1, 4.80374e+19
=== 4359191 ===
--- pALPIDEfs_4 ---
Pixel 957, 177, 1, 1, 4.80374e+19
Pixel 957, 178, 1, 1, 4.80374e+19
Pixel 958, 177, 1, 1, 4.80374e+19
Pixel 958, 178, 1, 1, 4.80374e+19
Pixel 959, 178, 1, 1, 4.80374e+19
=== 4376775 ===
--- pALPIDEfs_1 ---
Pixel 798, 50, 1, 1, 4.80374e+19
Pixel 799, 50, 1, 1, 4.80374e+19
Pixel 799, 51, 1, 1, 4.80374e+19
=== 4393543 ===
--- pALPIDEfs_2 ---
Pixel 943, 218, 1, 1, 4.80374e+19
--- pALPIDEfs_3 ---
Pixel 729, 169, 1, 1, 4.80374e+19
Pixel 728, 169, 1, 1, 4.80374e+19
Pixel 729, 170, 1, 1, 4.80374e+19
--- pALPIDEfs_4 ---
Pixel 519, 124, 1, 1, 4.80374e+19
Pixel 520, 124, 1, 1, 4.80374e+19
Pixel 520, 125, 1, 1, 4.80374e+19
--- pALPIDEfs_5 ---
Pixel 337, 253, 1, 1, 4.80374e+19
Pixel 338, 253, 1, 1, 4.80374e+19
--- pALPIDEfs_6 ---
Pixel 389, 354, 1, 1, 4.80374e+19
Pixel 389, 355, 1, 1, 4.80374e+19
Pixel 390, 354, 1, 1, 4.80374e+19
Pixel 390, 355, 1, 1, 4.80374e+19
=== 4412374 ===
--- pALPIDEfs_3 ---
Pixel 689, 301, 1, 1, 4.80374e+19
Pixel 688, 301, 1, 1, 4.80374e+19
Pixel 688, 302, 1, 1, 4.80374e+19
Pixel 689, 302, 1, 1, 4.80374e+19
=== 4436281 ===
--- pALPIDEfs_2 ---
Pixel 199, 43, 1, 1, 4.80374e+19
Pixel 200, 43, 1, 1, 4.80374e+19
Pixel 200, 44, 1, 1, 4.80374e+19
=== 4459086 ===
--- pALPIDEfs_4 ---
Pixel 280, 334, 1, 1, 4.80374e+19
Pixel 281, 334, 1, 1, 4.80374e+19
--- pALPIDEfs_5 ---
Pixel 651, 337, 1, 1, 4.80374e+19
Pixel 650, 337, 1, 1, 4.80374e+19
Pixel 650, 338, 1, 1, 4.80374e+19
=== 4463258 ===
--- pALPIDEfs_5 ---
Pixel 271, 184, 1, 1, 4.80374e+19
Pixel 272, 183, 1, 1, 4.80374e+19
Pixel 272, 184, 1, 1, 4.80374e+19
--- pALPIDEfs_6 ---
Pixel 1001, 406, 1, 1, 4.80374e+19
Pixel 1002, 405, 1, 1, 4.80374e+19
Pixel 1002, 406, 1, 1, 4.80374e+19
Pixel 1003, 406, 1, 1, 4.80374e+19
=== 4464588 ===
--- pALPIDEfs_3 ---
Pixel 557, 180, 1, 1, 4.80374e+19
=== 4477063 ===
--- pALPIDEfs_3 ---
Pixel 557, 180, 1, 1, 4.80374e+19
=== 4498825 ===
--- pALPIDEfs_4 ---
Pixel 853, 27, 1, 1, 4.80374e+19
Pixel 854, 27, 1, 1, 4.80374e+19
--- pALPIDEfs_5 ---
Pixel 643, 273, 1, 1, 4.80374e+19
=== 4502805 ===
--- pALPIDEfs_3 ---
Pixel 787, 497, 1, 1, 4.80374e+19
Pixel 787, 498, 1, 1, 4.80374e+19
--- pALPIDEfs_4 ---
Pixel 964, 26, 1, 1, 4.80374e+19
=== 4510616 ===
--- pALPIDEfs_6 ---
Pixel 17, 412, 1, 1, 4.80374e+19
Pixel 17, 413, 1, 1, 4.80374e+19
Pixel 16, 413, 1, 1, 4.80374e+19
Pixel 18, 412, 1, 1, 4.80374e+19
=== 4513947 ===
--- pALPIDEfs_2 ---
Pixel 921, 406, 1, 1, 4.80374e+19
Pixel 921, 407, 1, 1, 4.80374e+19
Pixel 922, 406, 1, 1, 4.80374e+19
Pixel 922, 407, 1, 1, 4.80374e+19
Pixel 922, 408, 1, 1, 4.80374e+19
Pixel 922, 409, 1, 1, 4.80374e+19
Pixel 922, 410, 1, 1, 4.80374e+19
Pixel 923, 410, 1, 1, 4.80374e+19
Pixel 923, 411, 1, 1, 4.80374e+19
Pixel 922, 411, 1, 1, 4.80374e+19
=== 4530553 ===
--- pALPIDEfs_0 ---
Pixel 705, 294, 1, 1, 4.80374e+19
=== 4536831 ===
--- pALPIDEfs_2 ---
Pixel 1007, 375, 1, 1, 4.80374e+19
Pixel 1006, 375, 1, 1, 4.80374e+19
Pixel 1006, 376, 1, 1, 4.80374e+19
Pixel 1007, 376, 1, 1, 4.80374e+19
Pixel 1007, 377, 1, 1, 4.80374e+19
=== 4577446 ===
--- pALPIDEfs_6 ---
Pixel 740, 445, 1, 1, 4.80374e+19
Pixel 740, 446, 1, 1, 4.80374e+19
=== 4588799 ===
--- pALPIDEfs_3 ---
Pixel 672, 480, 1, 1, 4.80374e+19
Pixel 673, 481, 1, 1, 4.80374e+19
Pixel 672, 481, 1, 1, 4.80374e+19
--- pALPIDEfs_4 ---
Pixel 138, 356, 1, 1, 4.80374e+19
Pixel 138, 357, 1, 1, 4.80374e+19
=== 4591024 ===
--- pALPIDEfs_4 ---
Pixel 214, 326, 1, 1, 4.80374e+19
Pixel 215, 326, 1, 1, 4.80374e+19
Pixel 215, 327, 1, 1, 4.80374e+19
Pixel 214, 327, 1, 1, 4.80374e+19
--- pALPIDEfs_5 ---
Pixel 753, 24, 1, 1, 4.80374e+19
Pixel 753, 25, 1, 1, 4.80374e+19
=== 4595433 ===
--- pALPIDEfs_3 ---
Pixel 271, 337, 1, 1, 4.80374e+19
Pixel 270, 337, 1, 1, 4.80374e+19
Pixel 270, 338, 1, 1, 4.80374e+19
Pixel 271, 338, 1, 1, 4.80374e+19
Pixel 272, 337, 1, 1, 4.80374e+19
Pixel 272, 338, 1, 1, 4.80374e+19
=== 4606226 ===
--- pALPIDEfs_5 ---
Pixel 720, 266, 1, 1, 4.80374e+19
Pixel 721, 267, 1, 1, 4.80374e+19
Pixel 720, 267, 1, 1, 4.80374e+19
=== 4607314 ===
--- pALPIDEfs_1 ---
Pixel 103, 463, 1, 1, 4.80374e+19
Pixel 103, 464, 1, 1, 4.80374e+19
Pixel 104, 464, 1, 1, 4.80374e+19
=== 4610687 ===
--- pALPIDEfs_2 ---
Pixel 961, 179, 1, 1, 4.80374e+19
Pixel 961, 180, 1, 1, 4.80374e+19
Pixel 962, 179, 1, 1, 4.80374e+19
=== 4617810 ===
--- pALPIDEfs_3 ---
Pixel 749, 143, 1, 1, 4.80374e+19
Pixel 749, 144, 1, 1, 4.80374e+19
Pixel 750, 143, 1, 1, 4.80374e+19
=== 4639547 ===
--- pALPIDEfs_1 ---
Pixel 454, 135, 1, 1, 4.80374e+19
Pixel 454, 136, 1, 1, 4.80374e+19
--- pALPIDEfs_2 ---
Pixel 187, 432, 1, 1, 4.80374e+19
Pixel 187, 433, 1, 1, 4.80374e+19
=== 4648701 ===
--- pALPIDEfs_6 ---
Pixel 135, 189, 1, 1, 4.80374e+19
=== 4655005 ===
--- pALPIDEfs_6 ---
Pixel 505, 41, 1, 1, 4.80374e+19
Pixel 505, 42, 1, 1, 4.80374e+19
Pixel 506, 42, 1, 1, 4.80374e+19
Pixel 506, 43, 1, 1, 4.80374e+19
=== 4655824 ===
--- pALPIDEfs_6 ---
Pixel 733, 321, 1, 1, 4.80374e+19
Pixel 732, 322, 1, 1, 4.80374e+19
Pixel 733, 322, 1, 1, 4.80374e+19
Pixel 732, 323, 1, 1, 4.80374e+19
=== 4671186 ===
--- pALPIDEfs_4 ---
Pixel 1015, 24, 1, 1, 4.80374e+19
Pixel 1015, 25, 1, 1, 4.80374e+19
=== 4701913 ===
--- pALPIDEfs_2 ---
Pixel 546, 18, 1, 1, 4.80374e+19
Pixel 546, 19, 1, 1, 4.80374e+19
=== 4714808 ===
--- pALPIDEfs_2 ---
Pixel 802, 274, 1, 1, 4.80374e+19
Pixel 803, 274, 1, 1, 4.80374e+19
=== 4717509 ===
--- pALPIDEfs_0 ---
Pixel 462, 188, 1, 1, 4.80374e+19
=== 4723580 ===
--- pALPIDEfs_4 ---
Pixel 319, 451, 1, 1, 4.80374e+19
Pixel 320, 450, 1, 1, 4.80374e+19
Pixel 320, 451, 1, 1, 4.80374e+19
=== 4725111 ===
--- pALPIDEfs_1 ---
Pixel 267, 175, 1, 1, 4.80374e+19
Pixel 269, 172, 1, 1, 4.80374e+19
Pixel 269, 173, 1, 1, 4.80374e+19
Pixel 268, 173, 1, 1, 4.80374e+19
Pixel 268, 174, 1, 1, 4.80374e+19
=== 4729303 ===
--- pALPIDEfs_2 ---
Pixel 695, 12, 1, 1, 4.80374e+19
--- pALPIDEfs_3 ---
Pixel 205, 52, 1, 1, 4.80374e+19
Pixel 821, 380, 1, 1, 4.80374e+19
Pixel 822, 380, 1, 1, 4.80374e+19
=== 4733274 ===
--- pALPIDEfs_0 ---
Pixel 835, 466, 1, 1, 4.80374e+19
Pixel 835, 467, 1, 1, 4.80374e+19
Pixel 834, 467, 1, 1, 4.80374e+19
Pixel 837, 465, 1, 1, 4.80374e+19
Pixel 836, 466, 1, 1, 4.80374e+19
Pixel 837, 466, 1, 1, 4.80374e+19
Pixel 838, 464, 1, 1, 4.80374e+19
=== 4733381 ===
--- pALPIDEfs_4 ---
Pixel 918, 101, 1, 1, 4.80374e+19
=== 4751311 ===
--- pALPIDEfs_6 ---
Pixel 489, 97, 1, 1, 4.80374e+19
Pixel 488, 97, 1, 1, 4.80374e+19
Pixel 488, 98, 1, 1, 4.80374e+19
Pixel 489, 98, 1, 1, 4.80374e+19
Pixel 488, 99, 1, 1, 4.80374e+19
=== 4753398 ===
--- pALPIDEfs_1 ---
Pixel 115, 331, 1, 1, 4.80374e+19
=== 4771579 ===
--- pALPIDEfs_5 ---
Pixel 87, 324, 1, 1, 4.80374e+19
Pixel 87, 325, 1, 1, 4.80374e+19
--- pALPIDEfs_6 ---
Pixel 113, 144, 1, 1, 4.80374e+19
Pixel 113, 145, 1, 1, 4.80374e+19
Pixel 114, 145, 1, 1, 4.80374e+19
=== 4775555 ===
--- pALPIDEfs_2 ---
Pixel 455, 435, 1, 1, 4.80374e+19
--- pALPIDEfs_3 ---
Pixel 945, 258, 1, 1, 4.80374e+19
Pixel 946, 258, 1, 1, 4.80374e+19
=== 4794761 ===
--- pALPIDEfs_4 ---
Pixel 889, 89, 1, 1, 4.80374e+19
Pixel 890, 88, 1, 1, 4.80374e+19
Pixel 891, 88, 1, 1, 4.80374e+19
Pixel 891, 89, 1, 1, 4.80374e+19
Pixel 890, 89, 1, 1, 4.80374e+19
=== 4821878 ===
--- pALPIDEfs_6 ---
Pixel 753, 204, 1, 1, 4.80374e+19
=== 4821879 ===
--- pALPIDEfs_6 ---
Pixel 753, 204, 1, 1, 4.80374e+19
Pixel 754, 204, 1, 1, 4.80374e+19
=== 4841517 ===
--- pALPIDEfs_2 ---
Pixel 935, 151, 1, 1, 4.80374e+19
Pixel 936, 151, 1, 1, 4.80374e+19
Pixel 936, 152, 1, 1, 4.80374e+19
Pixel 937, 152, 1, 1, 4.80374e+19
Pixel 938, 152, 1, 1, 4.80374e+19
=== 4850503 ===
--- pALPIDEfs_0 ---
Pixel 362, 40, 1, 1, 4.80374e+19
Pixel 362, 41, 1, 1, 4.80374e+19
=== 4866461 ===
--- pALPIDEfs_0 ---
Pixel 1011, 196, 1, 1, 4.80374e+19
Pixel 1011, 197, 1, 1, 4.80374e+19
Pixel 1012, 196, 1, 1, 4.80374e+19
Pixel 1012, 197, 1, 1, 4.80374e+19
=== 4884473 ===
--- pALPIDEfs_0 ---
Pixel 667, 369, 1, 1, 4.80374e+19
=== 4918672 ===
--- pALPIDEfs_5 ---
Pixel 587, 22, 1, 1, 4.80374e+19
Pixel 587, 23, 1, 1, 4.80374e+19
Pixel 588, 22, 1, 1, 4.80374e+19
Pixel 588, 23, 1, 1, 4.80374e+19
=== 4918925 ===
--- pALPIDEfs_3 ---
Pixel 653, 42, 1, 1, 4.80374e+19
Pixel 653, 43, 1, 1, 4.80374e+19
Pixel 654, 42, 1, 1, 4.80374e+19
=== 4921735 ===
--- pALPIDEfs_0 ---
Pixel 799, 227, 1, 1, 4.80374e+19
Pixel 800, 226, 1, 1, 4.80374e+19
Pixel 800, 227, 1, 1, 4.80374e+19
=== 4936074 ===
--- pALPIDEfs_4 ---
Pixel 105, 474, 1, 1, 4.80374e+19
Pixel 106, 474, 1, 1, 4.80374e+19
--- pALPIDEfs_5 ---
Pixel 804, 146, 1, 1, 4.80374e+19
Pixel 804, 147, 1, 1, 4.80374e+19
=== 4944081 ===
--- pALPIDEfs_2 ---
Pixel 556, 385, 1, 1, 4.80374e+19
--- pALPIDEfs_3 ---
Pixel 571, 397, 1, 1, 4.80374e+19
Pixel 570, 397, 1, 1, 4.80374e+19
=== 4949534 ===
--- pALPIDEfs_0 ---
Pixel 709, 125, 1, 1, 4.80374e+19
Pixel 708, 126, 1, 1, 4.80374e+19
Pixel 709, 126, 1, 1, 4.80374e+19
Pixel 710, 125, 1, 1, 4.80374e+19
Pixel 710, 126, 1, 1, 4.80374e+19
=== 4965460 ===
--- pALPIDEfs_4 ---
Pixel 895, 88, 1, 1, 4.80374e+19
Pixel 895, 89, 1, 1, 4.80374e+19
=== 4983993 ===
--- pALPIDEfs_2 ---
Pixel 642, 486, 1, 1, 4.80374e+19
Pixel 642, 487, 1, 1, 4.80374e+19
Pixel 642, 488, 1, 1, 4.80374e+19
=== 4987089 ===
--- pALPIDEfs_0 ---
Pixel 230, 132, 1, 1, 4.80374e+19
=== 4995097 ===
--- pALPIDEfs_6 ---
Pixel 281, 315, 1, 1, 4.80374e+19
Pixel 281, 316, 1, 1, 4.80374e+19
=== 5010524 ===
--- pALPIDEfs_2 ---
Pixel 497, 55, 1, 1, 4.80374e+19
Pixel 496, 56, 1, 1, 4.80374e+19
Pixel 497, 56, 1, 1, 4.80374e+19
=== 5015888 ===
--- pALPIDEfs_2 ---
Pixel 251, 217, 1, 1, 4.80374e+19
Pixel 250, 217, 1, 1, 4.80374e+19
Pixel 250, 218, 1, 1, 4.80374e+19
Pixel 256, 488, 1, 1, 4.80374e+19
Pixel 257, 488, 1, 1, 4.80374e+19
=== 5017647 ===
--- pALPIDEfs_0 ---
Pixel 832, 458, 1, 1, 4.80374e+19
Pixel 833, 458, 1, 1, 4.80374e+19
Pixel 832, 459, 1, 1, 4.80374e+19
=== 5020715 ===
--- pALPIDEfs_5 ---
Pixel 812, 78, 1, 1, 4.80374e+19
Pixel 812, 79, 1, 1, 4.80374e+19
