Run: Cosmics000413
=== 2 ===
--- pALPIDEfs_3 ---
Pixel 238, 320, 1, 1, 4.80374e+19
Pixel 238, 320, 1, 1, 4.80374e+19
=== 3 ===
--- pALPIDEfs_0 ---
Pixel 92, 0, 1, 1, 4.80374e+19
Pixel 93, 0, 1, 1, 4.80374e+19
Pixel 93, 1, 1, 1, 4.80374e+19
Pixel 92, 1, 1, 1, 4.80374e+19
Pixel 92, 2, 1, 1, 4.80374e+19
Pixel 93, 2, 1, 1, 4.80374e+19
Pixel 93, 3, 1, 1, 4.80374e+19
Pixel 92, 3, 1, 1, 4.80374e+19
Pixel 92, 4, 1, 1, 4.80374e+19
Pixel 93, 4, 1, 1, 4.80374e+19
Pixel 93, 5, 1, 1, 4.80374e+19
Pixel 92, 5, 1, 1, 4.80374e+19
Pixel 92, 6, 1, 1, 4.80374e+19
Pixel 93, 6, 1, 1, 4.80374e+19
Pixel 93, 7, 1, 1, 4.80374e+19
Pixel 92, 7, 1, 1, 4.80374e+19
Pixel 92, 8, 1, 1, 4.80374e+19
Pixel 93, 8, 1, 1, 4.80374e+19
Pixel 93, 9, 1, 1, 4.80374e+19
Pixel 92, 9, 1, 1, 4.80374e+19
Pixel 92, 10, 1, 1, 4.80374e+19
Pixel 93, 10, 1, 1, 4.80374e+19
Pixel 93, 11, 1, 1, 4.80374e+19
Pixel 92, 11, 1, 1, 4.80374e+19
Pixel 92, 12, 1, 1, 4.80374e+19
Pixel 93, 12, 1, 1, 4.80374e+19
Pixel 93, 13, 1, 1, 4.80374e+19
Pixel 92, 13, 1, 1, 4.80374e+19
Pixel 92, 14, 1, 1, 4.80374e+19
Pixel 93, 14, 1, 1, 4.80374e+19
Pixel 93, 15, 1, 1, 4.80374e+19
Pixel 92, 15, 1, 1, 4.80374e+19
Pixel 92, 16, 1, 1, 4.80374e+19
Pixel 93, 16, 1, 1, 4.80374e+19
Pixel 93, 17, 1, 1, 4.80374e+19
Pixel 92, 17, 1, 1, 4.80374e+19
Pixel 92, 18, 1, 1, 4.80374e+19
Pixel 93, 18, 1, 1, 4.80374e+19
Pixel 93, 19, 1, 1, 4.80374e+19
Pixel 92, 19, 1, 1, 4.80374e+19
Pixel 92, 20, 1, 1, 4.80374e+19
Pixel 93, 20, 1, 1, 4.80374e+19
Pixel 93, 21, 1, 1, 4.80374e+19
Pixel 92, 21, 1, 1, 4.80374e+19
Pixel 92, 22, 1, 1, 4.80374e+19
Pixel 93, 22, 1, 1, 4.80374e+19
Pixel 93, 23, 1, 1, 4.80374e+19
Pixel 92, 23, 1, 1, 4.80374e+19
Pixel 92, 24, 1, 1, 4.80374e+19
Pixel 93, 24, 1, 1, 4.80374e+19
Pixel 93, 25, 1, 1, 4.80374e+19
Pixel 92, 25, 1, 1, 4.80374e+19
Pixel 92, 26, 1, 1, 4.80374e+19
Pixel 93, 26, 1, 1, 4.80374e+19
Pixel 93, 27, 1, 1, 4.80374e+19
Pixel 92, 27, 1, 1, 4.80374e+19
Pixel 92, 28, 1, 1, 4.80374e+19
Pixel 93, 28, 1, 1, 4.80374e+19
Pixel 93, 29, 1, 1, 4.80374e+19
Pixel 92, 29, 1, 1, 4.80374e+19
Pixel 92, 30, 1, 1, 4.80374e+19
Pixel 93, 30, 1, 1, 4.80374e+19
Pixel 93, 31, 1, 1, 4.80374e+19
Pixel 92, 31, 1, 1, 4.80374e+19
Pixel 92, 32, 1, 1, 4.80374e+19
Pixel 93, 32, 1, 1, 4.80374e+19
Pixel 93, 33, 1, 1, 4.80374e+19
Pixel 92, 33, 1, 1, 4.80374e+19
Pixel 92, 34, 1, 1, 4.80374e+19
Pixel 93, 34, 1, 1, 4.80374e+19
Pixel 93, 35, 1, 1, 4.80374e+19
Pixel 92, 35, 1, 1, 4.80374e+19
Pixel 92, 36, 1, 1, 4.80374e+19
Pixel 93, 36, 1, 1, 4.80374e+19
Pixel 93, 37, 1, 1, 4.80374e+19
Pixel 92, 37, 1, 1, 4.80374e+19
Pixel 92, 38, 1, 1, 4.80374e+19
Pixel 93, 38, 1, 1, 4.80374e+19
Pixel 93, 39, 1, 1, 4.80374e+19
Pixel 92, 39, 1, 1, 4.80374e+19
Pixel 92, 40, 1, 1, 4.80374e+19
Pixel 93, 40, 1, 1, 4.80374e+19
Pixel 93, 41, 1, 1, 4.80374e+19
Pixel 92, 41, 1, 1, 4.80374e+19
Pixel 92, 42, 1, 1, 4.80374e+19
Pixel 93, 42, 1, 1, 4.80374e+19
Pixel 93, 43, 1, 1, 4.80374e+19
Pixel 92, 43, 1, 1, 4.80374e+19
Pixel 92, 44, 1, 1, 4.80374e+19
Pixel 93, 44, 1, 1, 4.80374e+19
Pixel 93, 45, 1, 1, 4.80374e+19
Pixel 92, 45, 1, 1, 4.80374e+19
Pixel 92, 46, 1, 1, 4.80374e+19
Pixel 93, 46, 1, 1, 4.80374e+19
Pixel 93, 47, 1, 1, 4.80374e+19
Pixel 92, 47, 1, 1, 4.80374e+19
Pixel 92, 48, 1, 1, 4.80374e+19
Pixel 93, 48, 1, 1, 4.80374e+19
Pixel 93, 49, 1, 1, 4.80374e+19
Pixel 92, 49, 1, 1, 4.80374e+19
Pixel 92, 50, 1, 1, 4.80374e+19
Pixel 93, 50, 1, 1, 4.80374e+19
Pixel 93, 51, 1, 1, 4.80374e+19
Pixel 92, 51, 1, 1, 4.80374e+19
Pixel 92, 52, 1, 1, 4.80374e+19
Pixel 93, 52, 1, 1, 4.80374e+19
Pixel 93, 53, 1, 1, 4.80374e+19
Pixel 92, 53, 1, 1, 4.80374e+19
Pixel 92, 54, 1, 1, 4.80374e+19
Pixel 93, 54, 1, 1, 4.80374e+19
Pixel 93, 55, 1, 1, 4.80374e+19
Pixel 92, 55, 1, 1, 4.80374e+19
Pixel 92, 56, 1, 1, 4.80374e+19
Pixel 93, 56, 1, 1, 4.80374e+19
Pixel 93, 57, 1, 1, 4.80374e+19
Pixel 92, 57, 1, 1, 4.80374e+19
Pixel 92, 58, 1, 1, 4.80374e+19
Pixel 93, 58, 1, 1, 4.80374e+19
Pixel 93, 59, 1, 1, 4.80374e+19
Pixel 92, 59, 1, 1, 4.80374e+19
Pixel 92, 60, 1, 1, 4.80374e+19
Pixel 93, 60, 1, 1, 4.80374e+19
Pixel 93, 61, 1, 1, 4.80374e+19
Pixel 92, 61, 1, 1, 4.80374e+19
Pixel 92, 62, 1, 1, 4.80374e+19
Pixel 93, 62, 1, 1, 4.80374e+19
Pixel 93, 63, 1, 1, 4.80374e+19
Pixel 92, 63, 1, 1, 4.80374e+19
Pixel 92, 64, 1, 1, 4.80374e+19
Pixel 93, 64, 1, 1, 4.80374e+19
Pixel 93, 65, 1, 1, 4.80374e+19
Pixel 92, 65, 1, 1, 4.80374e+19
Pixel 92, 66, 1, 1, 4.80374e+19
Pixel 93, 66, 1, 1, 4.80374e+19
Pixel 93, 67, 1, 1, 4.80374e+19
Pixel 92, 67, 1, 1, 4.80374e+19
Pixel 92, 68, 1, 1, 4.80374e+19
Pixel 93, 68, 1, 1, 4.80374e+19
Pixel 93, 69, 1, 1, 4.80374e+19
Pixel 92, 69, 1, 1, 4.80374e+19
Pixel 92, 70, 1, 1, 4.80374e+19
Pixel 93, 70, 1, 1, 4.80374e+19
Pixel 93, 71, 1, 1, 4.80374e+19
Pixel 92, 71, 1, 1, 4.80374e+19
Pixel 92, 72, 1, 1, 4.80374e+19
Pixel 93, 72, 1, 1, 4.80374e+19
Pixel 93, 73, 1, 1, 4.80374e+19
Pixel 92, 73, 1, 1, 4.80374e+19
Pixel 92, 74, 1, 1, 4.80374e+19
Pixel 93, 74, 1, 1, 4.80374e+19
Pixel 93, 75, 1, 1, 4.80374e+19
Pixel 92, 75, 1, 1, 4.80374e+19
Pixel 92, 76, 1, 1, 4.80374e+19
Pixel 93, 76, 1, 1, 4.80374e+19
Pixel 93, 77, 1, 1, 4.80374e+19
Pixel 92, 77, 1, 1, 4.80374e+19
Pixel 92, 78, 1, 1, 4.80374e+19
Pixel 93, 78, 1, 1, 4.80374e+19
Pixel 93, 79, 1, 1, 4.80374e+19
Pixel 92, 79, 1, 1, 4.80374e+19
Pixel 92, 80, 1, 1, 4.80374e+19
Pixel 93, 80, 1, 1, 4.80374e+19
Pixel 93, 81, 1, 1, 4.80374e+19
Pixel 92, 81, 1, 1, 4.80374e+19
Pixel 92, 82, 1, 1, 4.80374e+19
Pixel 93, 82, 1, 1, 4.80374e+19
Pixel 93, 83, 1, 1, 4.80374e+19
Pixel 92, 83, 1, 1, 4.80374e+19
Pixel 92, 84, 1, 1, 4.80374e+19
Pixel 93, 84, 1, 1, 4.80374e+19
Pixel 93, 85, 1, 1, 4.80374e+19
Pixel 92, 85, 1, 1, 4.80374e+19
Pixel 92, 86, 1, 1, 4.80374e+19
Pixel 93, 86, 1, 1, 4.80374e+19
Pixel 93, 87, 1, 1, 4.80374e+19
Pixel 92, 87, 1, 1, 4.80374e+19
Pixel 92, 88, 1, 1, 4.80374e+19
Pixel 93, 88, 1, 1, 4.80374e+19
Pixel 93, 89, 1, 1, 4.80374e+19
Pixel 92, 89, 1, 1, 4.80374e+19
Pixel 92, 90, 1, 1, 4.80374e+19
Pixel 93, 90, 1, 1, 4.80374e+19
Pixel 93, 91, 1, 1, 4.80374e+19
Pixel 92, 91, 1, 1, 4.80374e+19
Pixel 92, 92, 1, 1, 4.80374e+19
Pixel 93, 92, 1, 1, 4.80374e+19
Pixel 93, 93, 1, 1, 4.80374e+19
Pixel 92, 93, 1, 1, 4.80374e+19
Pixel 92, 94, 1, 1, 4.80374e+19
Pixel 93, 94, 1, 1, 4.80374e+19
Pixel 93, 95, 1, 1, 4.80374e+19
Pixel 92, 95, 1, 1, 4.80374e+19
Pixel 92, 96, 1, 1, 4.80374e+19
Pixel 93, 96, 1, 1, 4.80374e+19
Pixel 93, 97, 1, 1, 4.80374e+19
Pixel 92, 97, 1, 1, 4.80374e+19
Pixel 92, 98, 1, 1, 4.80374e+19
Pixel 93, 98, 1, 1, 4.80374e+19
Pixel 93, 99, 1, 1, 4.80374e+19
Pixel 92, 99, 1, 1, 4.80374e+19
Pixel 92, 100, 1, 1, 4.80374e+19
Pixel 93, 100, 1, 1, 4.80374e+19
Pixel 93, 101, 1, 1, 4.80374e+19
Pixel 92, 101, 1, 1, 4.80374e+19
Pixel 92, 102, 1, 1, 4.80374e+19
Pixel 93, 102, 1, 1, 4.80374e+19
Pixel 93, 103, 1, 1, 4.80374e+19
Pixel 92, 103, 1, 1, 4.80374e+19
Pixel 92, 104, 1, 1, 4.80374e+19
Pixel 93, 104, 1, 1, 4.80374e+19
Pixel 93, 105, 1, 1, 4.80374e+19
Pixel 92, 105, 1, 1, 4.80374e+19
Pixel 92, 106, 1, 1, 4.80374e+19
Pixel 93, 106, 1, 1, 4.80374e+19
Pixel 93, 107, 1, 1, 4.80374e+19
Pixel 92, 107, 1, 1, 4.80374e+19
Pixel 92, 108, 1, 1, 4.80374e+19
Pixel 93, 108, 1, 1, 4.80374e+19
Pixel 93, 109, 1, 1, 4.80374e+19
Pixel 92, 109, 1, 1, 4.80374e+19
Pixel 92, 110, 1, 1, 4.80374e+19
Pixel 93, 110, 1, 1, 4.80374e+19
Pixel 93, 111, 1, 1, 4.80374e+19
Pixel 92, 111, 1, 1, 4.80374e+19
Pixel 92, 112, 1, 1, 4.80374e+19
Pixel 93, 112, 1, 1, 4.80374e+19
Pixel 93, 113, 1, 1, 4.80374e+19
Pixel 92, 113, 1, 1, 4.80374e+19
Pixel 92, 114, 1, 1, 4.80374e+19
Pixel 93, 114, 1, 1, 4.80374e+19
Pixel 93, 115, 1, 1, 4.80374e+19
Pixel 92, 115, 1, 1, 4.80374e+19
Pixel 92, 116, 1, 1, 4.80374e+19
Pixel 93, 116, 1, 1, 4.80374e+19
Pixel 93, 117, 1, 1, 4.80374e+19
Pixel 92, 117, 1, 1, 4.80374e+19
Pixel 92, 118, 1, 1, 4.80374e+19
Pixel 93, 118, 1, 1, 4.80374e+19
Pixel 93, 119, 1, 1, 4.80374e+19
Pixel 92, 119, 1, 1, 4.80374e+19
Pixel 92, 120, 1, 1, 4.80374e+19
Pixel 93, 120, 1, 1, 4.80374e+19
Pixel 93, 121, 1, 1, 4.80374e+19
Pixel 92, 121, 1, 1, 4.80374e+19
Pixel 92, 122, 1, 1, 4.80374e+19
Pixel 93, 122, 1, 1, 4.80374e+19
Pixel 93, 123, 1, 1, 4.80374e+19
Pixel 92, 123, 1, 1, 4.80374e+19
Pixel 92, 124, 1, 1, 4.80374e+19
Pixel 93, 124, 1, 1, 4.80374e+19
Pixel 93, 125, 1, 1, 4.80374e+19
Pixel 92, 125, 1, 1, 4.80374e+19
Pixel 92, 126, 1, 1, 4.80374e+19
Pixel 93, 126, 1, 1, 4.80374e+19
Pixel 93, 127, 1, 1, 4.80374e+19
Pixel 92, 127, 1, 1, 4.80374e+19
Pixel 92, 128, 1, 1, 4.80374e+19
Pixel 93, 128, 1, 1, 4.80374e+19
Pixel 93, 129, 1, 1, 4.80374e+19
Pixel 92, 129, 1, 1, 4.80374e+19
Pixel 92, 130, 1, 1, 4.80374e+19
Pixel 93, 130, 1, 1, 4.80374e+19
Pixel 93, 131, 1, 1, 4.80374e+19
Pixel 92, 131, 1, 1, 4.80374e+19
Pixel 92, 132, 1, 1, 4.80374e+19
Pixel 93, 132, 1, 1, 4.80374e+19
Pixel 93, 133, 1, 1, 4.80374e+19
Pixel 92, 133, 1, 1, 4.80374e+19
Pixel 92, 134, 1, 1, 4.80374e+19
Pixel 93, 134, 1, 1, 4.80374e+19
Pixel 93, 135, 1, 1, 4.80374e+19
Pixel 92, 135, 1, 1, 4.80374e+19
Pixel 92, 136, 1, 1, 4.80374e+19
Pixel 93, 136, 1, 1, 4.80374e+19
Pixel 93, 137, 1, 1, 4.80374e+19
Pixel 92, 137, 1, 1, 4.80374e+19
Pixel 92, 138, 1, 1, 4.80374e+19
Pixel 93, 138, 1, 1, 4.80374e+19
Pixel 93, 139, 1, 1, 4.80374e+19
Pixel 92, 139, 1, 1, 4.80374e+19
Pixel 92, 140, 1, 1, 4.80374e+19
Pixel 93, 140, 1, 1, 4.80374e+19
Pixel 93, 141, 1, 1, 4.80374e+19
Pixel 92, 141, 1, 1, 4.80374e+19
Pixel 92, 142, 1, 1, 4.80374e+19
Pixel 93, 142, 1, 1, 4.80374e+19
Pixel 93, 143, 1, 1, 4.80374e+19
Pixel 92, 143, 1, 1, 4.80374e+19
Pixel 92, 144, 1, 1, 4.80374e+19
Pixel 93, 144, 1, 1, 4.80374e+19
Pixel 93, 145, 1, 1, 4.80374e+19
Pixel 92, 145, 1, 1, 4.80374e+19
Pixel 92, 146, 1, 1, 4.80374e+19
Pixel 93, 146, 1, 1, 4.80374e+19
Pixel 93, 147, 1, 1, 4.80374e+19
Pixel 92, 147, 1, 1, 4.80374e+19
Pixel 92, 148, 1, 1, 4.80374e+19
Pixel 93, 148, 1, 1, 4.80374e+19
Pixel 93, 149, 1, 1, 4.80374e+19
Pixel 92, 149, 1, 1, 4.80374e+19
Pixel 92, 150, 1, 1, 4.80374e+19
Pixel 93, 150, 1, 1, 4.80374e+19
Pixel 93, 151, 1, 1, 4.80374e+19
Pixel 92, 151, 1, 1, 4.80374e+19
Pixel 92, 152, 1, 1, 4.80374e+19
Pixel 93, 152, 1, 1, 4.80374e+19
Pixel 93, 153, 1, 1, 4.80374e+19
Pixel 92, 153, 1, 1, 4.80374e+19
Pixel 92, 154, 1, 1, 4.80374e+19
Pixel 93, 154, 1, 1, 4.80374e+19
Pixel 93, 155, 1, 1, 4.80374e+19
Pixel 92, 155, 1, 1, 4.80374e+19
Pixel 92, 156, 1, 1, 4.80374e+19
Pixel 93, 156, 1, 1, 4.80374e+19
Pixel 93, 157, 1, 1, 4.80374e+19
Pixel 92, 157, 1, 1, 4.80374e+19
Pixel 92, 158, 1, 1, 4.80374e+19
Pixel 93, 158, 1, 1, 4.80374e+19
Pixel 93, 159, 1, 1, 4.80374e+19
Pixel 92, 159, 1, 1, 4.80374e+19
Pixel 92, 160, 1, 1, 4.80374e+19
Pixel 93, 160, 1, 1, 4.80374e+19
Pixel 93, 161, 1, 1, 4.80374e+19
Pixel 92, 161, 1, 1, 4.80374e+19
Pixel 92, 162, 1, 1, 4.80374e+19
Pixel 93, 162, 1, 1, 4.80374e+19
Pixel 93, 163, 1, 1, 4.80374e+19
Pixel 92, 163, 1, 1, 4.80374e+19
Pixel 92, 164, 1, 1, 4.80374e+19
Pixel 93, 164, 1, 1, 4.80374e+19
Pixel 93, 165, 1, 1, 4.80374e+19
Pixel 92, 165, 1, 1, 4.80374e+19
Pixel 92, 166, 1, 1, 4.80374e+19
Pixel 93, 166, 1, 1, 4.80374e+19
Pixel 93, 167, 1, 1, 4.80374e+19
Pixel 92, 167, 1, 1, 4.80374e+19
Pixel 92, 168, 1, 1, 4.80374e+19
Pixel 93, 168, 1, 1, 4.80374e+19
Pixel 93, 169, 1, 1, 4.80374e+19
Pixel 92, 169, 1, 1, 4.80374e+19
Pixel 92, 170, 1, 1, 4.80374e+19
Pixel 93, 170, 1, 1, 4.80374e+19
Pixel 93, 171, 1, 1, 4.80374e+19
Pixel 92, 171, 1, 1, 4.80374e+19
Pixel 92, 172, 1, 1, 4.80374e+19
Pixel 93, 172, 1, 1, 4.80374e+19
Pixel 93, 173, 1, 1, 4.80374e+19
Pixel 92, 173, 1, 1, 4.80374e+19
Pixel 92, 174, 1, 1, 4.80374e+19
Pixel 93, 174, 1, 1, 4.80374e+19
Pixel 93, 175, 1, 1, 4.80374e+19
Pixel 92, 175, 1, 1, 4.80374e+19
Pixel 92, 176, 1, 1, 4.80374e+19
Pixel 93, 176, 1, 1, 4.80374e+19
Pixel 93, 177, 1, 1, 4.80374e+19
Pixel 92, 177, 1, 1, 4.80374e+19
Pixel 92, 178, 1, 1, 4.80374e+19
Pixel 93, 178, 1, 1, 4.80374e+19
Pixel 93, 179, 1, 1, 4.80374e+19
Pixel 92, 179, 1, 1, 4.80374e+19
Pixel 92, 180, 1, 1, 4.80374e+19
Pixel 93, 180, 1, 1, 4.80374e+19
Pixel 93, 181, 1, 1, 4.80374e+19
Pixel 92, 181, 1, 1, 4.80374e+19
Pixel 92, 182, 1, 1, 4.80374e+19
Pixel 93, 182, 1, 1, 4.80374e+19
Pixel 93, 183, 1, 1, 4.80374e+19
Pixel 92, 183, 1, 1, 4.80374e+19
Pixel 92, 184, 1, 1, 4.80374e+19
Pixel 93, 184, 1, 1, 4.80374e+19
Pixel 93, 185, 1, 1, 4.80374e+19
Pixel 92, 185, 1, 1, 4.80374e+19
Pixel 92, 186, 1, 1, 4.80374e+19
Pixel 93, 186, 1, 1, 4.80374e+19
Pixel 93, 187, 1, 1, 4.80374e+19
Pixel 92, 187, 1, 1, 4.80374e+19
Pixel 92, 188, 1, 1, 4.80374e+19
Pixel 93, 188, 1, 1, 4.80374e+19
Pixel 93, 189, 1, 1, 4.80374e+19
Pixel 92, 189, 1, 1, 4.80374e+19
Pixel 92, 190, 1, 1, 4.80374e+19
Pixel 93, 190, 1, 1, 4.80374e+19
Pixel 93, 191, 1, 1, 4.80374e+19
Pixel 92, 191, 1, 1, 4.80374e+19
Pixel 92, 192, 1, 1, 4.80374e+19
Pixel 93, 192, 1, 1, 4.80374e+19
Pixel 93, 193, 1, 1, 4.80374e+19
Pixel 92, 193, 1, 1, 4.80374e+19
Pixel 92, 194, 1, 1, 4.80374e+19
Pixel 93, 194, 1, 1, 4.80374e+19
Pixel 93, 195, 1, 1, 4.80374e+19
Pixel 92, 195, 1, 1, 4.80374e+19
Pixel 92, 196, 1, 1, 4.80374e+19
Pixel 93, 196, 1, 1, 4.80374e+19
Pixel 93, 197, 1, 1, 4.80374e+19
Pixel 92, 197, 1, 1, 4.80374e+19
Pixel 92, 198, 1, 1, 4.80374e+19
Pixel 93, 198, 1, 1, 4.80374e+19
Pixel 93, 199, 1, 1, 4.80374e+19
Pixel 92, 199, 1, 1, 4.80374e+19
Pixel 92, 200, 1, 1, 4.80374e+19
Pixel 93, 200, 1, 1, 4.80374e+19
Pixel 93, 201, 1, 1, 4.80374e+19
Pixel 92, 201, 1, 1, 4.80374e+19
Pixel 92, 202, 1, 1, 4.80374e+19
Pixel 93, 202, 1, 1, 4.80374e+19
Pixel 93, 203, 1, 1, 4.80374e+19
Pixel 92, 203, 1, 1, 4.80374e+19
Pixel 92, 204, 1, 1, 4.80374e+19
Pixel 93, 204, 1, 1, 4.80374e+19
Pixel 93, 205, 1, 1, 4.80374e+19
Pixel 92, 205, 1, 1, 4.80374e+19
Pixel 92, 206, 1, 1, 4.80374e+19
Pixel 93, 206, 1, 1, 4.80374e+19
Pixel 93, 207, 1, 1, 4.80374e+19
Pixel 92, 207, 1, 1, 4.80374e+19
Pixel 92, 208, 1, 1, 4.80374e+19
Pixel 93, 208, 1, 1, 4.80374e+19
Pixel 93, 209, 1, 1, 4.80374e+19
Pixel 92, 209, 1, 1, 4.80374e+19
Pixel 92, 210, 1, 1, 4.80374e+19
Pixel 93, 210, 1, 1, 4.80374e+19
Pixel 93, 211, 1, 1, 4.80374e+19
Pixel 92, 211, 1, 1, 4.80374e+19
Pixel 92, 212, 1, 1, 4.80374e+19
Pixel 93, 212, 1, 1, 4.80374e+19
Pixel 93, 213, 1, 1, 4.80374e+19
Pixel 92, 213, 1, 1, 4.80374e+19
Pixel 92, 214, 1, 1, 4.80374e+19
Pixel 93, 214, 1, 1, 4.80374e+19
Pixel 93, 215, 1, 1, 4.80374e+19
Pixel 92, 215, 1, 1, 4.80374e+19
Pixel 92, 216, 1, 1, 4.80374e+19
Pixel 93, 216, 1, 1, 4.80374e+19
Pixel 93, 217, 1, 1, 4.80374e+19
Pixel 92, 217, 1, 1, 4.80374e+19
Pixel 92, 218, 1, 1, 4.80374e+19
Pixel 93, 218, 1, 1, 4.80374e+19
Pixel 93, 219, 1, 1, 4.80374e+19
Pixel 92, 219, 1, 1, 4.80374e+19
Pixel 92, 220, 1, 1, 4.80374e+19
Pixel 93, 220, 1, 1, 4.80374e+19
Pixel 93, 221, 1, 1, 4.80374e+19
Pixel 92, 221, 1, 1, 4.80374e+19
Pixel 92, 222, 1, 1, 4.80374e+19
Pixel 93, 222, 1, 1, 4.80374e+19
Pixel 93, 223, 1, 1, 4.80374e+19
Pixel 92, 223, 1, 1, 4.80374e+19
Pixel 92, 224, 1, 1, 4.80374e+19
Pixel 93, 224, 1, 1, 4.80374e+19
Pixel 93, 225, 1, 1, 4.80374e+19
Pixel 92, 225, 1, 1, 4.80374e+19
Pixel 92, 226, 1, 1, 4.80374e+19
Pixel 93, 226, 1, 1, 4.80374e+19
Pixel 93, 227, 1, 1, 4.80374e+19
Pixel 92, 227, 1, 1, 4.80374e+19
Pixel 92, 228, 1, 1, 4.80374e+19
Pixel 93, 228, 1, 1, 4.80374e+19
Pixel 93, 229, 1, 1, 4.80374e+19
Pixel 92, 229, 1, 1, 4.80374e+19
Pixel 92, 230, 1, 1, 4.80374e+19
Pixel 93, 230, 1, 1, 4.80374e+19
Pixel 93, 231, 1, 1, 4.80374e+19
Pixel 92, 231, 1, 1, 4.80374e+19
Pixel 92, 232, 1, 1, 4.80374e+19
Pixel 93, 232, 1, 1, 4.80374e+19
Pixel 93, 233, 1, 1, 4.80374e+19
Pixel 92, 233, 1, 1, 4.80374e+19
Pixel 92, 234, 1, 1, 4.80374e+19
Pixel 93, 234, 1, 1, 4.80374e+19
Pixel 93, 235, 1, 1, 4.80374e+19
Pixel 92, 235, 1, 1, 4.80374e+19
Pixel 92, 236, 1, 1, 4.80374e+19
Pixel 93, 236, 1, 1, 4.80374e+19
Pixel 93, 237, 1, 1, 4.80374e+19
Pixel 92, 237, 1, 1, 4.80374e+19
Pixel 92, 238, 1, 1, 4.80374e+19
Pixel 93, 238, 1, 1, 4.80374e+19
Pixel 93, 239, 1, 1, 4.80374e+19
Pixel 92, 239, 1, 1, 4.80374e+19
Pixel 92, 240, 1, 1, 4.80374e+19
Pixel 93, 240, 1, 1, 4.80374e+19
Pixel 93, 241, 1, 1, 4.80374e+19
Pixel 92, 241, 1, 1, 4.80374e+19
Pixel 92, 242, 1, 1, 4.80374e+19
Pixel 93, 242, 1, 1, 4.80374e+19
Pixel 93, 243, 1, 1, 4.80374e+19
Pixel 92, 243, 1, 1, 4.80374e+19
Pixel 92, 244, 1, 1, 4.80374e+19
Pixel 93, 244, 1, 1, 4.80374e+19
Pixel 93, 245, 1, 1, 4.80374e+19
Pixel 92, 245, 1, 1, 4.80374e+19
Pixel 92, 246, 1, 1, 4.80374e+19
Pixel 93, 246, 1, 1, 4.80374e+19
Pixel 93, 247, 1, 1, 4.80374e+19
Pixel 92, 247, 1, 1, 4.80374e+19
Pixel 92, 248, 1, 1, 4.80374e+19
Pixel 93, 248, 1, 1, 4.80374e+19
Pixel 93, 249, 1, 1, 4.80374e+19
Pixel 92, 249, 1, 1, 4.80374e+19
Pixel 92, 250, 1, 1, 4.80374e+19
Pixel 93, 250, 1, 1, 4.80374e+19
Pixel 93, 251, 1, 1, 4.80374e+19
Pixel 92, 251, 1, 1, 4.80374e+19
Pixel 92, 252, 1, 1, 4.80374e+19
Pixel 93, 252, 1, 1, 4.80374e+19
Pixel 93, 253, 1, 1, 4.80374e+19
Pixel 92, 253, 1, 1, 4.80374e+19
Pixel 92, 254, 1, 1, 4.80374e+19
Pixel 93, 254, 1, 1, 4.80374e+19
Pixel 93, 255, 1, 1, 4.80374e+19
Pixel 92, 255, 1, 1, 4.80374e+19
=== 7547 ===
--- pALPIDEfs_3 ---
Pixel 704, 94, 1, 1, 4.80374e+19
Pixel 704, 95, 1, 1, 4.80374e+19
=== 8902 ===
--- pALPIDEfs_4 ---
Pixel 478, 71, 1, 1, 4.80374e+19
=== 13537 ===
--- pALPIDEfs_2 ---
Pixel 14, 452, 1, 1, 4.80374e+19
Pixel 15, 452, 1, 1, 4.80374e+19
Pixel 15, 453, 1, 1, 4.80374e+19
Pixel 14, 453, 1, 1, 4.80374e+19
=== 24851 ===
--- pALPIDEfs_6 ---
Pixel 197, 280, 1, 1, 4.80374e+19
Pixel 198, 280, 1, 1, 4.80374e+19
=== 26156 ===
--- pALPIDEfs_2 ---
Pixel 419, 164, 1, 1, 4.80374e+19
Pixel 420, 164, 1, 1, 4.80374e+19
=== 28058 ===
--- pALPIDEfs_0 ---
Pixel 851, 5, 1, 1, 4.80374e+19
Pixel 852, 5, 1, 1, 4.80374e+19
--- pALPIDEfs_1 ---
Pixel 301, 185, 1, 1, 4.80374e+19
Pixel 301, 186, 1, 1, 4.80374e+19
=== 55829 ===
--- pALPIDEfs_4 ---
Pixel 144, 443, 1, 1, 4.80374e+19
Pixel 144, 444, 1, 1, 4.80374e+19
Pixel 145, 444, 1, 1, 4.80374e+19
=== 68846 ===
--- pALPIDEfs_0 ---
Pixel 338, 365, 1, 1, 4.80374e+19
Pixel 338, 366, 1, 1, 4.80374e+19
=== 83521 ===
--- pALPIDEfs_4 ---
Pixel 554, 68, 1, 1, 4.80374e+19
Pixel 555, 68, 1, 1, 4.80374e+19
=== 110805 ===
--- pALPIDEfs_1 ---
Pixel 867, 121, 1, 1, 4.80374e+19
Pixel 868, 120, 1, 1, 4.80374e+19
Pixel 869, 120, 1, 1, 4.80374e+19
Pixel 869, 121, 1, 1, 4.80374e+19
Pixel 868, 121, 1, 1, 4.80374e+19
=== 117465 ===
--- pALPIDEfs_2 ---
Pixel 207, 182, 1, 1, 4.80374e+19
Pixel 207, 183, 1, 1, 4.80374e+19
Pixel 208, 182, 1, 1, 4.80374e+19
Pixel 208, 183, 1, 1, 4.80374e+19
=== 122956 ===
--- pALPIDEfs_3 ---
Pixel 70, 234, 1, 1, 4.80374e+19
=== 124838 ===
--- pALPIDEfs_3 ---
Pixel 729, 160, 1, 1, 4.80374e+19
Pixel 729, 161, 1, 1, 4.80374e+19
Pixel 729, 162, 1, 1, 4.80374e+19
Pixel 730, 160, 1, 1, 4.80374e+19
Pixel 730, 161, 1, 1, 4.80374e+19
Pixel 730, 162, 1, 1, 4.80374e+19
=== 163712 ===
--- pALPIDEfs_1 ---
Pixel 182, 428, 1, 1, 4.80374e+19
Pixel 182, 429, 1, 1, 4.80374e+19
--- pALPIDEfs_2 ---
Pixel 171, 51, 1, 1, 4.80374e+19
=== 201123 ===
--- pALPIDEfs_4 ---
Pixel 521, 366, 1, 1, 4.80374e+19
Pixel 522, 365, 1, 1, 4.80374e+19
Pixel 522, 366, 1, 1, 4.80374e+19
=== 204094 ===
--- pALPIDEfs_3 ---
Pixel 197, 124, 1, 1, 4.80374e+19
=== 220100 ===
--- pALPIDEfs_3 ---
Pixel 862, 216, 1, 1, 4.80374e+19
Pixel 863, 216, 1, 1, 4.80374e+19
Pixel 863, 217, 1, 1, 4.80374e+19
Pixel 862, 217, 1, 1, 4.80374e+19
=== 223102 ===
--- pALPIDEfs_3 ---
Pixel 969, 486, 1, 1, 4.80374e+19
Pixel 969, 487, 1, 1, 4.80374e+19
=== 224334 ===
--- pALPIDEfs_1 ---
Pixel 725, 307, 1, 1, 4.80374e+19
Pixel 725, 309, 1, 1, 4.80374e+19
Pixel 726, 307, 1, 1, 4.80374e+19
Pixel 726, 309, 1, 1, 4.80374e+19
=== 230693 ===
--- pALPIDEfs_1 ---
Pixel 726, 418, 1, 1, 4.80374e+19
Pixel 727, 418, 1, 1, 4.80374e+19
Pixel 727, 419, 1, 1, 4.80374e+19
Pixel 728, 419, 1, 1, 4.80374e+19
=== 236876 ===
--- pALPIDEfs_3 ---
Pixel 447, 289, 1, 1, 4.80374e+19
Pixel 448, 288, 1, 1, 4.80374e+19
Pixel 448, 289, 1, 1, 4.80374e+19
Pixel 448, 290, 1, 1, 4.80374e+19
=== 298961 ===
--- pALPIDEfs_0 ---
Pixel 261, 379, 1, 1, 4.80374e+19
Pixel 262, 379, 1, 1, 4.80374e+19
Pixel 262, 380, 1, 1, 4.80374e+19
=== 313802 ===
--- pALPIDEfs_6 ---
Pixel 861, 324, 1, 1, 4.80374e+19
Pixel 861, 325, 1, 1, 4.80374e+19
=== 333180 ===
--- pALPIDEfs_2 ---
Pixel 637, 8, 1, 1, 4.80374e+19
--- pALPIDEfs_3 ---
Pixel 992, 414, 1, 1, 4.80374e+19
Pixel 993, 414, 1, 1, 4.80374e+19
=== 368709 ===
--- pALPIDEfs_5 ---
Pixel 297, 67, 1, 1, 4.80374e+19
Pixel 297, 68, 1, 1, 4.80374e+19
=== 371465 ===
--- pALPIDEfs_6 ---
Pixel 522, 110, 1, 1, 4.80374e+19
Pixel 523, 110, 1, 1, 4.80374e+19
Pixel 523, 111, 1, 1, 4.80374e+19
=== 386208 ===
--- pALPIDEfs_3 ---
Pixel 46, 475, 1, 1, 4.80374e+19
Pixel 46, 476, 1, 1, 4.80374e+19
=== 387837 ===
--- pALPIDEfs_2 ---
Pixel 726, 506, 1, 1, 4.80374e+19
Pixel 727, 506, 1, 1, 4.80374e+19
Pixel 728, 506, 1, 1, 4.80374e+19
=== 405574 ===
--- pALPIDEfs_1 ---
Pixel 473, 261, 1, 1, 4.80374e+19
Pixel 473, 262, 1, 1, 4.80374e+19
=== 405989 ===
--- pALPIDEfs_3 ---
Pixel 219, 393, 1, 1, 4.80374e+19
Pixel 219, 394, 1, 1, 4.80374e+19
Pixel 220, 394, 1, 1, 4.80374e+19
=== 410207 ===
--- pALPIDEfs_6 ---
Pixel 1019, 139, 1, 1, 4.80374e+19
Pixel 1019, 140, 1, 1, 4.80374e+19
=== 410689 ===
--- pALPIDEfs_0 ---
Pixel 13, 97, 1, 1, 4.80374e+19
Pixel 14, 97, 1, 1, 4.80374e+19
=== 424477 ===
--- pALPIDEfs_3 ---
Pixel 378, 163, 1, 1, 4.80374e+19
=== 450750 ===
--- pALPIDEfs_4 ---
Pixel 603, 223, 1, 1, 4.80374e+19
Pixel 602, 223, 1, 1, 4.80374e+19
Pixel 602, 224, 1, 1, 4.80374e+19
=== 458958 ===
--- pALPIDEfs_2 ---
Pixel 737, 427, 1, 1, 4.80374e+19
Pixel 736, 427, 1, 1, 4.80374e+19
Pixel 736, 428, 1, 1, 4.80374e+19
=== 458959 ===
--- pALPIDEfs_2 ---
Pixel 737, 427, 1, 1, 4.80374e+19
Pixel 736, 427, 1, 1, 4.80374e+19
Pixel 736, 428, 1, 1, 4.80374e+19
=== 491503 ===
--- pALPIDEfs_2 ---
Pixel 111, 203, 1, 1, 4.80374e+19
Pixel 111, 204, 1, 1, 4.80374e+19
Pixel 111, 205, 1, 1, 4.80374e+19
Pixel 112, 203, 1, 1, 4.80374e+19
Pixel 112, 204, 1, 1, 4.80374e+19
Pixel 112, 205, 1, 1, 4.80374e+19
=== 514791 ===
--- pALPIDEfs_3 ---
Pixel 997, 309, 1, 1, 4.80374e+19
Pixel 996, 309, 1, 1, 4.80374e+19
Pixel 996, 310, 1, 1, 4.80374e+19
=== 518952 ===
--- pALPIDEfs_1 ---
Pixel 18, 360, 1, 1, 4.80374e+19
Pixel 19, 360, 1, 1, 4.80374e+19
=== 527367 ===
--- pALPIDEfs_0 ---
Pixel 726, 214, 1, 1, 4.80374e+19
Pixel 727, 214, 1, 1, 4.80374e+19
--- pALPIDEfs_1 ---
Pixel 1007, 388, 1, 1, 4.80374e+19
Pixel 1008, 388, 1, 1, 4.80374e+19
=== 545992 ===
--- pALPIDEfs_2 ---
Pixel 883, 277, 1, 1, 4.80374e+19
Pixel 882, 277, 1, 1, 4.80374e+19
--- pALPIDEfs_3 ---
Pixel 228, 153, 1, 1, 4.80374e+19
=== 551719 ===
--- pALPIDEfs_4 ---
Pixel 820, 475, 1, 1, 4.80374e+19
=== 583494 ===
--- pALPIDEfs_3 ---
Pixel 241, 166, 1, 1, 4.80374e+19
Pixel 241, 167, 1, 1, 4.80374e+19
Pixel 242, 166, 1, 1, 4.80374e+19
Pixel 242, 167, 1, 1, 4.80374e+19
--- pALPIDEfs_4 ---
Pixel 83, 428, 1, 1, 4.80374e+19
Pixel 83, 429, 1, 1, 4.80374e+19
Pixel 82, 429, 1, 1, 4.80374e+19
=== 590387 ===
--- pALPIDEfs_4 ---
Pixel 999, 350, 1, 1, 4.80374e+19
Pixel 999, 351, 1, 1, 4.80374e+19
Pixel 1000, 351, 1, 1, 4.80374e+19
=== 599403 ===
--- pALPIDEfs_5 ---
Pixel 650, 477, 1, 1, 4.80374e+19
Pixel 650, 478, 1, 1, 4.80374e+19
Pixel 651, 478, 1, 1, 4.80374e+19
=== 607050 ===
--- pALPIDEfs_3 ---
Pixel 929, 79, 1, 1, 4.80374e+19
Pixel 928, 79, 1, 1, 4.80374e+19
Pixel 928, 80, 1, 1, 4.80374e+19
Pixel 929, 80, 1, 1, 4.80374e+19
--- pALPIDEfs_4 ---
Pixel 802, 412, 1, 1, 4.80374e+19
Pixel 803, 412, 1, 1, 4.80374e+19
=== 607837 ===
--- pALPIDEfs_4 ---
Pixel 43, 239, 1, 1, 4.80374e+19
Pixel 42, 240, 1, 1, 4.80374e+19
Pixel 43, 240, 1, 1, 4.80374e+19
Pixel 44, 240, 1, 1, 4.80374e+19
--- pALPIDEfs_5 ---
Pixel 701, 1, 1, 1, 4.80374e+19
Pixel 700, 1, 1, 1, 4.80374e+19
Pixel 700, 2, 1, 1, 4.80374e+19
=== 620487 ===
--- pALPIDEfs_1 ---
Pixel 841, 314, 1, 1, 4.80374e+19
Pixel 841, 315, 1, 1, 4.80374e+19
=== 630839 ===
--- pALPIDEfs_2 ---
Pixel 445, 111, 1, 1, 4.80374e+19
=== 631396 ===
--- pALPIDEfs_2 ---
Pixel 348, 424, 1, 1, 4.80374e+19
Pixel 349, 424, 1, 1, 4.80374e+19
Pixel 348, 425, 1, 1, 4.80374e+19
=== 632869 ===
--- pALPIDEfs_4 ---
Pixel 167, 212, 1, 1, 4.80374e+19
Pixel 167, 213, 1, 1, 4.80374e+19
Pixel 168, 212, 1, 1, 4.80374e+19
Pixel 168, 213, 1, 1, 4.80374e+19
=== 641479 ===
--- pALPIDEfs_4 ---
Pixel 393, 73, 1, 1, 4.80374e+19
Pixel 393, 74, 1, 1, 4.80374e+19
=== 642984 ===
--- pALPIDEfs_3 ---
Pixel 415, 2, 1, 1, 4.80374e+19
=== 654681 ===
--- pALPIDEfs_5 ---
Pixel 801, 419, 1, 1, 4.80374e+19
Pixel 800, 419, 1, 1, 4.80374e+19
=== 666832 ===
--- pALPIDEfs_4 ---
Pixel 513, 15, 1, 1, 4.80374e+19
Pixel 512, 15, 1, 1, 4.80374e+19
Pixel 512, 16, 1, 1, 4.80374e+19
=== 675292 ===
--- pALPIDEfs_3 ---
Pixel 739, 223, 1, 1, 4.80374e+19
Pixel 740, 223, 1, 1, 4.80374e+19
=== 680288 ===
--- pALPIDEfs_2 ---
Pixel 182, 171, 1, 1, 4.80374e+19
=== 686153 ===
--- pALPIDEfs_5 ---
Pixel 471, 153, 1, 1, 4.80374e+19
Pixel 471, 154, 1, 1, 4.80374e+19
Pixel 472, 153, 1, 1, 4.80374e+19
Pixel 472, 154, 1, 1, 4.80374e+19
--- pALPIDEfs_6 ---
Pixel 422, 480, 1, 1, 4.80374e+19
Pixel 423, 480, 1, 1, 4.80374e+19
Pixel 422, 486, 1, 1, 4.80374e+19
Pixel 423, 486, 1, 1, 4.80374e+19
=== 710713 ===
--- pALPIDEfs_4 ---
Pixel 634, 29, 1, 1, 4.80374e+19
Pixel 634, 30, 1, 1, 4.80374e+19
=== 710714 ===
--- pALPIDEfs_4 ---
Pixel 634, 30, 1, 1, 4.80374e+19
=== 720583 ===
--- pALPIDEfs_6 ---
Pixel 6, 226, 1, 1, 4.80374e+19
Pixel 7, 226, 1, 1, 4.80374e+19
Pixel 7, 227, 1, 1, 4.80374e+19
Pixel 6, 227, 1, 1, 4.80374e+19
Pixel 7, 228, 1, 1, 4.80374e+19
=== 728297 ===
--- pALPIDEfs_2 ---
Pixel 680, 136, 1, 1, 4.80374e+19
Pixel 681, 136, 1, 1, 4.80374e+19
Pixel 681, 137, 1, 1, 4.80374e+19
Pixel 682, 136, 1, 1, 4.80374e+19
Pixel 683, 136, 1, 1, 4.80374e+19
Pixel 682, 137, 1, 1, 4.80374e+19
Pixel 684, 136, 1, 1, 4.80374e+19
Pixel 685, 136, 1, 1, 4.80374e+19
Pixel 686, 136, 1, 1, 4.80374e+19
Pixel 831, 43, 1, 1, 4.80374e+19
Pixel 831, 44, 1, 1, 4.80374e+19
Pixel 832, 43, 1, 1, 4.80374e+19
Pixel 832, 44, 1, 1, 4.80374e+19
=== 730898 ===
--- pALPIDEfs_0 ---
Pixel 237, 255, 1, 1, 4.80374e+19
=== 751796 ===
--- pALPIDEfs_5 ---
Pixel 925, 462, 1, 1, 4.80374e+19
Pixel 925, 463, 1, 1, 4.80374e+19
Pixel 926, 463, 1, 1, 4.80374e+19
=== 761214 ===
--- pALPIDEfs_1 ---
Pixel 48, 309, 1, 1, 4.80374e+19
Pixel 48, 310, 1, 1, 4.80374e+19
Pixel 48, 311, 1, 1, 4.80374e+19
=== 766345 ===
--- pALPIDEfs_2 ---
Pixel 30, 478, 1, 1, 4.80374e+19
=== 769521 ===
--- pALPIDEfs_0 ---
Pixel 733, 358, 1, 1, 4.80374e+19
Pixel 733, 359, 1, 1, 4.80374e+19
=== 776215 ===
--- pALPIDEfs_1 ---
Pixel 244, 290, 1, 1, 4.80374e+19
Pixel 245, 290, 1, 1, 4.80374e+19
Pixel 245, 291, 1, 1, 4.80374e+19
Pixel 244, 291, 1, 1, 4.80374e+19
=== 779407 ===
--- pALPIDEfs_3 ---
Pixel 155, 140, 1, 1, 4.80374e+19
Pixel 155, 141, 1, 1, 4.80374e+19
Pixel 154, 141, 1, 1, 4.80374e+19
Pixel 156, 138, 1, 1, 4.80374e+19
Pixel 157, 138, 1, 1, 4.80374e+19
Pixel 156, 139, 1, 1, 4.80374e+19
Pixel 156, 140, 1, 1, 4.80374e+19
=== 795942 ===
--- pALPIDEfs_0 ---
Pixel 77, 185, 1, 1, 4.80374e+19
Pixel 78, 185, 1, 1, 4.80374e+19
=== 834100 ===
--- pALPIDEfs_1 ---
Pixel 210, 117, 1, 1, 4.80374e+19
=== 841189 ===
--- pALPIDEfs_5 ---
Pixel 767, 157, 1, 1, 4.80374e+19
Pixel 766, 157, 1, 1, 4.80374e+19
Pixel 766, 158, 1, 1, 4.80374e+19
Pixel 767, 158, 1, 1, 4.80374e+19
--- pALPIDEfs_6 ---
Pixel 611, 309, 1, 1, 4.80374e+19
Pixel 610, 309, 1, 1, 4.80374e+19
Pixel 613, 308, 1, 1, 4.80374e+19
Pixel 613, 309, 1, 1, 4.80374e+19
Pixel 612, 309, 1, 1, 4.80374e+19
Pixel 615, 306, 1, 1, 4.80374e+19
Pixel 615, 307, 1, 1, 4.80374e+19
Pixel 614, 307, 1, 1, 4.80374e+19
Pixel 614, 308, 1, 1, 4.80374e+19
Pixel 616, 306, 1, 1, 4.80374e+19
=== 867876 ===
--- pALPIDEfs_1 ---
Pixel 951, 437, 1, 1, 4.80374e+19
Pixel 951, 438, 1, 1, 4.80374e+19
Pixel 952, 436, 1, 1, 4.80374e+19
Pixel 953, 437, 1, 1, 4.80374e+19
Pixel 952, 437, 1, 1, 4.80374e+19
Pixel 952, 438, 1, 1, 4.80374e+19
Pixel 953, 438, 1, 1, 4.80374e+19
Pixel 954, 437, 1, 1, 4.80374e+19
=== 868777 ===
--- pALPIDEfs_5 ---
Pixel 77, 390, 1, 1, 4.80374e+19
Pixel 77, 391, 1, 1, 4.80374e+19
Pixel 78, 390, 1, 1, 4.80374e+19
Pixel 79, 390, 1, 1, 4.80374e+19
Pixel 79, 391, 1, 1, 4.80374e+19
Pixel 78, 391, 1, 1, 4.80374e+19
=== 870355 ===
--- pALPIDEfs_5 ---
Pixel 24, 118, 1, 1, 4.80374e+19
=== 889795 ===
--- pALPIDEfs_6 ---
Pixel 823, 2, 1, 1, 4.80374e+19
Pixel 823, 3, 1, 1, 4.80374e+19
Pixel 824, 2, 1, 1, 4.80374e+19
Pixel 824, 3, 1, 1, 4.80374e+19
=== 903112 ===
--- pALPIDEfs_4 ---
Pixel 586, 126, 1, 1, 4.80374e+19
=== 903113 ===
--- pALPIDEfs_4 ---
Pixel 586, 126, 1, 1, 4.80374e+19
=== 921921 ===
--- pALPIDEfs_3 ---
Pixel 689, 61, 1, 1, 4.80374e+19
Pixel 689, 62, 1, 1, 4.80374e+19
Pixel 690, 61, 1, 1, 4.80374e+19
Pixel 690, 62, 1, 1, 4.80374e+19
=== 926174 ===
--- pALPIDEfs_5 ---
Pixel 178, 510, 1, 1, 4.80374e+19
=== 941275 ===
--- pALPIDEfs_0 ---
Pixel 425, 20, 1, 1, 4.80374e+19
Pixel 425, 21, 1, 1, 4.80374e+19
=== 943114 ===
--- pALPIDEfs_3 ---
Pixel 477, 258, 1, 1, 4.80374e+19
Pixel 477, 259, 1, 1, 4.80374e+19
Pixel 478, 258, 1, 1, 4.80374e+19
=== 952223 ===
--- pALPIDEfs_4 ---
Pixel 345, 30, 1, 1, 4.80374e+19
Pixel 345, 31, 1, 1, 4.80374e+19
--- pALPIDEfs_5 ---
Pixel 475, 416, 1, 1, 4.80374e+19
Pixel 475, 417, 1, 1, 4.80374e+19
Pixel 476, 417, 1, 1, 4.80374e+19
=== 967316 ===
--- pALPIDEfs_2 ---
Pixel 616, 288, 1, 1, 4.80374e+19
Pixel 617, 288, 1, 1, 4.80374e+19
Pixel 617, 289, 1, 1, 4.80374e+19
=== 967754 ===
--- pALPIDEfs_3 ---
Pixel 106, 178, 1, 1, 4.80374e+19
=== 985362 ===
--- pALPIDEfs_0 ---
Pixel 169, 142, 1, 1, 4.80374e+19
=== 992441 ===
--- pALPIDEfs_0 ---
Pixel 76, 76, 1, 1, 4.80374e+19
=== 998926 ===
--- pALPIDEfs_3 ---
Pixel 557, 63, 1, 1, 4.80374e+19
Pixel 558, 62, 1, 1, 4.80374e+19
Pixel 558, 63, 1, 1, 4.80374e+19
Pixel 602, 227, 1, 1, 4.80374e+19
Pixel 602, 228, 1, 1, 4.80374e+19
=== 1007980 ===
--- pALPIDEfs_6 ---
Pixel 282, 454, 1, 1, 4.80374e+19
=== 1008620 ===
--- pALPIDEfs_4 ---
Pixel 533, 383, 1, 1, 4.80374e+19
Pixel 533, 384, 1, 1, 4.80374e+19
Pixel 533, 385, 1, 1, 4.80374e+19
Pixel 534, 384, 1, 1, 4.80374e+19
Pixel 534, 385, 1, 1, 4.80374e+19
--- pALPIDEfs_5 ---
Pixel 949, 104, 1, 1, 4.80374e+19
Pixel 949, 105, 1, 1, 4.80374e+19
Pixel 948, 106, 1, 1, 4.80374e+19
Pixel 949, 106, 1, 1, 4.80374e+19
Pixel 949, 107, 1, 1, 4.80374e+19
Pixel 949, 108, 1, 1, 4.80374e+19
Pixel 950, 104, 1, 1, 4.80374e+19
Pixel 950, 105, 1, 1, 4.80374e+19
=== 1010562 ===
--- pALPIDEfs_0 ---
Pixel 202, 42, 1, 1, 4.80374e+19
Pixel 202, 43, 1, 1, 4.80374e+19
=== 1034598 ===
--- pALPIDEfs_3 ---
Pixel 901, 222, 1, 1, 4.80374e+19
Pixel 901, 223, 1, 1, 4.80374e+19
Pixel 902, 222, 1, 1, 4.80374e+19
Pixel 902, 223, 1, 1, 4.80374e+19
=== 1037319 ===
--- pALPIDEfs_2 ---
Pixel 161, 377, 1, 1, 4.80374e+19
Pixel 160, 377, 1, 1, 4.80374e+19
Pixel 160, 378, 1, 1, 4.80374e+19
Pixel 161, 378, 1, 1, 4.80374e+19
Pixel 161, 379, 1, 1, 4.80374e+19
Pixel 160, 379, 1, 1, 4.80374e+19
Pixel 160, 380, 1, 1, 4.80374e+19
Pixel 161, 380, 1, 1, 4.80374e+19
=== 1045591 ===
--- pALPIDEfs_4 ---
Pixel 404, 254, 1, 1, 4.80374e+19
Pixel 405, 254, 1, 1, 4.80374e+19
Pixel 405, 255, 1, 1, 4.80374e+19
Pixel 404, 255, 1, 1, 4.80374e+19
=== 1051856 ===
--- pALPIDEfs_0 ---
Pixel 229, 120, 1, 1, 4.80374e+19
=== 1060418 ===
--- pALPIDEfs_6 ---
Pixel 141, 254, 1, 1, 4.80374e+19
Pixel 141, 255, 1, 1, 4.80374e+19
Pixel 142, 255, 1, 1, 4.80374e+19
=== 1060976 ===
--- pALPIDEfs_2 ---
Pixel 320, 362, 1, 1, 4.80374e+19
Pixel 320, 363, 1, 1, 4.80374e+19
=== 1064867 ===
--- pALPIDEfs_4 ---
Pixel 948, 408, 1, 1, 4.80374e+19
Pixel 949, 408, 1, 1, 4.80374e+19
Pixel 949, 409, 1, 1, 4.80374e+19
Pixel 950, 408, 1, 1, 4.80374e+19
Pixel 950, 409, 1, 1, 4.80374e+19
=== 1084644 ===
--- pALPIDEfs_6 ---
Pixel 455, 257, 1, 1, 4.80374e+19
=== 1100597 ===
--- pALPIDEfs_2 ---
Pixel 666, 302, 1, 1, 4.80374e+19
Pixel 667, 302, 1, 1, 4.80374e+19
Pixel 667, 303, 1, 1, 4.80374e+19
--- pALPIDEfs_3 ---
Pixel 985, 483, 1, 1, 4.80374e+19
Pixel 984, 483, 1, 1, 4.80374e+19
=== 1108108 ===
--- pALPIDEfs_4 ---
Pixel 29, 109, 1, 1, 4.80374e+19
Pixel 29, 110, 1, 1, 4.80374e+19
Pixel 30, 110, 1, 1, 4.80374e+19
=== 1108893 ===
--- pALPIDEfs_1 ---
Pixel 657, 507, 1, 1, 4.80374e+19
=== 1115256 ===
--- pALPIDEfs_2 ---
Pixel 733, 508, 1, 1, 4.80374e+19
Pixel 733, 509, 1, 1, 4.80374e+19
Pixel 734, 508, 1, 1, 4.80374e+19
Pixel 734, 509, 1, 1, 4.80374e+19
=== 1120135 ===
--- pALPIDEfs_3 ---
Pixel 578, 108, 1, 1, 4.80374e+19
Pixel 578, 109, 1, 1, 4.80374e+19
=== 1129356 ===
--- pALPIDEfs_5 ---
Pixel 261, 365, 1, 1, 4.80374e+19
Pixel 261, 366, 1, 1, 4.80374e+19
=== 1142831 ===
--- pALPIDEfs_0 ---
Pixel 321, 438, 1, 1, 4.80374e+19
Pixel 321, 439, 1, 1, 4.80374e+19
--- pALPIDEfs_1 ---
Pixel 519, 129, 1, 1, 4.80374e+19
Pixel 520, 128, 1, 1, 4.80374e+19
Pixel 521, 128, 1, 1, 4.80374e+19
Pixel 520, 129, 1, 1, 4.80374e+19
=== 1160961 ===
--- pALPIDEfs_2 ---
Pixel 859, 439, 1, 1, 4.80374e+19
Pixel 859, 440, 1, 1, 4.80374e+19
Pixel 860, 439, 1, 1, 4.80374e+19
Pixel 860, 440, 1, 1, 4.80374e+19
=== 1170201 ===
--- pALPIDEfs_2 ---
Pixel 197, 505, 1, 1, 4.80374e+19
=== 1172963 ===
--- pALPIDEfs_6 ---
Pixel 590, 510, 1, 1, 4.80374e+19
=== 1173367 ===
--- pALPIDEfs_4 ---
Pixel 440, 426, 1, 1, 4.80374e+19
Pixel 441, 426, 1, 1, 4.80374e+19
--- pALPIDEfs_5 ---
Pixel 984, 455, 1, 1, 4.80374e+19
Pixel 984, 456, 1, 1, 4.80374e+19
=== 1174525 ===
--- pALPIDEfs_3 ---
Pixel 317, 445, 1, 1, 4.80374e+19
Pixel 317, 446, 1, 1, 4.80374e+19
=== 1186456 ===
--- pALPIDEfs_0 ---
Pixel 728, 38, 1, 1, 4.80374e+19
=== 1188544 ===
--- pALPIDEfs_4 ---
Pixel 979, 199, 1, 1, 4.80374e+19
Pixel 979, 200, 1, 1, 4.80374e+19
Pixel 979, 201, 1, 1, 4.80374e+19
Pixel 978, 201, 1, 1, 4.80374e+19
=== 1203038 ===
--- pALPIDEfs_2 ---
Pixel 27, 261, 1, 1, 4.80374e+19
=== 1207026 ===
--- pALPIDEfs_6 ---
Pixel 185, 375, 1, 1, 4.80374e+19
Pixel 184, 376, 1, 1, 4.80374e+19
Pixel 185, 376, 1, 1, 4.80374e+19
=== 1218169 ===
--- pALPIDEfs_6 ---
Pixel 618, 260, 1, 1, 4.80374e+19
Pixel 619, 260, 1, 1, 4.80374e+19
=== 1230650 ===
--- pALPIDEfs_5 ---
Pixel 409, 148, 1, 1, 4.80374e+19
Pixel 410, 147, 1, 1, 4.80374e+19
Pixel 410, 148, 1, 1, 4.80374e+19
=== 1239868 ===
--- pALPIDEfs_2 ---
Pixel 290, 478, 1, 1, 4.80374e+19
=== 1251640 ===
--- pALPIDEfs_0 ---
Pixel 787, 176, 1, 1, 4.80374e+19
Pixel 787, 177, 1, 1, 4.80374e+19
=== 1259256 ===
--- pALPIDEfs_0 ---
Pixel 156, 50, 1, 1, 4.80374e+19
Pixel 156, 51, 1, 1, 4.80374e+19
=== 1278787 ===
--- pALPIDEfs_5 ---
Pixel 953, 123, 1, 1, 4.80374e+19
Pixel 952, 123, 1, 1, 4.80374e+19
Pixel 952, 124, 1, 1, 4.80374e+19
Pixel 953, 124, 1, 1, 4.80374e+19
=== 1282070 ===
--- pALPIDEfs_5 ---
Pixel 969, 70, 1, 1, 4.80374e+19
Pixel 969, 71, 1, 1, 4.80374e+19
Pixel 970, 70, 1, 1, 4.80374e+19
Pixel 970, 71, 1, 1, 4.80374e+19
--- pALPIDEfs_6 ---
Pixel 1019, 288, 1, 1, 4.80374e+19
Pixel 1019, 289, 1, 1, 4.80374e+19
=== 1284475 ===
--- pALPIDEfs_3 ---
Pixel 486, 437, 1, 1, 4.80374e+19
Pixel 486, 438, 1, 1, 4.80374e+19
Pixel 935, 101, 1, 1, 4.80374e+19
Pixel 934, 101, 1, 1, 4.80374e+19
Pixel 934, 102, 1, 1, 4.80374e+19
Pixel 935, 102, 1, 1, 4.80374e+19
=== 1290556 ===
--- pALPIDEfs_4 ---
Pixel 773, 155, 1, 1, 4.80374e+19
Pixel 773, 156, 1, 1, 4.80374e+19
Pixel 773, 157, 1, 1, 4.80374e+19
Pixel 774, 155, 1, 1, 4.80374e+19
Pixel 774, 156, 1, 1, 4.80374e+19
=== 1309218 ===
--- pALPIDEfs_2 ---
Pixel 947, 460, 1, 1, 4.80374e+19
Pixel 947, 461, 1, 1, 4.80374e+19
=== 1319452 ===
--- pALPIDEfs_5 ---
Pixel 222, 276, 1, 1, 4.80374e+19
Pixel 223, 276, 1, 1, 4.80374e+19
Pixel 223, 277, 1, 1, 4.80374e+19
Pixel 222, 277, 1, 1, 4.80374e+19
Pixel 222, 278, 1, 1, 4.80374e+19
=== 1338133 ===
--- pALPIDEfs_0 ---
Pixel 1022, 63, 1, 1, 4.80374e+19
Pixel 1022, 64, 1, 1, 4.80374e+19
=== 1347009 ===
--- pALPIDEfs_1 ---
Pixel 703, 58, 1, 1, 4.80374e+19
Pixel 703, 59, 1, 1, 4.80374e+19
Pixel 704, 59, 1, 1, 4.80374e+19
=== 1373791 ===
--- pALPIDEfs_5 ---
Pixel 613, 302, 1, 1, 4.80374e+19
Pixel 613, 303, 1, 1, 4.80374e+19
Pixel 614, 302, 1, 1, 4.80374e+19
Pixel 614, 303, 1, 1, 4.80374e+19
=== 1376288 ===
--- pALPIDEfs_2 ---
Pixel 698, 367, 1, 1, 4.80374e+19
Pixel 698, 368, 1, 1, 4.80374e+19
Pixel 699, 368, 1, 1, 4.80374e+19
Pixel 699, 369, 1, 1, 4.80374e+19
=== 1377349 ===
--- pALPIDEfs_3 ---
Pixel 325, 485, 1, 1, 4.80374e+19
Pixel 324, 485, 1, 1, 4.80374e+19
Pixel 324, 486, 1, 1, 4.80374e+19
Pixel 325, 486, 1, 1, 4.80374e+19
Pixel 325, 487, 1, 1, 4.80374e+19
Pixel 324, 487, 1, 1, 4.80374e+19
Pixel 326, 486, 1, 1, 4.80374e+19
Pixel 327, 486, 1, 1, 4.80374e+19
Pixel 326, 487, 1, 1, 4.80374e+19
Pixel 328, 486, 1, 1, 4.80374e+19
=== 1385153 ===
--- pALPIDEfs_1 ---
Pixel 221, 505, 1, 1, 4.80374e+19
=== 1395651 ===
--- pALPIDEfs_5 ---
Pixel 649, 104, 1, 1, 4.80374e+19
Pixel 650, 103, 1, 1, 4.80374e+19
Pixel 650, 104, 1, 1, 4.80374e+19
=== 1411039 ===
--- pALPIDEfs_0 ---
Pixel 251, 477, 1, 1, 4.80374e+19
Pixel 252, 476, 1, 1, 4.80374e+19
Pixel 252, 477, 1, 1, 4.80374e+19
Pixel 252, 478, 1, 1, 4.80374e+19
=== 1414824 ===
--- pALPIDEfs_2 ---
Pixel 932, 186, 1, 1, 4.80374e+19
Pixel 932, 187, 1, 1, 4.80374e+19
=== 1415111 ===
--- pALPIDEfs_1 ---
Pixel 765, 329, 1, 1, 4.80374e+19
Pixel 766, 329, 1, 1, 4.80374e+19
=== 1422439 ===
--- pALPIDEfs_4 ---
Pixel 291, 323, 1, 1, 4.80374e+19
Pixel 291, 324, 1, 1, 4.80374e+19
=== 1487892 ===
--- pALPIDEfs_5 ---
Pixel 572, 126, 1, 1, 4.80374e+19
Pixel 573, 126, 1, 1, 4.80374e+19
Pixel 573, 127, 1, 1, 4.80374e+19
Pixel 572, 127, 1, 1, 4.80374e+19
=== 1497569 ===
--- pALPIDEfs_4 ---
Pixel 463, 12, 1, 1, 4.80374e+19
Pixel 463, 13, 1, 1, 4.80374e+19
Pixel 462, 13, 1, 1, 4.80374e+19
Pixel 463, 14, 1, 1, 4.80374e+19
Pixel 464, 13, 1, 1, 4.80374e+19
Pixel 464, 14, 1, 1, 4.80374e+19
Pixel 465, 15, 1, 1, 4.80374e+19
Pixel 465, 16, 1, 1, 4.80374e+19
Pixel 466, 16, 1, 1, 4.80374e+19
Pixel 466, 17, 1, 1, 4.80374e+19
=== 1503421 ===
--- pALPIDEfs_2 ---
Pixel 307, 381, 1, 1, 4.80374e+19
Pixel 306, 381, 1, 1, 4.80374e+19
--- pALPIDEfs_3 ---
Pixel 292, 422, 1, 1, 4.80374e+19
Pixel 292, 423, 1, 1, 4.80374e+19
--- pALPIDEfs_4 ---
Pixel 614, 178, 1, 1, 4.80374e+19
Pixel 614, 179, 1, 1, 4.80374e+19
--- pALPIDEfs_5 ---
Pixel 926, 198, 1, 1, 4.80374e+19
Pixel 927, 198, 1, 1, 4.80374e+19
Pixel 927, 199, 1, 1, 4.80374e+19
--- pALPIDEfs_6 ---
Pixel 858, 211, 1, 1, 4.80374e+19
=== 1504926 ===
--- pALPIDEfs_0 ---
Pixel 825, 266, 1, 1, 4.80374e+19
Pixel 826, 266, 1, 1, 4.80374e+19
Pixel 826, 267, 1, 1, 4.80374e+19
=== 1528388 ===
--- pALPIDEfs_5 ---
Pixel 519, 106, 1, 1, 4.80374e+19
Pixel 519, 107, 1, 1, 4.80374e+19
Pixel 518, 107, 1, 1, 4.80374e+19
=== 1547558 ===
--- pALPIDEfs_6 ---
Pixel 60, 246, 1, 1, 4.80374e+19
Pixel 61, 246, 1, 1, 4.80374e+19
Pixel 61, 247, 1, 1, 4.80374e+19
Pixel 60, 247, 1, 1, 4.80374e+19
=== 1575160 ===
--- pALPIDEfs_5 ---
Pixel 813, 151, 1, 1, 4.80374e+19
Pixel 814, 151, 1, 1, 4.80374e+19
--- pALPIDEfs_6 ---
Pixel 116, 493, 1, 1, 4.80374e+19
Pixel 116, 494, 1, 1, 4.80374e+19
=== 1576648 ===
--- pALPIDEfs_2 ---
Pixel 671, 95, 1, 1, 4.80374e+19
=== 1577593 ===
--- pALPIDEfs_3 ---
Pixel 377, 491, 1, 1, 4.80374e+19
Pixel 377, 492, 1, 1, 4.80374e+19
Pixel 377, 493, 1, 1, 4.80374e+19
Pixel 378, 491, 1, 1, 4.80374e+19
Pixel 378, 492, 1, 1, 4.80374e+19
Pixel 378, 493, 1, 1, 4.80374e+19
Pixel 378, 494, 1, 1, 4.80374e+19
=== 1586542 ===
--- pALPIDEfs_3 ---
Pixel 854, 43, 1, 1, 4.80374e+19
Pixel 854, 44, 1, 1, 4.80374e+19
--- pALPIDEfs_4 ---
Pixel 878, 159, 1, 1, 4.80374e+19
Pixel 878, 160, 1, 1, 4.80374e+19
--- pALPIDEfs_5 ---
Pixel 873, 317, 1, 1, 4.80374e+19
--- pALPIDEfs_6 ---
Pixel 921, 422, 1, 1, 4.80374e+19
Pixel 922, 422, 1, 1, 4.80374e+19
=== 1587463 ===
--- pALPIDEfs_5 ---
Pixel 300, 0, 1, 1, 4.80374e+19
=== 1595491 ===
--- pALPIDEfs_5 ---
Pixel 547, 459, 1, 1, 4.80374e+19
Pixel 547, 460, 1, 1, 4.80374e+19
Pixel 548, 460, 1, 1, 4.80374e+19
--- pALPIDEfs_6 ---
Pixel 748, 257, 1, 1, 4.80374e+19
=== 1601136 ===
--- pALPIDEfs_2 ---
Pixel 728, 491, 1, 1, 4.80374e+19
Pixel 728, 492, 1, 1, 4.80374e+19
=== 1601839 ===
--- pALPIDEfs_1 ---
Pixel 986, 449, 1, 1, 4.80374e+19
=== 1605570 ===
--- pALPIDEfs_2 ---
Pixel 963, 26, 1, 1, 4.80374e+19
Pixel 963, 27, 1, 1, 4.80374e+19
Pixel 964, 27, 1, 1, 4.80374e+19
Pixel 964, 28, 1, 1, 4.80374e+19
=== 1610210 ===
--- pALPIDEfs_0 ---
Pixel 403, 365, 1, 1, 4.80374e+19
--- pALPIDEfs_2 ---
Pixel 472, 416, 1, 1, 4.80374e+19
--- pALPIDEfs_3 ---
Pixel 460, 268, 1, 1, 4.80374e+19
Pixel 461, 268, 1, 1, 4.80374e+19
Pixel 461, 269, 1, 1, 4.80374e+19
Pixel 460, 269, 1, 1, 4.80374e+19
--- pALPIDEfs_4 ---
Pixel 715, 109, 1, 1, 4.80374e+19
Pixel 714, 109, 1, 1, 4.80374e+19
Pixel 714, 110, 1, 1, 4.80374e+19
Pixel 715, 110, 1, 1, 4.80374e+19
=== 1611187 ===
--- pALPIDEfs_0 ---
Pixel 279, 490, 1, 1, 4.80374e+19
Pixel 279, 491, 1, 1, 4.80374e+19
Pixel 278, 491, 1, 1, 4.80374e+19
=== 1617802 ===
--- pALPIDEfs_6 ---
Pixel 410, 362, 1, 1, 4.80374e+19
Pixel 411, 362, 1, 1, 4.80374e+19
Pixel 411, 363, 1, 1, 4.80374e+19
=== 1625448 ===
--- pALPIDEfs_3 ---
Pixel 767, 79, 1, 1, 4.80374e+19
Pixel 766, 79, 1, 1, 4.80374e+19
Pixel 766, 80, 1, 1, 4.80374e+19
Pixel 767, 80, 1, 1, 4.80374e+19
Pixel 767, 81, 1, 1, 4.80374e+19
Pixel 766, 81, 1, 1, 4.80374e+19
Pixel 766, 82, 1, 1, 4.80374e+19
Pixel 767, 82, 1, 1, 4.80374e+19
=== 1647065 ===
--- pALPIDEfs_2 ---
Pixel 453, 98, 1, 1, 4.80374e+19
Pixel 454, 97, 1, 1, 4.80374e+19
Pixel 454, 98, 1, 1, 4.80374e+19
=== 1687212 ===
--- pALPIDEfs_0 ---
Pixel 3, 271, 1, 1, 4.80374e+19
Pixel 4, 271, 1, 1, 4.80374e+19
=== 1709173 ===
--- pALPIDEfs_6 ---
Pixel 218, 74, 1, 1, 4.80374e+19
Pixel 219, 74, 1, 1, 4.80374e+19
=== 1709174 ===
--- pALPIDEfs_6 ---
Pixel 218, 74, 1, 1, 4.80374e+19
=== 1722051 ===
--- pALPIDEfs_0 ---
Pixel 583, 390, 1, 1, 4.80374e+19
Pixel 583, 391, 1, 1, 4.80374e+19
Pixel 582, 391, 1, 1, 4.80374e+19
=== 1723668 ===
--- pALPIDEfs_6 ---
Pixel 455, 308, 1, 1, 4.80374e+19
=== 1724189 ===
--- pALPIDEfs_4 ---
Pixel 881, 103, 1, 1, 4.80374e+19
Pixel 882, 102, 1, 1, 4.80374e+19
Pixel 883, 102, 1, 1, 4.80374e+19
Pixel 883, 103, 1, 1, 4.80374e+19
Pixel 882, 103, 1, 1, 4.80374e+19
Pixel 885, 101, 1, 1, 4.80374e+19
Pixel 884, 102, 1, 1, 4.80374e+19
Pixel 885, 102, 1, 1, 4.80374e+19
Pixel 886, 100, 1, 1, 4.80374e+19
Pixel 886, 101, 1, 1, 4.80374e+19
Pixel 886, 102, 1, 1, 4.80374e+19
=== 1732976 ===
--- pALPIDEfs_1 ---
Pixel 737, 151, 1, 1, 4.80374e+19
Pixel 736, 151, 1, 1, 4.80374e+19
Pixel 736, 152, 1, 1, 4.80374e+19
Pixel 737, 152, 1, 1, 4.80374e+19
Pixel 738, 151, 1, 1, 4.80374e+19
Pixel 738, 152, 1, 1, 4.80374e+19
=== 1738238 ===
--- pALPIDEfs_0 ---
Pixel 368, 476, 1, 1, 4.80374e+19
Pixel 368, 477, 1, 1, 4.80374e+19
=== 1798598 ===
--- pALPIDEfs_0 ---
Pixel 637, 29, 1, 1, 4.80374e+19
=== 1804051 ===
--- pALPIDEfs_6 ---
Pixel 904, 34, 1, 1, 4.80374e+19
Pixel 905, 34, 1, 1, 4.80374e+19
Pixel 905, 35, 1, 1, 4.80374e+19
Pixel 904, 35, 1, 1, 4.80374e+19
Pixel 905, 36, 1, 1, 4.80374e+19
Pixel 906, 34, 1, 1, 4.80374e+19
Pixel 906, 35, 1, 1, 4.80374e+19
=== 1805716 ===
--- pALPIDEfs_0 ---
Pixel 343, 425, 1, 1, 4.80374e+19
Pixel 344, 425, 1, 1, 4.80374e+19
=== 1809380 ===
--- pALPIDEfs_3 ---
Pixel 835, 490, 1, 1, 4.80374e+19
Pixel 835, 491, 1, 1, 4.80374e+19
Pixel 836, 491, 1, 1, 4.80374e+19
=== 1821888 ===
--- pALPIDEfs_3 ---
Pixel 557, 180, 1, 1, 4.80374e+19
=== 1823478 ===
--- pALPIDEfs_2 ---
Pixel 453, 373, 1, 1, 4.80374e+19
Pixel 453, 374, 1, 1, 4.80374e+19
Pixel 454, 373, 1, 1, 4.80374e+19
Pixel 454, 374, 1, 1, 4.80374e+19
Pixel 455, 374, 1, 1, 4.80374e+19
Pixel 576, 398, 1, 1, 4.80374e+19
Pixel 577, 398, 1, 1, 4.80374e+19
Pixel 577, 399, 1, 1, 4.80374e+19
Pixel 576, 399, 1, 1, 4.80374e+19
=== 1840727 ===
--- pALPIDEfs_1 ---
Pixel 54, 510, 1, 1, 4.80374e+19
Pixel 55, 510, 1, 1, 4.80374e+19
Pixel 55, 511, 1, 1, 4.80374e+19
Pixel 54, 511, 1, 1, 4.80374e+19
=== 1848956 ===
--- pALPIDEfs_6 ---
Pixel 279, 449, 1, 1, 4.80374e+19
=== 1859944 ===
--- pALPIDEfs_2 ---
Pixel 118, 384, 1, 1, 4.80374e+19
=== 1862542 ===
--- pALPIDEfs_4 ---
Pixel 815, 340, 1, 1, 4.80374e+19
Pixel 815, 341, 1, 1, 4.80374e+19
Pixel 816, 340, 1, 1, 4.80374e+19
Pixel 816, 341, 1, 1, 4.80374e+19
=== 1867313 ===
--- pALPIDEfs_5 ---
Pixel 209, 463, 1, 1, 4.80374e+19
Pixel 208, 463, 1, 1, 4.80374e+19
Pixel 208, 464, 1, 1, 4.80374e+19
Pixel 209, 464, 1, 1, 4.80374e+19
=== 1868154 ===
--- pALPIDEfs_0 ---
Pixel 729, 38, 1, 1, 4.80374e+19
Pixel 730, 38, 1, 1, 4.80374e+19
=== 1878839 ===
--- pALPIDEfs_3 ---
Pixel 27, 469, 1, 1, 4.80374e+19
Pixel 28, 469, 1, 1, 4.80374e+19
Pixel 28, 470, 1, 1, 4.80374e+19
=== 1934130 ===
--- pALPIDEfs_3 ---
Pixel 99, 276, 1, 1, 4.80374e+19
Pixel 99, 277, 1, 1, 4.80374e+19
Pixel 100, 276, 1, 1, 4.80374e+19
Pixel 101, 277, 1, 1, 4.80374e+19
Pixel 100, 277, 1, 1, 4.80374e+19
Pixel 100, 278, 1, 1, 4.80374e+19
Pixel 101, 278, 1, 1, 4.80374e+19
=== 1953501 ===
--- pALPIDEfs_2 ---
Pixel 55, 147, 1, 1, 4.80374e+19
Pixel 55, 148, 1, 1, 4.80374e+19
Pixel 55, 149, 1, 1, 4.80374e+19
Pixel 56, 147, 1, 1, 4.80374e+19
Pixel 56, 148, 1, 1, 4.80374e+19
Pixel 56, 149, 1, 1, 4.80374e+19
=== 1953754 ===
--- pALPIDEfs_5 ---
Pixel 53, 141, 1, 1, 4.80374e+19
Pixel 53, 142, 1, 1, 4.80374e+19
=== 1956741 ===
--- pALPIDEfs_3 ---
Pixel 426, 404, 1, 1, 4.80374e+19
--- pALPIDEfs_4 ---
Pixel 885, 348, 1, 1, 4.80374e+19
Pixel 885, 349, 1, 1, 4.80374e+19
Pixel 886, 348, 1, 1, 4.80374e+19
Pixel 886, 349, 1, 1, 4.80374e+19
=== 1979093 ===
--- pALPIDEfs_0 ---
Pixel 736, 110, 1, 1, 4.80374e+19
Pixel 736, 111, 1, 1, 4.80374e+19
=== 1980932 ===
--- pALPIDEfs_4 ---
Pixel 300, 298, 1, 1, 4.80374e+19
Pixel 300, 299, 1, 1, 4.80374e+19
--- pALPIDEfs_5 ---
Pixel 241, 408, 1, 1, 4.80374e+19
--- pALPIDEfs_6 ---
Pixel 407, 388, 1, 1, 4.80374e+19
Pixel 407, 389, 1, 1, 4.80374e+19
=== 2039178 ===
--- pALPIDEfs_1 ---
Pixel 923, 404, 1, 1, 4.80374e+19
Pixel 924, 404, 1, 1, 4.80374e+19
--- pALPIDEfs_2 ---
Pixel 945, 179, 1, 1, 4.80374e+19
Pixel 944, 179, 1, 1, 4.80374e+19
--- pALPIDEfs_3 ---
Pixel 966, 27, 1, 1, 4.80374e+19
Pixel 966, 28, 1, 1, 4.80374e+19
=== 2041150 ===
--- pALPIDEfs_0 ---
Pixel 467, 465, 1, 1, 4.80374e+19
Pixel 466, 465, 1, 1, 4.80374e+19
Pixel 466, 466, 1, 1, 4.80374e+19
Pixel 467, 466, 1, 1, 4.80374e+19
--- pALPIDEfs_1 ---
Pixel 299, 271, 1, 1, 4.80374e+19
Pixel 300, 271, 1, 1, 4.80374e+19
Pixel 323, 444, 1, 1, 4.80374e+19
--- pALPIDEfs_2 ---
Pixel 161, 324, 1, 1, 4.80374e+19
=== 2045141 ===
--- pALPIDEfs_3 ---
Pixel 395, 299, 1, 1, 4.80374e+19
=== 2059098 ===
--- pALPIDEfs_6 ---
Pixel 845, 507, 1, 1, 4.80374e+19
Pixel 845, 508, 1, 1, 4.80374e+19
=== 2066951 ===
--- pALPIDEfs_4 ---
Pixel 315, 316, 1, 1, 4.80374e+19
=== 2068520 ===
--- pALPIDEfs_3 ---
Pixel 498, 262, 1, 1, 4.80374e+19
Pixel 499, 262, 1, 1, 4.80374e+19
Pixel 499, 263, 1, 1, 4.80374e+19
Pixel 500, 262, 1, 1, 4.80374e+19
=== 2083798 ===
--- pALPIDEfs_6 ---
Pixel 676, 396, 1, 1, 4.80374e+19
=== 2101080 ===
--- pALPIDEfs_0 ---
Pixel 286, 215, 1, 1, 4.80374e+19
--- pALPIDEfs_1 ---
Pixel 601, 290, 1, 1, 4.80374e+19
--- pALPIDEfs_2 ---
Pixel 937, 259, 1, 1, 4.80374e+19
Pixel 938, 259, 1, 1, 4.80374e+19
=== 2101081 ===
--- pALPIDEfs_0 ---
Pixel 287, 215, 1, 1, 4.80374e+19
Pixel 286, 215, 1, 1, 4.80374e+19
--- pALPIDEfs_1 ---
Pixel 601, 290, 1, 1, 4.80374e+19
Pixel 601, 291, 1, 1, 4.80374e+19
--- pALPIDEfs_2 ---
Pixel 937, 259, 1, 1, 4.80374e+19
Pixel 938, 259, 1, 1, 4.80374e+19
=== 2127541 ===
--- pALPIDEfs_1 ---
Pixel 60, 327, 1, 1, 4.80374e+19
=== 2139737 ===
--- pALPIDEfs_3 ---
Pixel 413, 240, 1, 1, 4.80374e+19
=== 2150146 ===
--- pALPIDEfs_2 ---
Pixel 803, 299, 1, 1, 4.80374e+19
Pixel 803, 300, 1, 1, 4.80374e+19
=== 2170452 ===
--- pALPIDEfs_4 ---
Pixel 809, 121, 1, 1, 4.80374e+19
Pixel 809, 122, 1, 1, 4.80374e+19
=== 2180437 ===
--- pALPIDEfs_2 ---
Pixel 34, 166, 1, 1, 4.80374e+19
Pixel 35, 166, 1, 1, 4.80374e+19
Pixel 37, 159, 1, 1, 4.80374e+19
Pixel 36, 159, 1, 1, 4.80374e+19
Pixel 36, 160, 1, 1, 4.80374e+19
Pixel 37, 160, 1, 1, 4.80374e+19
=== 2183254 ===
--- pALPIDEfs_3 ---
Pixel 405, 359, 1, 1, 4.80374e+19
Pixel 405, 360, 1, 1, 4.80374e+19
Pixel 406, 359, 1, 1, 4.80374e+19
Pixel 406, 360, 1, 1, 4.80374e+19
=== 2186825 ===
--- pALPIDEfs_4 ---
Pixel 481, 125, 1, 1, 4.80374e+19
Pixel 480, 125, 1, 1, 4.80374e+19
Pixel 480, 126, 1, 1, 4.80374e+19
Pixel 481, 126, 1, 1, 4.80374e+19
Pixel 482, 124, 1, 1, 4.80374e+19
Pixel 483, 124, 1, 1, 4.80374e+19
Pixel 483, 125, 1, 1, 4.80374e+19
Pixel 482, 125, 1, 1, 4.80374e+19
Pixel 482, 126, 1, 1, 4.80374e+19
Pixel 485, 123, 1, 1, 4.80374e+19
Pixel 484, 124, 1, 1, 4.80374e+19
Pixel 484, 125, 1, 1, 4.80374e+19
Pixel 487, 121, 1, 1, 4.80374e+19
Pixel 486, 122, 1, 1, 4.80374e+19
Pixel 487, 122, 1, 1, 4.80374e+19
Pixel 486, 123, 1, 1, 4.80374e+19
=== 2187980 ===
--- pALPIDEfs_4 ---
Pixel 118, 260, 1, 1, 4.80374e+19
Pixel 119, 260, 1, 1, 4.80374e+19
=== 2197161 ===
--- pALPIDEfs_3 ---
Pixel 554, 11, 1, 1, 4.80374e+19
Pixel 554, 12, 1, 1, 4.80374e+19
=== 2198099 ===
--- pALPIDEfs_3 ---
Pixel 71, 346, 1, 1, 4.80374e+19
=== 2201064 ===
--- pALPIDEfs_0 ---
Pixel 686, 368, 1, 1, 4.80374e+19
--- pALPIDEfs_1 ---
Pixel 598, 31, 1, 1, 4.80374e+19
=== 2204246 ===
--- pALPIDEfs_5 ---
Pixel 818, 487, 1, 1, 4.80374e+19
Pixel 818, 488, 1, 1, 4.80374e+19
=== 2211442 ===
--- pALPIDEfs_2 ---
Pixel 765, 473, 1, 1, 4.80374e+19
Pixel 765, 474, 1, 1, 4.80374e+19
Pixel 766, 473, 1, 1, 4.80374e+19
=== 2229034 ===
--- pALPIDEfs_3 ---
Pixel 803, 361, 1, 1, 4.80374e+19
Pixel 803, 362, 1, 1, 4.80374e+19
Pixel 804, 361, 1, 1, 4.80374e+19
Pixel 804, 362, 1, 1, 4.80374e+19
=== 2260185 ===
--- pALPIDEfs_3 ---
Pixel 205, 319, 1, 1, 4.80374e+19
Pixel 204, 320, 1, 1, 4.80374e+19
Pixel 205, 320, 1, 1, 4.80374e+19
=== 2262249 ===
--- pALPIDEfs_2 ---
Pixel 284, 330, 1, 1, 4.80374e+19
Pixel 285, 330, 1, 1, 4.80374e+19
--- pALPIDEfs_3 ---
Pixel 139, 165, 1, 1, 4.80374e+19
Pixel 138, 165, 1, 1, 4.80374e+19
Pixel 139, 166, 1, 1, 4.80374e+19
=== 2282643 ===
--- pALPIDEfs_4 ---
Pixel 352, 38, 1, 1, 4.80374e+19
Pixel 353, 38, 1, 1, 4.80374e+19
Pixel 353, 39, 1, 1, 4.80374e+19
Pixel 352, 39, 1, 1, 4.80374e+19
--- pALPIDEfs_5 ---
Pixel 409, 36, 1, 1, 4.80374e+19
Pixel 410, 36, 1, 1, 4.80374e+19
=== 2285088 ===
--- pALPIDEfs_0 ---
Pixel 631, 389, 1, 1, 4.80374e+19
Pixel 630, 389, 1, 1, 4.80374e+19
=== 2289149 ===
--- pALPIDEfs_0 ---
Pixel 806, 421, 1, 1, 4.80374e+19
=== 2292883 ===
--- pALPIDEfs_2 ---
Pixel 821, 188, 1, 1, 4.80374e+19
Pixel 821, 189, 1, 1, 4.80374e+19
=== 2301462 ===
--- pALPIDEfs_3 ---
Pixel 567, 504, 1, 1, 4.80374e+19
Pixel 567, 505, 1, 1, 4.80374e+19
=== 2303152 ===
--- pALPIDEfs_0 ---
Pixel 607, 183, 1, 1, 4.80374e+19
Pixel 606, 183, 1, 1, 4.80374e+19
=== 2354204 ===
--- pALPIDEfs_0 ---
Pixel 7, 430, 1, 1, 4.80374e+19
=== 2385252 ===
--- pALPIDEfs_5 ---
Pixel 957, 385, 1, 1, 4.80374e+19
Pixel 957, 386, 1, 1, 4.80374e+19
=== 2394899 ===
--- pALPIDEfs_5 ---
Pixel 117, 395, 1, 1, 4.80374e+19
Pixel 116, 395, 1, 1, 4.80374e+19
Pixel 116, 396, 1, 1, 4.80374e+19
Pixel 117, 396, 1, 1, 4.80374e+19
=== 2414776 ===
--- pALPIDEfs_0 ---
Pixel 408, 283, 1, 1, 4.80374e+19
Pixel 408, 284, 1, 1, 4.80374e+19
Pixel 499, 300, 1, 1, 4.80374e+19
Pixel 499, 301, 1, 1, 4.80374e+19
Pixel 500, 300, 1, 1, 4.80374e+19
Pixel 500, 301, 1, 1, 4.80374e+19
Pixel 500, 302, 1, 1, 4.80374e+19
--- pALPIDEfs_1 ---
Pixel 682, 282, 1, 1, 4.80374e+19
=== 2423474 ===
--- pALPIDEfs_5 ---
Pixel 127, 51, 1, 1, 4.80374e+19
Pixel 127, 52, 1, 1, 4.80374e+19
=== 2433766 ===
--- pALPIDEfs_3 ---
Pixel 169, 467, 1, 1, 4.80374e+19
Pixel 169, 468, 1, 1, 4.80374e+19
Pixel 171, 465, 1, 1, 4.80374e+19
Pixel 170, 466, 1, 1, 4.80374e+19
Pixel 171, 466, 1, 1, 4.80374e+19
Pixel 170, 467, 1, 1, 4.80374e+19
Pixel 170, 468, 1, 1, 4.80374e+19
=== 2438520 ===
--- pALPIDEfs_5 ---
Pixel 37, 253, 1, 1, 4.80374e+19
Pixel 36, 253, 1, 1, 4.80374e+19
Pixel 36, 254, 1, 1, 4.80374e+19
Pixel 37, 254, 1, 1, 4.80374e+19
=== 2459720 ===
--- pALPIDEfs_3 ---
Pixel 805, 161, 1, 1, 4.80374e+19
Pixel 805, 162, 1, 1, 4.80374e+19
Pixel 806, 161, 1, 1, 4.80374e+19
Pixel 806, 162, 1, 1, 4.80374e+19
=== 2463801 ===
--- pALPIDEfs_6 ---
Pixel 999, 66, 1, 1, 4.80374e+19
=== 2503750 ===
--- pALPIDEfs_0 ---
Pixel 821, 457, 1, 1, 4.80374e+19
=== 2508309 ===
--- pALPIDEfs_2 ---
Pixel 391, 179, 1, 1, 4.80374e+19
Pixel 392, 179, 1, 1, 4.80374e+19
Pixel 392, 180, 1, 1, 4.80374e+19
Pixel 393, 180, 1, 1, 4.80374e+19
=== 2526407 ===
--- pALPIDEfs_4 ---
Pixel 657, 323, 1, 1, 4.80374e+19
Pixel 658, 323, 1, 1, 4.80374e+19
=== 2535757 ===
--- pALPIDEfs_3 ---
Pixel 557, 407, 1, 1, 4.80374e+19
Pixel 556, 407, 1, 1, 4.80374e+19
Pixel 556, 408, 1, 1, 4.80374e+19
Pixel 557, 408, 1, 1, 4.80374e+19
=== 2556343 ===
--- pALPIDEfs_5 ---
Pixel 432, 294, 1, 1, 4.80374e+19
Pixel 433, 294, 1, 1, 4.80374e+19
Pixel 433, 295, 1, 1, 4.80374e+19
Pixel 432, 295, 1, 1, 4.80374e+19
Pixel 434, 294, 1, 1, 4.80374e+19
Pixel 434, 295, 1, 1, 4.80374e+19
=== 2572987 ===
--- pALPIDEfs_3 ---
Pixel 960, 453, 1, 1, 4.80374e+19
Pixel 960, 454, 1, 1, 4.80374e+19
--- pALPIDEfs_4 ---
Pixel 655, 22, 1, 1, 4.80374e+19
=== 2593646 ===
--- pALPIDEfs_3 ---
Pixel 259, 229, 1, 1, 4.80374e+19
Pixel 259, 230, 1, 1, 4.80374e+19
Pixel 260, 229, 1, 1, 4.80374e+19
Pixel 260, 230, 1, 1, 4.80374e+19
=== 2600981 ===
--- pALPIDEfs_2 ---
Pixel 199, 94, 1, 1, 4.80374e+19
Pixel 199, 95, 1, 1, 4.80374e+19
Pixel 198, 95, 1, 1, 4.80374e+19
Pixel 198, 96, 1, 1, 4.80374e+19
Pixel 199, 96, 1, 1, 4.80374e+19
Pixel 199, 97, 1, 1, 4.80374e+19
Pixel 198, 97, 1, 1, 4.80374e+19
Pixel 200, 94, 1, 1, 4.80374e+19
Pixel 201, 94, 1, 1, 4.80374e+19
Pixel 203, 92, 1, 1, 4.80374e+19
Pixel 203, 93, 1, 1, 4.80374e+19
Pixel 202, 93, 1, 1, 4.80374e+19
Pixel 202, 94, 1, 1, 4.80374e+19
Pixel 204, 92, 1, 1, 4.80374e+19
Pixel 205, 92, 1, 1, 4.80374e+19
Pixel 205, 93, 1, 1, 4.80374e+19
Pixel 204, 93, 1, 1, 4.80374e+19
Pixel 206, 92, 1, 1, 4.80374e+19
Pixel 207, 92, 1, 1, 4.80374e+19
Pixel 207, 93, 1, 1, 4.80374e+19
Pixel 206, 93, 1, 1, 4.80374e+19
--- pALPIDEfs_3 ---
Pixel 958, 38, 1, 1, 4.80374e+19
Pixel 959, 38, 1, 1, 4.80374e+19
Pixel 959, 39, 1, 1, 4.80374e+19
Pixel 958, 39, 1, 1, 4.80374e+19
=== 2630502 ===
--- pALPIDEfs_1 ---
Pixel 757, 126, 1, 1, 4.80374e+19
=== 2656486 ===
--- pALPIDEfs_5 ---
Pixel 657, 43, 1, 1, 4.80374e+19
Pixel 656, 43, 1, 1, 4.80374e+19
Pixel 657, 44, 1, 1, 4.80374e+19
Pixel 658, 43, 1, 1, 4.80374e+19
Pixel 658, 44, 1, 1, 4.80374e+19
=== 2673019 ===
--- pALPIDEfs_5 ---
Pixel 1017, 60, 1, 1, 4.80374e+19
=== 2688531 ===
--- pALPIDEfs_1 ---
Pixel 40, 37, 1, 1, 4.80374e+19
=== 2698409 ===
--- pALPIDEfs_6 ---
Pixel 974, 264, 1, 1, 4.80374e+19
Pixel 975, 264, 1, 1, 4.80374e+19
=== 2699440 ===
--- pALPIDEfs_0 ---
Pixel 1023, 209, 1, 1, 4.80374e+19
Pixel 1022, 209, 1, 1, 4.80374e+19
=== 2711171 ===
--- pALPIDEfs_0 ---
Pixel 661, 241, 1, 1, 4.80374e+19
--- pALPIDEfs_1 ---
Pixel 155, 423, 1, 1, 4.80374e+19
Pixel 156, 423, 1, 1, 4.80374e+19
--- pALPIDEfs_3 ---
Pixel 94, 355, 1, 1, 4.80374e+19
--- pALPIDEfs_4 ---
Pixel 383, 313, 1, 1, 4.80374e+19
Pixel 382, 313, 1, 1, 4.80374e+19
--- pALPIDEfs_5 ---
Pixel 553, 421, 1, 1, 4.80374e+19
Pixel 553, 422, 1, 1, 4.80374e+19
Pixel 554, 421, 1, 1, 4.80374e+19
Pixel 554, 422, 1, 1, 4.80374e+19
--- pALPIDEfs_6 ---
Pixel 878, 377, 1, 1, 4.80374e+19
=== 2733645 ===
--- pALPIDEfs_6 ---
Pixel 738, 424, 1, 1, 4.80374e+19
Pixel 739, 424, 1, 1, 4.80374e+19
Pixel 740, 424, 1, 1, 4.80374e+19
=== 2733674 ===
--- pALPIDEfs_1 ---
Pixel 627, 99, 1, 1, 4.80374e+19
Pixel 627, 100, 1, 1, 4.80374e+19
Pixel 628, 100, 1, 1, 4.80374e+19
Pixel 628, 101, 1, 1, 4.80374e+19
=== 2734087 ===
--- pALPIDEfs_2 ---
Pixel 81, 221, 1, 1, 4.80374e+19
Pixel 81, 222, 1, 1, 4.80374e+19
Pixel 82, 221, 1, 1, 4.80374e+19
Pixel 82, 222, 1, 1, 4.80374e+19
=== 2737195 ===
--- pALPIDEfs_1 ---
Pixel 764, 344, 1, 1, 4.80374e+19
Pixel 765, 344, 1, 1, 4.80374e+19
Pixel 765, 345, 1, 1, 4.80374e+19
Pixel 764, 345, 1, 1, 4.80374e+19
=== 2754299 ===
--- pALPIDEfs_0 ---
Pixel 912, 218, 1, 1, 4.80374e+19
Pixel 913, 218, 1, 1, 4.80374e+19
Pixel 913, 219, 1, 1, 4.80374e+19
Pixel 912, 219, 1, 1, 4.80374e+19
Pixel 914, 218, 1, 1, 4.80374e+19
Pixel 915, 219, 1, 1, 4.80374e+19
Pixel 914, 219, 1, 1, 4.80374e+19
Pixel 917, 219, 1, 1, 4.80374e+19
Pixel 916, 219, 1, 1, 4.80374e+19
Pixel 916, 220, 1, 1, 4.80374e+19
Pixel 917, 220, 1, 1, 4.80374e+19
=== 2782470 ===
--- pALPIDEfs_1 ---
Pixel 82, 368, 1, 1, 4.80374e+19
=== 2786142 ===
--- pALPIDEfs_4 ---
Pixel 187, 265, 1, 1, 4.80374e+19
Pixel 186, 265, 1, 1, 4.80374e+19
=== 2786652 ===
--- pALPIDEfs_6 ---
Pixel 517, 405, 1, 1, 4.80374e+19
Pixel 516, 405, 1, 1, 4.80374e+19
Pixel 516, 406, 1, 1, 4.80374e+19
Pixel 517, 406, 1, 1, 4.80374e+19
=== 2804913 ===
--- pALPIDEfs_5 ---
Pixel 913, 341, 1, 1, 4.80374e+19
Pixel 912, 341, 1, 1, 4.80374e+19
=== 2805872 ===
--- pALPIDEfs_1 ---
Pixel 874, 392, 1, 1, 4.80374e+19
Pixel 875, 393, 1, 1, 4.80374e+19
Pixel 874, 393, 1, 1, 4.80374e+19
=== 2805873 ===
--- pALPIDEfs_1 ---
Pixel 874, 392, 1, 1, 4.80374e+19
Pixel 875, 393, 1, 1, 4.80374e+19
Pixel 874, 393, 1, 1, 4.80374e+19
=== 2825169 ===
--- pALPIDEfs_2 ---
Pixel 131, 5, 1, 1, 4.80374e+19
Pixel 130, 5, 1, 1, 4.80374e+19
--- pALPIDEfs_3 ---
Pixel 94, 145, 1, 1, 4.80374e+19
Pixel 94, 146, 1, 1, 4.80374e+19
--- pALPIDEfs_4 ---
Pixel 79, 273, 1, 1, 4.80374e+19
Pixel 79, 274, 1, 1, 4.80374e+19
--- pALPIDEfs_5 ---
Pixel 35, 447, 1, 1, 4.80374e+19
Pixel 35, 448, 1, 1, 4.80374e+19
Pixel 36, 447, 1, 1, 4.80374e+19
Pixel 36, 448, 1, 1, 4.80374e+19
=== 2857023 ===
--- pALPIDEfs_4 ---
Pixel 55, 79, 1, 1, 4.80374e+19
Pixel 54, 79, 1, 1, 4.80374e+19
--- pALPIDEfs_6 ---
Pixel 116, 500, 1, 1, 4.80374e+19
Pixel 117, 500, 1, 1, 4.80374e+19
=== 2857953 ===
--- pALPIDEfs_2 ---
Pixel 468, 194, 1, 1, 4.80374e+19
Pixel 468, 195, 1, 1, 4.80374e+19
--- pALPIDEfs_3 ---
Pixel 685, 210, 1, 1, 4.80374e+19
--- pALPIDEfs_4 ---
Pixel 748, 45, 1, 1, 4.80374e+19
--- pALPIDEfs_5 ---
Pixel 827, 23, 1, 1, 4.80374e+19
Pixel 826, 23, 1, 1, 4.80374e+19
Pixel 826, 24, 1, 1, 4.80374e+19
Pixel 827, 24, 1, 1, 4.80374e+19
=== 2866854 ===
--- pALPIDEfs_6 ---
Pixel 363, 16, 1, 1, 4.80374e+19
Pixel 365, 15, 1, 1, 4.80374e+19
Pixel 364, 15, 1, 1, 4.80374e+19
Pixel 364, 16, 1, 1, 4.80374e+19
=== 2875177 ===
--- pALPIDEfs_5 ---
Pixel 978, 510, 1, 1, 4.80374e+19
Pixel 978, 511, 1, 1, 4.80374e+19
Pixel 980, 504, 1, 1, 4.80374e+19
Pixel 981, 504, 1, 1, 4.80374e+19
Pixel 981, 505, 1, 1, 4.80374e+19
=== 2893325 ===
--- pALPIDEfs_4 ---
Pixel 453, 160, 1, 1, 4.80374e+19
Pixel 453, 161, 1, 1, 4.80374e+19
Pixel 454, 160, 1, 1, 4.80374e+19
=== 2905847 ===
--- pALPIDEfs_2 ---
Pixel 926, 498, 1, 1, 4.80374e+19
Pixel 926, 499, 1, 1, 4.80374e+19
=== 2924326 ===
--- pALPIDEfs_3 ---
Pixel 180, 369, 1, 1, 4.80374e+19
Pixel 180, 370, 1, 1, 4.80374e+19
--- pALPIDEfs_4 ---
Pixel 471, 138, 1, 1, 4.80374e+19
Pixel 471, 139, 1, 1, 4.80374e+19
Pixel 470, 139, 1, 1, 4.80374e+19
=== 2924327 ===
--- pALPIDEfs_3 ---
Pixel 180, 369, 1, 1, 4.80374e+19
Pixel 180, 370, 1, 1, 4.80374e+19
--- pALPIDEfs_4 ---
Pixel 471, 138, 1, 1, 4.80374e+19
Pixel 471, 139, 1, 1, 4.80374e+19
Pixel 470, 139, 1, 1, 4.80374e+19
=== 2933531 ===
--- pALPIDEfs_3 ---
Pixel 1003, 303, 1, 1, 4.80374e+19
Pixel 1004, 303, 1, 1, 4.80374e+19
=== 2945148 ===
--- pALPIDEfs_0 ---
Pixel 653, 292, 1, 1, 4.80374e+19
Pixel 654, 292, 1, 1, 4.80374e+19
Pixel 655, 293, 1, 1, 4.80374e+19
Pixel 654, 293, 1, 1, 4.80374e+19
Pixel 655, 294, 1, 1, 4.80374e+19
Pixel 656, 292, 1, 1, 4.80374e+19
Pixel 657, 292, 1, 1, 4.80374e+19
Pixel 657, 293, 1, 1, 4.80374e+19
Pixel 656, 293, 1, 1, 4.80374e+19
=== 3005363 ===
--- pALPIDEfs_4 ---
Pixel 677, 392, 1, 1, 4.80374e+19
Pixel 677, 393, 1, 1, 4.80374e+19
Pixel 678, 393, 1, 1, 4.80374e+19
=== 3005381 ===
--- pALPIDEfs_5 ---
Pixel 720, 122, 1, 1, 4.80374e+19
Pixel 720, 123, 1, 1, 4.80374e+19
=== 3029031 ===
--- pALPIDEfs_2 ---
Pixel 635, 122, 1, 1, 4.80374e+19
Pixel 636, 122, 1, 1, 4.80374e+19
=== 3032047 ===
--- pALPIDEfs_0 ---
Pixel 351, 151, 1, 1, 4.80374e+19
Pixel 351, 152, 1, 1, 4.80374e+19
Pixel 352, 152, 1, 1, 4.80374e+19
--- pALPIDEfs_1 ---
Pixel 24, 148, 1, 1, 4.80374e+19
Pixel 25, 148, 1, 1, 4.80374e+19
=== 3036598 ===
--- pALPIDEfs_1 ---
Pixel 75, 288, 1, 1, 4.80374e+19
Pixel 75, 289, 1, 1, 4.80374e+19
Pixel 74, 290, 1, 1, 4.80374e+19
Pixel 75, 290, 1, 1, 4.80374e+19
Pixel 74, 291, 1, 1, 4.80374e+19
=== 3051652 ===
--- pALPIDEfs_4 ---
Pixel 209, 313, 1, 1, 4.80374e+19
Pixel 208, 314, 1, 1, 4.80374e+19
Pixel 209, 314, 1, 1, 4.80374e+19
=== 3063420 ===
--- pALPIDEfs_4 ---
Pixel 231, 489, 1, 1, 4.80374e+19
Pixel 230, 489, 1, 1, 4.80374e+19
=== 3089108 ===
--- pALPIDEfs_3 ---
Pixel 543, 399, 1, 1, 4.80374e+19
Pixel 542, 399, 1, 1, 4.80374e+19
Pixel 542, 400, 1, 1, 4.80374e+19
Pixel 543, 400, 1, 1, 4.80374e+19
=== 3089109 ===
--- pALPIDEfs_3 ---
Pixel 542, 399, 1, 1, 4.80374e+19
Pixel 542, 400, 1, 1, 4.80374e+19
=== 3133448 ===
--- pALPIDEfs_0 ---
Pixel 613, 218, 1, 1, 4.80374e+19
Pixel 613, 219, 1, 1, 4.80374e+19
--- pALPIDEfs_1 ---
Pixel 263, 496, 1, 1, 4.80374e+19
=== 3149266 ===
--- pALPIDEfs_0 ---
Pixel 846, 52, 1, 1, 4.80374e+19
Pixel 846, 53, 1, 1, 4.80374e+19
--- pALPIDEfs_1 ---
Pixel 934, 268, 1, 1, 4.80374e+19
=== 3149334 ===
--- pALPIDEfs_1 ---
Pixel 812, 173, 1, 1, 4.80374e+19
Pixel 812, 174, 1, 1, 4.80374e+19
--- pALPIDEfs_2 ---
Pixel 1014, 400, 1, 1, 4.80374e+19
Pixel 1015, 400, 1, 1, 4.80374e+19
=== 3182054 ===
--- pALPIDEfs_1 ---
Pixel 37, 160, 1, 1, 4.80374e+19
Pixel 37, 161, 1, 1, 4.80374e+19
=== 3182332 ===
--- pALPIDEfs_6 ---
Pixel 934, 237, 1, 1, 4.80374e+19
=== 3195421 ===
--- pALPIDEfs_3 ---
Pixel 557, 180, 1, 1, 4.80374e+19
=== 3215013 ===
--- pALPIDEfs_4 ---
Pixel 369, 246, 1, 1, 4.80374e+19
Pixel 370, 246, 1, 1, 4.80374e+19
Pixel 371, 246, 1, 1, 4.80374e+19
=== 3216090 ===
--- pALPIDEfs_4 ---
Pixel 983, 415, 1, 1, 4.80374e+19
Pixel 982, 415, 1, 1, 4.80374e+19
Pixel 982, 416, 1, 1, 4.80374e+19
Pixel 983, 416, 1, 1, 4.80374e+19
--- pALPIDEfs_5 ---
Pixel 456, 324, 1, 1, 4.80374e+19
Pixel 457, 324, 1, 1, 4.80374e+19
=== 3217350 ===
--- pALPIDEfs_3 ---
Pixel 692, 346, 1, 1, 4.80374e+19
Pixel 693, 346, 1, 1, 4.80374e+19
Pixel 693, 347, 1, 1, 4.80374e+19
=== 3230419 ===
--- pALPIDEfs_1 ---
Pixel 57, 277, 1, 1, 4.80374e+19
=== 3243918 ===
--- pALPIDEfs_4 ---
Pixel 213, 366, 1, 1, 4.80374e+19
Pixel 213, 367, 1, 1, 4.80374e+19
Pixel 212, 367, 1, 1, 4.80374e+19
=== 3256750 ===
--- pALPIDEfs_3 ---
Pixel 106, 178, 1, 1, 4.80374e+19
=== 3257985 ===
--- pALPIDEfs_3 ---
Pixel 403, 290, 1, 1, 4.80374e+19
Pixel 404, 289, 1, 1, 4.80374e+19
Pixel 404, 290, 1, 1, 4.80374e+19
=== 3258988 ===
--- pALPIDEfs_3 ---
Pixel 737, 243, 1, 1, 4.80374e+19
=== 3278378 ===
--- pALPIDEfs_2 ---
Pixel 969, 258, 1, 1, 4.80374e+19
Pixel 969, 259, 1, 1, 4.80374e+19
Pixel 970, 258, 1, 1, 4.80374e+19
Pixel 971, 258, 1, 1, 4.80374e+19
Pixel 970, 259, 1, 1, 4.80374e+19
=== 3286784 ===
--- pALPIDEfs_5 ---
Pixel 65, 1, 1, 1, 4.80374e+19
Pixel 66, 1, 1, 1, 4.80374e+19
=== 3288191 ===
--- pALPIDEfs_1 ---
Pixel 369, 496, 1, 1, 4.80374e+19
Pixel 369, 497, 1, 1, 4.80374e+19
Pixel 369, 498, 1, 1, 4.80374e+19
Pixel 369, 499, 1, 1, 4.80374e+19
Pixel 369, 500, 1, 1, 4.80374e+19
Pixel 369, 501, 1, 1, 4.80374e+19
Pixel 370, 498, 1, 1, 4.80374e+19
Pixel 370, 499, 1, 1, 4.80374e+19
Pixel 370, 500, 1, 1, 4.80374e+19
Pixel 371, 501, 1, 1, 4.80374e+19
Pixel 370, 501, 1, 1, 4.80374e+19
Pixel 372, 500, 1, 1, 4.80374e+19
=== 3294207 ===
--- pALPIDEfs_0 ---
Pixel 351, 187, 1, 1, 4.80374e+19
Pixel 350, 187, 1, 1, 4.80374e+19
Pixel 350, 188, 1, 1, 4.80374e+19
=== 3306935 ===
--- pALPIDEfs_4 ---
Pixel 399, 57, 1, 1, 4.80374e+19
Pixel 399, 58, 1, 1, 4.80374e+19
Pixel 400, 57, 1, 1, 4.80374e+19
=== 3311851 ===
--- pALPIDEfs_4 ---
Pixel 551, 107, 1, 1, 4.80374e+19
Pixel 551, 108, 1, 1, 4.80374e+19
Pixel 551, 109, 1, 1, 4.80374e+19
Pixel 552, 107, 1, 1, 4.80374e+19
Pixel 552, 108, 1, 1, 4.80374e+19
Pixel 553, 108, 1, 1, 4.80374e+19
Pixel 553, 109, 1, 1, 4.80374e+19
Pixel 552, 109, 1, 1, 4.80374e+19
=== 3316252 ===
--- pALPIDEfs_0 ---
Pixel 753, 286, 1, 1, 4.80374e+19
Pixel 753, 287, 1, 1, 4.80374e+19
Pixel 753, 288, 1, 1, 4.80374e+19
Pixel 754, 286, 1, 1, 4.80374e+19
Pixel 754, 287, 1, 1, 4.80374e+19
=== 3316279 ===
--- pALPIDEfs_0 ---
Pixel 560, 306, 1, 1, 4.80374e+19
Pixel 561, 306, 1, 1, 4.80374e+19
Pixel 561, 307, 1, 1, 4.80374e+19
Pixel 560, 307, 1, 1, 4.80374e+19
--- pALPIDEfs_1 ---
Pixel 208, 392, 1, 1, 4.80374e+19
=== 3323543 ===
--- pALPIDEfs_2 ---
Pixel 717, 284, 1, 1, 4.80374e+19
Pixel 718, 284, 1, 1, 4.80374e+19
=== 3323723 ===
--- pALPIDEfs_6 ---
Pixel 983, 453, 1, 1, 4.80374e+19
Pixel 983, 454, 1, 1, 4.80374e+19
Pixel 984, 453, 1, 1, 4.80374e+19
Pixel 984, 454, 1, 1, 4.80374e+19
=== 3330495 ===
--- pALPIDEfs_5 ---
Pixel 169, 436, 1, 1, 4.80374e+19
Pixel 170, 436, 1, 1, 4.80374e+19
=== 3339888 ===
--- pALPIDEfs_1 ---
Pixel 835, 315, 1, 1, 4.80374e+19
Pixel 834, 315, 1, 1, 4.80374e+19
Pixel 834, 316, 1, 1, 4.80374e+19
=== 3367066 ===
--- pALPIDEfs_5 ---
Pixel 170, 476, 1, 1, 4.80374e+19
Pixel 171, 476, 1, 1, 4.80374e+19
Pixel 171, 477, 1, 1, 4.80374e+19
Pixel 171, 478, 1, 1, 4.80374e+19
Pixel 171, 479, 1, 1, 4.80374e+19
Pixel 172, 477, 1, 1, 4.80374e+19
Pixel 172, 478, 1, 1, 4.80374e+19
Pixel 173, 478, 1, 1, 4.80374e+19
Pixel 172, 479, 1, 1, 4.80374e+19
=== 3371348 ===
--- pALPIDEfs_0 ---
Pixel 45, 44, 1, 1, 4.80374e+19
Pixel 45, 45, 1, 1, 4.80374e+19
Pixel 46, 44, 1, 1, 4.80374e+19
Pixel 47, 44, 1, 1, 4.80374e+19
Pixel 47, 45, 1, 1, 4.80374e+19
Pixel 46, 45, 1, 1, 4.80374e+19
Pixel 47, 46, 1, 1, 4.80374e+19
Pixel 48, 44, 1, 1, 4.80374e+19
Pixel 48, 45, 1, 1, 4.80374e+19
Pixel 48, 46, 1, 1, 4.80374e+19
Pixel 49, 46, 1, 1, 4.80374e+19
Pixel 49, 47, 1, 1, 4.80374e+19
Pixel 48, 47, 1, 1, 4.80374e+19
=== 3382831 ===
--- pALPIDEfs_2 ---
Pixel 247, 355, 1, 1, 4.80374e+19
Pixel 248, 355, 1, 1, 4.80374e+19
=== 3385390 ===
--- pALPIDEfs_0 ---
Pixel 329, 391, 1, 1, 4.80374e+19
Pixel 329, 392, 1, 1, 4.80374e+19
Pixel 330, 391, 1, 1, 4.80374e+19
Pixel 330, 392, 1, 1, 4.80374e+19
=== 3401073 ===
--- pALPIDEfs_2 ---
Pixel 813, 194, 1, 1, 4.80374e+19
--- pALPIDEfs_3 ---
Pixel 425, 184, 1, 1, 4.80374e+19
Pixel 425, 185, 1, 1, 4.80374e+19
=== 3402482 ===
--- pALPIDEfs_2 ---
Pixel 434, 392, 1, 1, 4.80374e+19
Pixel 434, 393, 1, 1, 4.80374e+19
--- pALPIDEfs_3 ---
Pixel 910, 51, 1, 1, 4.80374e+19
Pixel 910, 52, 1, 1, 4.80374e+19
=== 3403062 ===
--- pALPIDEfs_4 ---
Pixel 583, 470, 1, 1, 4.80374e+19
Pixel 583, 471, 1, 1, 4.80374e+19
Pixel 584, 470, 1, 1, 4.80374e+19
Pixel 584, 471, 1, 1, 4.80374e+19
=== 3419120 ===
--- pALPIDEfs_5 ---
Pixel 874, 117, 1, 1, 4.80374e+19
=== 3427338 ===
--- pALPIDEfs_3 ---
Pixel 277, 141, 1, 1, 4.80374e+19
Pixel 276, 141, 1, 1, 4.80374e+19
Pixel 276, 142, 1, 1, 4.80374e+19
Pixel 277, 142, 1, 1, 4.80374e+19
=== 3429257 ===
--- pALPIDEfs_3 ---
Pixel 692, 306, 1, 1, 4.80374e+19
Pixel 693, 306, 1, 1, 4.80374e+19
Pixel 693, 307, 1, 1, 4.80374e+19
Pixel 692, 307, 1, 1, 4.80374e+19
Pixel 694, 306, 1, 1, 4.80374e+19
=== 3454845 ===
--- pALPIDEfs_1 ---
Pixel 1013, 192, 1, 1, 4.80374e+19
Pixel 1013, 193, 1, 1, 4.80374e+19
Pixel 1014, 192, 1, 1, 4.80374e+19
--- pALPIDEfs_2 ---
Pixel 737, 3, 1, 1, 4.80374e+19
Pixel 737, 4, 1, 1, 4.80374e+19
Pixel 738, 4, 1, 1, 4.80374e+19
=== 3458774 ===
--- pALPIDEfs_3 ---
Pixel 609, 155, 1, 1, 4.80374e+19
Pixel 608, 155, 1, 1, 4.80374e+19
Pixel 608, 156, 1, 1, 4.80374e+19
Pixel 609, 156, 1, 1, 4.80374e+19
=== 3462389 ===
--- pALPIDEfs_6 ---
Pixel 628, 430, 1, 1, 4.80374e+19
Pixel 628, 431, 1, 1, 4.80374e+19
=== 3494763 ===
--- pALPIDEfs_3 ---
Pixel 161, 390, 1, 1, 4.80374e+19
Pixel 161, 391, 1, 1, 4.80374e+19
Pixel 162, 390, 1, 1, 4.80374e+19
Pixel 163, 390, 1, 1, 4.80374e+19
Pixel 163, 391, 1, 1, 4.80374e+19
Pixel 162, 391, 1, 1, 4.80374e+19
=== 3501954 ===
--- pALPIDEfs_1 ---
Pixel 200, 39, 1, 1, 4.80374e+19
=== 3536862 ===
--- pALPIDEfs_5 ---
Pixel 221, 63, 1, 1, 4.80374e+19
Pixel 220, 63, 1, 1, 4.80374e+19
Pixel 221, 64, 1, 1, 4.80374e+19
Pixel 221, 65, 1, 1, 4.80374e+19
Pixel 220, 65, 1, 1, 4.80374e+19
=== 3538653 ===
--- pALPIDEfs_4 ---
Pixel 209, 366, 1, 1, 4.80374e+19
Pixel 209, 367, 1, 1, 4.80374e+19
Pixel 210, 366, 1, 1, 4.80374e+19
Pixel 210, 367, 1, 1, 4.80374e+19
=== 3539784 ===
--- pALPIDEfs_0 ---
Pixel 587, 244, 1, 1, 4.80374e+19
Pixel 587, 245, 1, 1, 4.80374e+19
--- pALPIDEfs_1 ---
Pixel 690, 102, 1, 1, 4.80374e+19
=== 3541046 ===
--- pALPIDEfs_2 ---
Pixel 621, 44, 1, 1, 4.80374e+19
Pixel 621, 45, 1, 1, 4.80374e+19
Pixel 622, 45, 1, 1, 4.80374e+19
=== 3548840 ===
--- pALPIDEfs_6 ---
Pixel 510, 508, 1, 1, 4.80374e+19
=== 3553894 ===
--- pALPIDEfs_2 ---
Pixel 124, 20, 1, 1, 4.80374e+19
Pixel 125, 21, 1, 1, 4.80374e+19
Pixel 124, 21, 1, 1, 4.80374e+19
Pixel 124, 22, 1, 1, 4.80374e+19
Pixel 125, 22, 1, 1, 4.80374e+19
=== 3556431 ===
--- pALPIDEfs_1 ---
Pixel 646, 270, 1, 1, 4.80374e+19
Pixel 647, 270, 1, 1, 4.80374e+19
Pixel 647, 271, 1, 1, 4.80374e+19
Pixel 646, 271, 1, 1, 4.80374e+19
=== 3581872 ===
--- pALPIDEfs_4 ---
Pixel 42, 272, 1, 1, 4.80374e+19
Pixel 43, 272, 1, 1, 4.80374e+19
Pixel 43, 273, 1, 1, 4.80374e+19
Pixel 42, 273, 1, 1, 4.80374e+19
--- pALPIDEfs_5 ---
Pixel 725, 413, 1, 1, 4.80374e+19
Pixel 725, 414, 1, 1, 4.80374e+19
Pixel 725, 415, 1, 1, 4.80374e+19
Pixel 726, 413, 1, 1, 4.80374e+19
Pixel 726, 414, 1, 1, 4.80374e+19
Pixel 726, 415, 1, 1, 4.80374e+19
=== 3602468 ===
--- pALPIDEfs_0 ---
Pixel 802, 376, 1, 1, 4.80374e+19
Pixel 803, 376, 1, 1, 4.80374e+19
Pixel 803, 377, 1, 1, 4.80374e+19
Pixel 802, 377, 1, 1, 4.80374e+19
=== 3606688 ===
--- pALPIDEfs_0 ---
Pixel 357, 315, 1, 1, 4.80374e+19
Pixel 358, 315, 1, 1, 4.80374e+19
--- pALPIDEfs_1 ---
Pixel 113, 241, 1, 1, 4.80374e+19
Pixel 113, 242, 1, 1, 4.80374e+19
Pixel 114, 241, 1, 1, 4.80374e+19
Pixel 114, 242, 1, 1, 4.80374e+19
=== 3608215 ===
--- pALPIDEfs_5 ---
Pixel 95, 447, 1, 1, 4.80374e+19
Pixel 95, 448, 1, 1, 4.80374e+19
Pixel 96, 447, 1, 1, 4.80374e+19
Pixel 96, 448, 1, 1, 4.80374e+19
=== 3624064 ===
--- pALPIDEfs_3 ---
Pixel 395, 299, 1, 1, 4.80374e+19
=== 3643985 ===
--- pALPIDEfs_0 ---
Pixel 179, 98, 1, 1, 4.80374e+19
=== 3647248 ===
--- pALPIDEfs_3 ---
Pixel 769, 238, 1, 1, 4.80374e+19
Pixel 769, 239, 1, 1, 4.80374e+19
Pixel 769, 242, 1, 1, 4.80374e+19
Pixel 769, 243, 1, 1, 4.80374e+19
Pixel 768, 243, 1, 1, 4.80374e+19
Pixel 768, 244, 1, 1, 4.80374e+19
Pixel 769, 244, 1, 1, 4.80374e+19
Pixel 769, 245, 1, 1, 4.80374e+19
Pixel 768, 245, 1, 1, 4.80374e+19
Pixel 768, 246, 1, 1, 4.80374e+19
Pixel 769, 246, 1, 1, 4.80374e+19
Pixel 769, 247, 1, 1, 4.80374e+19
Pixel 770, 234, 1, 1, 4.80374e+19
Pixel 771, 234, 1, 1, 4.80374e+19
Pixel 771, 235, 1, 1, 4.80374e+19
Pixel 770, 235, 1, 1, 4.80374e+19
Pixel 770, 236, 1, 1, 4.80374e+19
Pixel 771, 236, 1, 1, 4.80374e+19
Pixel 770, 237, 1, 1, 4.80374e+19
Pixel 770, 238, 1, 1, 4.80374e+19
Pixel 770, 239, 1, 1, 4.80374e+19
=== 3647249 ===
--- pALPIDEfs_3 ---
Pixel 768, 243, 1, 1, 4.80374e+19
Pixel 768, 246, 1, 1, 4.80374e+19
=== 3648696 ===
--- pALPIDEfs_5 ---
Pixel 411, 376, 1, 1, 4.80374e+19
Pixel 411, 377, 1, 1, 4.80374e+19
Pixel 412, 376, 1, 1, 4.80374e+19
Pixel 412, 377, 1, 1, 4.80374e+19
=== 3654335 ===
--- pALPIDEfs_4 ---
Pixel 346, 450, 1, 1, 4.80374e+19
Pixel 347, 450, 1, 1, 4.80374e+19
Pixel 347, 451, 1, 1, 4.80374e+19
Pixel 346, 451, 1, 1, 4.80374e+19
=== 3709425 ===
--- pALPIDEfs_0 ---
Pixel 913, 88, 1, 1, 4.80374e+19
--- pALPIDEfs_1 ---
Pixel 630, 153, 1, 1, 4.80374e+19
Pixel 630, 154, 1, 1, 4.80374e+19
--- pALPIDEfs_2 ---
Pixel 368, 115, 1, 1, 4.80374e+19
--- pALPIDEfs_3 ---
Pixel 107, 145, 1, 1, 4.80374e+19
Pixel 106, 146, 1, 1, 4.80374e+19
Pixel 107, 146, 1, 1, 4.80374e+19
=== 3713456 ===
--- pALPIDEfs_3 ---
Pixel 387, 18, 1, 1, 4.80374e+19
--- pALPIDEfs_4 ---
Pixel 376, 59, 1, 1, 4.80374e+19
--- pALPIDEfs_5 ---
Pixel 335, 146, 1, 1, 4.80374e+19
--- pALPIDEfs_6 ---
Pixel 348, 175, 1, 1, 4.80374e+19
Pixel 348, 176, 1, 1, 4.80374e+19
Pixel 349, 176, 1, 1, 4.80374e+19
=== 3721854 ===
--- pALPIDEfs_2 ---
Pixel 263, 418, 1, 1, 4.80374e+19
Pixel 264, 418, 1, 1, 4.80374e+19
--- pALPIDEfs_3 ---
Pixel 205, 217, 1, 1, 4.80374e+19
--- pALPIDEfs_4 ---
Pixel 170, 3, 1, 1, 4.80374e+19
=== 3747551 ===
--- pALPIDEfs_0 ---
Pixel 191, 401, 1, 1, 4.80374e+19
Pixel 190, 401, 1, 1, 4.80374e+19
Pixel 190, 402, 1, 1, 4.80374e+19
Pixel 191, 402, 1, 1, 4.80374e+19
=== 3760694 ===
--- pALPIDEfs_3 ---
Pixel 23, 256, 1, 1, 4.80374e+19
Pixel 23, 257, 1, 1, 4.80374e+19
Pixel 24, 256, 1, 1, 4.80374e+19
=== 3769681 ===
--- pALPIDEfs_6 ---
Pixel 895, 166, 1, 1, 4.80374e+19
Pixel 895, 167, 1, 1, 4.80374e+19
Pixel 896, 166, 1, 1, 4.80374e+19
Pixel 896, 167, 1, 1, 4.80374e+19
=== 3798003 ===
--- pALPIDEfs_3 ---
Pixel 29, 423, 1, 1, 4.80374e+19
Pixel 28, 423, 1, 1, 4.80374e+19
Pixel 28, 424, 1, 1, 4.80374e+19
Pixel 29, 424, 1, 1, 4.80374e+19
=== 3825731 ===
--- pALPIDEfs_2 ---
Pixel 441, 61, 1, 1, 4.80374e+19
=== 3827102 ===
--- pALPIDEfs_1 ---
Pixel 143, 253, 1, 1, 4.80374e+19
=== 3831973 ===
--- pALPIDEfs_1 ---
Pixel 429, 171, 1, 1, 4.80374e+19
Pixel 428, 172, 1, 1, 4.80374e+19
Pixel 429, 172, 1, 1, 4.80374e+19
Pixel 429, 173, 1, 1, 4.80374e+19
=== 3843944 ===
--- pALPIDEfs_1 ---
Pixel 852, 11, 1, 1, 4.80374e+19
Pixel 852, 12, 1, 1, 4.80374e+19
Pixel 853, 12, 1, 1, 4.80374e+19
Pixel 855, 11, 1, 1, 4.80374e+19
Pixel 854, 11, 1, 1, 4.80374e+19
Pixel 854, 12, 1, 1, 4.80374e+19
Pixel 855, 12, 1, 1, 4.80374e+19
Pixel 856, 11, 1, 1, 4.80374e+19
Pixel 856, 12, 1, 1, 4.80374e+19
=== 3843945 ===
--- pALPIDEfs_1 ---
Pixel 851, 11, 1, 1, 4.80374e+19
Pixel 852, 11, 1, 1, 4.80374e+19
Pixel 854, 11, 1, 1, 4.80374e+19
Pixel 854, 12, 1, 1, 4.80374e+19
Pixel 855, 12, 1, 1, 4.80374e+19
Pixel 856, 11, 1, 1, 4.80374e+19
Pixel 856, 12, 1, 1, 4.80374e+19
=== 3850338 ===
--- pALPIDEfs_6 ---
Pixel 715, 108, 1, 1, 4.80374e+19
Pixel 715, 109, 1, 1, 4.80374e+19
Pixel 716, 108, 1, 1, 4.80374e+19
=== 3857703 ===
--- pALPIDEfs_0 ---
Pixel 572, 116, 1, 1, 4.80374e+19
--- pALPIDEfs_1 ---
Pixel 787, 199, 1, 1, 4.80374e+19
Pixel 787, 200, 1, 1, 4.80374e+19
--- pALPIDEfs_2 ---
Pixel 901, 75, 1, 1, 4.80374e+19
--- pALPIDEfs_3 ---
Pixel 1014, 146, 1, 1, 4.80374e+19
Pixel 1014, 147, 1, 1, 4.80374e+19
--- pALPIDEfs_4 ---
Pixel 1004, 154, 1, 1, 4.80374e+19
Pixel 1005, 154, 1, 1, 4.80374e+19
=== 3857925 ===
--- pALPIDEfs_3 ---
Pixel 173, 83, 1, 1, 4.80374e+19
Pixel 173, 84, 1, 1, 4.80374e+19
Pixel 174, 83, 1, 1, 4.80374e+19
Pixel 174, 84, 1, 1, 4.80374e+19
=== 3861626 ===
--- pALPIDEfs_2 ---
Pixel 395, 83, 1, 1, 4.80374e+19
Pixel 395, 84, 1, 1, 4.80374e+19
Pixel 396, 83, 1, 1, 4.80374e+19
Pixel 396, 84, 1, 1, 4.80374e+19
Pixel 396, 85, 1, 1, 4.80374e+19
Pixel 397, 86, 1, 1, 4.80374e+19
Pixel 397, 87, 1, 1, 4.80374e+19
--- pALPIDEfs_5 ---
Pixel 486, 234, 1, 1, 4.80374e+19
=== 3874498 ===
--- pALPIDEfs_4 ---
Pixel 15, 13, 1, 1, 4.80374e+19
=== 3887740 ===
--- pALPIDEfs_3 ---
Pixel 629, 277, 1, 1, 4.80374e+19
Pixel 629, 278, 1, 1, 4.80374e+19
Pixel 630, 278, 1, 1, 4.80374e+19
Pixel 631, 278, 1, 1, 4.80374e+19
Pixel 631, 279, 1, 1, 4.80374e+19
Pixel 630, 279, 1, 1, 4.80374e+19
=== 3903217 ===
--- pALPIDEfs_4 ---
Pixel 21, 16, 1, 1, 4.80374e+19
=== 3907402 ===
--- pALPIDEfs_4 ---
Pixel 789, 451, 1, 1, 4.80374e+19
Pixel 788, 451, 1, 1, 4.80374e+19
--- pALPIDEfs_5 ---
Pixel 501, 420, 1, 1, 4.80374e+19
Pixel 502, 420, 1, 1, 4.80374e+19
--- pALPIDEfs_6 ---
Pixel 214, 316, 1, 1, 4.80374e+19
Pixel 215, 316, 1, 1, 4.80374e+19
=== 3926915 ===
--- pALPIDEfs_6 ---
Pixel 587, 331, 1, 1, 4.80374e+19
=== 3940890 ===
--- pALPIDEfs_1 ---
Pixel 248, 373, 1, 1, 4.80374e+19
Pixel 248, 374, 1, 1, 4.80374e+19
=== 3941243 ===
--- pALPIDEfs_0 ---
Pixel 355, 373, 1, 1, 4.80374e+19
Pixel 354, 373, 1, 1, 4.80374e+19
Pixel 354, 374, 1, 1, 4.80374e+19
Pixel 355, 374, 1, 1, 4.80374e+19
=== 3948296 ===
--- pALPIDEfs_1 ---
Pixel 842, 138, 1, 1, 4.80374e+19
=== 3962025 ===
--- pALPIDEfs_2 ---
Pixel 259, 481, 1, 1, 4.80374e+19
=== 3971487 ===
--- pALPIDEfs_3 ---
Pixel 105, 250, 1, 1, 4.80374e+19
Pixel 105, 251, 1, 1, 4.80374e+19
Pixel 107, 249, 1, 1, 4.80374e+19
Pixel 106, 250, 1, 1, 4.80374e+19
Pixel 107, 250, 1, 1, 4.80374e+19
Pixel 107, 251, 1, 1, 4.80374e+19
Pixel 106, 251, 1, 1, 4.80374e+19
Pixel 108, 250, 1, 1, 4.80374e+19
--- pALPIDEfs_4 ---
Pixel 273, 339, 1, 1, 4.80374e+19
Pixel 273, 340, 1, 1, 4.80374e+19
Pixel 273, 341, 1, 1, 4.80374e+19
Pixel 274, 340, 1, 1, 4.80374e+19
=== 3976654 ===
--- pALPIDEfs_0 ---
Pixel 548, 225, 1, 1, 4.80374e+19
=== 4006871 ===
--- pALPIDEfs_2 ---
Pixel 877, 93, 1, 1, 4.80374e+19
Pixel 878, 93, 1, 1, 4.80374e+19
=== 4020126 ===
--- pALPIDEfs_4 ---
Pixel 255, 267, 1, 1, 4.80374e+19
Pixel 255, 268, 1, 1, 4.80374e+19
Pixel 256, 267, 1, 1, 4.80374e+19
Pixel 256, 268, 1, 1, 4.80374e+19
=== 4047040 ===
--- pALPIDEfs_2 ---
Pixel 845, 309, 1, 1, 4.80374e+19
Pixel 845, 310, 1, 1, 4.80374e+19
Pixel 846, 309, 1, 1, 4.80374e+19
Pixel 846, 310, 1, 1, 4.80374e+19
=== 4049456 ===
--- pALPIDEfs_0 ---
Pixel 385, 303, 1, 1, 4.80374e+19
=== 4050237 ===
--- pALPIDEfs_3 ---
Pixel 829, 169, 1, 1, 4.80374e+19
Pixel 829, 170, 1, 1, 4.80374e+19
Pixel 830, 169, 1, 1, 4.80374e+19
Pixel 830, 170, 1, 1, 4.80374e+19
=== 4051303 ===
--- pALPIDEfs_4 ---
Pixel 704, 386, 1, 1, 4.80374e+19
Pixel 705, 386, 1, 1, 4.80374e+19
Pixel 705, 387, 1, 1, 4.80374e+19
=== 4052735 ===
--- pALPIDEfs_1 ---
Pixel 846, 433, 1, 1, 4.80374e+19
=== 4098915 ===
--- pALPIDEfs_0 ---
Pixel 531, 262, 1, 1, 4.80374e+19
--- pALPIDEfs_1 ---
Pixel 403, 52, 1, 1, 4.80374e+19
=== 4106309 ===
--- pALPIDEfs_3 ---
Pixel 741, 110, 1, 1, 4.80374e+19
Pixel 741, 111, 1, 1, 4.80374e+19
=== 4107816 ===
--- pALPIDEfs_4 ---
Pixel 933, 101, 1, 1, 4.80374e+19
Pixel 932, 101, 1, 1, 4.80374e+19
Pixel 932, 102, 1, 1, 4.80374e+19
Pixel 933, 102, 1, 1, 4.80374e+19
=== 4110598 ===
--- pALPIDEfs_0 ---
Pixel 938, 263, 1, 1, 4.80374e+19
Pixel 938, 264, 1, 1, 4.80374e+19
=== 4112786 ===
--- pALPIDEfs_0 ---
Pixel 255, 178, 1, 1, 4.80374e+19
Pixel 256, 178, 1, 1, 4.80374e+19
=== 4113911 ===
--- pALPIDEfs_0 ---
Pixel 555, 114, 1, 1, 4.80374e+19
Pixel 556, 114, 1, 1, 4.80374e+19
Pixel 556, 115, 1, 1, 4.80374e+19
--- pALPIDEfs_1 ---
Pixel 464, 508, 1, 1, 4.80374e+19
=== 4142143 ===
--- pALPIDEfs_0 ---
Pixel 469, 22, 1, 1, 4.80374e+19
Pixel 469, 23, 1, 1, 4.80374e+19
--- pALPIDEfs_1 ---
Pixel 376, 55, 1, 1, 4.80374e+19
=== 4145715 ===
--- pALPIDEfs_2 ---
Pixel 685, 402, 1, 1, 4.80374e+19
Pixel 686, 402, 1, 1, 4.80374e+19
=== 4157175 ===
--- pALPIDEfs_4 ---
Pixel 856, 113, 1, 1, 4.80374e+19
=== 4163355 ===
--- pALPIDEfs_1 ---
Pixel 379, 484, 1, 1, 4.80374e+19
=== 4183909 ===
--- pALPIDEfs_1 ---
Pixel 540, 28, 1, 1, 4.80374e+19
Pixel 541, 28, 1, 1, 4.80374e+19
Pixel 541, 29, 1, 1, 4.80374e+19
=== 4209173 ===
--- pALPIDEfs_3 ---
Pixel 269, 387, 1, 1, 4.80374e+19
Pixel 269, 388, 1, 1, 4.80374e+19
Pixel 269, 389, 1, 1, 4.80374e+19
Pixel 270, 387, 1, 1, 4.80374e+19
Pixel 270, 388, 1, 1, 4.80374e+19
Pixel 271, 388, 1, 1, 4.80374e+19
Pixel 271, 389, 1, 1, 4.80374e+19
Pixel 270, 389, 1, 1, 4.80374e+19
Pixel 271, 390, 1, 1, 4.80374e+19
Pixel 272, 389, 1, 1, 4.80374e+19
Pixel 272, 390, 1, 1, 4.80374e+19
Pixel 273, 391, 1, 1, 4.80374e+19
Pixel 272, 391, 1, 1, 4.80374e+19
Pixel 273, 392, 1, 1, 4.80374e+19
Pixel 273, 393, 1, 1, 4.80374e+19
Pixel 274, 392, 1, 1, 4.80374e+19
Pixel 274, 393, 1, 1, 4.80374e+19
=== 4228643 ===
--- pALPIDEfs_2 ---
Pixel 698, 76, 1, 1, 4.80374e+19
Pixel 699, 76, 1, 1, 4.80374e+19
Pixel 699, 77, 1, 1, 4.80374e+19
Pixel 698, 77, 1, 1, 4.80374e+19
--- pALPIDEfs_3 ---
Pixel 942, 238, 1, 1, 4.80374e+19
Pixel 943, 239, 1, 1, 4.80374e+19
Pixel 942, 239, 1, 1, 4.80374e+19
--- pALPIDEfs_4 ---
Pixel 719, 483, 1, 1, 4.80374e+19
Pixel 719, 484, 1, 1, 4.80374e+19
Pixel 720, 483, 1, 1, 4.80374e+19
Pixel 720, 484, 1, 1, 4.80374e+19
=== 4244940 ===
--- pALPIDEfs_4 ---
Pixel 308, 176, 1, 1, 4.80374e+19
Pixel 309, 176, 1, 1, 4.80374e+19
Pixel 309, 177, 1, 1, 4.80374e+19
Pixel 308, 177, 1, 1, 4.80374e+19
Pixel 310, 177, 1, 1, 4.80374e+19
=== 4258025 ===
--- pALPIDEfs_6 ---
Pixel 369, 243, 1, 1, 4.80374e+19
Pixel 368, 244, 1, 1, 4.80374e+19
Pixel 369, 244, 1, 1, 4.80374e+19
Pixel 369, 245, 1, 1, 4.80374e+19
Pixel 368, 245, 1, 1, 4.80374e+19
Pixel 369, 246, 1, 1, 4.80374e+19
Pixel 369, 247, 1, 1, 4.80374e+19
Pixel 371, 247, 1, 1, 4.80374e+19
Pixel 370, 247, 1, 1, 4.80374e+19
Pixel 371, 248, 1, 1, 4.80374e+19
=== 4273849 ===
--- pALPIDEfs_3 ---
Pixel 711, 403, 1, 1, 4.80374e+19
Pixel 712, 403, 1, 1, 4.80374e+19
Pixel 712, 404, 1, 1, 4.80374e+19
=== 4281571 ===
--- pALPIDEfs_4 ---
Pixel 657, 90, 1, 1, 4.80374e+19
Pixel 657, 91, 1, 1, 4.80374e+19
Pixel 657, 92, 1, 1, 4.80374e+19
Pixel 657, 93, 1, 1, 4.80374e+19
Pixel 658, 90, 1, 1, 4.80374e+19
Pixel 658, 91, 1, 1, 4.80374e+19
Pixel 658, 92, 1, 1, 4.80374e+19
Pixel 658, 93, 1, 1, 4.80374e+19
Pixel 658, 94, 1, 1, 4.80374e+19
Pixel 659, 94, 1, 1, 4.80374e+19
Pixel 659, 95, 1, 1, 4.80374e+19
Pixel 658, 95, 1, 1, 4.80374e+19
Pixel 658, 96, 1, 1, 4.80374e+19
Pixel 659, 96, 1, 1, 4.80374e+19
Pixel 659, 97, 1, 1, 4.80374e+19
Pixel 659, 98, 1, 1, 4.80374e+19
Pixel 660, 96, 1, 1, 4.80374e+19
Pixel 660, 97, 1, 1, 4.80374e+19
Pixel 660, 98, 1, 1, 4.80374e+19
=== 4294259 ===
--- pALPIDEfs_3 ---
Pixel 675, 127, 1, 1, 4.80374e+19
Pixel 675, 128, 1, 1, 4.80374e+19
Pixel 675, 129, 1, 1, 4.80374e+19
Pixel 676, 127, 1, 1, 4.80374e+19
Pixel 676, 128, 1, 1, 4.80374e+19
Pixel 677, 128, 1, 1, 4.80374e+19
Pixel 677, 129, 1, 1, 4.80374e+19
Pixel 676, 129, 1, 1, 4.80374e+19
Pixel 677, 130, 1, 1, 4.80374e+19
Pixel 678, 129, 1, 1, 4.80374e+19
Pixel 678, 130, 1, 1, 4.80374e+19
Pixel 679, 130, 1, 1, 4.80374e+19
=== 4321207 ===
--- pALPIDEfs_2 ---
Pixel 737, 295, 1, 1, 4.80374e+19
Pixel 736, 295, 1, 1, 4.80374e+19
Pixel 736, 296, 1, 1, 4.80374e+19
Pixel 737, 296, 1, 1, 4.80374e+19
=== 4345061 ===
--- pALPIDEfs_2 ---
Pixel 963, 218, 1, 1, 4.80374e+19
Pixel 965, 217, 1, 1, 4.80374e+19
Pixel 964, 217, 1, 1, 4.80374e+19
Pixel 964, 218, 1, 1, 4.80374e+19
Pixel 965, 218, 1, 1, 4.80374e+19
--- pALPIDEfs_3 ---
Pixel 385, 196, 1, 1, 4.80374e+19
Pixel 385, 197, 1, 1, 4.80374e+19
Pixel 386, 196, 1, 1, 4.80374e+19
Pixel 386, 197, 1, 1, 4.80374e+19
=== 4348099 ===
--- pALPIDEfs_3 ---
Pixel 569, 38, 1, 1, 4.80374e+19
Pixel 569, 39, 1, 1, 4.80374e+19
Pixel 568, 39, 1, 1, 4.80374e+19
Pixel 570, 39, 1, 1, 4.80374e+19
--- pALPIDEfs_4 ---
Pixel 788, 24, 1, 1, 4.80374e+19
=== 4349006 ===
--- pALPIDEfs_5 ---
Pixel 543, 233, 1, 1, 4.80374e+19
Pixel 542, 233, 1, 1, 4.80374e+19
Pixel 542, 234, 1, 1, 4.80374e+19
Pixel 543, 234, 1, 1, 4.80374e+19
Pixel 543, 235, 1, 1, 4.80374e+19
Pixel 544, 234, 1, 1, 4.80374e+19
Pixel 545, 235, 1, 1, 4.80374e+19
Pixel 544, 235, 1, 1, 4.80374e+19
=== 4366879 ===
--- pALPIDEfs_3 ---
Pixel 919, 169, 1, 1, 4.80374e+19
Pixel 919, 170, 1, 1, 4.80374e+19
Pixel 919, 171, 1, 1, 4.80374e+19
Pixel 920, 169, 1, 1, 4.80374e+19
Pixel 920, 170, 1, 1, 4.80374e+19
=== 4381636 ===
--- pALPIDEfs_3 ---
Pixel 57, 165, 1, 1, 4.80374e+19
Pixel 57, 166, 1, 1, 4.80374e+19
--- pALPIDEfs_4 ---
Pixel 465, 181, 1, 1, 4.80374e+19
Pixel 464, 181, 1, 1, 4.80374e+19
Pixel 464, 182, 1, 1, 4.80374e+19
Pixel 465, 182, 1, 1, 4.80374e+19
Pixel 465, 183, 1, 1, 4.80374e+19
--- pALPIDEfs_5 ---
Pixel 456, 506, 1, 1, 4.80374e+19
Pixel 457, 506, 1, 1, 4.80374e+19
Pixel 457, 507, 1, 1, 4.80374e+19
Pixel 456, 507, 1, 1, 4.80374e+19
=== 4398978 ===
--- pALPIDEfs_1 ---
Pixel 602, 405, 1, 1, 4.80374e+19
Pixel 602, 406, 1, 1, 4.80374e+19
=== 4406034 ===
--- pALPIDEfs_1 ---
Pixel 438, 260, 1, 1, 4.80374e+19
Pixel 439, 260, 1, 1, 4.80374e+19
Pixel 439, 261, 1, 1, 4.80374e+19
--- pALPIDEfs_2 ---
Pixel 661, 253, 1, 1, 4.80374e+19
Pixel 660, 253, 1, 1, 4.80374e+19
=== 4406157 ===
--- pALPIDEfs_5 ---
Pixel 694, 304, 1, 1, 4.80374e+19
Pixel 694, 305, 1, 1, 4.80374e+19
=== 4406659 ===
--- pALPIDEfs_3 ---
Pixel 737, 437, 1, 1, 4.80374e+19
Pixel 737, 438, 1, 1, 4.80374e+19
Pixel 738, 437, 1, 1, 4.80374e+19
Pixel 738, 438, 1, 1, 4.80374e+19
=== 4420813 ===
--- pALPIDEfs_6 ---
Pixel 1004, 430, 1, 1, 4.80374e+19
Pixel 1005, 431, 1, 1, 4.80374e+19
Pixel 1004, 431, 1, 1, 4.80374e+19
=== 4444979 ===
--- pALPIDEfs_5 ---
Pixel 39, 437, 1, 1, 4.80374e+19
Pixel 39, 438, 1, 1, 4.80374e+19
Pixel 40, 438, 1, 1, 4.80374e+19
=== 4447713 ===
--- pALPIDEfs_0 ---
Pixel 408, 220, 1, 1, 4.80374e+19
Pixel 409, 220, 1, 1, 4.80374e+19
=== 4450647 ===
--- pALPIDEfs_3 ---
Pixel 423, 511, 1, 1, 4.80374e+19
Pixel 424, 511, 1, 1, 4.80374e+19
=== 4460822 ===
--- pALPIDEfs_4 ---
Pixel 997, 108, 1, 1, 4.80374e+19
--- pALPIDEfs_5 ---
Pixel 561, 182, 1, 1, 4.80374e+19
Pixel 562, 182, 1, 1, 4.80374e+19
Pixel 562, 183, 1, 1, 4.80374e+19
--- pALPIDEfs_6 ---
Pixel 176, 202, 1, 1, 4.80374e+19
Pixel 177, 202, 1, 1, 4.80374e+19
Pixel 177, 203, 1, 1, 4.80374e+19
Pixel 176, 203, 1, 1, 4.80374e+19
=== 4466918 ===
--- pALPIDEfs_5 ---
Pixel 590, 67, 1, 1, 4.80374e+19
Pixel 595, 67, 1, 1, 4.80374e+19
Pixel 594, 67, 1, 1, 4.80374e+19
Pixel 595, 68, 1, 1, 4.80374e+19
Pixel 596, 67, 1, 1, 4.80374e+19
=== 4486424 ===
--- pALPIDEfs_1 ---
Pixel 908, 309, 1, 1, 4.80374e+19
=== 4501617 ===
--- pALPIDEfs_3 ---
Pixel 552, 100, 1, 1, 4.80374e+19
Pixel 553, 100, 1, 1, 4.80374e+19
Pixel 553, 101, 1, 1, 4.80374e+19
Pixel 554, 100, 1, 1, 4.80374e+19
Pixel 554, 101, 1, 1, 4.80374e+19
=== 4510539 ===
--- pALPIDEfs_2 ---
Pixel 89, 277, 1, 1, 4.80374e+19
Pixel 88, 278, 1, 1, 4.80374e+19
Pixel 89, 278, 1, 1, 4.80374e+19
=== 4511729 ===
--- pALPIDEfs_0 ---
Pixel 164, 483, 1, 1, 4.80374e+19
=== 4511730 ===
--- pALPIDEfs_0 ---
Pixel 164, 483, 1, 1, 4.80374e+19
=== 4553357 ===
--- pALPIDEfs_0 ---
Pixel 735, 506, 1, 1, 4.80374e+19
Pixel 735, 507, 1, 1, 4.80374e+19
Pixel 736, 506, 1, 1, 4.80374e+19
Pixel 736, 507, 1, 1, 4.80374e+19
=== 4556216 ===
--- pALPIDEfs_3 ---
Pixel 393, 403, 1, 1, 4.80374e+19
Pixel 392, 403, 1, 1, 4.80374e+19
=== 4566952 ===
--- pALPIDEfs_1 ---
Pixel 816, 470, 1, 1, 4.80374e+19
=== 4581401 ===
--- pALPIDEfs_1 ---
Pixel 225, 296, 1, 1, 4.80374e+19
Pixel 225, 297, 1, 1, 4.80374e+19
Pixel 226, 296, 1, 1, 4.80374e+19
Pixel 226, 297, 1, 1, 4.80374e+19
=== 4590654 ===
--- pALPIDEfs_0 ---
Pixel 734, 292, 1, 1, 4.80374e+19
Pixel 735, 292, 1, 1, 4.80374e+19
Pixel 735, 293, 1, 1, 4.80374e+19
Pixel 734, 293, 1, 1, 4.80374e+19
Pixel 735, 294, 1, 1, 4.80374e+19
Pixel 735, 295, 1, 1, 4.80374e+19
Pixel 736, 295, 1, 1, 4.80374e+19
=== 4591778 ===
--- pALPIDEfs_0 ---
Pixel 30, 236, 1, 1, 4.80374e+19
=== 4622451 ===
--- pALPIDEfs_0 ---
Pixel 581, 439, 1, 1, 4.80374e+19
Pixel 581, 440, 1, 1, 4.80374e+19
Pixel 583, 439, 1, 1, 4.80374e+19
Pixel 582, 439, 1, 1, 4.80374e+19
Pixel 582, 440, 1, 1, 4.80374e+19
Pixel 585, 439, 1, 1, 4.80374e+19
Pixel 584, 439, 1, 1, 4.80374e+19
Pixel 586, 438, 1, 1, 4.80374e+19
Pixel 586, 439, 1, 1, 4.80374e+19
=== 4636315 ===
--- pALPIDEfs_6 ---
Pixel 162, 407, 1, 1, 4.80374e+19
Pixel 162, 408, 1, 1, 4.80374e+19
Pixel 163, 408, 1, 1, 4.80374e+19
=== 4636950 ===
--- pALPIDEfs_3 ---
Pixel 600, 246, 1, 1, 4.80374e+19
Pixel 601, 246, 1, 1, 4.80374e+19
Pixel 601, 247, 1, 1, 4.80374e+19
Pixel 600, 247, 1, 1, 4.80374e+19
Pixel 600, 248, 1, 1, 4.80374e+19
Pixel 601, 248, 1, 1, 4.80374e+19
Pixel 601, 249, 1, 1, 4.80374e+19
Pixel 600, 249, 1, 1, 4.80374e+19
=== 4648096 ===
--- pALPIDEfs_3 ---
Pixel 112, 56, 1, 1, 4.80374e+19
Pixel 113, 56, 1, 1, 4.80374e+19
Pixel 113, 57, 1, 1, 4.80374e+19
Pixel 112, 57, 1, 1, 4.80374e+19
=== 4649479 ===
--- pALPIDEfs_4 ---
Pixel 621, 156, 1, 1, 4.80374e+19
--- pALPIDEfs_5 ---
Pixel 875, 405, 1, 1, 4.80374e+19
Pixel 875, 406, 1, 1, 4.80374e+19
=== 4651363 ===
--- pALPIDEfs_1 ---
Pixel 91, 6, 1, 1, 4.80374e+19
Pixel 92, 5, 1, 1, 4.80374e+19
Pixel 92, 6, 1, 1, 4.80374e+19
=== 4663240 ===
--- pALPIDEfs_2 ---
Pixel 101, 75, 1, 1, 4.80374e+19
Pixel 100, 76, 1, 1, 4.80374e+19
Pixel 101, 76, 1, 1, 4.80374e+19
Pixel 101, 77, 1, 1, 4.80374e+19
Pixel 102, 75, 1, 1, 4.80374e+19
Pixel 102, 76, 1, 1, 4.80374e+19
=== 4668280 ===
--- pALPIDEfs_6 ---
Pixel 327, 70, 1, 1, 4.80374e+19
Pixel 327, 71, 1, 1, 4.80374e+19
Pixel 328, 71, 1, 1, 4.80374e+19
=== 4685720 ===
--- pALPIDEfs_1 ---
Pixel 350, 11, 1, 1, 4.80374e+19
Pixel 350, 12, 1, 1, 4.80374e+19
=== 4687505 ===
--- pALPIDEfs_6 ---
Pixel 485, 385, 1, 1, 4.80374e+19
Pixel 485, 386, 1, 1, 4.80374e+19
Pixel 486, 386, 1, 1, 4.80374e+19
=== 4693234 ===
--- pALPIDEfs_3 ---
Pixel 1007, 283, 1, 1, 4.80374e+19
Pixel 1006, 283, 1, 1, 4.80374e+19
Pixel 1006, 284, 1, 1, 4.80374e+19
Pixel 1007, 284, 1, 1, 4.80374e+19
=== 4704029 ===
--- pALPIDEfs_5 ---
Pixel 276, 359, 1, 1, 4.80374e+19
Pixel 276, 360, 1, 1, 4.80374e+19
Pixel 277, 361, 1, 1, 4.80374e+19
Pixel 276, 361, 1, 1, 4.80374e+19
=== 4712809 ===
--- pALPIDEfs_6 ---
Pixel 149, 238, 1, 1, 4.80374e+19
Pixel 149, 239, 1, 1, 4.80374e+19
Pixel 150, 238, 1, 1, 4.80374e+19
Pixel 150, 239, 1, 1, 4.80374e+19
=== 4713239 ===
--- pALPIDEfs_6 ---
Pixel 664, 100, 1, 1, 4.80374e+19
Pixel 665, 100, 1, 1, 4.80374e+19
Pixel 665, 101, 1, 1, 4.80374e+19
Pixel 664, 101, 1, 1, 4.80374e+19
=== 4722578 ===
--- pALPIDEfs_1 ---
Pixel 251, 163, 1, 1, 4.80374e+19
Pixel 251, 164, 1, 1, 4.80374e+19
=== 4727729 ===
--- pALPIDEfs_4 ---
Pixel 881, 156, 1, 1, 4.80374e+19
Pixel 881, 157, 1, 1, 4.80374e+19
Pixel 882, 156, 1, 1, 4.80374e+19
Pixel 882, 157, 1, 1, 4.80374e+19
Pixel 882, 158, 1, 1, 4.80374e+19
=== 4727730 ===
--- pALPIDEfs_4 ---
Pixel 881, 156, 1, 1, 4.80374e+19
Pixel 881, 157, 1, 1, 4.80374e+19
Pixel 882, 156, 1, 1, 4.80374e+19
Pixel 882, 157, 1, 1, 4.80374e+19
Pixel 882, 158, 1, 1, 4.80374e+19
=== 4782691 ===
--- pALPIDEfs_2 ---
Pixel 80, 480, 1, 1, 4.80374e+19
Pixel 81, 481, 1, 1, 4.80374e+19
Pixel 80, 481, 1, 1, 4.80374e+19
Pixel 82, 481, 1, 1, 4.80374e+19
Pixel 82, 482, 1, 1, 4.80374e+19
Pixel 83, 482, 1, 1, 4.80374e+19
Pixel 84, 482, 1, 1, 4.80374e+19
Pixel 84, 483, 1, 1, 4.80374e+19
=== 4789526 ===
--- pALPIDEfs_0 ---
Pixel 1007, 224, 1, 1, 4.80374e+19
=== 4789639 ===
--- pALPIDEfs_2 ---
Pixel 379, 320, 1, 1, 4.80374e+19
Pixel 379, 321, 1, 1, 4.80374e+19
Pixel 378, 321, 1, 1, 4.80374e+19
Pixel 381, 318, 1, 1, 4.80374e+19
Pixel 381, 319, 1, 1, 4.80374e+19
Pixel 380, 319, 1, 1, 4.80374e+19
Pixel 380, 320, 1, 1, 4.80374e+19
Pixel 381, 320, 1, 1, 4.80374e+19
=== 4811734 ===
--- pALPIDEfs_2 ---
Pixel 296, 460, 1, 1, 4.80374e+19
Pixel 296, 461, 1, 1, 4.80374e+19
=== 4845312 ===
--- pALPIDEfs_0 ---
Pixel 450, 22, 1, 1, 4.80374e+19
Pixel 451, 22, 1, 1, 4.80374e+19
Pixel 451, 23, 1, 1, 4.80374e+19
Pixel 450, 23, 1, 1, 4.80374e+19
=== 4859298 ===
--- pALPIDEfs_6 ---
Pixel 518, 0, 1, 1, 4.80374e+19
Pixel 518, 1, 1, 1, 4.80374e+19
=== 4863378 ===
--- pALPIDEfs_6 ---
Pixel 988, 439, 1, 1, 4.80374e+19
=== 4891024 ===
--- pALPIDEfs_6 ---
Pixel 373, 188, 1, 1, 4.80374e+19
Pixel 373, 189, 1, 1, 4.80374e+19
=== 4898542 ===
--- pALPIDEfs_4 ---
Pixel 145, 391, 1, 1, 4.80374e+19
Pixel 145, 392, 1, 1, 4.80374e+19
Pixel 147, 390, 1, 1, 4.80374e+19
Pixel 147, 391, 1, 1, 4.80374e+19
Pixel 146, 391, 1, 1, 4.80374e+19
Pixel 146, 392, 1, 1, 4.80374e+19
=== 4904636 ===
--- pALPIDEfs_6 ---
Pixel 725, 124, 1, 1, 4.80374e+19
=== 4904637 ===
--- pALPIDEfs_6 ---
Pixel 725, 123, 1, 1, 4.80374e+19
Pixel 725, 124, 1, 1, 4.80374e+19
=== 4912016 ===
--- pALPIDEfs_5 ---
Pixel 713, 459, 1, 1, 4.80374e+19
Pixel 713, 460, 1, 1, 4.80374e+19
Pixel 714, 459, 1, 1, 4.80374e+19
Pixel 714, 460, 1, 1, 4.80374e+19
--- pALPIDEfs_6 ---
Pixel 77, 506, 1, 1, 4.80374e+19
Pixel 77, 507, 1, 1, 4.80374e+19
Pixel 78, 506, 1, 1, 4.80374e+19
Pixel 78, 507, 1, 1, 4.80374e+19
=== 4913129 ===
--- pALPIDEfs_1 ---
Pixel 136, 508, 1, 1, 4.80374e+19
Pixel 136, 509, 1, 1, 4.80374e+19
=== 4917630 ===
--- pALPIDEfs_2 ---
Pixel 46, 140, 1, 1, 4.80374e+19
Pixel 47, 140, 1, 1, 4.80374e+19
--- pALPIDEfs_3 ---
Pixel 197, 470, 1, 1, 4.80374e+19
Pixel 197, 471, 1, 1, 4.80374e+19
Pixel 198, 470, 1, 1, 4.80374e+19
Pixel 198, 471, 1, 1, 4.80374e+19
=== 4923758 ===
--- pALPIDEfs_4 ---
Pixel 273, 374, 1, 1, 4.80374e+19
Pixel 273, 375, 1, 1, 4.80374e+19
Pixel 274, 374, 1, 1, 4.80374e+19
Pixel 275, 374, 1, 1, 4.80374e+19
Pixel 275, 375, 1, 1, 4.80374e+19
Pixel 274, 375, 1, 1, 4.80374e+19
--- pALPIDEfs_5 ---
Pixel 467, 161, 1, 1, 4.80374e+19
Pixel 466, 161, 1, 1, 4.80374e+19
Pixel 466, 162, 1, 1, 4.80374e+19
Pixel 467, 162, 1, 1, 4.80374e+19
Pixel 467, 163, 1, 1, 4.80374e+19
Pixel 466, 163, 1, 1, 4.80374e+19
=== 4997475 ===
--- pALPIDEfs_6 ---
Pixel 670, 206, 1, 1, 4.80374e+19
Pixel 671, 206, 1, 1, 4.80374e+19
=== 5016751 ===
--- pALPIDEfs_6 ---
Pixel 127, 27, 1, 1, 4.80374e+19
Pixel 127, 28, 1, 1, 4.80374e+19
Pixel 128, 27, 1, 1, 4.80374e+19
