Run: Cosmics000380
=== 2 ===
--- pALPIDEfs_3 ---
Pixel 238, 320, 1, 1, 4.80374e+19
Pixel 238, 320, 1, 1, 4.80374e+19
=== 3 ===
--- pALPIDEfs_0 ---
Pixel 92, 0, 1, 1, 4.80374e+19
Pixel 93, 0, 1, 1, 4.80374e+19
Pixel 93, 1, 1, 1, 4.80374e+19
Pixel 92, 1, 1, 1, 4.80374e+19
Pixel 92, 2, 1, 1, 4.80374e+19
Pixel 93, 2, 1, 1, 4.80374e+19
Pixel 93, 3, 1, 1, 4.80374e+19
Pixel 92, 3, 1, 1, 4.80374e+19
Pixel 92, 4, 1, 1, 4.80374e+19
Pixel 93, 4, 1, 1, 4.80374e+19
Pixel 93, 5, 1, 1, 4.80374e+19
Pixel 92, 5, 1, 1, 4.80374e+19
Pixel 92, 6, 1, 1, 4.80374e+19
Pixel 93, 6, 1, 1, 4.80374e+19
Pixel 93, 7, 1, 1, 4.80374e+19
Pixel 92, 7, 1, 1, 4.80374e+19
Pixel 92, 8, 1, 1, 4.80374e+19
Pixel 93, 8, 1, 1, 4.80374e+19
Pixel 93, 9, 1, 1, 4.80374e+19
Pixel 92, 9, 1, 1, 4.80374e+19
Pixel 92, 10, 1, 1, 4.80374e+19
Pixel 93, 10, 1, 1, 4.80374e+19
Pixel 93, 11, 1, 1, 4.80374e+19
Pixel 92, 11, 1, 1, 4.80374e+19
Pixel 92, 12, 1, 1, 4.80374e+19
Pixel 93, 12, 1, 1, 4.80374e+19
Pixel 93, 13, 1, 1, 4.80374e+19
Pixel 92, 13, 1, 1, 4.80374e+19
Pixel 92, 14, 1, 1, 4.80374e+19
Pixel 93, 14, 1, 1, 4.80374e+19
Pixel 93, 15, 1, 1, 4.80374e+19
Pixel 92, 15, 1, 1, 4.80374e+19
Pixel 92, 16, 1, 1, 4.80374e+19
Pixel 93, 16, 1, 1, 4.80374e+19
Pixel 93, 17, 1, 1, 4.80374e+19
Pixel 92, 17, 1, 1, 4.80374e+19
Pixel 92, 18, 1, 1, 4.80374e+19
Pixel 93, 18, 1, 1, 4.80374e+19
Pixel 93, 19, 1, 1, 4.80374e+19
Pixel 92, 19, 1, 1, 4.80374e+19
Pixel 92, 20, 1, 1, 4.80374e+19
Pixel 93, 20, 1, 1, 4.80374e+19
Pixel 93, 21, 1, 1, 4.80374e+19
Pixel 92, 21, 1, 1, 4.80374e+19
Pixel 92, 22, 1, 1, 4.80374e+19
Pixel 93, 22, 1, 1, 4.80374e+19
Pixel 93, 23, 1, 1, 4.80374e+19
Pixel 92, 23, 1, 1, 4.80374e+19
Pixel 92, 24, 1, 1, 4.80374e+19
Pixel 93, 24, 1, 1, 4.80374e+19
Pixel 93, 25, 1, 1, 4.80374e+19
Pixel 92, 25, 1, 1, 4.80374e+19
Pixel 92, 26, 1, 1, 4.80374e+19
Pixel 93, 26, 1, 1, 4.80374e+19
Pixel 93, 27, 1, 1, 4.80374e+19
Pixel 92, 27, 1, 1, 4.80374e+19
Pixel 92, 28, 1, 1, 4.80374e+19
Pixel 93, 28, 1, 1, 4.80374e+19
Pixel 93, 29, 1, 1, 4.80374e+19
Pixel 92, 29, 1, 1, 4.80374e+19
Pixel 92, 30, 1, 1, 4.80374e+19
Pixel 93, 30, 1, 1, 4.80374e+19
Pixel 93, 31, 1, 1, 4.80374e+19
Pixel 92, 31, 1, 1, 4.80374e+19
Pixel 92, 32, 1, 1, 4.80374e+19
Pixel 93, 32, 1, 1, 4.80374e+19
Pixel 93, 33, 1, 1, 4.80374e+19
Pixel 92, 33, 1, 1, 4.80374e+19
Pixel 92, 34, 1, 1, 4.80374e+19
Pixel 93, 34, 1, 1, 4.80374e+19
Pixel 93, 35, 1, 1, 4.80374e+19
Pixel 92, 35, 1, 1, 4.80374e+19
Pixel 92, 36, 1, 1, 4.80374e+19
Pixel 93, 36, 1, 1, 4.80374e+19
Pixel 93, 37, 1, 1, 4.80374e+19
Pixel 92, 37, 1, 1, 4.80374e+19
Pixel 92, 38, 1, 1, 4.80374e+19
Pixel 93, 38, 1, 1, 4.80374e+19
Pixel 93, 39, 1, 1, 4.80374e+19
Pixel 92, 39, 1, 1, 4.80374e+19
Pixel 92, 40, 1, 1, 4.80374e+19
Pixel 93, 40, 1, 1, 4.80374e+19
Pixel 93, 41, 1, 1, 4.80374e+19
Pixel 92, 41, 1, 1, 4.80374e+19
Pixel 92, 42, 1, 1, 4.80374e+19
Pixel 93, 42, 1, 1, 4.80374e+19
Pixel 93, 43, 1, 1, 4.80374e+19
Pixel 92, 43, 1, 1, 4.80374e+19
Pixel 92, 44, 1, 1, 4.80374e+19
Pixel 93, 44, 1, 1, 4.80374e+19
Pixel 93, 45, 1, 1, 4.80374e+19
Pixel 92, 45, 1, 1, 4.80374e+19
Pixel 92, 46, 1, 1, 4.80374e+19
Pixel 93, 46, 1, 1, 4.80374e+19
Pixel 93, 47, 1, 1, 4.80374e+19
Pixel 92, 47, 1, 1, 4.80374e+19
Pixel 92, 48, 1, 1, 4.80374e+19
Pixel 93, 48, 1, 1, 4.80374e+19
Pixel 93, 49, 1, 1, 4.80374e+19
Pixel 92, 49, 1, 1, 4.80374e+19
Pixel 92, 50, 1, 1, 4.80374e+19
Pixel 93, 50, 1, 1, 4.80374e+19
Pixel 93, 51, 1, 1, 4.80374e+19
Pixel 92, 51, 1, 1, 4.80374e+19
Pixel 92, 52, 1, 1, 4.80374e+19
Pixel 93, 52, 1, 1, 4.80374e+19
Pixel 93, 53, 1, 1, 4.80374e+19
Pixel 92, 53, 1, 1, 4.80374e+19
Pixel 92, 54, 1, 1, 4.80374e+19
Pixel 93, 54, 1, 1, 4.80374e+19
Pixel 93, 55, 1, 1, 4.80374e+19
Pixel 92, 55, 1, 1, 4.80374e+19
Pixel 92, 56, 1, 1, 4.80374e+19
Pixel 93, 56, 1, 1, 4.80374e+19
Pixel 93, 57, 1, 1, 4.80374e+19
Pixel 92, 57, 1, 1, 4.80374e+19
Pixel 92, 58, 1, 1, 4.80374e+19
Pixel 93, 58, 1, 1, 4.80374e+19
Pixel 93, 59, 1, 1, 4.80374e+19
Pixel 92, 59, 1, 1, 4.80374e+19
Pixel 92, 60, 1, 1, 4.80374e+19
Pixel 93, 60, 1, 1, 4.80374e+19
Pixel 93, 61, 1, 1, 4.80374e+19
Pixel 92, 61, 1, 1, 4.80374e+19
Pixel 92, 62, 1, 1, 4.80374e+19
Pixel 93, 62, 1, 1, 4.80374e+19
Pixel 93, 63, 1, 1, 4.80374e+19
Pixel 92, 63, 1, 1, 4.80374e+19
Pixel 92, 64, 1, 1, 4.80374e+19
Pixel 93, 64, 1, 1, 4.80374e+19
Pixel 93, 65, 1, 1, 4.80374e+19
Pixel 92, 65, 1, 1, 4.80374e+19
Pixel 92, 66, 1, 1, 4.80374e+19
Pixel 93, 66, 1, 1, 4.80374e+19
Pixel 93, 67, 1, 1, 4.80374e+19
Pixel 92, 67, 1, 1, 4.80374e+19
Pixel 92, 68, 1, 1, 4.80374e+19
Pixel 93, 68, 1, 1, 4.80374e+19
Pixel 93, 69, 1, 1, 4.80374e+19
Pixel 92, 69, 1, 1, 4.80374e+19
Pixel 92, 70, 1, 1, 4.80374e+19
Pixel 93, 70, 1, 1, 4.80374e+19
Pixel 93, 71, 1, 1, 4.80374e+19
Pixel 92, 71, 1, 1, 4.80374e+19
Pixel 92, 72, 1, 1, 4.80374e+19
Pixel 93, 72, 1, 1, 4.80374e+19
Pixel 93, 73, 1, 1, 4.80374e+19
Pixel 92, 73, 1, 1, 4.80374e+19
Pixel 92, 74, 1, 1, 4.80374e+19
Pixel 93, 74, 1, 1, 4.80374e+19
Pixel 93, 75, 1, 1, 4.80374e+19
Pixel 92, 75, 1, 1, 4.80374e+19
Pixel 92, 76, 1, 1, 4.80374e+19
Pixel 93, 76, 1, 1, 4.80374e+19
Pixel 93, 77, 1, 1, 4.80374e+19
Pixel 92, 77, 1, 1, 4.80374e+19
Pixel 92, 78, 1, 1, 4.80374e+19
Pixel 93, 78, 1, 1, 4.80374e+19
Pixel 93, 79, 1, 1, 4.80374e+19
Pixel 92, 79, 1, 1, 4.80374e+19
Pixel 92, 80, 1, 1, 4.80374e+19
Pixel 93, 80, 1, 1, 4.80374e+19
Pixel 93, 81, 1, 1, 4.80374e+19
Pixel 92, 81, 1, 1, 4.80374e+19
Pixel 92, 82, 1, 1, 4.80374e+19
Pixel 93, 82, 1, 1, 4.80374e+19
Pixel 93, 83, 1, 1, 4.80374e+19
Pixel 92, 83, 1, 1, 4.80374e+19
Pixel 92, 84, 1, 1, 4.80374e+19
Pixel 93, 84, 1, 1, 4.80374e+19
Pixel 93, 85, 1, 1, 4.80374e+19
Pixel 92, 85, 1, 1, 4.80374e+19
Pixel 92, 86, 1, 1, 4.80374e+19
Pixel 93, 86, 1, 1, 4.80374e+19
Pixel 93, 87, 1, 1, 4.80374e+19
Pixel 92, 87, 1, 1, 4.80374e+19
Pixel 92, 88, 1, 1, 4.80374e+19
Pixel 93, 88, 1, 1, 4.80374e+19
Pixel 93, 89, 1, 1, 4.80374e+19
Pixel 92, 89, 1, 1, 4.80374e+19
Pixel 92, 90, 1, 1, 4.80374e+19
Pixel 93, 90, 1, 1, 4.80374e+19
Pixel 93, 91, 1, 1, 4.80374e+19
Pixel 92, 91, 1, 1, 4.80374e+19
Pixel 92, 92, 1, 1, 4.80374e+19
Pixel 93, 92, 1, 1, 4.80374e+19
Pixel 93, 93, 1, 1, 4.80374e+19
Pixel 92, 93, 1, 1, 4.80374e+19
Pixel 92, 94, 1, 1, 4.80374e+19
Pixel 93, 94, 1, 1, 4.80374e+19
Pixel 93, 95, 1, 1, 4.80374e+19
Pixel 92, 95, 1, 1, 4.80374e+19
Pixel 92, 96, 1, 1, 4.80374e+19
Pixel 93, 96, 1, 1, 4.80374e+19
Pixel 93, 97, 1, 1, 4.80374e+19
Pixel 92, 97, 1, 1, 4.80374e+19
Pixel 92, 98, 1, 1, 4.80374e+19
Pixel 93, 98, 1, 1, 4.80374e+19
Pixel 93, 99, 1, 1, 4.80374e+19
Pixel 92, 99, 1, 1, 4.80374e+19
Pixel 92, 100, 1, 1, 4.80374e+19
Pixel 93, 100, 1, 1, 4.80374e+19
Pixel 93, 101, 1, 1, 4.80374e+19
Pixel 92, 101, 1, 1, 4.80374e+19
Pixel 92, 102, 1, 1, 4.80374e+19
Pixel 93, 102, 1, 1, 4.80374e+19
Pixel 93, 103, 1, 1, 4.80374e+19
Pixel 92, 103, 1, 1, 4.80374e+19
Pixel 92, 104, 1, 1, 4.80374e+19
Pixel 93, 104, 1, 1, 4.80374e+19
Pixel 93, 105, 1, 1, 4.80374e+19
Pixel 92, 105, 1, 1, 4.80374e+19
Pixel 92, 106, 1, 1, 4.80374e+19
Pixel 93, 106, 1, 1, 4.80374e+19
Pixel 93, 107, 1, 1, 4.80374e+19
Pixel 92, 107, 1, 1, 4.80374e+19
Pixel 92, 108, 1, 1, 4.80374e+19
Pixel 93, 108, 1, 1, 4.80374e+19
Pixel 93, 109, 1, 1, 4.80374e+19
Pixel 92, 109, 1, 1, 4.80374e+19
Pixel 92, 110, 1, 1, 4.80374e+19
Pixel 93, 110, 1, 1, 4.80374e+19
Pixel 93, 111, 1, 1, 4.80374e+19
Pixel 92, 111, 1, 1, 4.80374e+19
Pixel 92, 112, 1, 1, 4.80374e+19
Pixel 93, 112, 1, 1, 4.80374e+19
Pixel 93, 113, 1, 1, 4.80374e+19
Pixel 92, 113, 1, 1, 4.80374e+19
Pixel 92, 114, 1, 1, 4.80374e+19
Pixel 93, 114, 1, 1, 4.80374e+19
Pixel 93, 115, 1, 1, 4.80374e+19
Pixel 92, 115, 1, 1, 4.80374e+19
Pixel 92, 116, 1, 1, 4.80374e+19
Pixel 93, 116, 1, 1, 4.80374e+19
Pixel 93, 117, 1, 1, 4.80374e+19
Pixel 92, 117, 1, 1, 4.80374e+19
Pixel 92, 118, 1, 1, 4.80374e+19
Pixel 93, 118, 1, 1, 4.80374e+19
Pixel 93, 119, 1, 1, 4.80374e+19
Pixel 92, 119, 1, 1, 4.80374e+19
Pixel 92, 120, 1, 1, 4.80374e+19
Pixel 93, 120, 1, 1, 4.80374e+19
Pixel 93, 121, 1, 1, 4.80374e+19
Pixel 92, 121, 1, 1, 4.80374e+19
Pixel 92, 122, 1, 1, 4.80374e+19
Pixel 93, 122, 1, 1, 4.80374e+19
Pixel 93, 123, 1, 1, 4.80374e+19
Pixel 92, 123, 1, 1, 4.80374e+19
Pixel 92, 124, 1, 1, 4.80374e+19
Pixel 93, 124, 1, 1, 4.80374e+19
Pixel 93, 125, 1, 1, 4.80374e+19
Pixel 92, 125, 1, 1, 4.80374e+19
Pixel 92, 126, 1, 1, 4.80374e+19
Pixel 93, 126, 1, 1, 4.80374e+19
Pixel 93, 127, 1, 1, 4.80374e+19
Pixel 92, 127, 1, 1, 4.80374e+19
Pixel 92, 128, 1, 1, 4.80374e+19
Pixel 93, 128, 1, 1, 4.80374e+19
Pixel 93, 129, 1, 1, 4.80374e+19
Pixel 92, 129, 1, 1, 4.80374e+19
Pixel 92, 130, 1, 1, 4.80374e+19
Pixel 93, 130, 1, 1, 4.80374e+19
Pixel 93, 131, 1, 1, 4.80374e+19
Pixel 92, 131, 1, 1, 4.80374e+19
Pixel 92, 132, 1, 1, 4.80374e+19
Pixel 93, 132, 1, 1, 4.80374e+19
Pixel 93, 133, 1, 1, 4.80374e+19
Pixel 92, 133, 1, 1, 4.80374e+19
Pixel 92, 134, 1, 1, 4.80374e+19
Pixel 93, 134, 1, 1, 4.80374e+19
Pixel 93, 135, 1, 1, 4.80374e+19
Pixel 92, 135, 1, 1, 4.80374e+19
Pixel 92, 136, 1, 1, 4.80374e+19
Pixel 93, 136, 1, 1, 4.80374e+19
Pixel 93, 137, 1, 1, 4.80374e+19
Pixel 92, 137, 1, 1, 4.80374e+19
Pixel 92, 138, 1, 1, 4.80374e+19
Pixel 93, 138, 1, 1, 4.80374e+19
Pixel 93, 139, 1, 1, 4.80374e+19
Pixel 92, 139, 1, 1, 4.80374e+19
Pixel 92, 140, 1, 1, 4.80374e+19
Pixel 93, 140, 1, 1, 4.80374e+19
Pixel 93, 141, 1, 1, 4.80374e+19
Pixel 92, 141, 1, 1, 4.80374e+19
Pixel 92, 142, 1, 1, 4.80374e+19
Pixel 93, 142, 1, 1, 4.80374e+19
Pixel 93, 143, 1, 1, 4.80374e+19
Pixel 92, 143, 1, 1, 4.80374e+19
Pixel 92, 144, 1, 1, 4.80374e+19
Pixel 93, 144, 1, 1, 4.80374e+19
Pixel 93, 145, 1, 1, 4.80374e+19
Pixel 92, 145, 1, 1, 4.80374e+19
Pixel 92, 146, 1, 1, 4.80374e+19
Pixel 93, 146, 1, 1, 4.80374e+19
Pixel 93, 147, 1, 1, 4.80374e+19
Pixel 92, 147, 1, 1, 4.80374e+19
Pixel 92, 148, 1, 1, 4.80374e+19
Pixel 93, 148, 1, 1, 4.80374e+19
Pixel 93, 149, 1, 1, 4.80374e+19
Pixel 92, 149, 1, 1, 4.80374e+19
Pixel 92, 150, 1, 1, 4.80374e+19
Pixel 93, 150, 1, 1, 4.80374e+19
Pixel 93, 151, 1, 1, 4.80374e+19
Pixel 92, 151, 1, 1, 4.80374e+19
Pixel 92, 152, 1, 1, 4.80374e+19
Pixel 93, 152, 1, 1, 4.80374e+19
Pixel 93, 153, 1, 1, 4.80374e+19
Pixel 92, 153, 1, 1, 4.80374e+19
Pixel 92, 154, 1, 1, 4.80374e+19
Pixel 93, 154, 1, 1, 4.80374e+19
Pixel 93, 155, 1, 1, 4.80374e+19
Pixel 92, 155, 1, 1, 4.80374e+19
Pixel 92, 156, 1, 1, 4.80374e+19
Pixel 93, 156, 1, 1, 4.80374e+19
Pixel 93, 157, 1, 1, 4.80374e+19
Pixel 92, 157, 1, 1, 4.80374e+19
Pixel 92, 158, 1, 1, 4.80374e+19
Pixel 93, 158, 1, 1, 4.80374e+19
Pixel 93, 159, 1, 1, 4.80374e+19
Pixel 92, 159, 1, 1, 4.80374e+19
Pixel 92, 160, 1, 1, 4.80374e+19
Pixel 93, 160, 1, 1, 4.80374e+19
Pixel 93, 161, 1, 1, 4.80374e+19
Pixel 92, 161, 1, 1, 4.80374e+19
Pixel 92, 162, 1, 1, 4.80374e+19
Pixel 93, 162, 1, 1, 4.80374e+19
Pixel 93, 163, 1, 1, 4.80374e+19
Pixel 92, 163, 1, 1, 4.80374e+19
Pixel 92, 164, 1, 1, 4.80374e+19
Pixel 93, 164, 1, 1, 4.80374e+19
Pixel 93, 165, 1, 1, 4.80374e+19
Pixel 92, 165, 1, 1, 4.80374e+19
Pixel 92, 166, 1, 1, 4.80374e+19
Pixel 93, 166, 1, 1, 4.80374e+19
Pixel 93, 167, 1, 1, 4.80374e+19
Pixel 92, 167, 1, 1, 4.80374e+19
Pixel 92, 168, 1, 1, 4.80374e+19
Pixel 93, 168, 1, 1, 4.80374e+19
Pixel 93, 169, 1, 1, 4.80374e+19
Pixel 92, 169, 1, 1, 4.80374e+19
Pixel 92, 170, 1, 1, 4.80374e+19
Pixel 93, 170, 1, 1, 4.80374e+19
Pixel 93, 171, 1, 1, 4.80374e+19
Pixel 92, 171, 1, 1, 4.80374e+19
Pixel 92, 172, 1, 1, 4.80374e+19
Pixel 93, 172, 1, 1, 4.80374e+19
Pixel 93, 173, 1, 1, 4.80374e+19
Pixel 92, 173, 1, 1, 4.80374e+19
Pixel 92, 174, 1, 1, 4.80374e+19
Pixel 93, 174, 1, 1, 4.80374e+19
Pixel 93, 175, 1, 1, 4.80374e+19
Pixel 92, 175, 1, 1, 4.80374e+19
Pixel 92, 176, 1, 1, 4.80374e+19
Pixel 93, 176, 1, 1, 4.80374e+19
Pixel 93, 177, 1, 1, 4.80374e+19
Pixel 92, 177, 1, 1, 4.80374e+19
Pixel 92, 178, 1, 1, 4.80374e+19
Pixel 93, 178, 1, 1, 4.80374e+19
Pixel 93, 179, 1, 1, 4.80374e+19
Pixel 92, 179, 1, 1, 4.80374e+19
Pixel 92, 180, 1, 1, 4.80374e+19
Pixel 93, 180, 1, 1, 4.80374e+19
Pixel 93, 181, 1, 1, 4.80374e+19
Pixel 92, 181, 1, 1, 4.80374e+19
Pixel 92, 182, 1, 1, 4.80374e+19
Pixel 93, 182, 1, 1, 4.80374e+19
Pixel 93, 183, 1, 1, 4.80374e+19
Pixel 92, 183, 1, 1, 4.80374e+19
Pixel 92, 184, 1, 1, 4.80374e+19
Pixel 93, 184, 1, 1, 4.80374e+19
Pixel 93, 185, 1, 1, 4.80374e+19
Pixel 92, 185, 1, 1, 4.80374e+19
Pixel 92, 186, 1, 1, 4.80374e+19
Pixel 93, 186, 1, 1, 4.80374e+19
Pixel 93, 187, 1, 1, 4.80374e+19
Pixel 92, 187, 1, 1, 4.80374e+19
Pixel 92, 188, 1, 1, 4.80374e+19
Pixel 93, 188, 1, 1, 4.80374e+19
Pixel 93, 189, 1, 1, 4.80374e+19
Pixel 92, 189, 1, 1, 4.80374e+19
Pixel 92, 190, 1, 1, 4.80374e+19
Pixel 93, 190, 1, 1, 4.80374e+19
Pixel 93, 191, 1, 1, 4.80374e+19
Pixel 92, 191, 1, 1, 4.80374e+19
Pixel 92, 192, 1, 1, 4.80374e+19
Pixel 93, 192, 1, 1, 4.80374e+19
Pixel 93, 193, 1, 1, 4.80374e+19
Pixel 92, 193, 1, 1, 4.80374e+19
Pixel 92, 194, 1, 1, 4.80374e+19
Pixel 93, 194, 1, 1, 4.80374e+19
Pixel 93, 195, 1, 1, 4.80374e+19
Pixel 92, 195, 1, 1, 4.80374e+19
Pixel 92, 196, 1, 1, 4.80374e+19
Pixel 93, 196, 1, 1, 4.80374e+19
Pixel 93, 197, 1, 1, 4.80374e+19
Pixel 92, 197, 1, 1, 4.80374e+19
Pixel 92, 198, 1, 1, 4.80374e+19
Pixel 93, 198, 1, 1, 4.80374e+19
Pixel 93, 199, 1, 1, 4.80374e+19
Pixel 92, 199, 1, 1, 4.80374e+19
Pixel 92, 200, 1, 1, 4.80374e+19
Pixel 93, 200, 1, 1, 4.80374e+19
Pixel 93, 201, 1, 1, 4.80374e+19
Pixel 92, 201, 1, 1, 4.80374e+19
Pixel 92, 202, 1, 1, 4.80374e+19
Pixel 93, 202, 1, 1, 4.80374e+19
Pixel 93, 203, 1, 1, 4.80374e+19
Pixel 92, 203, 1, 1, 4.80374e+19
Pixel 92, 204, 1, 1, 4.80374e+19
Pixel 93, 204, 1, 1, 4.80374e+19
Pixel 93, 205, 1, 1, 4.80374e+19
Pixel 92, 205, 1, 1, 4.80374e+19
Pixel 92, 206, 1, 1, 4.80374e+19
Pixel 93, 206, 1, 1, 4.80374e+19
Pixel 93, 207, 1, 1, 4.80374e+19
Pixel 92, 207, 1, 1, 4.80374e+19
Pixel 92, 208, 1, 1, 4.80374e+19
Pixel 93, 208, 1, 1, 4.80374e+19
Pixel 93, 209, 1, 1, 4.80374e+19
Pixel 92, 209, 1, 1, 4.80374e+19
Pixel 92, 210, 1, 1, 4.80374e+19
Pixel 93, 210, 1, 1, 4.80374e+19
Pixel 93, 211, 1, 1, 4.80374e+19
Pixel 92, 211, 1, 1, 4.80374e+19
Pixel 92, 212, 1, 1, 4.80374e+19
Pixel 93, 212, 1, 1, 4.80374e+19
Pixel 93, 213, 1, 1, 4.80374e+19
Pixel 92, 213, 1, 1, 4.80374e+19
Pixel 92, 214, 1, 1, 4.80374e+19
Pixel 93, 214, 1, 1, 4.80374e+19
Pixel 93, 215, 1, 1, 4.80374e+19
Pixel 92, 215, 1, 1, 4.80374e+19
Pixel 92, 216, 1, 1, 4.80374e+19
Pixel 93, 216, 1, 1, 4.80374e+19
Pixel 93, 217, 1, 1, 4.80374e+19
Pixel 92, 217, 1, 1, 4.80374e+19
Pixel 92, 218, 1, 1, 4.80374e+19
Pixel 93, 218, 1, 1, 4.80374e+19
Pixel 93, 219, 1, 1, 4.80374e+19
Pixel 92, 219, 1, 1, 4.80374e+19
Pixel 92, 220, 1, 1, 4.80374e+19
Pixel 93, 220, 1, 1, 4.80374e+19
Pixel 93, 221, 1, 1, 4.80374e+19
Pixel 92, 221, 1, 1, 4.80374e+19
Pixel 92, 222, 1, 1, 4.80374e+19
Pixel 93, 222, 1, 1, 4.80374e+19
Pixel 93, 223, 1, 1, 4.80374e+19
Pixel 92, 223, 1, 1, 4.80374e+19
Pixel 92, 224, 1, 1, 4.80374e+19
Pixel 93, 224, 1, 1, 4.80374e+19
Pixel 93, 225, 1, 1, 4.80374e+19
Pixel 92, 225, 1, 1, 4.80374e+19
Pixel 92, 226, 1, 1, 4.80374e+19
Pixel 93, 226, 1, 1, 4.80374e+19
Pixel 93, 227, 1, 1, 4.80374e+19
Pixel 92, 227, 1, 1, 4.80374e+19
Pixel 92, 228, 1, 1, 4.80374e+19
Pixel 93, 228, 1, 1, 4.80374e+19
Pixel 93, 229, 1, 1, 4.80374e+19
Pixel 92, 229, 1, 1, 4.80374e+19
Pixel 92, 230, 1, 1, 4.80374e+19
Pixel 93, 230, 1, 1, 4.80374e+19
Pixel 93, 231, 1, 1, 4.80374e+19
Pixel 92, 231, 1, 1, 4.80374e+19
Pixel 92, 232, 1, 1, 4.80374e+19
Pixel 93, 232, 1, 1, 4.80374e+19
Pixel 93, 233, 1, 1, 4.80374e+19
Pixel 92, 233, 1, 1, 4.80374e+19
Pixel 92, 234, 1, 1, 4.80374e+19
Pixel 93, 234, 1, 1, 4.80374e+19
Pixel 93, 235, 1, 1, 4.80374e+19
Pixel 92, 235, 1, 1, 4.80374e+19
Pixel 92, 236, 1, 1, 4.80374e+19
Pixel 93, 236, 1, 1, 4.80374e+19
Pixel 93, 237, 1, 1, 4.80374e+19
Pixel 92, 237, 1, 1, 4.80374e+19
Pixel 92, 238, 1, 1, 4.80374e+19
Pixel 93, 238, 1, 1, 4.80374e+19
Pixel 93, 239, 1, 1, 4.80374e+19
Pixel 92, 239, 1, 1, 4.80374e+19
Pixel 92, 240, 1, 1, 4.80374e+19
Pixel 93, 240, 1, 1, 4.80374e+19
Pixel 93, 241, 1, 1, 4.80374e+19
Pixel 92, 241, 1, 1, 4.80374e+19
Pixel 92, 242, 1, 1, 4.80374e+19
Pixel 93, 242, 1, 1, 4.80374e+19
Pixel 93, 243, 1, 1, 4.80374e+19
Pixel 92, 243, 1, 1, 4.80374e+19
Pixel 92, 244, 1, 1, 4.80374e+19
Pixel 93, 244, 1, 1, 4.80374e+19
Pixel 93, 245, 1, 1, 4.80374e+19
Pixel 92, 245, 1, 1, 4.80374e+19
Pixel 92, 246, 1, 1, 4.80374e+19
Pixel 93, 246, 1, 1, 4.80374e+19
Pixel 93, 247, 1, 1, 4.80374e+19
Pixel 92, 247, 1, 1, 4.80374e+19
Pixel 92, 248, 1, 1, 4.80374e+19
Pixel 93, 248, 1, 1, 4.80374e+19
Pixel 93, 249, 1, 1, 4.80374e+19
Pixel 92, 249, 1, 1, 4.80374e+19
Pixel 92, 250, 1, 1, 4.80374e+19
Pixel 93, 250, 1, 1, 4.80374e+19
Pixel 93, 251, 1, 1, 4.80374e+19
Pixel 92, 251, 1, 1, 4.80374e+19
Pixel 92, 252, 1, 1, 4.80374e+19
Pixel 93, 252, 1, 1, 4.80374e+19
Pixel 93, 253, 1, 1, 4.80374e+19
Pixel 92, 253, 1, 1, 4.80374e+19
Pixel 92, 254, 1, 1, 4.80374e+19
Pixel 93, 254, 1, 1, 4.80374e+19
Pixel 93, 255, 1, 1, 4.80374e+19
Pixel 92, 255, 1, 1, 4.80374e+19
=== 39228 ===
--- pALPIDEfs_2 ---
Pixel 499, 278, 1, 1, 4.80374e+19
=== 52189 ===
--- pALPIDEfs_3 ---
Pixel 557, 180, 1, 1, 4.80374e+19
=== 59813 ===
--- pALPIDEfs_3 ---
Pixel 557, 180, 1, 1, 4.80374e+19
=== 71712 ===
--- pALPIDEfs_5 ---
Pixel 985, 6, 1, 1, 4.80374e+19
Pixel 986, 5, 1, 1, 4.80374e+19
Pixel 986, 6, 1, 1, 4.80374e+19
=== 94229 ===
--- pALPIDEfs_4 ---
Pixel 903, 10, 1, 1, 4.80374e+19
Pixel 903, 11, 1, 1, 4.80374e+19
=== 94873 ===
--- pALPIDEfs_0 ---
Pixel 287, 182, 1, 1, 4.80374e+19
Pixel 287, 183, 1, 1, 4.80374e+19
Pixel 288, 182, 1, 1, 4.80374e+19
Pixel 288, 183, 1, 1, 4.80374e+19
=== 95940 ===
--- pALPIDEfs_1 ---
Pixel 461, 122, 1, 1, 4.80374e+19
Pixel 461, 123, 1, 1, 4.80374e+19
Pixel 462, 122, 1, 1, 4.80374e+19
=== 120099 ===
--- pALPIDEfs_6 ---
Pixel 1018, 414, 1, 1, 4.80374e+19
Pixel 1019, 414, 1, 1, 4.80374e+19
Pixel 1019, 415, 1, 1, 4.80374e+19
Pixel 1020, 414, 1, 1, 4.80374e+19
Pixel 1021, 415, 1, 1, 4.80374e+19
Pixel 1020, 415, 1, 1, 4.80374e+19
Pixel 1022, 416, 1, 1, 4.80374e+19
=== 120289 ===
--- pALPIDEfs_1 ---
Pixel 795, 391, 1, 1, 4.80374e+19
Pixel 794, 391, 1, 1, 4.80374e+19
Pixel 794, 392, 1, 1, 4.80374e+19
Pixel 795, 392, 1, 1, 4.80374e+19
=== 121458 ===
--- pALPIDEfs_3 ---
Pixel 557, 180, 1, 1, 4.80374e+19
=== 126910 ===
--- pALPIDEfs_3 ---
Pixel 557, 180, 1, 1, 4.80374e+19
=== 136316 ===
--- pALPIDEfs_0 ---
Pixel 532, 158, 1, 1, 4.80374e+19
Pixel 532, 159, 1, 1, 4.80374e+19
--- pALPIDEfs_1 ---
Pixel 296, 128, 1, 1, 4.80374e+19
Pixel 297, 128, 1, 1, 4.80374e+19
=== 149717 ===
--- pALPIDEfs_0 ---
Pixel 394, 359, 1, 1, 4.80374e+19
Pixel 394, 360, 1, 1, 4.80374e+19
=== 153724 ===
--- pALPIDEfs_3 ---
Pixel 557, 180, 1, 1, 4.80374e+19
=== 173107 ===
--- pALPIDEfs_3 ---
Pixel 557, 180, 1, 1, 4.80374e+19
=== 176468 ===
--- pALPIDEfs_3 ---
Pixel 557, 180, 1, 1, 4.80374e+19
=== 187817 ===
--- pALPIDEfs_0 ---
Pixel 25, 46, 1, 1, 4.80374e+19
Pixel 25, 47, 1, 1, 4.80374e+19
Pixel 24, 47, 1, 1, 4.80374e+19
=== 190360 ===
--- pALPIDEfs_1 ---
Pixel 291, 180, 1, 1, 4.80374e+19
=== 190812 ===
--- pALPIDEfs_2 ---
Pixel 1013, 393, 1, 1, 4.80374e+19
Pixel 1013, 394, 1, 1, 4.80374e+19
Pixel 1014, 393, 1, 1, 4.80374e+19
=== 197181 ===
--- pALPIDEfs_0 ---
Pixel 672, 192, 1, 1, 4.80374e+19
=== 242256 ===
--- pALPIDEfs_6 ---
Pixel 69, 464, 1, 1, 4.80374e+19
=== 266753 ===
--- pALPIDEfs_3 ---
Pixel 557, 180, 1, 1, 4.80374e+19
=== 291073 ===
--- pALPIDEfs_6 ---
Pixel 651, 396, 1, 1, 4.80374e+19
Pixel 651, 397, 1, 1, 4.80374e+19
Pixel 652, 396, 1, 1, 4.80374e+19
Pixel 652, 397, 1, 1, 4.80374e+19
=== 299510 ===
--- pALPIDEfs_5 ---
Pixel 731, 49, 1, 1, 4.80374e+19
Pixel 731, 50, 1, 1, 4.80374e+19
Pixel 731, 51, 1, 1, 4.80374e+19
Pixel 732, 49, 1, 1, 4.80374e+19
Pixel 732, 50, 1, 1, 4.80374e+19
Pixel 733, 51, 1, 1, 4.80374e+19
Pixel 732, 51, 1, 1, 4.80374e+19
Pixel 732, 52, 1, 1, 4.80374e+19
=== 301939 ===
--- pALPIDEfs_0 ---
Pixel 990, 46, 1, 1, 4.80374e+19
Pixel 991, 46, 1, 1, 4.80374e+19
Pixel 991, 47, 1, 1, 4.80374e+19
Pixel 992, 46, 1, 1, 4.80374e+19
Pixel 993, 47, 1, 1, 4.80374e+19
Pixel 992, 47, 1, 1, 4.80374e+19
Pixel 994, 47, 1, 1, 4.80374e+19
=== 312317 ===
--- pALPIDEfs_0 ---
Pixel 383, 119, 1, 1, 4.80374e+19
=== 338612 ===
--- pALPIDEfs_3 ---
Pixel 413, 240, 1, 1, 4.80374e+19
=== 344150 ===
--- pALPIDEfs_2 ---
Pixel 675, 213, 1, 1, 4.80374e+19
Pixel 675, 214, 1, 1, 4.80374e+19
Pixel 675, 215, 1, 1, 4.80374e+19
Pixel 675, 216, 1, 1, 4.80374e+19
Pixel 676, 212, 1, 1, 4.80374e+19
Pixel 676, 213, 1, 1, 4.80374e+19
Pixel 676, 214, 1, 1, 4.80374e+19
Pixel 676, 215, 1, 1, 4.80374e+19
=== 376395 ===
--- pALPIDEfs_3 ---
Pixel 557, 180, 1, 1, 4.80374e+19
=== 409747 ===
--- pALPIDEfs_5 ---
Pixel 280, 138, 1, 1, 4.80374e+19
=== 413952 ===
--- pALPIDEfs_0 ---
Pixel 210, 105, 1, 1, 4.80374e+19
=== 427494 ===
--- pALPIDEfs_6 ---
Pixel 845, 309, 1, 1, 4.80374e+19
Pixel 846, 308, 1, 1, 4.80374e+19
Pixel 846, 309, 1, 1, 4.80374e+19
=== 446512 ===
--- pALPIDEfs_5 ---
Pixel 169, 175, 1, 1, 4.80374e+19
Pixel 168, 176, 1, 1, 4.80374e+19
Pixel 169, 176, 1, 1, 4.80374e+19
Pixel 168, 177, 1, 1, 4.80374e+19
=== 490965 ===
--- pALPIDEfs_1 ---
Pixel 870, 452, 1, 1, 4.80374e+19
Pixel 871, 452, 1, 1, 4.80374e+19
=== 506074 ===
--- pALPIDEfs_5 ---
Pixel 525, 387, 1, 1, 4.80374e+19
=== 527162 ===
--- pALPIDEfs_3 ---
Pixel 1014, 438, 1, 1, 4.80374e+19
Pixel 1015, 438, 1, 1, 4.80374e+19
Pixel 1015, 439, 1, 1, 4.80374e+19
Pixel 1015, 440, 1, 1, 4.80374e+19
Pixel 1015, 441, 1, 1, 4.80374e+19
Pixel 1016, 439, 1, 1, 4.80374e+19
Pixel 1016, 440, 1, 1, 4.80374e+19
Pixel 1016, 441, 1, 1, 4.80374e+19
=== 549051 ===
--- pALPIDEfs_6 ---
Pixel 237, 325, 1, 1, 4.80374e+19
Pixel 236, 325, 1, 1, 4.80374e+19
Pixel 236, 326, 1, 1, 4.80374e+19
Pixel 237, 326, 1, 1, 4.80374e+19
Pixel 237, 327, 1, 1, 4.80374e+19
Pixel 236, 327, 1, 1, 4.80374e+19
=== 553147 ===
--- pALPIDEfs_0 ---
Pixel 448, 213, 1, 1, 4.80374e+19
Pixel 448, 214, 1, 1, 4.80374e+19
=== 581321 ===
--- pALPIDEfs_4 ---
Pixel 81, 209, 1, 1, 4.80374e+19
=== 597384 ===
--- pALPIDEfs_3 ---
Pixel 557, 180, 1, 1, 4.80374e+19
=== 617721 ===
--- pALPIDEfs_3 ---
Pixel 75, 481, 1, 1, 4.80374e+19
Pixel 74, 481, 1, 1, 4.80374e+19
Pixel 74, 482, 1, 1, 4.80374e+19
=== 623977 ===
--- pALPIDEfs_4 ---
Pixel 726, 218, 1, 1, 4.80374e+19
Pixel 726, 219, 1, 1, 4.80374e+19
=== 627698 ===
--- pALPIDEfs_6 ---
Pixel 844, 5, 1, 1, 4.80374e+19
=== 628397 ===
--- pALPIDEfs_5 ---
Pixel 372, 120, 1, 1, 4.80374e+19
Pixel 373, 120, 1, 1, 4.80374e+19
Pixel 373, 121, 1, 1, 4.80374e+19
Pixel 372, 121, 1, 1, 4.80374e+19
=== 628908 ===
--- pALPIDEfs_4 ---
Pixel 397, 431, 1, 1, 4.80374e+19
Pixel 398, 431, 1, 1, 4.80374e+19
Pixel 398, 432, 1, 1, 4.80374e+19
Pixel 398, 434, 1, 1, 4.80374e+19
Pixel 398, 435, 1, 1, 4.80374e+19
Pixel 398, 436, 1, 1, 4.80374e+19
Pixel 398, 437, 1, 1, 4.80374e+19
--- pALPIDEfs_5 ---
Pixel 597, 451, 1, 1, 4.80374e+19
Pixel 597, 452, 1, 1, 4.80374e+19
=== 629983 ===
--- pALPIDEfs_3 ---
Pixel 395, 299, 1, 1, 4.80374e+19
=== 648269 ===
--- pALPIDEfs_5 ---
Pixel 398, 87, 1, 1, 4.80374e+19
Pixel 398, 88, 1, 1, 4.80374e+19
=== 653344 ===
--- pALPIDEfs_5 ---
Pixel 953, 375, 1, 1, 4.80374e+19
Pixel 952, 375, 1, 1, 4.80374e+19
Pixel 952, 376, 1, 1, 4.80374e+19
Pixel 953, 376, 1, 1, 4.80374e+19
Pixel 953, 377, 1, 1, 4.80374e+19
Pixel 953, 378, 1, 1, 4.80374e+19
Pixel 954, 378, 1, 1, 4.80374e+19
Pixel 955, 379, 1, 1, 4.80374e+19
Pixel 954, 379, 1, 1, 4.80374e+19
Pixel 954, 380, 1, 1, 4.80374e+19
Pixel 955, 380, 1, 1, 4.80374e+19
Pixel 956, 380, 1, 1, 4.80374e+19
Pixel 957, 380, 1, 1, 4.80374e+19
Pixel 957, 381, 1, 1, 4.80374e+19
=== 700017 ===
--- pALPIDEfs_3 ---
Pixel 557, 180, 1, 1, 4.80374e+19
=== 702345 ===
--- pALPIDEfs_1 ---
Pixel 984, 152, 1, 1, 4.80374e+19
Pixel 985, 152, 1, 1, 4.80374e+19
--- pALPIDEfs_2 ---
Pixel 916, 443, 1, 1, 4.80374e+19
Pixel 916, 444, 1, 1, 4.80374e+19
=== 714358 ===
--- pALPIDEfs_2 ---
Pixel 362, 227, 1, 1, 4.80374e+19
Pixel 362, 228, 1, 1, 4.80374e+19
Pixel 363, 228, 1, 1, 4.80374e+19
Pixel 363, 229, 1, 1, 4.80374e+19
Pixel 362, 229, 1, 1, 4.80374e+19
=== 724169 ===
--- pALPIDEfs_3 ---
Pixel 557, 180, 1, 1, 4.80374e+19
=== 725933 ===
--- pALPIDEfs_1 ---
Pixel 515, 115, 1, 1, 4.80374e+19
Pixel 516, 115, 1, 1, 4.80374e+19
=== 728309 ===
--- pALPIDEfs_0 ---
Pixel 227, 389, 1, 1, 4.80374e+19
Pixel 227, 390, 1, 1, 4.80374e+19
=== 730268 ===
--- pALPIDEfs_6 ---
Pixel 796, 112, 1, 1, 4.80374e+19
Pixel 796, 113, 1, 1, 4.80374e+19
=== 739437 ===
--- pALPIDEfs_1 ---
Pixel 491, 234, 1, 1, 4.80374e+19
Pixel 491, 235, 1, 1, 4.80374e+19
Pixel 492, 234, 1, 1, 4.80374e+19
Pixel 492, 235, 1, 1, 4.80374e+19
--- pALPIDEfs_2 ---
Pixel 306, 381, 1, 1, 4.80374e+19
--- pALPIDEfs_3 ---
Pixel 103, 469, 1, 1, 4.80374e+19
=== 757325 ===
--- pALPIDEfs_1 ---
Pixel 263, 398, 1, 1, 4.80374e+19
Pixel 264, 398, 1, 1, 4.80374e+19
Pixel 264, 399, 1, 1, 4.80374e+19
=== 783950 ===
--- pALPIDEfs_6 ---
Pixel 823, 14, 1, 1, 4.80374e+19
Pixel 823, 15, 1, 1, 4.80374e+19
Pixel 824, 14, 1, 1, 4.80374e+19
Pixel 824, 15, 1, 1, 4.80374e+19
=== 787892 ===
--- pALPIDEfs_3 ---
Pixel 557, 180, 1, 1, 4.80374e+19
=== 812859 ===
--- pALPIDEfs_4 ---
Pixel 821, 177, 1, 1, 4.80374e+19
Pixel 821, 178, 1, 1, 4.80374e+19
Pixel 822, 177, 1, 1, 4.80374e+19
=== 831089 ===
--- pALPIDEfs_3 ---
Pixel 343, 352, 1, 1, 4.80374e+19
Pixel 343, 353, 1, 1, 4.80374e+19
=== 832330 ===
--- pALPIDEfs_3 ---
Pixel 557, 180, 1, 1, 4.80374e+19
=== 852577 ===
--- pALPIDEfs_4 ---
Pixel 929, 288, 1, 1, 4.80374e+19
=== 853903 ===
--- pALPIDEfs_2 ---
Pixel 246, 484, 1, 1, 4.80374e+19
Pixel 247, 484, 1, 1, 4.80374e+19
Pixel 247, 485, 1, 1, 4.80374e+19
=== 856839 ===
--- pALPIDEfs_3 ---
Pixel 141, 251, 1, 1, 4.80374e+19
Pixel 141, 252, 1, 1, 4.80374e+19
Pixel 142, 251, 1, 1, 4.80374e+19
Pixel 142, 252, 1, 1, 4.80374e+19
=== 857708 ===
--- pALPIDEfs_5 ---
Pixel 61, 424, 1, 1, 4.80374e+19
Pixel 62, 424, 1, 1, 4.80374e+19
=== 867484 ===
--- pALPIDEfs_3 ---
Pixel 557, 180, 1, 1, 4.80374e+19
=== 878036 ===
--- pALPIDEfs_1 ---
Pixel 946, 276, 1, 1, 4.80374e+19
Pixel 947, 276, 1, 1, 4.80374e+19
Pixel 947, 277, 1, 1, 4.80374e+19
Pixel 946, 277, 1, 1, 4.80374e+19
=== 885583 ===
--- pALPIDEfs_3 ---
Pixel 557, 180, 1, 1, 4.80374e+19
=== 901064 ===
--- pALPIDEfs_5 ---
Pixel 347, 258, 1, 1, 4.80374e+19
Pixel 348, 258, 1, 1, 4.80374e+19
Pixel 348, 259, 1, 1, 4.80374e+19
=== 912340 ===
--- pALPIDEfs_4 ---
Pixel 651, 309, 1, 1, 4.80374e+19
Pixel 651, 310, 1, 1, 4.80374e+19
=== 927019 ===
--- pALPIDEfs_3 ---
Pixel 420, 440, 1, 1, 4.80374e+19
--- pALPIDEfs_4 ---
Pixel 431, 137, 1, 1, 4.80374e+19
Pixel 430, 137, 1, 1, 4.80374e+19
=== 953884 ===
--- pALPIDEfs_2 ---
Pixel 494, 208, 1, 1, 4.80374e+19
Pixel 495, 209, 1, 1, 4.80374e+19
Pixel 494, 209, 1, 1, 4.80374e+19
Pixel 494, 210, 1, 1, 4.80374e+19
Pixel 495, 210, 1, 1, 4.80374e+19
Pixel 495, 211, 1, 1, 4.80374e+19
Pixel 494, 211, 1, 1, 4.80374e+19
Pixel 494, 212, 1, 1, 4.80374e+19
Pixel 495, 212, 1, 1, 4.80374e+19
Pixel 495, 213, 1, 1, 4.80374e+19
Pixel 494, 213, 1, 1, 4.80374e+19
Pixel 494, 214, 1, 1, 4.80374e+19
Pixel 495, 214, 1, 1, 4.80374e+19
Pixel 495, 215, 1, 1, 4.80374e+19
Pixel 495, 216, 1, 1, 4.80374e+19
Pixel 495, 217, 1, 1, 4.80374e+19
=== 955576 ===
--- pALPIDEfs_3 ---
Pixel 557, 180, 1, 1, 4.80374e+19
=== 966441 ===
--- pALPIDEfs_3 ---
Pixel 173, 158, 1, 1, 4.80374e+19
Pixel 174, 158, 1, 1, 4.80374e+19
Pixel 175, 158, 1, 1, 4.80374e+19
Pixel 175, 159, 1, 1, 4.80374e+19
Pixel 174, 159, 1, 1, 4.80374e+19
Pixel 176, 159, 1, 1, 4.80374e+19
Pixel 726, 418, 1, 1, 4.80374e+19
Pixel 726, 419, 1, 1, 4.80374e+19
=== 975343 ===
--- pALPIDEfs_5 ---
Pixel 89, 61, 1, 1, 4.80374e+19
Pixel 88, 61, 1, 1, 4.80374e+19
Pixel 88, 62, 1, 1, 4.80374e+19
=== 1019501 ===
--- pALPIDEfs_3 ---
Pixel 557, 180, 1, 1, 4.80374e+19
=== 1022865 ===
--- pALPIDEfs_1 ---
Pixel 606, 208, 1, 1, 4.80374e+19
Pixel 606, 209, 1, 1, 4.80374e+19
--- pALPIDEfs_2 ---
Pixel 118, 72, 1, 1, 4.80374e+19
Pixel 119, 72, 1, 1, 4.80374e+19
Pixel 119, 73, 1, 1, 4.80374e+19
Pixel 118, 73, 1, 1, 4.80374e+19
=== 1032980 ===
--- pALPIDEfs_1 ---
Pixel 781, 103, 1, 1, 4.80374e+19
Pixel 781, 104, 1, 1, 4.80374e+19
=== 1069524 ===
--- pALPIDEfs_3 ---
Pixel 557, 180, 1, 1, 4.80374e+19
=== 1073891 ===
--- pALPIDEfs_1 ---
Pixel 548, 352, 1, 1, 4.80374e+19
=== 1081396 ===
--- pALPIDEfs_0 ---
Pixel 635, 314, 1, 1, 4.80374e+19
=== 1106042 ===
--- pALPIDEfs_4 ---
Pixel 243, 12, 1, 1, 4.80374e+19
Pixel 244, 12, 1, 1, 4.80374e+19
Pixel 245, 13, 1, 1, 4.80374e+19
Pixel 244, 13, 1, 1, 4.80374e+19
Pixel 244, 14, 1, 1, 4.80374e+19
Pixel 245, 14, 1, 1, 4.80374e+19
Pixel 245, 15, 1, 1, 4.80374e+19
Pixel 245, 16, 1, 1, 4.80374e+19
Pixel 246, 14, 1, 1, 4.80374e+19
Pixel 246, 15, 1, 1, 4.80374e+19
Pixel 246, 16, 1, 1, 4.80374e+19
=== 1113519 ===
--- pALPIDEfs_0 ---
Pixel 805, 427, 1, 1, 4.80374e+19
Pixel 805, 428, 1, 1, 4.80374e+19
Pixel 806, 427, 1, 1, 4.80374e+19
--- pALPIDEfs_1 ---
Pixel 413, 315, 1, 1, 4.80374e+19
Pixel 413, 316, 1, 1, 4.80374e+19
=== 1116533 ===
--- pALPIDEfs_6 ---
Pixel 80, 169, 1, 1, 4.80374e+19
=== 1118457 ===
--- pALPIDEfs_0 ---
Pixel 608, 182, 1, 1, 4.80374e+19
Pixel 609, 182, 1, 1, 4.80374e+19
=== 1124889 ===
--- pALPIDEfs_0 ---
Pixel 868, 176, 1, 1, 4.80374e+19
Pixel 869, 176, 1, 1, 4.80374e+19
=== 1127834 ===
--- pALPIDEfs_1 ---
Pixel 91, 100, 1, 1, 4.80374e+19
Pixel 91, 101, 1, 1, 4.80374e+19
Pixel 91, 102, 1, 1, 4.80374e+19
Pixel 92, 101, 1, 1, 4.80374e+19
Pixel 92, 102, 1, 1, 4.80374e+19
Pixel 92, 103, 1, 1, 4.80374e+19
Pixel 92, 104, 1, 1, 4.80374e+19
Pixel 93, 104, 1, 1, 4.80374e+19
Pixel 93, 105, 1, 1, 4.80374e+19
Pixel 92, 105, 1, 1, 4.80374e+19
Pixel 93, 106, 1, 1, 4.80374e+19
Pixel 93, 107, 1, 1, 4.80374e+19
Pixel 94, 107, 1, 1, 4.80374e+19
Pixel 94, 108, 1, 1, 4.80374e+19
=== 1136270 ===
--- pALPIDEfs_4 ---
Pixel 441, 35, 1, 1, 4.80374e+19
Pixel 440, 35, 1, 1, 4.80374e+19
Pixel 440, 36, 1, 1, 4.80374e+19
Pixel 441, 36, 1, 1, 4.80374e+19
--- pALPIDEfs_5 ---
Pixel 784, 308, 1, 1, 4.80374e+19
Pixel 785, 308, 1, 1, 4.80374e+19
Pixel 785, 309, 1, 1, 4.80374e+19
Pixel 784, 309, 1, 1, 4.80374e+19
Pixel 784, 310, 1, 1, 4.80374e+19
Pixel 785, 310, 1, 1, 4.80374e+19
Pixel 785, 311, 1, 1, 4.80374e+19
Pixel 784, 311, 1, 1, 4.80374e+19
=== 1136775 ===
--- pALPIDEfs_6 ---
Pixel 1021, 67, 1, 1, 4.80374e+19
Pixel 1021, 68, 1, 1, 4.80374e+19
Pixel 1022, 68, 1, 1, 4.80374e+19
=== 1149257 ===
--- pALPIDEfs_1 ---
Pixel 450, 341, 1, 1, 4.80374e+19
Pixel 450, 342, 1, 1, 4.80374e+19
Pixel 451, 342, 1, 1, 4.80374e+19
=== 1151966 ===
--- pALPIDEfs_3 ---
Pixel 557, 180, 1, 1, 4.80374e+19
=== 1160653 ===
--- pALPIDEfs_1 ---
Pixel 511, 311, 1, 1, 4.80374e+19
Pixel 511, 312, 1, 1, 4.80374e+19
Pixel 512, 312, 1, 1, 4.80374e+19
=== 1182300 ===
--- pALPIDEfs_5 ---
Pixel 870, 356, 1, 1, 4.80374e+19
Pixel 870, 357, 1, 1, 4.80374e+19
=== 1187630 ===
--- pALPIDEfs_5 ---
Pixel 76, 148, 1, 1, 4.80374e+19
Pixel 77, 148, 1, 1, 4.80374e+19
Pixel 77, 149, 1, 1, 4.80374e+19
Pixel 76, 149, 1, 1, 4.80374e+19
=== 1191177 ===
--- pALPIDEfs_5 ---
Pixel 695, 440, 1, 1, 4.80374e+19
Pixel 695, 441, 1, 1, 4.80374e+19
=== 1195266 ===
--- pALPIDEfs_3 ---
Pixel 646, 18, 1, 1, 4.80374e+19
Pixel 647, 18, 1, 1, 4.80374e+19
Pixel 647, 19, 1, 1, 4.80374e+19
Pixel 646, 19, 1, 1, 4.80374e+19
=== 1199017 ===
--- pALPIDEfs_3 ---
Pixel 800, 484, 1, 1, 4.80374e+19
Pixel 801, 485, 1, 1, 4.80374e+19
Pixel 800, 485, 1, 1, 4.80374e+19
=== 1222573 ===
--- pALPIDEfs_2 ---
Pixel 420, 503, 1, 1, 4.80374e+19
Pixel 420, 504, 1, 1, 4.80374e+19
=== 1225850 ===
--- pALPIDEfs_2 ---
Pixel 653, 309, 1, 1, 4.80374e+19
Pixel 654, 308, 1, 1, 4.80374e+19
Pixel 654, 309, 1, 1, 4.80374e+19
=== 1249407 ===
--- pALPIDEfs_6 ---
Pixel 136, 191, 1, 1, 4.80374e+19
=== 1257258 ===
--- pALPIDEfs_4 ---
Pixel 263, 127, 1, 1, 4.80374e+19
Pixel 262, 128, 1, 1, 4.80374e+19
Pixel 263, 128, 1, 1, 4.80374e+19
=== 1271673 ===
--- pALPIDEfs_1 ---
Pixel 243, 338, 1, 1, 4.80374e+19
Pixel 244, 338, 1, 1, 4.80374e+19
Pixel 245, 339, 1, 1, 4.80374e+19
Pixel 244, 339, 1, 1, 4.80374e+19
=== 1285710 ===
--- pALPIDEfs_4 ---
Pixel 417, 88, 1, 1, 4.80374e+19
Pixel 419, 87, 1, 1, 4.80374e+19
Pixel 418, 87, 1, 1, 4.80374e+19
Pixel 418, 88, 1, 1, 4.80374e+19
Pixel 419, 88, 1, 1, 4.80374e+19
Pixel 418, 89, 1, 1, 4.80374e+19
=== 1300861 ===
--- pALPIDEfs_4 ---
Pixel 405, 507, 1, 1, 4.80374e+19
=== 1321408 ===
--- pALPIDEfs_5 ---
Pixel 34, 399, 1, 1, 4.80374e+19
Pixel 34, 400, 1, 1, 4.80374e+19
=== 1340720 ===
--- pALPIDEfs_4 ---
Pixel 799, 219, 1, 1, 4.80374e+19
Pixel 798, 219, 1, 1, 4.80374e+19
Pixel 798, 220, 1, 1, 4.80374e+19
Pixel 799, 220, 1, 1, 4.80374e+19
=== 1353792 ===
--- pALPIDEfs_4 ---
Pixel 547, 7, 1, 1, 4.80374e+19
Pixel 547, 8, 1, 1, 4.80374e+19
Pixel 548, 7, 1, 1, 4.80374e+19
=== 1354623 ===
--- pALPIDEfs_6 ---
Pixel 301, 351, 1, 1, 4.80374e+19
Pixel 300, 352, 1, 1, 4.80374e+19
Pixel 301, 352, 1, 1, 4.80374e+19
=== 1358851 ===
--- pALPIDEfs_2 ---
Pixel 724, 367, 1, 1, 4.80374e+19
=== 1377068 ===
--- pALPIDEfs_0 ---
Pixel 883, 96, 1, 1, 4.80374e+19
Pixel 883, 97, 1, 1, 4.80374e+19
Pixel 883, 98, 1, 1, 4.80374e+19
Pixel 884, 98, 1, 1, 4.80374e+19
Pixel 885, 99, 1, 1, 4.80374e+19
Pixel 884, 99, 1, 1, 4.80374e+19
Pixel 884, 100, 1, 1, 4.80374e+19
Pixel 885, 100, 1, 1, 4.80374e+19
=== 1381780 ===
--- pALPIDEfs_4 ---
Pixel 234, 217, 1, 1, 4.80374e+19
Pixel 234, 218, 1, 1, 4.80374e+19
=== 1389820 ===
--- pALPIDEfs_3 ---
Pixel 13, 45, 1, 1, 4.80374e+19
Pixel 13, 46, 1, 1, 4.80374e+19
Pixel 13, 47, 1, 1, 4.80374e+19
Pixel 15, 45, 1, 1, 4.80374e+19
Pixel 14, 45, 1, 1, 4.80374e+19
Pixel 14, 46, 1, 1, 4.80374e+19
Pixel 15, 46, 1, 1, 4.80374e+19
Pixel 14, 47, 1, 1, 4.80374e+19
=== 1404088 ===
--- pALPIDEfs_2 ---
Pixel 173, 31, 1, 1, 4.80374e+19
Pixel 172, 31, 1, 1, 4.80374e+19
=== 1424330 ===
--- pALPIDEfs_6 ---
Pixel 41, 306, 1, 1, 4.80374e+19
Pixel 41, 307, 1, 1, 4.80374e+19
=== 1434016 ===
--- pALPIDEfs_0 ---
Pixel 832, 293, 1, 1, 4.80374e+19
Pixel 832, 294, 1, 1, 4.80374e+19
=== 1447743 ===
--- pALPIDEfs_3 ---
Pixel 557, 180, 1, 1, 4.80374e+19
=== 1447747 ===
--- pALPIDEfs_2 ---
Pixel 596, 8, 1, 1, 4.80374e+19
=== 1481688 ===
--- pALPIDEfs_3 ---
Pixel 209, 130, 1, 1, 4.80374e+19
Pixel 209, 131, 1, 1, 4.80374e+19
=== 1497049 ===
--- pALPIDEfs_3 ---
Pixel 557, 180, 1, 1, 4.80374e+19
=== 1502632 ===
--- pALPIDEfs_4 ---
Pixel 723, 42, 1, 1, 4.80374e+19
Pixel 724, 42, 1, 1, 4.80374e+19
=== 1508489 ===
--- pALPIDEfs_6 ---
Pixel 669, 499, 1, 1, 4.80374e+19
Pixel 670, 499, 1, 1, 4.80374e+19
=== 1514623 ===
--- pALPIDEfs_1 ---
Pixel 584, 468, 1, 1, 4.80374e+19
Pixel 584, 469, 1, 1, 4.80374e+19
--- pALPIDEfs_2 ---
Pixel 868, 114, 1, 1, 4.80374e+19
Pixel 869, 114, 1, 1, 4.80374e+19
=== 1524434 ===
--- pALPIDEfs_1 ---
Pixel 811, 209, 1, 1, 4.80374e+19
Pixel 811, 210, 1, 1, 4.80374e+19
Pixel 812, 210, 1, 1, 4.80374e+19
=== 1569027 ===
--- pALPIDEfs_3 ---
Pixel 557, 180, 1, 1, 4.80374e+19
=== 1576394 ===
--- pALPIDEfs_5 ---
Pixel 682, 144, 1, 1, 4.80374e+19
=== 1642521 ===
--- pALPIDEfs_1 ---
Pixel 889, 166, 1, 1, 4.80374e+19
Pixel 889, 167, 1, 1, 4.80374e+19
Pixel 890, 166, 1, 1, 4.80374e+19
Pixel 890, 167, 1, 1, 4.80374e+19
=== 1649255 ===
--- pALPIDEfs_0 ---
Pixel 48, 80, 1, 1, 4.80374e+19
Pixel 49, 80, 1, 1, 4.80374e+19
--- pALPIDEfs_1 ---
Pixel 235, 489, 1, 1, 4.80374e+19
=== 1649325 ===
--- pALPIDEfs_3 ---
Pixel 257, 214, 1, 1, 4.80374e+19
Pixel 257, 215, 1, 1, 4.80374e+19
Pixel 258, 214, 1, 1, 4.80374e+19
Pixel 258, 215, 1, 1, 4.80374e+19
=== 1696652 ===
--- pALPIDEfs_5 ---
Pixel 97, 224, 1, 1, 4.80374e+19
Pixel 97, 225, 1, 1, 4.80374e+19
Pixel 97, 226, 1, 1, 4.80374e+19
=== 1698184 ===
--- pALPIDEfs_0 ---
Pixel 765, 178, 1, 1, 4.80374e+19
Pixel 765, 179, 1, 1, 4.80374e+19
Pixel 765, 180, 1, 1, 4.80374e+19
=== 1708477 ===
--- pALPIDEfs_3 ---
Pixel 5, 326, 1, 1, 4.80374e+19
Pixel 5, 327, 1, 1, 4.80374e+19
Pixel 4, 328, 1, 1, 4.80374e+19
Pixel 5, 328, 1, 1, 4.80374e+19
=== 1711963 ===
--- pALPIDEfs_4 ---
Pixel 375, 135, 1, 1, 4.80374e+19
=== 1727217 ===
--- pALPIDEfs_1 ---
Pixel 773, 344, 1, 1, 4.80374e+19
Pixel 773, 345, 1, 1, 4.80374e+19
Pixel 774, 344, 1, 1, 4.80374e+19
Pixel 775, 345, 1, 1, 4.80374e+19
Pixel 774, 345, 1, 1, 4.80374e+19
Pixel 774, 346, 1, 1, 4.80374e+19
Pixel 775, 346, 1, 1, 4.80374e+19
Pixel 775, 347, 1, 1, 4.80374e+19
Pixel 774, 347, 1, 1, 4.80374e+19
Pixel 775, 348, 1, 1, 4.80374e+19
=== 1730977 ===
--- pALPIDEfs_6 ---
Pixel 249, 93, 1, 1, 4.80374e+19
Pixel 248, 93, 1, 1, 4.80374e+19
=== 1744744 ===
--- pALPIDEfs_3 ---
Pixel 365, 83, 1, 1, 4.80374e+19
Pixel 365, 84, 1, 1, 4.80374e+19
Pixel 366, 83, 1, 1, 4.80374e+19
Pixel 366, 84, 1, 1, 4.80374e+19
Pixel 366, 85, 1, 1, 4.80374e+19
=== 1757385 ===
--- pALPIDEfs_0 ---
Pixel 963, 105, 1, 1, 4.80374e+19
Pixel 962, 105, 1, 1, 4.80374e+19
=== 1771931 ===
--- pALPIDEfs_3 ---
Pixel 557, 180, 1, 1, 4.80374e+19
=== 1772898 ===
--- pALPIDEfs_3 ---
Pixel 557, 180, 1, 1, 4.80374e+19
=== 1792550 ===
--- pALPIDEfs_0 ---
Pixel 92, 375, 1, 1, 4.80374e+19
Pixel 92, 376, 1, 1, 4.80374e+19
=== 1797698 ===
--- pALPIDEfs_2 ---
Pixel 757, 468, 1, 1, 4.80374e+19
Pixel 757, 469, 1, 1, 4.80374e+19
Pixel 758, 468, 1, 1, 4.80374e+19
=== 1811861 ===
--- pALPIDEfs_6 ---
Pixel 264, 179, 1, 1, 4.80374e+19
=== 1830756 ===
--- pALPIDEfs_2 ---
Pixel 831, 247, 1, 1, 4.80374e+19
Pixel 831, 248, 1, 1, 4.80374e+19
Pixel 832, 247, 1, 1, 4.80374e+19
Pixel 832, 248, 1, 1, 4.80374e+19
=== 1831567 ===
--- pALPIDEfs_1 ---
Pixel 357, 201, 1, 1, 4.80374e+19
Pixel 358, 200, 1, 1, 4.80374e+19
Pixel 358, 201, 1, 1, 4.80374e+19
--- pALPIDEfs_2 ---
Pixel 542, 240, 1, 1, 4.80374e+19
Pixel 543, 240, 1, 1, 4.80374e+19
=== 1831773 ===
--- pALPIDEfs_5 ---
Pixel 697, 208, 1, 1, 4.80374e+19
Pixel 697, 209, 1, 1, 4.80374e+19
Pixel 698, 208, 1, 1, 4.80374e+19
Pixel 698, 209, 1, 1, 4.80374e+19
=== 1837572 ===
--- pALPIDEfs_6 ---
Pixel 908, 489, 1, 1, 4.80374e+19
Pixel 908, 490, 1, 1, 4.80374e+19
Pixel 908, 491, 1, 1, 4.80374e+19
=== 1841959 ===
--- pALPIDEfs_3 ---
Pixel 65, 375, 1, 1, 4.80374e+19
Pixel 65, 376, 1, 1, 4.80374e+19
Pixel 65, 377, 1, 1, 4.80374e+19
Pixel 65, 382, 1, 1, 4.80374e+19
Pixel 65, 383, 1, 1, 4.80374e+19
Pixel 65, 384, 1, 1, 4.80374e+19
Pixel 65, 385, 1, 1, 4.80374e+19
Pixel 64, 385, 1, 1, 4.80374e+19
Pixel 64, 386, 1, 1, 4.80374e+19
Pixel 65, 386, 1, 1, 4.80374e+19
Pixel 65, 387, 1, 1, 4.80374e+19
Pixel 64, 387, 1, 1, 4.80374e+19
Pixel 66, 376, 1, 1, 4.80374e+19
Pixel 66, 377, 1, 1, 4.80374e+19
Pixel 66, 380, 1, 1, 4.80374e+19
Pixel 66, 381, 1, 1, 4.80374e+19
Pixel 66, 382, 1, 1, 4.80374e+19
Pixel 66, 383, 1, 1, 4.80374e+19
=== 1850512 ===
--- pALPIDEfs_0 ---
Pixel 282, 257, 1, 1, 4.80374e+19
Pixel 282, 258, 1, 1, 4.80374e+19
=== 1886022 ===
--- pALPIDEfs_3 ---
Pixel 413, 240, 1, 1, 4.80374e+19
=== 1899279 ===
--- pALPIDEfs_0 ---
Pixel 365, 40, 1, 1, 4.80374e+19
Pixel 366, 39, 1, 1, 4.80374e+19
Pixel 366, 40, 1, 1, 4.80374e+19
Pixel 366, 41, 1, 1, 4.80374e+19
=== 1904653 ===
--- pALPIDEfs_2 ---
Pixel 865, 269, 1, 1, 4.80374e+19
Pixel 866, 269, 1, 1, 4.80374e+19
--- pALPIDEfs_3 ---
Pixel 280, 390, 1, 1, 4.80374e+19
Pixel 281, 390, 1, 1, 4.80374e+19
=== 1917187 ===
--- pALPIDEfs_4 ---
Pixel 453, 225, 1, 1, 4.80374e+19
Pixel 453, 226, 1, 1, 4.80374e+19
Pixel 454, 225, 1, 1, 4.80374e+19
Pixel 454, 226, 1, 1, 4.80374e+19
=== 1920678 ===
--- pALPIDEfs_1 ---
Pixel 738, 511, 1, 1, 4.80374e+19
=== 1930786 ===
--- pALPIDEfs_3 ---
Pixel 273, 12, 1, 1, 4.80374e+19
Pixel 274, 11, 1, 1, 4.80374e+19
Pixel 274, 12, 1, 1, 4.80374e+19
Pixel 274, 13, 1, 1, 4.80374e+19
=== 1947158 ===
--- pALPIDEfs_0 ---
Pixel 531, 456, 1, 1, 4.80374e+19
Pixel 532, 456, 1, 1, 4.80374e+19
--- pALPIDEfs_1 ---
Pixel 420, 107, 1, 1, 4.80374e+19
=== 1981028 ===
--- pALPIDEfs_2 ---
Pixel 113, 191, 1, 1, 4.80374e+19
Pixel 114, 190, 1, 1, 4.80374e+19
Pixel 115, 190, 1, 1, 4.80374e+19
Pixel 114, 191, 1, 1, 4.80374e+19
=== 1999276 ===
--- pALPIDEfs_3 ---
Pixel 753, 305, 1, 1, 4.80374e+19
Pixel 755, 305, 1, 1, 4.80374e+19
Pixel 754, 305, 1, 1, 4.80374e+19
=== 2025580 ===
--- pALPIDEfs_2 ---
Pixel 359, 141, 1, 1, 4.80374e+19
Pixel 359, 142, 1, 1, 4.80374e+19
=== 2033541 ===
--- pALPIDEfs_1 ---
Pixel 509, 373, 1, 1, 4.80374e+19
Pixel 508, 374, 1, 1, 4.80374e+19
Pixel 509, 374, 1, 1, 4.80374e+19
Pixel 511, 372, 1, 1, 4.80374e+19
Pixel 511, 373, 1, 1, 4.80374e+19
Pixel 510, 373, 1, 1, 4.80374e+19
Pixel 512, 372, 1, 1, 4.80374e+19
=== 2038279 ===
--- pALPIDEfs_1 ---
Pixel 151, 311, 1, 1, 4.80374e+19
Pixel 151, 312, 1, 1, 4.80374e+19
Pixel 152, 311, 1, 1, 4.80374e+19
Pixel 152, 312, 1, 1, 4.80374e+19
=== 2042560 ===
--- pALPIDEfs_4 ---
Pixel 571, 419, 1, 1, 4.80374e+19
Pixel 570, 419, 1, 1, 4.80374e+19
Pixel 570, 420, 1, 1, 4.80374e+19
Pixel 571, 420, 1, 1, 4.80374e+19
=== 2042581 ===
--- pALPIDEfs_6 ---
Pixel 375, 97, 1, 1, 4.80374e+19
Pixel 374, 97, 1, 1, 4.80374e+19
=== 2048496 ===
--- pALPIDEfs_1 ---
Pixel 729, 471, 1, 1, 4.80374e+19
=== 2049521 ===
--- pALPIDEfs_3 ---
Pixel 557, 180, 1, 1, 4.80374e+19
=== 2052393 ===
--- pALPIDEfs_3 ---
Pixel 395, 299, 1, 1, 4.80374e+19
=== 2058365 ===
--- pALPIDEfs_6 ---
Pixel 361, 328, 1, 1, 4.80374e+19
Pixel 362, 328, 1, 1, 4.80374e+19
=== 2066944 ===
--- pALPIDEfs_2 ---
Pixel 855, 347, 1, 1, 4.80374e+19
Pixel 854, 347, 1, 1, 4.80374e+19
=== 2075673 ===
--- pALPIDEfs_4 ---
Pixel 236, 74, 1, 1, 4.80374e+19
=== 2081355 ===
--- pALPIDEfs_3 ---
Pixel 901, 60, 1, 1, 4.80374e+19
Pixel 901, 61, 1, 1, 4.80374e+19
Pixel 900, 61, 1, 1, 4.80374e+19
=== 2100084 ===
--- pALPIDEfs_1 ---
Pixel 778, 386, 1, 1, 4.80374e+19
Pixel 779, 386, 1, 1, 4.80374e+19
Pixel 779, 387, 1, 1, 4.80374e+19
Pixel 778, 387, 1, 1, 4.80374e+19
=== 2108489 ===
--- pALPIDEfs_6 ---
Pixel 836, 58, 1, 1, 4.80374e+19
Pixel 837, 58, 1, 1, 4.80374e+19
Pixel 836, 59, 1, 1, 4.80374e+19
=== 2112486 ===
--- pALPIDEfs_6 ---
Pixel 421, 102, 1, 1, 4.80374e+19
Pixel 421, 103, 1, 1, 4.80374e+19
Pixel 422, 102, 1, 1, 4.80374e+19
Pixel 423, 103, 1, 1, 4.80374e+19
Pixel 422, 103, 1, 1, 4.80374e+19
Pixel 422, 104, 1, 1, 4.80374e+19
Pixel 423, 104, 1, 1, 4.80374e+19
=== 2120842 ===
--- pALPIDEfs_0 ---
Pixel 608, 454, 1, 1, 4.80374e+19
Pixel 609, 454, 1, 1, 4.80374e+19
=== 2133067 ===
--- pALPIDEfs_2 ---
Pixel 888, 281, 1, 1, 4.80374e+19
--- pALPIDEfs_3 ---
Pixel 927, 503, 1, 1, 4.80374e+19
Pixel 926, 504, 1, 1, 4.80374e+19
Pixel 927, 504, 1, 1, 4.80374e+19
=== 2145169 ===
--- pALPIDEfs_6 ---
Pixel 129, 220, 1, 1, 4.80374e+19
Pixel 130, 220, 1, 1, 4.80374e+19
=== 2169035 ===
--- pALPIDEfs_6 ---
Pixel 523, 397, 1, 1, 4.80374e+19
Pixel 523, 398, 1, 1, 4.80374e+19
Pixel 524, 397, 1, 1, 4.80374e+19
Pixel 524, 398, 1, 1, 4.80374e+19
=== 2170760 ===
--- pALPIDEfs_6 ---
Pixel 924, 35, 1, 1, 4.80374e+19
=== 2205079 ===
--- pALPIDEfs_2 ---
Pixel 807, 334, 1, 1, 4.80374e+19
Pixel 807, 335, 1, 1, 4.80374e+19
Pixel 806, 335, 1, 1, 4.80374e+19
=== 2205232 ===
--- pALPIDEfs_0 ---
Pixel 511, 415, 1, 1, 4.80374e+19
Pixel 511, 416, 1, 1, 4.80374e+19
Pixel 512, 415, 1, 1, 4.80374e+19
Pixel 512, 416, 1, 1, 4.80374e+19
Pixel 767, 35, 1, 1, 4.80374e+19
Pixel 767, 36, 1, 1, 4.80374e+19
Pixel 768, 35, 1, 1, 4.80374e+19
Pixel 768, 36, 1, 1, 4.80374e+19
=== 2213664 ===
--- pALPIDEfs_4 ---
Pixel 477, 221, 1, 1, 4.80374e+19
Pixel 478, 221, 1, 1, 4.80374e+19
Pixel 478, 222, 1, 1, 4.80374e+19
=== 2247771 ===
--- pALPIDEfs_3 ---
Pixel 164, 2, 1, 1, 4.80374e+19
Pixel 165, 3, 1, 1, 4.80374e+19
Pixel 164, 3, 1, 1, 4.80374e+19
--- pALPIDEfs_4 ---
Pixel 277, 47, 1, 1, 4.80374e+19
Pixel 277, 48, 1, 1, 4.80374e+19
Pixel 278, 47, 1, 1, 4.80374e+19
Pixel 278, 48, 1, 1, 4.80374e+19
--- pALPIDEfs_5 ---
Pixel 358, 139, 1, 1, 4.80374e+19
Pixel 358, 140, 1, 1, 4.80374e+19
--- pALPIDEfs_6 ---
Pixel 493, 176, 1, 1, 4.80374e+19
=== 2250847 ===
--- pALPIDEfs_0 ---
Pixel 302, 278, 1, 1, 4.80374e+19
=== 2255126 ===
--- pALPIDEfs_5 ---
Pixel 359, 202, 1, 1, 4.80374e+19
Pixel 359, 203, 1, 1, 4.80374e+19
=== 2257861 ===
--- pALPIDEfs_0 ---
Pixel 821, 236, 1, 1, 4.80374e+19
Pixel 821, 237, 1, 1, 4.80374e+19
Pixel 822, 237, 1, 1, 4.80374e+19
Pixel 822, 238, 1, 1, 4.80374e+19
=== 2265384 ===
--- pALPIDEfs_0 ---
Pixel 592, 463, 1, 1, 4.80374e+19
Pixel 592, 464, 1, 1, 4.80374e+19
--- pALPIDEfs_1 ---
Pixel 799, 149, 1, 1, 4.80374e+19
Pixel 798, 149, 1, 1, 4.80374e+19
=== 2270785 ===
--- pALPIDEfs_6 ---
Pixel 943, 338, 1, 1, 4.80374e+19
Pixel 943, 339, 1, 1, 4.80374e+19
Pixel 944, 338, 1, 1, 4.80374e+19
Pixel 945, 339, 1, 1, 4.80374e+19
Pixel 944, 339, 1, 1, 4.80374e+19
Pixel 945, 340, 1, 1, 4.80374e+19
=== 2275617 ===
--- pALPIDEfs_5 ---
Pixel 693, 149, 1, 1, 4.80374e+19
Pixel 692, 149, 1, 1, 4.80374e+19
Pixel 692, 150, 1, 1, 4.80374e+19
Pixel 693, 150, 1, 1, 4.80374e+19
Pixel 694, 149, 1, 1, 4.80374e+19
Pixel 694, 150, 1, 1, 4.80374e+19
=== 2282460 ===
--- pALPIDEfs_3 ---
Pixel 307, 181, 1, 1, 4.80374e+19
Pixel 308, 181, 1, 1, 4.80374e+19
Pixel 308, 182, 1, 1, 4.80374e+19
Pixel 309, 183, 1, 1, 4.80374e+19
Pixel 308, 183, 1, 1, 4.80374e+19
Pixel 309, 184, 1, 1, 4.80374e+19
=== 2302041 ===
--- pALPIDEfs_5 ---
Pixel 995, 150, 1, 1, 4.80374e+19
Pixel 995, 151, 1, 1, 4.80374e+19
Pixel 996, 151, 1, 1, 4.80374e+19
Pixel 996, 152, 1, 1, 4.80374e+19
=== 2307912 ===
--- pALPIDEfs_2 ---
Pixel 841, 495, 1, 1, 4.80374e+19
Pixel 840, 495, 1, 1, 4.80374e+19
Pixel 840, 496, 1, 1, 4.80374e+19
Pixel 841, 496, 1, 1, 4.80374e+19
Pixel 843, 495, 1, 1, 4.80374e+19
Pixel 842, 495, 1, 1, 4.80374e+19
Pixel 842, 496, 1, 1, 4.80374e+19
Pixel 843, 496, 1, 1, 4.80374e+19
=== 2312472 ===
--- pALPIDEfs_3 ---
Pixel 557, 180, 1, 1, 4.80374e+19
=== 2324528 ===
--- pALPIDEfs_6 ---
Pixel 103, 498, 1, 1, 4.80374e+19
Pixel 103, 499, 1, 1, 4.80374e+19
Pixel 104, 498, 1, 1, 4.80374e+19
Pixel 104, 499, 1, 1, 4.80374e+19
=== 2351411 ===
--- pALPIDEfs_0 ---
Pixel 673, 396, 1, 1, 4.80374e+19
=== 2357165 ===
--- pALPIDEfs_3 ---
Pixel 657, 171, 1, 1, 4.80374e+19
Pixel 657, 172, 1, 1, 4.80374e+19
Pixel 658, 171, 1, 1, 4.80374e+19
Pixel 658, 172, 1, 1, 4.80374e+19
=== 2366378 ===
--- pALPIDEfs_4 ---
Pixel 659, 97, 1, 1, 4.80374e+19
Pixel 660, 97, 1, 1, 4.80374e+19
Pixel 660, 98, 1, 1, 4.80374e+19
=== 2368637 ===
--- pALPIDEfs_3 ---
Pixel 240, 378, 1, 1, 4.80374e+19
Pixel 240, 379, 1, 1, 4.80374e+19
=== 2368960 ===
--- pALPIDEfs_0 ---
Pixel 1019, 159, 1, 1, 4.80374e+19
Pixel 1019, 160, 1, 1, 4.80374e+19
=== 2386015 ===
--- pALPIDEfs_5 ---
Pixel 803, 35, 1, 1, 4.80374e+19
Pixel 803, 36, 1, 1, 4.80374e+19
Pixel 804, 35, 1, 1, 4.80374e+19
Pixel 804, 36, 1, 1, 4.80374e+19
Pixel 804, 37, 1, 1, 4.80374e+19
=== 2390601 ===
--- pALPIDEfs_0 ---
Pixel 536, 286, 1, 1, 4.80374e+19
Pixel 537, 286, 1, 1, 4.80374e+19
Pixel 537, 287, 1, 1, 4.80374e+19
Pixel 536, 287, 1, 1, 4.80374e+19
Pixel 538, 287, 1, 1, 4.80374e+19
=== 2397097 ===
--- pALPIDEfs_0 ---
Pixel 395, 101, 1, 1, 4.80374e+19
Pixel 394, 101, 1, 1, 4.80374e+19
Pixel 394, 102, 1, 1, 4.80374e+19
Pixel 395, 102, 1, 1, 4.80374e+19
--- pALPIDEfs_1 ---
Pixel 766, 236, 1, 1, 4.80374e+19
Pixel 767, 236, 1, 1, 4.80374e+19
=== 2415425 ===
--- pALPIDEfs_3 ---
Pixel 71, 346, 1, 1, 4.80374e+19
=== 2442168 ===
--- pALPIDEfs_5 ---
Pixel 845, 42, 1, 1, 4.80374e+19
Pixel 845, 43, 1, 1, 4.80374e+19
Pixel 846, 42, 1, 1, 4.80374e+19
=== 2448677 ===
--- pALPIDEfs_6 ---
Pixel 631, 27, 1, 1, 4.80374e+19
Pixel 630, 27, 1, 1, 4.80374e+19
Pixel 630, 28, 1, 1, 4.80374e+19
Pixel 631, 28, 1, 1, 4.80374e+19
=== 2464399 ===
--- pALPIDEfs_4 ---
Pixel 82, 169, 1, 1, 4.80374e+19
--- pALPIDEfs_5 ---
Pixel 149, 97, 1, 1, 4.80374e+19
Pixel 149, 98, 1, 1, 4.80374e+19
Pixel 150, 97, 1, 1, 4.80374e+19
Pixel 649, 250, 1, 1, 4.80374e+19
Pixel 649, 251, 1, 1, 4.80374e+19
Pixel 649, 252, 1, 1, 4.80374e+19
Pixel 650, 250, 1, 1, 4.80374e+19
Pixel 650, 251, 1, 1, 4.80374e+19
--- pALPIDEfs_6 ---
Pixel 228, 107, 1, 1, 4.80374e+19
Pixel 228, 108, 1, 1, 4.80374e+19
Pixel 229, 108, 1, 1, 4.80374e+19
Pixel 229, 109, 1, 1, 4.80374e+19
Pixel 228, 109, 1, 1, 4.80374e+19
=== 2481161 ===
--- pALPIDEfs_3 ---
Pixel 557, 180, 1, 1, 4.80374e+19
=== 2484069 ===
--- pALPIDEfs_5 ---
Pixel 777, 177, 1, 1, 4.80374e+19
Pixel 776, 178, 1, 1, 4.80374e+19
Pixel 777, 178, 1, 1, 4.80374e+19
Pixel 777, 179, 1, 1, 4.80374e+19
Pixel 776, 179, 1, 1, 4.80374e+19
=== 2486358 ===
--- pALPIDEfs_5 ---
Pixel 61, 245, 1, 1, 4.80374e+19
Pixel 61, 246, 1, 1, 4.80374e+19
=== 2501682 ===
--- pALPIDEfs_5 ---
Pixel 601, 134, 1, 1, 4.80374e+19
Pixel 601, 135, 1, 1, 4.80374e+19
Pixel 600, 135, 1, 1, 4.80374e+19
Pixel 601, 136, 1, 1, 4.80374e+19
Pixel 603, 135, 1, 1, 4.80374e+19
Pixel 602, 135, 1, 1, 4.80374e+19
Pixel 602, 136, 1, 1, 4.80374e+19
Pixel 603, 136, 1, 1, 4.80374e+19
Pixel 605, 135, 1, 1, 4.80374e+19
Pixel 604, 135, 1, 1, 4.80374e+19
Pixel 604, 136, 1, 1, 4.80374e+19
Pixel 605, 136, 1, 1, 4.80374e+19
--- pALPIDEfs_6 ---
Pixel 109, 231, 1, 1, 4.80374e+19
Pixel 108, 231, 1, 1, 4.80374e+19
Pixel 108, 232, 1, 1, 4.80374e+19
Pixel 109, 232, 1, 1, 4.80374e+19
Pixel 111, 231, 1, 1, 4.80374e+19
Pixel 110, 231, 1, 1, 4.80374e+19
Pixel 110, 232, 1, 1, 4.80374e+19
Pixel 111, 232, 1, 1, 4.80374e+19
Pixel 112, 231, 1, 1, 4.80374e+19
=== 2509743 ===
--- pALPIDEfs_2 ---
Pixel 683, 25, 1, 1, 4.80374e+19
=== 2521349 ===
--- pALPIDEfs_4 ---
Pixel 49, 226, 1, 1, 4.80374e+19
=== 2523563 ===
--- pALPIDEfs_0 ---
Pixel 613, 399, 1, 1, 4.80374e+19
=== 2538098 ===
--- pALPIDEfs_0 ---
Pixel 73, 103, 1, 1, 4.80374e+19
Pixel 73, 104, 1, 1, 4.80374e+19
Pixel 75, 103, 1, 1, 4.80374e+19
Pixel 74, 103, 1, 1, 4.80374e+19
Pixel 74, 104, 1, 1, 4.80374e+19
Pixel 75, 104, 1, 1, 4.80374e+19
Pixel 75, 105, 1, 1, 4.80374e+19
Pixel 76, 104, 1, 1, 4.80374e+19
Pixel 76, 105, 1, 1, 4.80374e+19
Pixel 355, 438, 1, 1, 4.80374e+19
Pixel 827, 1, 1, 1, 4.80374e+19
--- pALPIDEfs_1 ---
Pixel 215, 47, 1, 1, 4.80374e+19
Pixel 214, 47, 1, 1, 4.80374e+19
=== 2539967 ===
--- pALPIDEfs_1 ---
Pixel 374, 452, 1, 1, 4.80374e+19
Pixel 375, 452, 1, 1, 4.80374e+19
=== 2553650 ===
--- pALPIDEfs_6 ---
Pixel 509, 490, 1, 1, 4.80374e+19
Pixel 509, 491, 1, 1, 4.80374e+19
Pixel 509, 492, 1, 1, 4.80374e+19
Pixel 509, 493, 1, 1, 4.80374e+19
Pixel 509, 494, 1, 1, 4.80374e+19
Pixel 510, 493, 1, 1, 4.80374e+19
Pixel 510, 494, 1, 1, 4.80374e+19
=== 2559867 ===
--- pALPIDEfs_0 ---
Pixel 91, 44, 1, 1, 4.80374e+19
Pixel 92, 44, 1, 1, 4.80374e+19
--- pALPIDEfs_1 ---
Pixel 251, 399, 1, 1, 4.80374e+19
Pixel 250, 399, 1, 1, 4.80374e+19
Pixel 250, 400, 1, 1, 4.80374e+19
Pixel 251, 400, 1, 1, 4.80374e+19
Pixel 251, 401, 1, 1, 4.80374e+19
Pixel 250, 401, 1, 1, 4.80374e+19
=== 2559869 ===
--- pALPIDEfs_0 ---
Pixel 92, 44, 1, 1, 4.80374e+19
=== 2579589 ===
--- pALPIDEfs_4 ---
Pixel 203, 260, 1, 1, 4.80374e+19
Pixel 203, 261, 1, 1, 4.80374e+19
Pixel 204, 261, 1, 1, 4.80374e+19
=== 2583976 ===
--- pALPIDEfs_5 ---
Pixel 997, 437, 1, 1, 4.80374e+19
Pixel 996, 437, 1, 1, 4.80374e+19
Pixel 996, 438, 1, 1, 4.80374e+19
Pixel 997, 438, 1, 1, 4.80374e+19
=== 2608731 ===
--- pALPIDEfs_0 ---
Pixel 411, 281, 1, 1, 4.80374e+19
=== 2616643 ===
--- pALPIDEfs_6 ---
Pixel 186, 134, 1, 1, 4.80374e+19
Pixel 187, 134, 1, 1, 4.80374e+19
Pixel 187, 135, 1, 1, 4.80374e+19
Pixel 186, 135, 1, 1, 4.80374e+19
=== 2634345 ===
--- pALPIDEfs_5 ---
Pixel 1007, 381, 1, 1, 4.80374e+19
Pixel 1007, 382, 1, 1, 4.80374e+19
Pixel 1008, 381, 1, 1, 4.80374e+19
Pixel 1008, 382, 1, 1, 4.80374e+19
=== 2634346 ===
--- pALPIDEfs_5 ---
Pixel 1007, 381, 1, 1, 4.80374e+19
Pixel 1007, 382, 1, 1, 4.80374e+19
Pixel 1008, 381, 1, 1, 4.80374e+19
Pixel 1008, 382, 1, 1, 4.80374e+19
=== 2641912 ===
--- pALPIDEfs_3 ---
Pixel 413, 240, 1, 1, 4.80374e+19
=== 2651559 ===
--- pALPIDEfs_2 ---
Pixel 361, 273, 1, 1, 4.80374e+19
Pixel 360, 273, 1, 1, 4.80374e+19
Pixel 361, 274, 1, 1, 4.80374e+19
=== 2660798 ===
--- pALPIDEfs_5 ---
Pixel 927, 276, 1, 1, 4.80374e+19
Pixel 928, 276, 1, 1, 4.80374e+19
--- pALPIDEfs_6 ---
Pixel 66, 254, 1, 1, 4.80374e+19
Pixel 67, 254, 1, 1, 4.80374e+19
Pixel 67, 255, 1, 1, 4.80374e+19
Pixel 68, 255, 1, 1, 4.80374e+19
=== 2669815 ===
--- pALPIDEfs_2 ---
Pixel 379, 231, 1, 1, 4.80374e+19
Pixel 378, 231, 1, 1, 4.80374e+19
--- pALPIDEfs_3 ---
Pixel 93, 495, 1, 1, 4.80374e+19
Pixel 92, 495, 1, 1, 4.80374e+19
=== 2670970 ===
--- pALPIDEfs_3 ---
Pixel 557, 180, 1, 1, 4.80374e+19
=== 2687693 ===
--- pALPIDEfs_5 ---
Pixel 378, 352, 1, 1, 4.80374e+19
Pixel 383, 349, 1, 1, 4.80374e+19
Pixel 382, 350, 1, 1, 4.80374e+19
Pixel 383, 350, 1, 1, 4.80374e+19
Pixel 382, 351, 1, 1, 4.80374e+19
Pixel 385, 348, 1, 1, 4.80374e+19
Pixel 385, 349, 1, 1, 4.80374e+19
Pixel 384, 349, 1, 1, 4.80374e+19
Pixel 384, 350, 1, 1, 4.80374e+19
Pixel 387, 346, 1, 1, 4.80374e+19
Pixel 387, 347, 1, 1, 4.80374e+19
Pixel 386, 347, 1, 1, 4.80374e+19
Pixel 386, 348, 1, 1, 4.80374e+19
Pixel 389, 343, 1, 1, 4.80374e+19
Pixel 389, 344, 1, 1, 4.80374e+19
Pixel 389, 345, 1, 1, 4.80374e+19
Pixel 388, 345, 1, 1, 4.80374e+19
Pixel 388, 346, 1, 1, 4.80374e+19
Pixel 390, 343, 1, 1, 4.80374e+19
Pixel 390, 344, 1, 1, 4.80374e+19
=== 2693886 ===
--- pALPIDEfs_3 ---
Pixel 335, 58, 1, 1, 4.80374e+19
Pixel 335, 59, 1, 1, 4.80374e+19
Pixel 336, 58, 1, 1, 4.80374e+19
Pixel 336, 59, 1, 1, 4.80374e+19
=== 2700054 ===
--- pALPIDEfs_2 ---
Pixel 16, 76, 1, 1, 4.80374e+19
Pixel 17, 76, 1, 1, 4.80374e+19
=== 2704752 ===
--- pALPIDEfs_6 ---
Pixel 89, 301, 1, 1, 4.80374e+19
Pixel 89, 302, 1, 1, 4.80374e+19
Pixel 90, 302, 1, 1, 4.80374e+19
=== 2714670 ===
--- pALPIDEfs_3 ---
Pixel 893, 150, 1, 1, 4.80374e+19
Pixel 894, 150, 1, 1, 4.80374e+19
--- pALPIDEfs_4 ---
Pixel 515, 15, 1, 1, 4.80374e+19
Pixel 515, 16, 1, 1, 4.80374e+19
=== 2727038 ===
--- pALPIDEfs_5 ---
Pixel 99, 229, 1, 1, 4.80374e+19
Pixel 99, 230, 1, 1, 4.80374e+19
=== 2740786 ===
--- pALPIDEfs_6 ---
Pixel 940, 240, 1, 1, 4.80374e+19
Pixel 941, 241, 1, 1, 4.80374e+19
Pixel 940, 241, 1, 1, 4.80374e+19
Pixel 943, 241, 1, 1, 4.80374e+19
Pixel 942, 241, 1, 1, 4.80374e+19
Pixel 942, 242, 1, 1, 4.80374e+19
Pixel 943, 242, 1, 1, 4.80374e+19
=== 2753669 ===
--- pALPIDEfs_2 ---
Pixel 661, 399, 1, 1, 4.80374e+19
Pixel 661, 400, 1, 1, 4.80374e+19
Pixel 662, 400, 1, 1, 4.80374e+19
=== 2762921 ===
--- pALPIDEfs_1 ---
Pixel 668, 325, 1, 1, 4.80374e+19
=== 2775584 ===
--- pALPIDEfs_3 ---
Pixel 927, 421, 1, 1, 4.80374e+19
Pixel 928, 421, 1, 1, 4.80374e+19
Pixel 928, 422, 1, 1, 4.80374e+19
=== 2779696 ===
--- pALPIDEfs_3 ---
Pixel 388, 460, 1, 1, 4.80374e+19
Pixel 389, 460, 1, 1, 4.80374e+19
Pixel 389, 461, 1, 1, 4.80374e+19
Pixel 388, 461, 1, 1, 4.80374e+19
=== 2781277 ===
--- pALPIDEfs_6 ---
Pixel 10, 387, 1, 1, 4.80374e+19
Pixel 10, 388, 1, 1, 4.80374e+19
=== 2784052 ===
--- pALPIDEfs_2 ---
Pixel 375, 333, 1, 1, 4.80374e+19
Pixel 374, 333, 1, 1, 4.80374e+19
Pixel 374, 334, 1, 1, 4.80374e+19
Pixel 375, 334, 1, 1, 4.80374e+19
=== 2790210 ===
--- pALPIDEfs_6 ---
Pixel 27, 157, 1, 1, 4.80374e+19
Pixel 27, 158, 1, 1, 4.80374e+19
=== 2790428 ===
--- pALPIDEfs_0 ---
Pixel 717, 239, 1, 1, 4.80374e+19
Pixel 717, 240, 1, 1, 4.80374e+19
Pixel 717, 241, 1, 1, 4.80374e+19
=== 2822703 ===
--- pALPIDEfs_2 ---
Pixel 722, 401, 1, 1, 4.80374e+19
=== 2840230 ===
--- pALPIDEfs_3 ---
Pixel 687, 164, 1, 1, 4.80374e+19
Pixel 687, 165, 1, 1, 4.80374e+19
Pixel 686, 165, 1, 1, 4.80374e+19
Pixel 686, 166, 1, 1, 4.80374e+19
Pixel 688, 164, 1, 1, 4.80374e+19
=== 2842170 ===
--- pALPIDEfs_4 ---
Pixel 247, 285, 1, 1, 4.80374e+19
Pixel 246, 285, 1, 1, 4.80374e+19
Pixel 246, 286, 1, 1, 4.80374e+19
Pixel 247, 286, 1, 1, 4.80374e+19
=== 2854246 ===
--- pALPIDEfs_6 ---
Pixel 649, 305, 1, 1, 4.80374e+19
Pixel 648, 306, 1, 1, 4.80374e+19
Pixel 649, 306, 1, 1, 4.80374e+19
=== 2861311 ===
--- pALPIDEfs_5 ---
Pixel 256, 372, 1, 1, 4.80374e+19
Pixel 256, 373, 1, 1, 4.80374e+19
Pixel 256, 374, 1, 1, 4.80374e+19
=== 2886491 ===
--- pALPIDEfs_0 ---
Pixel 697, 458, 1, 1, 4.80374e+19
Pixel 697, 459, 1, 1, 4.80374e+19
Pixel 696, 459, 1, 1, 4.80374e+19
Pixel 697, 460, 1, 1, 4.80374e+19
=== 2938073 ===
--- pALPIDEfs_4 ---
Pixel 602, 114, 1, 1, 4.80374e+19
Pixel 603, 115, 1, 1, 4.80374e+19
Pixel 602, 115, 1, 1, 4.80374e+19
=== 2968716 ===
--- pALPIDEfs_3 ---
Pixel 819, 405, 1, 1, 4.80374e+19
=== 2969775 ===
--- pALPIDEfs_0 ---
Pixel 840, 237, 1, 1, 4.80374e+19
=== 2973798 ===
--- pALPIDEfs_2 ---
Pixel 3, 347, 1, 1, 4.80374e+19
Pixel 3, 348, 1, 1, 4.80374e+19
Pixel 4, 347, 1, 1, 4.80374e+19
=== 2985476 ===
--- pALPIDEfs_2 ---
Pixel 308, 59, 1, 1, 4.80374e+19
Pixel 308, 60, 1, 1, 4.80374e+19
Pixel 309, 60, 1, 1, 4.80374e+19
=== 2985477 ===
--- pALPIDEfs_2 ---
Pixel 308, 59, 1, 1, 4.80374e+19
Pixel 308, 60, 1, 1, 4.80374e+19
Pixel 309, 60, 1, 1, 4.80374e+19
=== 2991182 ===
--- pALPIDEfs_1 ---
Pixel 95, 375, 1, 1, 4.80374e+19
Pixel 95, 376, 1, 1, 4.80374e+19
--- pALPIDEfs_2 ---
Pixel 344, 35, 1, 1, 4.80374e+19
Pixel 344, 36, 1, 1, 4.80374e+19
=== 2996600 ===
--- pALPIDEfs_6 ---
Pixel 264, 204, 1, 1, 4.80374e+19
Pixel 265, 204, 1, 1, 4.80374e+19
=== 2997579 ===
--- pALPIDEfs_3 ---
Pixel 823, 162, 1, 1, 4.80374e+19
Pixel 823, 163, 1, 1, 4.80374e+19
Pixel 824, 162, 1, 1, 4.80374e+19
Pixel 825, 162, 1, 1, 4.80374e+19
Pixel 825, 163, 1, 1, 4.80374e+19
Pixel 824, 163, 1, 1, 4.80374e+19
Pixel 824, 164, 1, 1, 4.80374e+19
Pixel 825, 164, 1, 1, 4.80374e+19
Pixel 825, 165, 1, 1, 4.80374e+19
Pixel 826, 162, 1, 1, 4.80374e+19
Pixel 826, 163, 1, 1, 4.80374e+19
Pixel 826, 164, 1, 1, 4.80374e+19
Pixel 827, 164, 1, 1, 4.80374e+19
Pixel 827, 165, 1, 1, 4.80374e+19
Pixel 826, 165, 1, 1, 4.80374e+19
=== 3018027 ===
--- pALPIDEfs_3 ---
Pixel 557, 180, 1, 1, 4.80374e+19
=== 3021171 ===
--- pALPIDEfs_5 ---
Pixel 363, 90, 1, 1, 4.80374e+19
Pixel 364, 89, 1, 1, 4.80374e+19
Pixel 364, 90, 1, 1, 4.80374e+19
Pixel 364, 91, 1, 1, 4.80374e+19
=== 3039173 ===
--- pALPIDEfs_3 ---
Pixel 129, 475, 1, 1, 4.80374e+19
Pixel 128, 475, 1, 1, 4.80374e+19
Pixel 128, 476, 1, 1, 4.80374e+19
Pixel 129, 476, 1, 1, 4.80374e+19
=== 3043025 ===
--- pALPIDEfs_0 ---
Pixel 491, 227, 1, 1, 4.80374e+19
Pixel 491, 228, 1, 1, 4.80374e+19
Pixel 492, 227, 1, 1, 4.80374e+19
=== 3043445 ===
--- pALPIDEfs_4 ---
Pixel 33, 106, 1, 1, 4.80374e+19
Pixel 33, 107, 1, 1, 4.80374e+19
Pixel 34, 106, 1, 1, 4.80374e+19
Pixel 34, 107, 1, 1, 4.80374e+19
=== 3046398 ===
--- pALPIDEfs_4 ---
Pixel 228, 299, 1, 1, 4.80374e+19
Pixel 228, 300, 1, 1, 4.80374e+19
=== 3099422 ===
--- pALPIDEfs_5 ---
Pixel 457, 7, 1, 1, 4.80374e+19
Pixel 458, 7, 1, 1, 4.80374e+19
Pixel 458, 8, 1, 1, 4.80374e+19
=== 3100384 ===
--- pALPIDEfs_3 ---
Pixel 873, 347, 1, 1, 4.80374e+19
Pixel 873, 348, 1, 1, 4.80374e+19
Pixel 873, 349, 1, 1, 4.80374e+19
Pixel 873, 350, 1, 1, 4.80374e+19
Pixel 874, 347, 1, 1, 4.80374e+19
Pixel 874, 348, 1, 1, 4.80374e+19
Pixel 875, 349, 1, 1, 4.80374e+19
Pixel 874, 349, 1, 1, 4.80374e+19
Pixel 874, 350, 1, 1, 4.80374e+19
Pixel 875, 350, 1, 1, 4.80374e+19
Pixel 875, 351, 1, 1, 4.80374e+19
Pixel 876, 349, 1, 1, 4.80374e+19
Pixel 876, 350, 1, 1, 4.80374e+19
Pixel 876, 351, 1, 1, 4.80374e+19
=== 3106988 ===
--- pALPIDEfs_2 ---
Pixel 873, 401, 1, 1, 4.80374e+19
=== 3119893 ===
--- pALPIDEfs_5 ---
Pixel 482, 419, 1, 1, 4.80374e+19
Pixel 482, 420, 1, 1, 4.80374e+19
Pixel 483, 420, 1, 1, 4.80374e+19
=== 3133083 ===
--- pALPIDEfs_5 ---
Pixel 206, 394, 1, 1, 4.80374e+19
Pixel 206, 395, 1, 1, 4.80374e+19
Pixel 206, 396, 1, 1, 4.80374e+19
Pixel 206, 397, 1, 1, 4.80374e+19
Pixel 206, 398, 1, 1, 4.80374e+19
Pixel 207, 399, 1, 1, 4.80374e+19
Pixel 206, 399, 1, 1, 4.80374e+19
Pixel 206, 400, 1, 1, 4.80374e+19
Pixel 207, 400, 1, 1, 4.80374e+19
Pixel 207, 401, 1, 1, 4.80374e+19
Pixel 206, 401, 1, 1, 4.80374e+19
Pixel 206, 402, 1, 1, 4.80374e+19
Pixel 207, 402, 1, 1, 4.80374e+19
Pixel 207, 403, 1, 1, 4.80374e+19
Pixel 206, 403, 1, 1, 4.80374e+19
Pixel 206, 404, 1, 1, 4.80374e+19
Pixel 207, 404, 1, 1, 4.80374e+19
Pixel 207, 405, 1, 1, 4.80374e+19
Pixel 209, 410, 1, 1, 4.80374e+19
Pixel 209, 411, 1, 1, 4.80374e+19
Pixel 209, 412, 1, 1, 4.80374e+19
Pixel 210, 411, 1, 1, 4.80374e+19
Pixel 210, 412, 1, 1, 4.80374e+19
Pixel 210, 413, 1, 1, 4.80374e+19
=== 3137036 ===
--- pALPIDEfs_1 ---
Pixel 273, 94, 1, 1, 4.80374e+19
--- pALPIDEfs_2 ---
Pixel 732, 462, 1, 1, 4.80374e+19
=== 3137786 ===
--- pALPIDEfs_2 ---
Pixel 68, 348, 1, 1, 4.80374e+19
Pixel 68, 349, 1, 1, 4.80374e+19
=== 3164036 ===
--- pALPIDEfs_5 ---
Pixel 576, 172, 1, 1, 4.80374e+19
Pixel 577, 172, 1, 1, 4.80374e+19
Pixel 577, 173, 1, 1, 4.80374e+19
Pixel 576, 173, 1, 1, 4.80374e+19
Pixel 576, 174, 1, 1, 4.80374e+19
Pixel 577, 174, 1, 1, 4.80374e+19
=== 3164037 ===
--- pALPIDEfs_5 ---
Pixel 576, 172, 1, 1, 4.80374e+19
Pixel 577, 172, 1, 1, 4.80374e+19
Pixel 576, 174, 1, 1, 4.80374e+19
Pixel 577, 174, 1, 1, 4.80374e+19
=== 3173182 ===
--- pALPIDEfs_1 ---
Pixel 24, 300, 1, 1, 4.80374e+19
--- pALPIDEfs_2 ---
Pixel 292, 206, 1, 1, 4.80374e+19
Pixel 292, 207, 1, 1, 4.80374e+19
--- pALPIDEfs_3 ---
Pixel 562, 178, 1, 1, 4.80374e+19
Pixel 562, 179, 1, 1, 4.80374e+19
--- pALPIDEfs_4 ---
Pixel 855, 139, 1, 1, 4.80374e+19
Pixel 855, 140, 1, 1, 4.80374e+19
Pixel 856, 139, 1, 1, 4.80374e+19
Pixel 856, 140, 1, 1, 4.80374e+19
=== 3176381 ===
--- pALPIDEfs_2 ---
Pixel 42, 362, 1, 1, 4.80374e+19
Pixel 43, 362, 1, 1, 4.80374e+19
--- pALPIDEfs_3 ---
Pixel 808, 74, 1, 1, 4.80374e+19
Pixel 809, 74, 1, 1, 4.80374e+19
Pixel 808, 75, 1, 1, 4.80374e+19
=== 3177356 ===
--- pALPIDEfs_0 ---
Pixel 685, 186, 1, 1, 4.80374e+19
--- pALPIDEfs_1 ---
Pixel 379, 9, 1, 1, 4.80374e+19
=== 3179198 ===
--- pALPIDEfs_1 ---
Pixel 600, 158, 1, 1, 4.80374e+19
Pixel 601, 158, 1, 1, 4.80374e+19
=== 3194193 ===
--- pALPIDEfs_0 ---
Pixel 623, 11, 1, 1, 4.80374e+19
Pixel 623, 12, 1, 1, 4.80374e+19
Pixel 625, 11, 1, 1, 4.80374e+19
Pixel 624, 11, 1, 1, 4.80374e+19
Pixel 625, 12, 1, 1, 4.80374e+19
Pixel 624, 13, 1, 1, 4.80374e+19
=== 3196811 ===
--- pALPIDEfs_1 ---
Pixel 493, 137, 1, 1, 4.80374e+19
Pixel 492, 137, 1, 1, 4.80374e+19
=== 3204264 ===
--- pALPIDEfs_3 ---
Pixel 557, 180, 1, 1, 4.80374e+19
=== 3217657 ===
--- pALPIDEfs_6 ---
Pixel 424, 260, 1, 1, 4.80374e+19
=== 3225015 ===
--- pALPIDEfs_5 ---
Pixel 957, 459, 1, 1, 4.80374e+19
Pixel 956, 459, 1, 1, 4.80374e+19
Pixel 956, 460, 1, 1, 4.80374e+19
Pixel 957, 460, 1, 1, 4.80374e+19
Pixel 957, 461, 1, 1, 4.80374e+19
Pixel 956, 461, 1, 1, 4.80374e+19
=== 3225895 ===
--- pALPIDEfs_1 ---
Pixel 358, 501, 1, 1, 4.80374e+19
Pixel 358, 502, 1, 1, 4.80374e+19
=== 3225896 ===
--- pALPIDEfs_1 ---
Pixel 358, 501, 1, 1, 4.80374e+19
=== 3229523 ===
--- pALPIDEfs_2 ---
Pixel 17, 381, 1, 1, 4.80374e+19
Pixel 18, 381, 1, 1, 4.80374e+19
=== 3251546 ===
--- pALPIDEfs_4 ---
Pixel 371, 143, 1, 1, 4.80374e+19
Pixel 371, 144, 1, 1, 4.80374e+19
--- pALPIDEfs_5 ---
Pixel 1016, 215, 1, 1, 4.80374e+19
=== 3255618 ===
--- pALPIDEfs_5 ---
Pixel 871, 332, 1, 1, 4.80374e+19
=== 3260938 ===
--- pALPIDEfs_4 ---
Pixel 699, 236, 1, 1, 4.80374e+19
Pixel 699, 237, 1, 1, 4.80374e+19
Pixel 699, 238, 1, 1, 4.80374e+19
Pixel 700, 236, 1, 1, 4.80374e+19
Pixel 700, 237, 1, 1, 4.80374e+19
Pixel 700, 238, 1, 1, 4.80374e+19
=== 3285925 ===
--- pALPIDEfs_4 ---
Pixel 445, 363, 1, 1, 4.80374e+19
Pixel 444, 363, 1, 1, 4.80374e+19
=== 3292785 ===
--- pALPIDEfs_0 ---
Pixel 991, 43, 1, 1, 4.80374e+19
Pixel 992, 43, 1, 1, 4.80374e+19
=== 3303706 ===
--- pALPIDEfs_0 ---
Pixel 807, 305, 1, 1, 4.80374e+19
Pixel 807, 306, 1, 1, 4.80374e+19
Pixel 808, 305, 1, 1, 4.80374e+19
Pixel 808, 306, 1, 1, 4.80374e+19
=== 3306340 ===
--- pALPIDEfs_2 ---
Pixel 680, 412, 1, 1, 4.80374e+19
Pixel 681, 412, 1, 1, 4.80374e+19
Pixel 681, 413, 1, 1, 4.80374e+19
Pixel 680, 413, 1, 1, 4.80374e+19
=== 3311968 ===
--- pALPIDEfs_4 ---
Pixel 704, 484, 1, 1, 4.80374e+19
Pixel 705, 484, 1, 1, 4.80374e+19
Pixel 705, 485, 1, 1, 4.80374e+19
Pixel 704, 485, 1, 1, 4.80374e+19
Pixel 705, 486, 1, 1, 4.80374e+19
Pixel 706, 485, 1, 1, 4.80374e+19
=== 3312462 ===
--- pALPIDEfs_4 ---
Pixel 206, 127, 1, 1, 4.80374e+19
Pixel 206, 128, 1, 1, 4.80374e+19
--- pALPIDEfs_5 ---
Pixel 261, 336, 1, 1, 4.80374e+19
Pixel 261, 337, 1, 1, 4.80374e+19
Pixel 260, 337, 1, 1, 4.80374e+19
=== 3335754 ===
--- pALPIDEfs_6 ---
Pixel 597, 252, 1, 1, 4.80374e+19
Pixel 597, 253, 1, 1, 4.80374e+19
Pixel 597, 254, 1, 1, 4.80374e+19
Pixel 599, 251, 1, 1, 4.80374e+19
Pixel 598, 251, 1, 1, 4.80374e+19
Pixel 598, 252, 1, 1, 4.80374e+19
Pixel 599, 252, 1, 1, 4.80374e+19
Pixel 598, 253, 1, 1, 4.80374e+19
=== 3342965 ===
--- pALPIDEfs_2 ---
Pixel 641, 340, 1, 1, 4.80374e+19
Pixel 642, 340, 1, 1, 4.80374e+19
Pixel 642, 341, 1, 1, 4.80374e+19
=== 3345129 ===
--- pALPIDEfs_1 ---
Pixel 837, 215, 1, 1, 4.80374e+19
=== 3356854 ===
--- pALPIDEfs_6 ---
Pixel 985, 22, 1, 1, 4.80374e+19
Pixel 985, 23, 1, 1, 4.80374e+19
Pixel 985, 24, 1, 1, 4.80374e+19
Pixel 986, 22, 1, 1, 4.80374e+19
Pixel 986, 23, 1, 1, 4.80374e+19
Pixel 986, 24, 1, 1, 4.80374e+19
=== 3362167 ===
--- pALPIDEfs_1 ---
Pixel 7, 129, 1, 1, 4.80374e+19
Pixel 8, 129, 1, 1, 4.80374e+19
=== 3373078 ===
--- pALPIDEfs_4 ---
Pixel 683, 489, 1, 1, 4.80374e+19
Pixel 682, 489, 1, 1, 4.80374e+19
Pixel 683, 490, 1, 1, 4.80374e+19
Pixel 684, 488, 1, 1, 4.80374e+19
Pixel 684, 489, 1, 1, 4.80374e+19
=== 3377722 ===
--- pALPIDEfs_2 ---
Pixel 341, 85, 1, 1, 4.80374e+19
Pixel 340, 85, 1, 1, 4.80374e+19
Pixel 340, 86, 1, 1, 4.80374e+19
Pixel 342, 84, 1, 1, 4.80374e+19
Pixel 342, 85, 1, 1, 4.80374e+19
=== 3378995 ===
--- pALPIDEfs_3 ---
Pixel 557, 180, 1, 1, 4.80374e+19
=== 3379759 ===
--- pALPIDEfs_2 ---
Pixel 872, 123, 1, 1, 4.80374e+19
Pixel 872, 124, 1, 1, 4.80374e+19
=== 3381186 ===
--- pALPIDEfs_1 ---
Pixel 373, 239, 1, 1, 4.80374e+19
Pixel 374, 239, 1, 1, 4.80374e+19
=== 3424267 ===
--- pALPIDEfs_0 ---
Pixel 594, 145, 1, 1, 4.80374e+19
--- pALPIDEfs_1 ---
Pixel 539, 213, 1, 1, 4.80374e+19
--- pALPIDEfs_2 ---
Pixel 508, 159, 1, 1, 4.80374e+19
--- pALPIDEfs_3 ---
Pixel 477, 158, 1, 1, 4.80374e+19
Pixel 477, 159, 1, 1, 4.80374e+19
--- pALPIDEfs_4 ---
Pixel 459, 128, 1, 1, 4.80374e+19
Pixel 459, 129, 1, 1, 4.80374e+19
--- pALPIDEfs_5 ---
Pixel 361, 151, 1, 1, 4.80374e+19
--- pALPIDEfs_6 ---
Pixel 368, 130, 1, 1, 4.80374e+19
=== 3427629 ===
--- pALPIDEfs_5 ---
Pixel 389, 477, 1, 1, 4.80374e+19
Pixel 391, 475, 1, 1, 4.80374e+19
Pixel 390, 475, 1, 1, 4.80374e+19
Pixel 390, 476, 1, 1, 4.80374e+19
Pixel 390, 477, 1, 1, 4.80374e+19
=== 3427873 ===
--- pALPIDEfs_3 ---
Pixel 581, 93, 1, 1, 4.80374e+19
Pixel 580, 93, 1, 1, 4.80374e+19
Pixel 580, 94, 1, 1, 4.80374e+19
Pixel 581, 94, 1, 1, 4.80374e+19
=== 3427903 ===
--- pALPIDEfs_0 ---
Pixel 418, 284, 1, 1, 4.80374e+19
Pixel 419, 284, 1, 1, 4.80374e+19
=== 3436902 ===
--- pALPIDEfs_1 ---
Pixel 160, 257, 1, 1, 4.80374e+19
=== 3444469 ===
--- pALPIDEfs_6 ---
Pixel 457, 4, 1, 1, 4.80374e+19
Pixel 458, 4, 1, 1, 4.80374e+19
Pixel 459, 5, 1, 1, 4.80374e+19
Pixel 458, 5, 1, 1, 4.80374e+19
=== 3445120 ===
--- pALPIDEfs_6 ---
Pixel 262, 112, 1, 1, 4.80374e+19
Pixel 263, 112, 1, 1, 4.80374e+19
Pixel 263, 113, 1, 1, 4.80374e+19
Pixel 262, 113, 1, 1, 4.80374e+19
=== 3448123 ===
--- pALPIDEfs_0 ---
Pixel 849, 202, 1, 1, 4.80374e+19
Pixel 850, 202, 1, 1, 4.80374e+19
--- pALPIDEfs_1 ---
Pixel 233, 307, 1, 1, 4.80374e+19
=== 3466555 ===
--- pALPIDEfs_5 ---
Pixel 164, 466, 1, 1, 4.80374e+19
Pixel 165, 466, 1, 1, 4.80374e+19
Pixel 165, 467, 1, 1, 4.80374e+19
Pixel 164, 467, 1, 1, 4.80374e+19
=== 3469447 ===
--- pALPIDEfs_6 ---
Pixel 491, 215, 1, 1, 4.80374e+19
Pixel 490, 215, 1, 1, 4.80374e+19
Pixel 490, 216, 1, 1, 4.80374e+19
Pixel 491, 216, 1, 1, 4.80374e+19
=== 3487709 ===
--- pALPIDEfs_0 ---
Pixel 483, 180, 1, 1, 4.80374e+19
Pixel 483, 181, 1, 1, 4.80374e+19
Pixel 484, 179, 1, 1, 4.80374e+19
Pixel 484, 180, 1, 1, 4.80374e+19
Pixel 484, 181, 1, 1, 4.80374e+19
--- pALPIDEfs_1 ---
Pixel 618, 218, 1, 1, 4.80374e+19
Pixel 618, 219, 1, 1, 4.80374e+19
--- pALPIDEfs_2 ---
Pixel 680, 269, 1, 1, 4.80374e+19
=== 3492356 ===
--- pALPIDEfs_6 ---
Pixel 1023, 157, 1, 1, 4.80374e+19
Pixel 1023, 158, 1, 1, 4.80374e+19
=== 3507536 ===
--- pALPIDEfs_3 ---
Pixel 557, 180, 1, 1, 4.80374e+19
=== 3516014 ===
--- pALPIDEfs_4 ---
Pixel 441, 75, 1, 1, 4.80374e+19
Pixel 440, 75, 1, 1, 4.80374e+19
Pixel 440, 76, 1, 1, 4.80374e+19
Pixel 441, 76, 1, 1, 4.80374e+19
Pixel 441, 77, 1, 1, 4.80374e+19
Pixel 440, 77, 1, 1, 4.80374e+19
=== 3521629 ===
--- pALPIDEfs_4 ---
Pixel 821, 219, 1, 1, 4.80374e+19
Pixel 820, 219, 1, 1, 4.80374e+19
Pixel 820, 220, 1, 1, 4.80374e+19
Pixel 821, 220, 1, 1, 4.80374e+19
=== 3537359 ===
--- pALPIDEfs_1 ---
Pixel 117, 140, 1, 1, 4.80374e+19
Pixel 118, 140, 1, 1, 4.80374e+19
=== 3539049 ===
--- pALPIDEfs_3 ---
Pixel 875, 374, 1, 1, 4.80374e+19
Pixel 876, 373, 1, 1, 4.80374e+19
Pixel 876, 374, 1, 1, 4.80374e+19
Pixel 876, 375, 1, 1, 4.80374e+19
=== 3541747 ===
--- pALPIDEfs_1 ---
Pixel 221, 141, 1, 1, 4.80374e+19
Pixel 220, 141, 1, 1, 4.80374e+19
=== 3545932 ===
--- pALPIDEfs_5 ---
Pixel 683, 483, 1, 1, 4.80374e+19
Pixel 682, 483, 1, 1, 4.80374e+19
Pixel 683, 484, 1, 1, 4.80374e+19
Pixel 684, 483, 1, 1, 4.80374e+19
=== 3547282 ===
--- pALPIDEfs_2 ---
Pixel 672, 167, 1, 1, 4.80374e+19
Pixel 672, 168, 1, 1, 4.80374e+19
=== 3577882 ===
--- pALPIDEfs_2 ---
Pixel 232, 299, 1, 1, 4.80374e+19
Pixel 232, 300, 1, 1, 4.80374e+19
=== 3585570 ===
--- pALPIDEfs_5 ---
Pixel 707, 316, 1, 1, 4.80374e+19
Pixel 708, 316, 1, 1, 4.80374e+19
=== 3589550 ===
--- pALPIDEfs_5 ---
Pixel 217, 123, 1, 1, 4.80374e+19
Pixel 217, 124, 1, 1, 4.80374e+19
Pixel 218, 123, 1, 1, 4.80374e+19
Pixel 218, 124, 1, 1, 4.80374e+19
=== 3605441 ===
--- pALPIDEfs_4 ---
Pixel 412, 171, 1, 1, 4.80374e+19
=== 3609226 ===
--- pALPIDEfs_3 ---
Pixel 557, 180, 1, 1, 4.80374e+19
=== 3618923 ===
--- pALPIDEfs_2 ---
Pixel 49, 376, 1, 1, 4.80374e+19
Pixel 49, 377, 1, 1, 4.80374e+19
Pixel 49, 378, 1, 1, 4.80374e+19
Pixel 50, 376, 1, 1, 4.80374e+19
Pixel 50, 377, 1, 1, 4.80374e+19
=== 3619560 ===
--- pALPIDEfs_4 ---
Pixel 349, 147, 1, 1, 4.80374e+19
Pixel 348, 147, 1, 1, 4.80374e+19
Pixel 348, 148, 1, 1, 4.80374e+19
=== 3641073 ===
--- pALPIDEfs_0 ---
Pixel 685, 369, 1, 1, 4.80374e+19
Pixel 685, 370, 1, 1, 4.80374e+19
Pixel 686, 369, 1, 1, 4.80374e+19
=== 3641605 ===
--- pALPIDEfs_3 ---
Pixel 557, 180, 1, 1, 4.80374e+19
=== 3642755 ===
--- pALPIDEfs_5 ---
Pixel 787, 414, 1, 1, 4.80374e+19
Pixel 787, 415, 1, 1, 4.80374e+19
Pixel 788, 414, 1, 1, 4.80374e+19
=== 3649086 ===
--- pALPIDEfs_2 ---
Pixel 572, 465, 1, 1, 4.80374e+19
--- pALPIDEfs_3 ---
Pixel 339, 324, 1, 1, 4.80374e+19
Pixel 339, 325, 1, 1, 4.80374e+19
--- pALPIDEfs_4 ---
Pixel 129, 170, 1, 1, 4.80374e+19
Pixel 129, 171, 1, 1, 4.80374e+19
=== 3650689 ===
--- pALPIDEfs_1 ---
Pixel 35, 25, 1, 1, 4.80374e+19
Pixel 34, 25, 1, 1, 4.80374e+19
Pixel 34, 26, 1, 1, 4.80374e+19
=== 3654061 ===
--- pALPIDEfs_2 ---
Pixel 374, 54, 1, 1, 4.80374e+19
Pixel 375, 54, 1, 1, 4.80374e+19
=== 3658766 ===
--- pALPIDEfs_1 ---
Pixel 820, 112, 1, 1, 4.80374e+19
--- pALPIDEfs_2 ---
Pixel 295, 195, 1, 1, 4.80374e+19
Pixel 295, 196, 1, 1, 4.80374e+19
=== 3673738 ===
--- pALPIDEfs_3 ---
Pixel 557, 180, 1, 1, 4.80374e+19
=== 3674936 ===
--- pALPIDEfs_4 ---
Pixel 651, 507, 1, 1, 4.80374e+19
Pixel 650, 508, 1, 1, 4.80374e+19
Pixel 651, 508, 1, 1, 4.80374e+19
Pixel 650, 509, 1, 1, 4.80374e+19
=== 3691354 ===
--- pALPIDEfs_4 ---
Pixel 5, 147, 1, 1, 4.80374e+19
=== 3691355 ===
--- pALPIDEfs_4 ---
Pixel 5, 147, 1, 1, 4.80374e+19
=== 3699755 ===
--- pALPIDEfs_3 ---
Pixel 145, 367, 1, 1, 4.80374e+19
Pixel 144, 367, 1, 1, 4.80374e+19
Pixel 144, 368, 1, 1, 4.80374e+19
--- pALPIDEfs_4 ---
Pixel 608, 131, 1, 1, 4.80374e+19
=== 3706075 ===
--- pALPIDEfs_0 ---
Pixel 313, 89, 1, 1, 4.80374e+19
Pixel 313, 90, 1, 1, 4.80374e+19
Pixel 313, 91, 1, 1, 4.80374e+19
=== 3768498 ===
--- pALPIDEfs_3 ---
Pixel 557, 180, 1, 1, 4.80374e+19
=== 3769995 ===
--- pALPIDEfs_3 ---
Pixel 1021, 289, 1, 1, 4.80374e+19
Pixel 1021, 290, 1, 1, 4.80374e+19
Pixel 1022, 289, 1, 1, 4.80374e+19
Pixel 1022, 290, 1, 1, 4.80374e+19
--- pALPIDEfs_4 ---
Pixel 758, 346, 1, 1, 4.80374e+19
Pixel 759, 346, 1, 1, 4.80374e+19
--- pALPIDEfs_5 ---
Pixel 744, 487, 1, 1, 4.80374e+19
Pixel 744, 488, 1, 1, 4.80374e+19
=== 3774642 ===
--- pALPIDEfs_3 ---
Pixel 263, 216, 1, 1, 4.80374e+19
Pixel 263, 217, 1, 1, 4.80374e+19
Pixel 263, 218, 1, 1, 4.80374e+19
Pixel 264, 217, 1, 1, 4.80374e+19
=== 3789825 ===
--- pALPIDEfs_3 ---
Pixel 557, 180, 1, 1, 4.80374e+19
=== 3798522 ===
--- pALPIDEfs_3 ---
Pixel 557, 180, 1, 1, 4.80374e+19
=== 3802100 ===
--- pALPIDEfs_5 ---
Pixel 29, 353, 1, 1, 4.80374e+19
Pixel 28, 353, 1, 1, 4.80374e+19
Pixel 28, 354, 1, 1, 4.80374e+19
Pixel 29, 354, 1, 1, 4.80374e+19
=== 3802594 ===
--- pALPIDEfs_3 ---
Pixel 557, 180, 1, 1, 4.80374e+19
=== 3803747 ===
--- pALPIDEfs_5 ---
Pixel 111, 378, 1, 1, 4.80374e+19
Pixel 111, 379, 1, 1, 4.80374e+19
=== 3805133 ===
--- pALPIDEfs_5 ---
Pixel 941, 478, 1, 1, 4.80374e+19
Pixel 941, 479, 1, 1, 4.80374e+19
Pixel 942, 479, 1, 1, 4.80374e+19
Pixel 952, 462, 1, 1, 4.80374e+19
Pixel 953, 462, 1, 1, 4.80374e+19
Pixel 953, 463, 1, 1, 4.80374e+19
Pixel 952, 463, 1, 1, 4.80374e+19
=== 3853729 ===
--- pALPIDEfs_1 ---
Pixel 485, 475, 1, 1, 4.80374e+19
Pixel 484, 475, 1, 1, 4.80374e+19
Pixel 484, 476, 1, 1, 4.80374e+19
Pixel 485, 476, 1, 1, 4.80374e+19
=== 3862909 ===
--- pALPIDEfs_3 ---
Pixel 625, 145, 1, 1, 4.80374e+19
Pixel 624, 145, 1, 1, 4.80374e+19
Pixel 624, 146, 1, 1, 4.80374e+19
Pixel 625, 146, 1, 1, 4.80374e+19
=== 3869531 ===
--- pALPIDEfs_3 ---
Pixel 838, 111, 1, 1, 4.80374e+19
Pixel 838, 112, 1, 1, 4.80374e+19
Pixel 839, 112, 1, 1, 4.80374e+19
Pixel 839, 113, 1, 1, 4.80374e+19
Pixel 838, 113, 1, 1, 4.80374e+19
Pixel 838, 114, 1, 1, 4.80374e+19
Pixel 839, 114, 1, 1, 4.80374e+19
=== 3877616 ===
--- pALPIDEfs_3 ---
Pixel 817, 366, 1, 1, 4.80374e+19
Pixel 817, 367, 1, 1, 4.80374e+19
Pixel 818, 366, 1, 1, 4.80374e+19
Pixel 818, 367, 1, 1, 4.80374e+19
=== 3879423 ===
--- pALPIDEfs_5 ---
Pixel 703, 277, 1, 1, 4.80374e+19
Pixel 703, 278, 1, 1, 4.80374e+19
Pixel 704, 278, 1, 1, 4.80374e+19
Pixel 718, 280, 1, 1, 4.80374e+19
Pixel 719, 280, 1, 1, 4.80374e+19
=== 3887256 ===
--- pALPIDEfs_0 ---
Pixel 979, 271, 1, 1, 4.80374e+19
Pixel 979, 272, 1, 1, 4.80374e+19
=== 3901892 ===
--- pALPIDEfs_2 ---
Pixel 617, 308, 1, 1, 4.80374e+19
Pixel 617, 309, 1, 1, 4.80374e+19
Pixel 618, 307, 1, 1, 4.80374e+19
Pixel 618, 308, 1, 1, 4.80374e+19
Pixel 618, 309, 1, 1, 4.80374e+19
=== 3938307 ===
--- pALPIDEfs_3 ---
Pixel 606, 449, 1, 1, 4.80374e+19
=== 3941640 ===
--- pALPIDEfs_4 ---
Pixel 717, 122, 1, 1, 4.80374e+19
Pixel 717, 123, 1, 1, 4.80374e+19
=== 3959971 ===
--- pALPIDEfs_3 ---
Pixel 277, 212, 1, 1, 4.80374e+19
Pixel 277, 213, 1, 1, 4.80374e+19
Pixel 279, 213, 1, 1, 4.80374e+19
Pixel 278, 213, 1, 1, 4.80374e+19
=== 3969745 ===
--- pALPIDEfs_3 ---
Pixel 380, 94, 1, 1, 4.80374e+19
Pixel 381, 94, 1, 1, 4.80374e+19
Pixel 380, 95, 1, 1, 4.80374e+19
--- pALPIDEfs_4 ---
Pixel 597, 264, 1, 1, 4.80374e+19
Pixel 598, 264, 1, 1, 4.80374e+19
--- pALPIDEfs_5 ---
Pixel 783, 476, 1, 1, 4.80374e+19
Pixel 784, 476, 1, 1, 4.80374e+19
Pixel 784, 477, 1, 1, 4.80374e+19
=== 3976082 ===
--- pALPIDEfs_1 ---
Pixel 80, 381, 1, 1, 4.80374e+19
Pixel 80, 382, 1, 1, 4.80374e+19
Pixel 81, 382, 1, 1, 4.80374e+19
Pixel 82, 382, 1, 1, 4.80374e+19
Pixel 83, 383, 1, 1, 4.80374e+19
Pixel 84, 383, 1, 1, 4.80374e+19
=== 3984551 ===
--- pALPIDEfs_1 ---
Pixel 472, 506, 1, 1, 4.80374e+19
Pixel 473, 506, 1, 1, 4.80374e+19
=== 3995196 ===
--- pALPIDEfs_5 ---
Pixel 830, 150, 1, 1, 4.80374e+19
Pixel 831, 150, 1, 1, 4.80374e+19
=== 4030551 ===
--- pALPIDEfs_0 ---
Pixel 457, 83, 1, 1, 4.80374e+19
--- pALPIDEfs_1 ---
Pixel 981, 459, 1, 1, 4.80374e+19
Pixel 980, 459, 1, 1, 4.80374e+19
Pixel 980, 460, 1, 1, 4.80374e+19
Pixel 981, 460, 1, 1, 4.80374e+19
=== 4037805 ===
--- pALPIDEfs_2 ---
Pixel 151, 288, 1, 1, 4.80374e+19
Pixel 151, 289, 1, 1, 4.80374e+19
Pixel 150, 289, 1, 1, 4.80374e+19
Pixel 153, 287, 1, 1, 4.80374e+19
Pixel 152, 288, 1, 1, 4.80374e+19
Pixel 153, 288, 1, 1, 4.80374e+19
=== 4055463 ===
--- pALPIDEfs_3 ---
Pixel 395, 299, 1, 1, 4.80374e+19
=== 4057721 ===
--- pALPIDEfs_3 ---
Pixel 164, 375, 1, 1, 4.80374e+19
Pixel 164, 376, 1, 1, 4.80374e+19
=== 4089873 ===
--- pALPIDEfs_3 ---
Pixel 725, 38, 1, 1, 4.80374e+19
Pixel 725, 39, 1, 1, 4.80374e+19
Pixel 726, 38, 1, 1, 4.80374e+19
=== 4092439 ===
--- pALPIDEfs_6 ---
Pixel 546, 250, 1, 1, 4.80374e+19
=== 4098148 ===
--- pALPIDEfs_0 ---
Pixel 335, 464, 1, 1, 4.80374e+19
Pixel 336, 464, 1, 1, 4.80374e+19
Pixel 337, 464, 1, 1, 4.80374e+19
Pixel 337, 465, 1, 1, 4.80374e+19
Pixel 336, 465, 1, 1, 4.80374e+19
=== 4113246 ===
--- pALPIDEfs_0 ---
Pixel 85, 25, 1, 1, 4.80374e+19
Pixel 86, 25, 1, 1, 4.80374e+19
=== 4120134 ===
--- pALPIDEfs_2 ---
Pixel 331, 356, 1, 1, 4.80374e+19
Pixel 331, 357, 1, 1, 4.80374e+19
Pixel 331, 358, 1, 1, 4.80374e+19
Pixel 332, 356, 1, 1, 4.80374e+19
Pixel 332, 357, 1, 1, 4.80374e+19
Pixel 332, 358, 1, 1, 4.80374e+19
=== 4123449 ===
--- pALPIDEfs_4 ---
Pixel 685, 15, 1, 1, 4.80374e+19
Pixel 685, 16, 1, 1, 4.80374e+19
=== 4135681 ===
--- pALPIDEfs_0 ---
Pixel 989, 237, 1, 1, 4.80374e+19
=== 4145621 ===
--- pALPIDEfs_5 ---
Pixel 645, 281, 1, 1, 4.80374e+19
Pixel 644, 281, 1, 1, 4.80374e+19
=== 4151210 ===
--- pALPIDEfs_5 ---
Pixel 431, 445, 1, 1, 4.80374e+19
Pixel 430, 445, 1, 1, 4.80374e+19
Pixel 430, 446, 1, 1, 4.80374e+19
Pixel 431, 446, 1, 1, 4.80374e+19
=== 4162369 ===
--- pALPIDEfs_2 ---
Pixel 743, 315, 1, 1, 4.80374e+19
Pixel 743, 316, 1, 1, 4.80374e+19
Pixel 744, 315, 1, 1, 4.80374e+19
Pixel 744, 316, 1, 1, 4.80374e+19
=== 4216874 ===
--- pALPIDEfs_4 ---
Pixel 601, 352, 1, 1, 4.80374e+19
Pixel 601, 353, 1, 1, 4.80374e+19
Pixel 600, 353, 1, 1, 4.80374e+19
=== 4223987 ===
--- pALPIDEfs_1 ---
Pixel 327, 23, 1, 1, 4.80374e+19
Pixel 326, 23, 1, 1, 4.80374e+19
--- pALPIDEfs_2 ---
Pixel 359, 337, 1, 1, 4.80374e+19
=== 4226017 ===
--- pALPIDEfs_1 ---
Pixel 207, 248, 1, 1, 4.80374e+19
=== 4231980 ===
--- pALPIDEfs_5 ---
Pixel 477, 400, 1, 1, 4.80374e+19
Pixel 478, 400, 1, 1, 4.80374e+19
=== 4234980 ===
--- pALPIDEfs_0 ---
Pixel 679, 433, 1, 1, 4.80374e+19
Pixel 680, 432, 1, 1, 4.80374e+19
Pixel 680, 433, 1, 1, 4.80374e+19
--- pALPIDEfs_1 ---
Pixel 789, 104, 1, 1, 4.80374e+19
Pixel 789, 105, 1, 1, 4.80374e+19
Pixel 788, 105, 1, 1, 4.80374e+19
=== 4241662 ===
--- pALPIDEfs_2 ---
Pixel 323, 59, 1, 1, 4.80374e+19
Pixel 322, 59, 1, 1, 4.80374e+19
=== 4270216 ===
--- pALPIDEfs_3 ---
Pixel 395, 299, 1, 1, 4.80374e+19
=== 4273189 ===
--- pALPIDEfs_4 ---
Pixel 351, 98, 1, 1, 4.80374e+19
Pixel 351, 99, 1, 1, 4.80374e+19
=== 4290239 ===
--- pALPIDEfs_6 ---
Pixel 988, 6, 1, 1, 4.80374e+19
Pixel 989, 6, 1, 1, 4.80374e+19
Pixel 989, 7, 1, 1, 4.80374e+19
Pixel 988, 7, 1, 1, 4.80374e+19
=== 4308852 ===
--- pALPIDEfs_6 ---
Pixel 284, 93, 1, 1, 4.80374e+19
=== 4330772 ===
--- pALPIDEfs_5 ---
Pixel 942, 334, 1, 1, 4.80374e+19
Pixel 942, 335, 1, 1, 4.80374e+19
=== 4337012 ===
--- pALPIDEfs_5 ---
Pixel 807, 392, 1, 1, 4.80374e+19
Pixel 808, 391, 1, 1, 4.80374e+19
Pixel 808, 392, 1, 1, 4.80374e+19
=== 4344794 ===
--- pALPIDEfs_3 ---
Pixel 359, 267, 1, 1, 4.80374e+19
=== 4346022 ===
--- pALPIDEfs_2 ---
Pixel 880, 368, 1, 1, 4.80374e+19
Pixel 881, 368, 1, 1, 4.80374e+19
Pixel 881, 369, 1, 1, 4.80374e+19
=== 4358061 ===
--- pALPIDEfs_5 ---
Pixel 481, 279, 1, 1, 4.80374e+19
Pixel 480, 279, 1, 1, 4.80374e+19
Pixel 480, 280, 1, 1, 4.80374e+19
=== 4359504 ===
--- pALPIDEfs_0 ---
Pixel 867, 22, 1, 1, 4.80374e+19
Pixel 867, 23, 1, 1, 4.80374e+19
=== 4367923 ===
--- pALPIDEfs_1 ---
Pixel 969, 298, 1, 1, 4.80374e+19
Pixel 970, 297, 1, 1, 4.80374e+19
Pixel 970, 298, 1, 1, 4.80374e+19
Pixel 971, 298, 1, 1, 4.80374e+19
=== 4378920 ===
--- pALPIDEfs_2 ---
Pixel 130, 101, 1, 1, 4.80374e+19
Pixel 130, 102, 1, 1, 4.80374e+19
Pixel 131, 102, 1, 1, 4.80374e+19
Pixel 131, 103, 1, 1, 4.80374e+19
=== 4388298 ===
--- pALPIDEfs_4 ---
Pixel 812, 446, 1, 1, 4.80374e+19
Pixel 813, 446, 1, 1, 4.80374e+19
Pixel 813, 447, 1, 1, 4.80374e+19
Pixel 813, 448, 1, 1, 4.80374e+19
Pixel 814, 448, 1, 1, 4.80374e+19
Pixel 814, 449, 1, 1, 4.80374e+19
Pixel 815, 450, 1, 1, 4.80374e+19
=== 4395964 ===
--- pALPIDEfs_5 ---
Pixel 515, 483, 1, 1, 4.80374e+19
Pixel 514, 483, 1, 1, 4.80374e+19
=== 4401840 ===
--- pALPIDEfs_4 ---
Pixel 383, 259, 1, 1, 4.80374e+19
Pixel 383, 260, 1, 1, 4.80374e+19
Pixel 383, 261, 1, 1, 4.80374e+19
Pixel 384, 261, 1, 1, 4.80374e+19
Pixel 384, 262, 1, 1, 4.80374e+19
=== 4411666 ===
--- pALPIDEfs_2 ---
Pixel 287, 40, 1, 1, 4.80374e+19
Pixel 287, 41, 1, 1, 4.80374e+19
Pixel 288, 40, 1, 1, 4.80374e+19
Pixel 288, 41, 1, 1, 4.80374e+19
=== 4432880 ===
--- pALPIDEfs_6 ---
Pixel 940, 92, 1, 1, 4.80374e+19
Pixel 941, 92, 1, 1, 4.80374e+19
=== 4453672 ===
--- pALPIDEfs_1 ---
Pixel 680, 299, 1, 1, 4.80374e+19
=== 4460013 ===
--- pALPIDEfs_6 ---
Pixel 245, 353, 1, 1, 4.80374e+19
=== 4461649 ===
--- pALPIDEfs_3 ---
Pixel 173, 346, 1, 1, 4.80374e+19
Pixel 173, 347, 1, 1, 4.80374e+19
Pixel 174, 345, 1, 1, 4.80374e+19
Pixel 174, 346, 1, 1, 4.80374e+19
Pixel 174, 347, 1, 1, 4.80374e+19
=== 4463728 ===
--- pALPIDEfs_5 ---
Pixel 554, 163, 1, 1, 4.80374e+19
Pixel 554, 164, 1, 1, 4.80374e+19
=== 4466941 ===
--- pALPIDEfs_5 ---
Pixel 960, 262, 1, 1, 4.80374e+19
Pixel 961, 262, 1, 1, 4.80374e+19
Pixel 961, 263, 1, 1, 4.80374e+19
Pixel 963, 263, 1, 1, 4.80374e+19
Pixel 962, 263, 1, 1, 4.80374e+19
Pixel 962, 264, 1, 1, 4.80374e+19
Pixel 963, 264, 1, 1, 4.80374e+19
Pixel 963, 265, 1, 1, 4.80374e+19
Pixel 964, 265, 1, 1, 4.80374e+19
Pixel 964, 266, 1, 1, 4.80374e+19
Pixel 965, 266, 1, 1, 4.80374e+19
Pixel 965, 267, 1, 1, 4.80374e+19
Pixel 965, 268, 1, 1, 4.80374e+19
Pixel 965, 269, 1, 1, 4.80374e+19
Pixel 965, 270, 1, 1, 4.80374e+19
Pixel 966, 269, 1, 1, 4.80374e+19
Pixel 966, 270, 1, 1, 4.80374e+19
=== 4468167 ===
--- pALPIDEfs_2 ---
Pixel 274, 377, 1, 1, 4.80374e+19
Pixel 274, 378, 1, 1, 4.80374e+19
--- pALPIDEfs_3 ---
Pixel 375, 370, 1, 1, 4.80374e+19
Pixel 376, 370, 1, 1, 4.80374e+19
Pixel 376, 371, 1, 1, 4.80374e+19
=== 4474780 ===
--- pALPIDEfs_0 ---
Pixel 794, 133, 1, 1, 4.80374e+19
Pixel 794, 134, 1, 1, 4.80374e+19
--- pALPIDEfs_1 ---
Pixel 953, 361, 1, 1, 4.80374e+19
=== 4477772 ===
--- pALPIDEfs_1 ---
Pixel 274, 226, 1, 1, 4.80374e+19
=== 4479595 ===
--- pALPIDEfs_4 ---
Pixel 8, 187, 1, 1, 4.80374e+19
Pixel 8, 188, 1, 1, 4.80374e+19
=== 4480423 ===
--- pALPIDEfs_2 ---
Pixel 15, 5, 1, 1, 4.80374e+19
Pixel 17, 5, 1, 1, 4.80374e+19
Pixel 16, 5, 1, 1, 4.80374e+19
Pixel 16, 6, 1, 1, 4.80374e+19
Pixel 17, 6, 1, 1, 4.80374e+19
Pixel 24, 11, 1, 1, 4.80374e+19
Pixel 24, 12, 1, 1, 4.80374e+19
Pixel 25, 12, 1, 1, 4.80374e+19
Pixel 25, 13, 1, 1, 4.80374e+19
Pixel 26, 13, 1, 1, 4.80374e+19
=== 4510171 ===
--- pALPIDEfs_2 ---
Pixel 511, 116, 1, 1, 4.80374e+19
Pixel 512, 116, 1, 1, 4.80374e+19
=== 4518217 ===
--- pALPIDEfs_5 ---
Pixel 616, 118, 1, 1, 4.80374e+19
Pixel 616, 119, 1, 1, 4.80374e+19
=== 4519193 ===
--- pALPIDEfs_3 ---
Pixel 234, 242, 1, 1, 4.80374e+19
=== 4520663 ===
--- pALPIDEfs_0 ---
Pixel 110, 312, 1, 1, 4.80374e+19
=== 4520974 ===
--- pALPIDEfs_4 ---
Pixel 272, 330, 1, 1, 4.80374e+19
--- pALPIDEfs_5 ---
Pixel 574, 451, 1, 1, 4.80374e+19
=== 4529046 ===
--- pALPIDEfs_2 ---
Pixel 34, 430, 1, 1, 4.80374e+19
Pixel 34, 431, 1, 1, 4.80374e+19
=== 4535776 ===
--- pALPIDEfs_4 ---
Pixel 367, 194, 1, 1, 4.80374e+19
Pixel 368, 194, 1, 1, 4.80374e+19
--- pALPIDEfs_5 ---
Pixel 665, 201, 1, 1, 4.80374e+19
Pixel 665, 202, 1, 1, 4.80374e+19
--- pALPIDEfs_6 ---
Pixel 873, 237, 1, 1, 4.80374e+19
Pixel 872, 237, 1, 1, 4.80374e+19
=== 4536314 ===
--- pALPIDEfs_5 ---
Pixel 285, 62, 1, 1, 4.80374e+19
=== 4562661 ===
--- pALPIDEfs_3 ---
Pixel 704, 336, 1, 1, 4.80374e+19
Pixel 705, 336, 1, 1, 4.80374e+19
Pixel 705, 337, 1, 1, 4.80374e+19
Pixel 704, 337, 1, 1, 4.80374e+19
=== 4581101 ===
--- pALPIDEfs_0 ---
Pixel 74, 144, 1, 1, 4.80374e+19
=== 4585128 ===
--- pALPIDEfs_3 ---
Pixel 653, 245, 1, 1, 4.80374e+19
Pixel 653, 246, 1, 1, 4.80374e+19
--- pALPIDEfs_4 ---
Pixel 497, 168, 1, 1, 4.80374e+19
Pixel 498, 168, 1, 1, 4.80374e+19
Pixel 498, 169, 1, 1, 4.80374e+19
=== 4608716 ===
--- pALPIDEfs_0 ---
Pixel 773, 377, 1, 1, 4.80374e+19
=== 4617799 ===
--- pALPIDEfs_1 ---
Pixel 510, 102, 1, 1, 4.80374e+19
Pixel 510, 103, 1, 1, 4.80374e+19
=== 4624143 ===
--- pALPIDEfs_2 ---
Pixel 447, 337, 1, 1, 4.80374e+19
Pixel 447, 338, 1, 1, 4.80374e+19
=== 4627486 ===
--- pALPIDEfs_4 ---
Pixel 867, 407, 1, 1, 4.80374e+19
Pixel 867, 408, 1, 1, 4.80374e+19
Pixel 868, 407, 1, 1, 4.80374e+19
--- pALPIDEfs_5 ---
Pixel 876, 13, 1, 1, 4.80374e+19
Pixel 876, 14, 1, 1, 4.80374e+19
Pixel 877, 14, 1, 1, 4.80374e+19
=== 4637643 ===
--- pALPIDEfs_0 ---
Pixel 350, 40, 1, 1, 4.80374e+19
Pixel 351, 40, 1, 1, 4.80374e+19
=== 4641025 ===
--- pALPIDEfs_1 ---
Pixel 437, 221, 1, 1, 4.80374e+19
=== 4648073 ===
--- pALPIDEfs_0 ---
Pixel 532, 49, 1, 1, 4.80374e+19
--- pALPIDEfs_1 ---
Pixel 31, 164, 1, 1, 4.80374e+19
Pixel 32, 164, 1, 1, 4.80374e+19
=== 4672405 ===
--- pALPIDEfs_0 ---
Pixel 41, 232, 1, 1, 4.80374e+19
Pixel 42, 232, 1, 1, 4.80374e+19
--- pALPIDEfs_1 ---
Pixel 369, 455, 1, 1, 4.80374e+19
Pixel 368, 455, 1, 1, 4.80374e+19
=== 4676333 ===
--- pALPIDEfs_2 ---
Pixel 171, 198, 1, 1, 4.80374e+19
Pixel 171, 199, 1, 1, 4.80374e+19
Pixel 170, 199, 1, 1, 4.80374e+19
Pixel 172, 198, 1, 1, 4.80374e+19
=== 4676575 ===
--- pALPIDEfs_2 ---
Pixel 735, 62, 1, 1, 4.80374e+19
Pixel 735, 63, 1, 1, 4.80374e+19
Pixel 736, 62, 1, 1, 4.80374e+19
Pixel 736, 63, 1, 1, 4.80374e+19
=== 4701224 ===
--- pALPIDEfs_6 ---
Pixel 681, 101, 1, 1, 4.80374e+19
Pixel 681, 102, 1, 1, 4.80374e+19
Pixel 682, 101, 1, 1, 4.80374e+19
Pixel 682, 102, 1, 1, 4.80374e+19
=== 4706546 ===
--- pALPIDEfs_3 ---
Pixel 322, 500, 1, 1, 4.80374e+19
Pixel 323, 500, 1, 1, 4.80374e+19
Pixel 323, 501, 1, 1, 4.80374e+19
Pixel 322, 501, 1, 1, 4.80374e+19
Pixel 323, 502, 1, 1, 4.80374e+19
Pixel 324, 501, 1, 1, 4.80374e+19
=== 4711828 ===
--- pALPIDEfs_6 ---
Pixel 355, 496, 1, 1, 4.80374e+19
Pixel 356, 496, 1, 1, 4.80374e+19
=== 4720115 ===
--- pALPIDEfs_4 ---
Pixel 321, 421, 1, 1, 4.80374e+19
Pixel 320, 421, 1, 1, 4.80374e+19
Pixel 320, 422, 1, 1, 4.80374e+19
Pixel 321, 422, 1, 1, 4.80374e+19
--- pALPIDEfs_5 ---
Pixel 165, 359, 1, 1, 4.80374e+19
--- pALPIDEfs_6 ---
Pixel 47, 233, 1, 1, 4.80374e+19
=== 4725107 ===
--- pALPIDEfs_3 ---
Pixel 883, 493, 1, 1, 4.80374e+19
Pixel 883, 494, 1, 1, 4.80374e+19
Pixel 884, 493, 1, 1, 4.80374e+19
Pixel 884, 494, 1, 1, 4.80374e+19
Pixel 884, 495, 1, 1, 4.80374e+19
Pixel 884, 496, 1, 1, 4.80374e+19
Pixel 885, 496, 1, 1, 4.80374e+19
Pixel 885, 497, 1, 1, 4.80374e+19
Pixel 884, 497, 1, 1, 4.80374e+19
Pixel 885, 498, 1, 1, 4.80374e+19
Pixel 885, 499, 1, 1, 4.80374e+19
Pixel 886, 498, 1, 1, 4.80374e+19
Pixel 886, 499, 1, 1, 4.80374e+19
Pixel 886, 500, 1, 1, 4.80374e+19
Pixel 887, 500, 1, 1, 4.80374e+19
Pixel 887, 501, 1, 1, 4.80374e+19
Pixel 886, 501, 1, 1, 4.80374e+19
Pixel 887, 502, 1, 1, 4.80374e+19
Pixel 888, 501, 1, 1, 4.80374e+19
Pixel 888, 502, 1, 1, 4.80374e+19
Pixel 888, 503, 1, 1, 4.80374e+19
=== 4738422 ===
--- pALPIDEfs_2 ---
Pixel 410, 103, 1, 1, 4.80374e+19
Pixel 410, 104, 1, 1, 4.80374e+19
=== 4742329 ===
--- pALPIDEfs_4 ---
Pixel 989, 46, 1, 1, 4.80374e+19
Pixel 989, 47, 1, 1, 4.80374e+19
Pixel 988, 48, 1, 1, 4.80374e+19
Pixel 989, 48, 1, 1, 4.80374e+19
Pixel 990, 44, 1, 1, 4.80374e+19
Pixel 990, 45, 1, 1, 4.80374e+19
Pixel 990, 46, 1, 1, 4.80374e+19
Pixel 990, 47, 1, 1, 4.80374e+19
=== 4760025 ===
--- pALPIDEfs_0 ---
Pixel 709, 318, 1, 1, 4.80374e+19
Pixel 709, 319, 1, 1, 4.80374e+19
Pixel 710, 317, 1, 1, 4.80374e+19
Pixel 710, 318, 1, 1, 4.80374e+19
Pixel 710, 319, 1, 1, 4.80374e+19
=== 4766728 ===
--- pALPIDEfs_2 ---
Pixel 296, 326, 1, 1, 4.80374e+19
Pixel 297, 327, 1, 1, 4.80374e+19
Pixel 296, 327, 1, 1, 4.80374e+19
=== 4779268 ===
--- pALPIDEfs_1 ---
Pixel 417, 63, 1, 1, 4.80374e+19
--- pALPIDEfs_2 ---
Pixel 764, 140, 1, 1, 4.80374e+19
Pixel 764, 141, 1, 1, 4.80374e+19
=== 4780406 ===
--- pALPIDEfs_1 ---
Pixel 305, 439, 1, 1, 4.80374e+19
--- pALPIDEfs_2 ---
Pixel 122, 227, 1, 1, 4.80374e+19
--- pALPIDEfs_5 ---
Pixel 95, 459, 1, 1, 4.80374e+19
=== 4787058 ===
--- pALPIDEfs_3 ---
Pixel 290, 100, 1, 1, 4.80374e+19
Pixel 291, 100, 1, 1, 4.80374e+19
Pixel 291, 101, 1, 1, 4.80374e+19
Pixel 290, 101, 1, 1, 4.80374e+19
=== 4787059 ===
--- pALPIDEfs_3 ---
Pixel 290, 101, 1, 1, 4.80374e+19
=== 4788253 ===
--- pALPIDEfs_2 ---
Pixel 19, 341, 1, 1, 4.80374e+19
Pixel 19, 342, 1, 1, 4.80374e+19
Pixel 20, 342, 1, 1, 4.80374e+19
--- pALPIDEfs_3 ---
Pixel 277, 203, 1, 1, 4.80374e+19
Pixel 276, 203, 1, 1, 4.80374e+19
Pixel 277, 204, 1, 1, 4.80374e+19
--- pALPIDEfs_4 ---
Pixel 557, 53, 1, 1, 4.80374e+19
Pixel 556, 54, 1, 1, 4.80374e+19
Pixel 557, 54, 1, 1, 4.80374e+19
=== 4793019 ===
--- pALPIDEfs_4 ---
Pixel 139, 329, 1, 1, 4.80374e+19
Pixel 139, 330, 1, 1, 4.80374e+19
Pixel 139, 331, 1, 1, 4.80374e+19
Pixel 139, 332, 1, 1, 4.80374e+19
Pixel 140, 329, 1, 1, 4.80374e+19
Pixel 140, 330, 1, 1, 4.80374e+19
Pixel 140, 331, 1, 1, 4.80374e+19
Pixel 140, 332, 1, 1, 4.80374e+19
=== 4813566 ===
--- pALPIDEfs_6 ---
Pixel 497, 189, 1, 1, 4.80374e+19
Pixel 496, 189, 1, 1, 4.80374e+19
Pixel 496, 190, 1, 1, 4.80374e+19
Pixel 497, 190, 1, 1, 4.80374e+19
=== 4830227 ===
--- pALPIDEfs_2 ---
Pixel 591, 279, 1, 1, 4.80374e+19
Pixel 590, 279, 1, 1, 4.80374e+19
Pixel 590, 280, 1, 1, 4.80374e+19
=== 4844115 ===
--- pALPIDEfs_3 ---
Pixel 395, 299, 1, 1, 4.80374e+19
=== 4859022 ===
--- pALPIDEfs_2 ---
Pixel 763, 510, 1, 1, 4.80374e+19
Pixel 764, 509, 1, 1, 4.80374e+19
Pixel 764, 510, 1, 1, 4.80374e+19
Pixel 764, 511, 1, 1, 4.80374e+19
Pixel 767, 506, 1, 1, 4.80374e+19
Pixel 768, 506, 1, 1, 4.80374e+19
Pixel 769, 506, 1, 1, 4.80374e+19
Pixel 770, 506, 1, 1, 4.80374e+19
=== 4870851 ===
--- pALPIDEfs_1 ---
Pixel 367, 252, 1, 1, 4.80374e+19
Pixel 367, 253, 1, 1, 4.80374e+19
Pixel 368, 252, 1, 1, 4.80374e+19
Pixel 368, 253, 1, 1, 4.80374e+19
=== 4873482 ===
--- pALPIDEfs_4 ---
Pixel 994, 282, 1, 1, 4.80374e+19
Pixel 995, 282, 1, 1, 4.80374e+19
=== 4878627 ===
--- pALPIDEfs_1 ---
Pixel 1003, 76, 1, 1, 4.80374e+19
Pixel 1003, 77, 1, 1, 4.80374e+19
Pixel 1002, 77, 1, 1, 4.80374e+19
Pixel 1002, 78, 1, 1, 4.80374e+19
Pixel 1003, 78, 1, 1, 4.80374e+19
Pixel 1003, 79, 1, 1, 4.80374e+19
Pixel 1004, 76, 1, 1, 4.80374e+19
Pixel 1005, 77, 1, 1, 4.80374e+19
Pixel 1004, 77, 1, 1, 4.80374e+19
Pixel 1004, 78, 1, 1, 4.80374e+19
Pixel 1005, 78, 1, 1, 4.80374e+19
Pixel 1004, 79, 1, 1, 4.80374e+19
=== 4879851 ===
--- pALPIDEfs_5 ---
Pixel 235, 444, 1, 1, 4.80374e+19
Pixel 237, 443, 1, 1, 4.80374e+19
Pixel 236, 443, 1, 1, 4.80374e+19
Pixel 236, 444, 1, 1, 4.80374e+19
Pixel 237, 444, 1, 1, 4.80374e+19
Pixel 239, 442, 1, 1, 4.80374e+19
Pixel 239, 443, 1, 1, 4.80374e+19
Pixel 238, 443, 1, 1, 4.80374e+19
Pixel 241, 441, 1, 1, 4.80374e+19
Pixel 240, 442, 1, 1, 4.80374e+19
Pixel 241, 442, 1, 1, 4.80374e+19
Pixel 242, 440, 1, 1, 4.80374e+19
Pixel 243, 440, 1, 1, 4.80374e+19
Pixel 243, 441, 1, 1, 4.80374e+19
Pixel 242, 441, 1, 1, 4.80374e+19
=== 4887092 ===
--- pALPIDEfs_4 ---
Pixel 434, 96, 1, 1, 4.80374e+19
Pixel 434, 97, 1, 1, 4.80374e+19
=== 4889584 ===
--- pALPIDEfs_4 ---
Pixel 614, 146, 1, 1, 4.80374e+19
Pixel 615, 146, 1, 1, 4.80374e+19
--- pALPIDEfs_5 ---
Pixel 862, 348, 1, 1, 4.80374e+19
Pixel 862, 349, 1, 1, 4.80374e+19
=== 4913039 ===
--- pALPIDEfs_4 ---
Pixel 351, 367, 1, 1, 4.80374e+19
Pixel 352, 367, 1, 1, 4.80374e+19
=== 4927599 ===
--- pALPIDEfs_1 ---
Pixel 344, 361, 1, 1, 4.80374e+19
Pixel 344, 362, 1, 1, 4.80374e+19
--- pALPIDEfs_2 ---
Pixel 275, 297, 1, 1, 4.80374e+19
--- pALPIDEfs_3 ---
Pixel 295, 312, 1, 1, 4.80374e+19
Pixel 296, 312, 1, 1, 4.80374e+19
=== 4934875 ===
--- pALPIDEfs_1 ---
Pixel 494, 310, 1, 1, 4.80374e+19
Pixel 495, 310, 1, 1, 4.80374e+19
Pixel 495, 311, 1, 1, 4.80374e+19
Pixel 494, 311, 1, 1, 4.80374e+19
=== 4938361 ===
--- pALPIDEfs_1 ---
Pixel 131, 231, 1, 1, 4.80374e+19
Pixel 131, 232, 1, 1, 4.80374e+19
=== 4939155 ===
--- pALPIDEfs_4 ---
Pixel 426, 178, 1, 1, 4.80374e+19
=== 4943607 ===
--- pALPIDEfs_0 ---
Pixel 337, 104, 1, 1, 4.80374e+19
Pixel 337, 105, 1, 1, 4.80374e+19
Pixel 338, 104, 1, 1, 4.80374e+19
Pixel 338, 105, 1, 1, 4.80374e+19
=== 4952231 ===
--- pALPIDEfs_3 ---
Pixel 557, 180, 1, 1, 4.80374e+19
=== 4975594 ===
--- pALPIDEfs_5 ---
Pixel 647, 275, 1, 1, 4.80374e+19
Pixel 648, 275, 1, 1, 4.80374e+19
=== 4979687 ===
--- pALPIDEfs_2 ---
Pixel 365, 165, 1, 1, 4.80374e+19
Pixel 366, 165, 1, 1, 4.80374e+19
=== 4988344 ===
--- pALPIDEfs_5 ---
Pixel 626, 495, 1, 1, 4.80374e+19
Pixel 626, 496, 1, 1, 4.80374e+19
=== 5007970 ===
--- pALPIDEfs_3 ---
Pixel 5, 31, 1, 1, 4.80374e+19
Pixel 4, 31, 1, 1, 4.80374e+19
Pixel 4, 32, 1, 1, 4.80374e+19
Pixel 5, 32, 1, 1, 4.80374e+19
Pixel 5, 33, 1, 1, 4.80374e+19
Pixel 4, 33, 1, 1, 4.80374e+19
Pixel 7, 23, 1, 1, 4.80374e+19
Pixel 6, 23, 1, 1, 4.80374e+19
Pixel 6, 24, 1, 1, 4.80374e+19
Pixel 7, 24, 1, 1, 4.80374e+19
=== 5010734 ===
--- pALPIDEfs_0 ---
Pixel 245, 450, 1, 1, 4.80374e+19
Pixel 245, 451, 1, 1, 4.80374e+19
Pixel 245, 452, 1, 1, 4.80374e+19
Pixel 246, 450, 1, 1, 4.80374e+19
Pixel 247, 450, 1, 1, 4.80374e+19
Pixel 246, 451, 1, 1, 4.80374e+19
=== 5013143 ===
--- pALPIDEfs_2 ---
Pixel 662, 304, 1, 1, 4.80374e+19
Pixel 663, 305, 1, 1, 4.80374e+19
Pixel 662, 305, 1, 1, 4.80374e+19
Pixel 662, 306, 1, 1, 4.80374e+19
Pixel 663, 306, 1, 1, 4.80374e+19
=== 5016471 ===
--- pALPIDEfs_6 ---
Pixel 847, 298, 1, 1, 4.80374e+19
Pixel 847, 299, 1, 1, 4.80374e+19
Pixel 846, 299, 1, 1, 4.80374e+19
Pixel 846, 300, 1, 1, 4.80374e+19
Pixel 847, 300, 1, 1, 4.80374e+19
Pixel 847, 301, 1, 1, 4.80374e+19
Pixel 846, 301, 1, 1, 4.80374e+19
