Run: Cosmics000397
=== 2 ===
--- pALPIDEfs_3 ---
Pixel 238, 320, 1, 1, 4.80374e+19
Pixel 238, 320, 1, 1, 4.80374e+19
=== 3 ===
--- pALPIDEfs_0 ---
Pixel 92, 0, 1, 1, 4.80374e+19
Pixel 93, 0, 1, 1, 4.80374e+19
Pixel 93, 1, 1, 1, 4.80374e+19
Pixel 92, 1, 1, 1, 4.80374e+19
Pixel 92, 2, 1, 1, 4.80374e+19
Pixel 93, 2, 1, 1, 4.80374e+19
Pixel 93, 3, 1, 1, 4.80374e+19
Pixel 92, 3, 1, 1, 4.80374e+19
Pixel 92, 4, 1, 1, 4.80374e+19
Pixel 93, 4, 1, 1, 4.80374e+19
Pixel 93, 5, 1, 1, 4.80374e+19
Pixel 92, 5, 1, 1, 4.80374e+19
Pixel 92, 6, 1, 1, 4.80374e+19
Pixel 93, 6, 1, 1, 4.80374e+19
Pixel 93, 7, 1, 1, 4.80374e+19
Pixel 92, 7, 1, 1, 4.80374e+19
Pixel 92, 8, 1, 1, 4.80374e+19
Pixel 93, 8, 1, 1, 4.80374e+19
Pixel 93, 9, 1, 1, 4.80374e+19
Pixel 92, 9, 1, 1, 4.80374e+19
Pixel 92, 10, 1, 1, 4.80374e+19
Pixel 93, 10, 1, 1, 4.80374e+19
Pixel 93, 11, 1, 1, 4.80374e+19
Pixel 92, 11, 1, 1, 4.80374e+19
Pixel 92, 12, 1, 1, 4.80374e+19
Pixel 93, 12, 1, 1, 4.80374e+19
Pixel 93, 13, 1, 1, 4.80374e+19
Pixel 92, 13, 1, 1, 4.80374e+19
Pixel 92, 14, 1, 1, 4.80374e+19
Pixel 93, 14, 1, 1, 4.80374e+19
Pixel 93, 15, 1, 1, 4.80374e+19
Pixel 92, 15, 1, 1, 4.80374e+19
Pixel 92, 16, 1, 1, 4.80374e+19
Pixel 93, 16, 1, 1, 4.80374e+19
Pixel 93, 17, 1, 1, 4.80374e+19
Pixel 92, 17, 1, 1, 4.80374e+19
Pixel 92, 18, 1, 1, 4.80374e+19
Pixel 93, 18, 1, 1, 4.80374e+19
Pixel 93, 19, 1, 1, 4.80374e+19
Pixel 92, 19, 1, 1, 4.80374e+19
Pixel 92, 20, 1, 1, 4.80374e+19
Pixel 93, 20, 1, 1, 4.80374e+19
Pixel 93, 21, 1, 1, 4.80374e+19
Pixel 92, 21, 1, 1, 4.80374e+19
Pixel 92, 22, 1, 1, 4.80374e+19
Pixel 93, 22, 1, 1, 4.80374e+19
Pixel 93, 23, 1, 1, 4.80374e+19
Pixel 92, 23, 1, 1, 4.80374e+19
Pixel 92, 24, 1, 1, 4.80374e+19
Pixel 93, 24, 1, 1, 4.80374e+19
Pixel 93, 25, 1, 1, 4.80374e+19
Pixel 92, 25, 1, 1, 4.80374e+19
Pixel 92, 26, 1, 1, 4.80374e+19
Pixel 93, 26, 1, 1, 4.80374e+19
Pixel 93, 27, 1, 1, 4.80374e+19
Pixel 92, 27, 1, 1, 4.80374e+19
Pixel 92, 28, 1, 1, 4.80374e+19
Pixel 93, 28, 1, 1, 4.80374e+19
Pixel 93, 29, 1, 1, 4.80374e+19
Pixel 92, 29, 1, 1, 4.80374e+19
Pixel 92, 30, 1, 1, 4.80374e+19
Pixel 93, 30, 1, 1, 4.80374e+19
Pixel 93, 31, 1, 1, 4.80374e+19
Pixel 92, 31, 1, 1, 4.80374e+19
Pixel 92, 32, 1, 1, 4.80374e+19
Pixel 93, 32, 1, 1, 4.80374e+19
Pixel 93, 33, 1, 1, 4.80374e+19
Pixel 92, 33, 1, 1, 4.80374e+19
Pixel 92, 34, 1, 1, 4.80374e+19
Pixel 93, 34, 1, 1, 4.80374e+19
Pixel 93, 35, 1, 1, 4.80374e+19
Pixel 92, 35, 1, 1, 4.80374e+19
Pixel 92, 36, 1, 1, 4.80374e+19
Pixel 93, 36, 1, 1, 4.80374e+19
Pixel 93, 37, 1, 1, 4.80374e+19
Pixel 92, 37, 1, 1, 4.80374e+19
Pixel 92, 38, 1, 1, 4.80374e+19
Pixel 93, 38, 1, 1, 4.80374e+19
Pixel 93, 39, 1, 1, 4.80374e+19
Pixel 92, 39, 1, 1, 4.80374e+19
Pixel 92, 40, 1, 1, 4.80374e+19
Pixel 93, 40, 1, 1, 4.80374e+19
Pixel 93, 41, 1, 1, 4.80374e+19
Pixel 92, 41, 1, 1, 4.80374e+19
Pixel 92, 42, 1, 1, 4.80374e+19
Pixel 93, 42, 1, 1, 4.80374e+19
Pixel 93, 43, 1, 1, 4.80374e+19
Pixel 92, 43, 1, 1, 4.80374e+19
Pixel 92, 44, 1, 1, 4.80374e+19
Pixel 93, 44, 1, 1, 4.80374e+19
Pixel 93, 45, 1, 1, 4.80374e+19
Pixel 92, 45, 1, 1, 4.80374e+19
Pixel 92, 46, 1, 1, 4.80374e+19
Pixel 93, 46, 1, 1, 4.80374e+19
Pixel 93, 47, 1, 1, 4.80374e+19
Pixel 92, 47, 1, 1, 4.80374e+19
Pixel 92, 48, 1, 1, 4.80374e+19
Pixel 93, 48, 1, 1, 4.80374e+19
Pixel 93, 49, 1, 1, 4.80374e+19
Pixel 92, 49, 1, 1, 4.80374e+19
Pixel 92, 50, 1, 1, 4.80374e+19
Pixel 93, 50, 1, 1, 4.80374e+19
Pixel 93, 51, 1, 1, 4.80374e+19
Pixel 92, 51, 1, 1, 4.80374e+19
Pixel 92, 52, 1, 1, 4.80374e+19
Pixel 93, 52, 1, 1, 4.80374e+19
Pixel 93, 53, 1, 1, 4.80374e+19
Pixel 92, 53, 1, 1, 4.80374e+19
Pixel 92, 54, 1, 1, 4.80374e+19
Pixel 93, 54, 1, 1, 4.80374e+19
Pixel 93, 55, 1, 1, 4.80374e+19
Pixel 92, 55, 1, 1, 4.80374e+19
Pixel 92, 56, 1, 1, 4.80374e+19
Pixel 93, 56, 1, 1, 4.80374e+19
Pixel 93, 57, 1, 1, 4.80374e+19
Pixel 92, 57, 1, 1, 4.80374e+19
Pixel 92, 58, 1, 1, 4.80374e+19
Pixel 93, 58, 1, 1, 4.80374e+19
Pixel 93, 59, 1, 1, 4.80374e+19
Pixel 92, 59, 1, 1, 4.80374e+19
Pixel 92, 60, 1, 1, 4.80374e+19
Pixel 93, 60, 1, 1, 4.80374e+19
Pixel 93, 61, 1, 1, 4.80374e+19
Pixel 92, 61, 1, 1, 4.80374e+19
Pixel 92, 62, 1, 1, 4.80374e+19
Pixel 93, 62, 1, 1, 4.80374e+19
Pixel 93, 63, 1, 1, 4.80374e+19
Pixel 92, 63, 1, 1, 4.80374e+19
Pixel 92, 64, 1, 1, 4.80374e+19
Pixel 93, 64, 1, 1, 4.80374e+19
Pixel 93, 65, 1, 1, 4.80374e+19
Pixel 92, 65, 1, 1, 4.80374e+19
Pixel 92, 66, 1, 1, 4.80374e+19
Pixel 93, 66, 1, 1, 4.80374e+19
Pixel 93, 67, 1, 1, 4.80374e+19
Pixel 92, 67, 1, 1, 4.80374e+19
Pixel 92, 68, 1, 1, 4.80374e+19
Pixel 93, 68, 1, 1, 4.80374e+19
Pixel 93, 69, 1, 1, 4.80374e+19
Pixel 92, 69, 1, 1, 4.80374e+19
Pixel 92, 70, 1, 1, 4.80374e+19
Pixel 93, 70, 1, 1, 4.80374e+19
Pixel 93, 71, 1, 1, 4.80374e+19
Pixel 92, 71, 1, 1, 4.80374e+19
Pixel 92, 72, 1, 1, 4.80374e+19
Pixel 93, 72, 1, 1, 4.80374e+19
Pixel 93, 73, 1, 1, 4.80374e+19
Pixel 92, 73, 1, 1, 4.80374e+19
Pixel 92, 74, 1, 1, 4.80374e+19
Pixel 93, 74, 1, 1, 4.80374e+19
Pixel 93, 75, 1, 1, 4.80374e+19
Pixel 92, 75, 1, 1, 4.80374e+19
Pixel 92, 76, 1, 1, 4.80374e+19
Pixel 93, 76, 1, 1, 4.80374e+19
Pixel 93, 77, 1, 1, 4.80374e+19
Pixel 92, 77, 1, 1, 4.80374e+19
Pixel 92, 78, 1, 1, 4.80374e+19
Pixel 93, 78, 1, 1, 4.80374e+19
Pixel 93, 79, 1, 1, 4.80374e+19
Pixel 92, 79, 1, 1, 4.80374e+19
Pixel 92, 80, 1, 1, 4.80374e+19
Pixel 93, 80, 1, 1, 4.80374e+19
Pixel 93, 81, 1, 1, 4.80374e+19
Pixel 92, 81, 1, 1, 4.80374e+19
Pixel 92, 82, 1, 1, 4.80374e+19
Pixel 93, 82, 1, 1, 4.80374e+19
Pixel 93, 83, 1, 1, 4.80374e+19
Pixel 92, 83, 1, 1, 4.80374e+19
Pixel 92, 84, 1, 1, 4.80374e+19
Pixel 93, 84, 1, 1, 4.80374e+19
Pixel 93, 85, 1, 1, 4.80374e+19
Pixel 92, 85, 1, 1, 4.80374e+19
Pixel 92, 86, 1, 1, 4.80374e+19
Pixel 93, 86, 1, 1, 4.80374e+19
Pixel 93, 87, 1, 1, 4.80374e+19
Pixel 92, 87, 1, 1, 4.80374e+19
Pixel 92, 88, 1, 1, 4.80374e+19
Pixel 93, 88, 1, 1, 4.80374e+19
Pixel 93, 89, 1, 1, 4.80374e+19
Pixel 92, 89, 1, 1, 4.80374e+19
Pixel 92, 90, 1, 1, 4.80374e+19
Pixel 93, 90, 1, 1, 4.80374e+19
Pixel 93, 91, 1, 1, 4.80374e+19
Pixel 92, 91, 1, 1, 4.80374e+19
Pixel 92, 92, 1, 1, 4.80374e+19
Pixel 93, 92, 1, 1, 4.80374e+19
Pixel 93, 93, 1, 1, 4.80374e+19
Pixel 92, 93, 1, 1, 4.80374e+19
Pixel 92, 94, 1, 1, 4.80374e+19
Pixel 93, 94, 1, 1, 4.80374e+19
Pixel 93, 95, 1, 1, 4.80374e+19
Pixel 92, 95, 1, 1, 4.80374e+19
Pixel 92, 96, 1, 1, 4.80374e+19
Pixel 93, 96, 1, 1, 4.80374e+19
Pixel 93, 97, 1, 1, 4.80374e+19
Pixel 92, 97, 1, 1, 4.80374e+19
Pixel 92, 98, 1, 1, 4.80374e+19
Pixel 93, 98, 1, 1, 4.80374e+19
Pixel 93, 99, 1, 1, 4.80374e+19
Pixel 92, 99, 1, 1, 4.80374e+19
Pixel 92, 100, 1, 1, 4.80374e+19
Pixel 93, 100, 1, 1, 4.80374e+19
Pixel 93, 101, 1, 1, 4.80374e+19
Pixel 92, 101, 1, 1, 4.80374e+19
Pixel 92, 102, 1, 1, 4.80374e+19
Pixel 93, 102, 1, 1, 4.80374e+19
Pixel 93, 103, 1, 1, 4.80374e+19
Pixel 92, 103, 1, 1, 4.80374e+19
Pixel 92, 104, 1, 1, 4.80374e+19
Pixel 93, 104, 1, 1, 4.80374e+19
Pixel 93, 105, 1, 1, 4.80374e+19
Pixel 92, 105, 1, 1, 4.80374e+19
Pixel 92, 106, 1, 1, 4.80374e+19
Pixel 93, 106, 1, 1, 4.80374e+19
Pixel 93, 107, 1, 1, 4.80374e+19
Pixel 92, 107, 1, 1, 4.80374e+19
Pixel 92, 108, 1, 1, 4.80374e+19
Pixel 93, 108, 1, 1, 4.80374e+19
Pixel 93, 109, 1, 1, 4.80374e+19
Pixel 92, 109, 1, 1, 4.80374e+19
Pixel 92, 110, 1, 1, 4.80374e+19
Pixel 93, 110, 1, 1, 4.80374e+19
Pixel 93, 111, 1, 1, 4.80374e+19
Pixel 92, 111, 1, 1, 4.80374e+19
Pixel 92, 112, 1, 1, 4.80374e+19
Pixel 93, 112, 1, 1, 4.80374e+19
Pixel 93, 113, 1, 1, 4.80374e+19
Pixel 92, 113, 1, 1, 4.80374e+19
Pixel 92, 114, 1, 1, 4.80374e+19
Pixel 93, 114, 1, 1, 4.80374e+19
Pixel 93, 115, 1, 1, 4.80374e+19
Pixel 92, 115, 1, 1, 4.80374e+19
Pixel 92, 116, 1, 1, 4.80374e+19
Pixel 93, 116, 1, 1, 4.80374e+19
Pixel 93, 117, 1, 1, 4.80374e+19
Pixel 92, 117, 1, 1, 4.80374e+19
Pixel 92, 118, 1, 1, 4.80374e+19
Pixel 93, 118, 1, 1, 4.80374e+19
Pixel 93, 119, 1, 1, 4.80374e+19
Pixel 92, 119, 1, 1, 4.80374e+19
Pixel 92, 120, 1, 1, 4.80374e+19
Pixel 93, 120, 1, 1, 4.80374e+19
Pixel 93, 121, 1, 1, 4.80374e+19
Pixel 92, 121, 1, 1, 4.80374e+19
Pixel 92, 122, 1, 1, 4.80374e+19
Pixel 93, 122, 1, 1, 4.80374e+19
Pixel 93, 123, 1, 1, 4.80374e+19
Pixel 92, 123, 1, 1, 4.80374e+19
Pixel 92, 124, 1, 1, 4.80374e+19
Pixel 93, 124, 1, 1, 4.80374e+19
Pixel 93, 125, 1, 1, 4.80374e+19
Pixel 92, 125, 1, 1, 4.80374e+19
Pixel 92, 126, 1, 1, 4.80374e+19
Pixel 93, 126, 1, 1, 4.80374e+19
Pixel 93, 127, 1, 1, 4.80374e+19
Pixel 92, 127, 1, 1, 4.80374e+19
Pixel 92, 128, 1, 1, 4.80374e+19
Pixel 93, 128, 1, 1, 4.80374e+19
Pixel 93, 129, 1, 1, 4.80374e+19
Pixel 92, 129, 1, 1, 4.80374e+19
Pixel 92, 130, 1, 1, 4.80374e+19
Pixel 93, 130, 1, 1, 4.80374e+19
Pixel 93, 131, 1, 1, 4.80374e+19
Pixel 92, 131, 1, 1, 4.80374e+19
Pixel 92, 132, 1, 1, 4.80374e+19
Pixel 93, 132, 1, 1, 4.80374e+19
Pixel 93, 133, 1, 1, 4.80374e+19
Pixel 92, 133, 1, 1, 4.80374e+19
Pixel 92, 134, 1, 1, 4.80374e+19
Pixel 93, 134, 1, 1, 4.80374e+19
Pixel 93, 135, 1, 1, 4.80374e+19
Pixel 92, 135, 1, 1, 4.80374e+19
Pixel 92, 136, 1, 1, 4.80374e+19
Pixel 93, 136, 1, 1, 4.80374e+19
Pixel 93, 137, 1, 1, 4.80374e+19
Pixel 92, 137, 1, 1, 4.80374e+19
Pixel 92, 138, 1, 1, 4.80374e+19
Pixel 93, 138, 1, 1, 4.80374e+19
Pixel 93, 139, 1, 1, 4.80374e+19
Pixel 92, 139, 1, 1, 4.80374e+19
Pixel 92, 140, 1, 1, 4.80374e+19
Pixel 93, 140, 1, 1, 4.80374e+19
Pixel 93, 141, 1, 1, 4.80374e+19
Pixel 92, 141, 1, 1, 4.80374e+19
Pixel 92, 142, 1, 1, 4.80374e+19
Pixel 93, 142, 1, 1, 4.80374e+19
Pixel 93, 143, 1, 1, 4.80374e+19
Pixel 92, 143, 1, 1, 4.80374e+19
Pixel 92, 144, 1, 1, 4.80374e+19
Pixel 93, 144, 1, 1, 4.80374e+19
Pixel 93, 145, 1, 1, 4.80374e+19
Pixel 92, 145, 1, 1, 4.80374e+19
Pixel 92, 146, 1, 1, 4.80374e+19
Pixel 93, 146, 1, 1, 4.80374e+19
Pixel 93, 147, 1, 1, 4.80374e+19
Pixel 92, 147, 1, 1, 4.80374e+19
Pixel 92, 148, 1, 1, 4.80374e+19
Pixel 93, 148, 1, 1, 4.80374e+19
Pixel 93, 149, 1, 1, 4.80374e+19
Pixel 92, 149, 1, 1, 4.80374e+19
Pixel 92, 150, 1, 1, 4.80374e+19
Pixel 93, 150, 1, 1, 4.80374e+19
Pixel 93, 151, 1, 1, 4.80374e+19
Pixel 92, 151, 1, 1, 4.80374e+19
Pixel 92, 152, 1, 1, 4.80374e+19
Pixel 93, 152, 1, 1, 4.80374e+19
Pixel 93, 153, 1, 1, 4.80374e+19
Pixel 92, 153, 1, 1, 4.80374e+19
Pixel 92, 154, 1, 1, 4.80374e+19
Pixel 93, 154, 1, 1, 4.80374e+19
Pixel 93, 155, 1, 1, 4.80374e+19
Pixel 92, 155, 1, 1, 4.80374e+19
Pixel 92, 156, 1, 1, 4.80374e+19
Pixel 93, 156, 1, 1, 4.80374e+19
Pixel 93, 157, 1, 1, 4.80374e+19
Pixel 92, 157, 1, 1, 4.80374e+19
Pixel 92, 158, 1, 1, 4.80374e+19
Pixel 93, 158, 1, 1, 4.80374e+19
Pixel 93, 159, 1, 1, 4.80374e+19
Pixel 92, 159, 1, 1, 4.80374e+19
Pixel 92, 160, 1, 1, 4.80374e+19
Pixel 93, 160, 1, 1, 4.80374e+19
Pixel 93, 161, 1, 1, 4.80374e+19
Pixel 92, 161, 1, 1, 4.80374e+19
Pixel 92, 162, 1, 1, 4.80374e+19
Pixel 93, 162, 1, 1, 4.80374e+19
Pixel 93, 163, 1, 1, 4.80374e+19
Pixel 92, 163, 1, 1, 4.80374e+19
Pixel 92, 164, 1, 1, 4.80374e+19
Pixel 93, 164, 1, 1, 4.80374e+19
Pixel 93, 165, 1, 1, 4.80374e+19
Pixel 92, 165, 1, 1, 4.80374e+19
Pixel 92, 166, 1, 1, 4.80374e+19
Pixel 93, 166, 1, 1, 4.80374e+19
Pixel 93, 167, 1, 1, 4.80374e+19
Pixel 92, 167, 1, 1, 4.80374e+19
Pixel 92, 168, 1, 1, 4.80374e+19
Pixel 93, 168, 1, 1, 4.80374e+19
Pixel 93, 169, 1, 1, 4.80374e+19
Pixel 92, 169, 1, 1, 4.80374e+19
Pixel 92, 170, 1, 1, 4.80374e+19
Pixel 93, 170, 1, 1, 4.80374e+19
Pixel 93, 171, 1, 1, 4.80374e+19
Pixel 92, 171, 1, 1, 4.80374e+19
Pixel 92, 172, 1, 1, 4.80374e+19
Pixel 93, 172, 1, 1, 4.80374e+19
Pixel 93, 173, 1, 1, 4.80374e+19
Pixel 92, 173, 1, 1, 4.80374e+19
Pixel 92, 174, 1, 1, 4.80374e+19
Pixel 93, 174, 1, 1, 4.80374e+19
Pixel 93, 175, 1, 1, 4.80374e+19
Pixel 92, 175, 1, 1, 4.80374e+19
Pixel 92, 176, 1, 1, 4.80374e+19
Pixel 93, 176, 1, 1, 4.80374e+19
Pixel 93, 177, 1, 1, 4.80374e+19
Pixel 92, 177, 1, 1, 4.80374e+19
Pixel 92, 178, 1, 1, 4.80374e+19
Pixel 93, 178, 1, 1, 4.80374e+19
Pixel 93, 179, 1, 1, 4.80374e+19
Pixel 92, 179, 1, 1, 4.80374e+19
Pixel 92, 180, 1, 1, 4.80374e+19
Pixel 93, 180, 1, 1, 4.80374e+19
Pixel 93, 181, 1, 1, 4.80374e+19
Pixel 92, 181, 1, 1, 4.80374e+19
Pixel 92, 182, 1, 1, 4.80374e+19
Pixel 93, 182, 1, 1, 4.80374e+19
Pixel 93, 183, 1, 1, 4.80374e+19
Pixel 92, 183, 1, 1, 4.80374e+19
Pixel 92, 184, 1, 1, 4.80374e+19
Pixel 93, 184, 1, 1, 4.80374e+19
Pixel 93, 185, 1, 1, 4.80374e+19
Pixel 92, 185, 1, 1, 4.80374e+19
Pixel 92, 186, 1, 1, 4.80374e+19
Pixel 93, 186, 1, 1, 4.80374e+19
Pixel 93, 187, 1, 1, 4.80374e+19
Pixel 92, 187, 1, 1, 4.80374e+19
Pixel 92, 188, 1, 1, 4.80374e+19
Pixel 93, 188, 1, 1, 4.80374e+19
Pixel 93, 189, 1, 1, 4.80374e+19
Pixel 92, 189, 1, 1, 4.80374e+19
Pixel 92, 190, 1, 1, 4.80374e+19
Pixel 93, 190, 1, 1, 4.80374e+19
Pixel 93, 191, 1, 1, 4.80374e+19
Pixel 92, 191, 1, 1, 4.80374e+19
Pixel 92, 192, 1, 1, 4.80374e+19
Pixel 93, 192, 1, 1, 4.80374e+19
Pixel 93, 193, 1, 1, 4.80374e+19
Pixel 92, 193, 1, 1, 4.80374e+19
Pixel 92, 194, 1, 1, 4.80374e+19
Pixel 93, 194, 1, 1, 4.80374e+19
Pixel 93, 195, 1, 1, 4.80374e+19
Pixel 92, 195, 1, 1, 4.80374e+19
Pixel 92, 196, 1, 1, 4.80374e+19
Pixel 93, 196, 1, 1, 4.80374e+19
Pixel 93, 197, 1, 1, 4.80374e+19
Pixel 92, 197, 1, 1, 4.80374e+19
Pixel 92, 198, 1, 1, 4.80374e+19
Pixel 93, 198, 1, 1, 4.80374e+19
Pixel 93, 199, 1, 1, 4.80374e+19
Pixel 92, 199, 1, 1, 4.80374e+19
Pixel 92, 200, 1, 1, 4.80374e+19
Pixel 93, 200, 1, 1, 4.80374e+19
Pixel 93, 201, 1, 1, 4.80374e+19
Pixel 92, 201, 1, 1, 4.80374e+19
Pixel 92, 202, 1, 1, 4.80374e+19
Pixel 93, 202, 1, 1, 4.80374e+19
Pixel 93, 203, 1, 1, 4.80374e+19
Pixel 92, 203, 1, 1, 4.80374e+19
Pixel 92, 204, 1, 1, 4.80374e+19
Pixel 93, 204, 1, 1, 4.80374e+19
Pixel 93, 205, 1, 1, 4.80374e+19
Pixel 92, 205, 1, 1, 4.80374e+19
Pixel 92, 206, 1, 1, 4.80374e+19
Pixel 93, 206, 1, 1, 4.80374e+19
Pixel 93, 207, 1, 1, 4.80374e+19
Pixel 92, 207, 1, 1, 4.80374e+19
Pixel 92, 208, 1, 1, 4.80374e+19
Pixel 93, 208, 1, 1, 4.80374e+19
Pixel 93, 209, 1, 1, 4.80374e+19
Pixel 92, 209, 1, 1, 4.80374e+19
Pixel 92, 210, 1, 1, 4.80374e+19
Pixel 93, 210, 1, 1, 4.80374e+19
Pixel 93, 211, 1, 1, 4.80374e+19
Pixel 92, 211, 1, 1, 4.80374e+19
Pixel 92, 212, 1, 1, 4.80374e+19
Pixel 93, 212, 1, 1, 4.80374e+19
Pixel 93, 213, 1, 1, 4.80374e+19
Pixel 92, 213, 1, 1, 4.80374e+19
Pixel 92, 214, 1, 1, 4.80374e+19
Pixel 93, 214, 1, 1, 4.80374e+19
Pixel 93, 215, 1, 1, 4.80374e+19
Pixel 92, 215, 1, 1, 4.80374e+19
Pixel 92, 216, 1, 1, 4.80374e+19
Pixel 93, 216, 1, 1, 4.80374e+19
Pixel 93, 217, 1, 1, 4.80374e+19
Pixel 92, 217, 1, 1, 4.80374e+19
Pixel 92, 218, 1, 1, 4.80374e+19
Pixel 93, 218, 1, 1, 4.80374e+19
Pixel 93, 219, 1, 1, 4.80374e+19
Pixel 92, 219, 1, 1, 4.80374e+19
Pixel 92, 220, 1, 1, 4.80374e+19
Pixel 93, 220, 1, 1, 4.80374e+19
Pixel 93, 221, 1, 1, 4.80374e+19
Pixel 92, 221, 1, 1, 4.80374e+19
Pixel 92, 222, 1, 1, 4.80374e+19
Pixel 93, 222, 1, 1, 4.80374e+19
Pixel 93, 223, 1, 1, 4.80374e+19
Pixel 92, 223, 1, 1, 4.80374e+19
Pixel 92, 224, 1, 1, 4.80374e+19
Pixel 93, 224, 1, 1, 4.80374e+19
Pixel 93, 225, 1, 1, 4.80374e+19
Pixel 92, 225, 1, 1, 4.80374e+19
Pixel 92, 226, 1, 1, 4.80374e+19
Pixel 93, 226, 1, 1, 4.80374e+19
Pixel 93, 227, 1, 1, 4.80374e+19
Pixel 92, 227, 1, 1, 4.80374e+19
Pixel 92, 228, 1, 1, 4.80374e+19
Pixel 93, 228, 1, 1, 4.80374e+19
Pixel 93, 229, 1, 1, 4.80374e+19
Pixel 92, 229, 1, 1, 4.80374e+19
Pixel 92, 230, 1, 1, 4.80374e+19
Pixel 93, 230, 1, 1, 4.80374e+19
Pixel 93, 231, 1, 1, 4.80374e+19
Pixel 92, 231, 1, 1, 4.80374e+19
Pixel 92, 232, 1, 1, 4.80374e+19
Pixel 93, 232, 1, 1, 4.80374e+19
Pixel 93, 233, 1, 1, 4.80374e+19
Pixel 92, 233, 1, 1, 4.80374e+19
Pixel 92, 234, 1, 1, 4.80374e+19
Pixel 93, 234, 1, 1, 4.80374e+19
Pixel 93, 235, 1, 1, 4.80374e+19
Pixel 92, 235, 1, 1, 4.80374e+19
Pixel 92, 236, 1, 1, 4.80374e+19
Pixel 93, 236, 1, 1, 4.80374e+19
Pixel 93, 237, 1, 1, 4.80374e+19
Pixel 92, 237, 1, 1, 4.80374e+19
Pixel 92, 238, 1, 1, 4.80374e+19
Pixel 93, 238, 1, 1, 4.80374e+19
Pixel 93, 239, 1, 1, 4.80374e+19
Pixel 92, 239, 1, 1, 4.80374e+19
Pixel 92, 240, 1, 1, 4.80374e+19
Pixel 93, 240, 1, 1, 4.80374e+19
Pixel 93, 241, 1, 1, 4.80374e+19
Pixel 92, 241, 1, 1, 4.80374e+19
Pixel 92, 242, 1, 1, 4.80374e+19
Pixel 93, 242, 1, 1, 4.80374e+19
Pixel 93, 243, 1, 1, 4.80374e+19
Pixel 92, 243, 1, 1, 4.80374e+19
Pixel 92, 244, 1, 1, 4.80374e+19
Pixel 93, 244, 1, 1, 4.80374e+19
Pixel 93, 245, 1, 1, 4.80374e+19
Pixel 92, 245, 1, 1, 4.80374e+19
Pixel 92, 246, 1, 1, 4.80374e+19
Pixel 93, 246, 1, 1, 4.80374e+19
Pixel 93, 247, 1, 1, 4.80374e+19
Pixel 92, 247, 1, 1, 4.80374e+19
Pixel 92, 248, 1, 1, 4.80374e+19
Pixel 93, 248, 1, 1, 4.80374e+19
Pixel 93, 249, 1, 1, 4.80374e+19
Pixel 92, 249, 1, 1, 4.80374e+19
Pixel 92, 250, 1, 1, 4.80374e+19
Pixel 93, 250, 1, 1, 4.80374e+19
Pixel 93, 251, 1, 1, 4.80374e+19
Pixel 92, 251, 1, 1, 4.80374e+19
Pixel 92, 252, 1, 1, 4.80374e+19
Pixel 93, 252, 1, 1, 4.80374e+19
Pixel 93, 253, 1, 1, 4.80374e+19
Pixel 92, 253, 1, 1, 4.80374e+19
Pixel 92, 254, 1, 1, 4.80374e+19
Pixel 93, 254, 1, 1, 4.80374e+19
Pixel 93, 255, 1, 1, 4.80374e+19
Pixel 92, 255, 1, 1, 4.80374e+19
=== 2711 ===
--- pALPIDEfs_1 ---
Pixel 891, 7, 1, 1, 4.80374e+19
Pixel 890, 7, 1, 1, 4.80374e+19
Pixel 890, 8, 1, 1, 4.80374e+19
Pixel 891, 8, 1, 1, 4.80374e+19
Pixel 892, 7, 1, 1, 4.80374e+19
=== 42640 ===
--- pALPIDEfs_6 ---
Pixel 415, 312, 1, 1, 4.80374e+19
Pixel 416, 311, 1, 1, 4.80374e+19
Pixel 416, 312, 1, 1, 4.80374e+19
=== 47779 ===
--- pALPIDEfs_2 ---
Pixel 173, 492, 1, 1, 4.80374e+19
Pixel 174, 492, 1, 1, 4.80374e+19
Pixel 174, 493, 1, 1, 4.80374e+19
=== 71034 ===
--- pALPIDEfs_0 ---
Pixel 829, 382, 1, 1, 4.80374e+19
Pixel 830, 382, 1, 1, 4.80374e+19
--- pALPIDEfs_1 ---
Pixel 802, 351, 1, 1, 4.80374e+19
Pixel 802, 352, 1, 1, 4.80374e+19
--- pALPIDEfs_2 ---
Pixel 796, 212, 1, 1, 4.80374e+19
Pixel 797, 212, 1, 1, 4.80374e+19
Pixel 797, 213, 1, 1, 4.80374e+19
Pixel 796, 213, 1, 1, 4.80374e+19
--- pALPIDEfs_3 ---
Pixel 792, 145, 1, 1, 4.80374e+19
--- pALPIDEfs_4 ---
Pixel 809, 65, 1, 1, 4.80374e+19
Pixel 810, 64, 1, 1, 4.80374e+19
Pixel 810, 65, 1, 1, 4.80374e+19
--- pALPIDEfs_5 ---
Pixel 796, 28, 1, 1, 4.80374e+19
Pixel 797, 28, 1, 1, 4.80374e+19
=== 86947 ===
--- pALPIDEfs_2 ---
Pixel 999, 47, 1, 1, 4.80374e+19
Pixel 998, 47, 1, 1, 4.80374e+19
Pixel 998, 48, 1, 1, 4.80374e+19
=== 114213 ===
--- pALPIDEfs_2 ---
Pixel 284, 187, 1, 1, 4.80374e+19
Pixel 284, 188, 1, 1, 4.80374e+19
=== 116792 ===
--- pALPIDEfs_4 ---
Pixel 286, 191, 1, 1, 4.80374e+19
Pixel 286, 192, 1, 1, 4.80374e+19
=== 116864 ===
--- pALPIDEfs_0 ---
Pixel 807, 487, 1, 1, 4.80374e+19
Pixel 807, 488, 1, 1, 4.80374e+19
Pixel 808, 487, 1, 1, 4.80374e+19
Pixel 808, 488, 1, 1, 4.80374e+19
=== 122397 ===
--- pALPIDEfs_1 ---
Pixel 534, 220, 1, 1, 4.80374e+19
Pixel 535, 220, 1, 1, 4.80374e+19
Pixel 534, 221, 1, 1, 4.80374e+19
=== 129405 ===
--- pALPIDEfs_4 ---
Pixel 491, 156, 1, 1, 4.80374e+19
Pixel 492, 156, 1, 1, 4.80374e+19
Pixel 492, 157, 1, 1, 4.80374e+19
Pixel 492, 158, 1, 1, 4.80374e+19
=== 137820 ===
--- pALPIDEfs_0 ---
Pixel 99, 444, 1, 1, 4.80374e+19
=== 143165 ===
--- pALPIDEfs_0 ---
Pixel 186, 320, 1, 1, 4.80374e+19
--- pALPIDEfs_1 ---
Pixel 146, 320, 1, 1, 4.80374e+19
Pixel 146, 321, 1, 1, 4.80374e+19
--- pALPIDEfs_2 ---
Pixel 128, 220, 1, 1, 4.80374e+19
Pixel 129, 221, 1, 1, 4.80374e+19
Pixel 128, 221, 1, 1, 4.80374e+19
--- pALPIDEfs_3 ---
Pixel 111, 185, 1, 1, 4.80374e+19
Pixel 111, 186, 1, 1, 4.80374e+19
Pixel 112, 185, 1, 1, 4.80374e+19
Pixel 112, 186, 1, 1, 4.80374e+19
--- pALPIDEfs_4 ---
Pixel 117, 139, 1, 1, 4.80374e+19
Pixel 116, 139, 1, 1, 4.80374e+19
--- pALPIDEfs_5 ---
Pixel 92, 140, 1, 1, 4.80374e+19
--- pALPIDEfs_6 ---
Pixel 122, 82, 1, 1, 4.80374e+19
=== 143734 ===
--- pALPIDEfs_5 ---
Pixel 219, 118, 1, 1, 4.80374e+19
Pixel 219, 119, 1, 1, 4.80374e+19
Pixel 220, 118, 1, 1, 4.80374e+19
Pixel 220, 119, 1, 1, 4.80374e+19
=== 181946 ===
--- pALPIDEfs_1 ---
Pixel 943, 80, 1, 1, 4.80374e+19
Pixel 943, 81, 1, 1, 4.80374e+19
Pixel 943, 82, 1, 1, 4.80374e+19
Pixel 943, 83, 1, 1, 4.80374e+19
Pixel 944, 81, 1, 1, 4.80374e+19
Pixel 944, 82, 1, 1, 4.80374e+19
Pixel 944, 83, 1, 1, 4.80374e+19
=== 186863 ===
--- pALPIDEfs_0 ---
Pixel 400, 22, 1, 1, 4.80374e+19
Pixel 401, 22, 1, 1, 4.80374e+19
Pixel 401, 23, 1, 1, 4.80374e+19
Pixel 400, 23, 1, 1, 4.80374e+19
=== 187136 ===
--- pALPIDEfs_3 ---
Pixel 329, 213, 1, 1, 4.80374e+19
Pixel 331, 213, 1, 1, 4.80374e+19
Pixel 330, 213, 1, 1, 4.80374e+19
Pixel 330, 214, 1, 1, 4.80374e+19
Pixel 331, 214, 1, 1, 4.80374e+19
Pixel 331, 215, 1, 1, 4.80374e+19
Pixel 330, 215, 1, 1, 4.80374e+19
Pixel 332, 214, 1, 1, 4.80374e+19
Pixel 336, 214, 1, 1, 4.80374e+19
Pixel 337, 214, 1, 1, 4.80374e+19
Pixel 337, 215, 1, 1, 4.80374e+19
=== 188880 ===
--- pALPIDEfs_5 ---
Pixel 71, 316, 1, 1, 4.80374e+19
Pixel 71, 317, 1, 1, 4.80374e+19
=== 212129 ===
--- pALPIDEfs_4 ---
Pixel 359, 245, 1, 1, 4.80374e+19
Pixel 358, 246, 1, 1, 4.80374e+19
Pixel 359, 246, 1, 1, 4.80374e+19
Pixel 359, 247, 1, 1, 4.80374e+19
Pixel 358, 247, 1, 1, 4.80374e+19
Pixel 360, 245, 1, 1, 4.80374e+19
Pixel 360, 246, 1, 1, 4.80374e+19
Pixel 360, 247, 1, 1, 4.80374e+19
=== 225188 ===
--- pALPIDEfs_6 ---
Pixel 212, 74, 1, 1, 4.80374e+19
Pixel 213, 74, 1, 1, 4.80374e+19
Pixel 213, 75, 1, 1, 4.80374e+19
Pixel 212, 75, 1, 1, 4.80374e+19
=== 256689 ===
--- pALPIDEfs_3 ---
Pixel 813, 229, 1, 1, 4.80374e+19
Pixel 815, 229, 1, 1, 4.80374e+19
Pixel 814, 229, 1, 1, 4.80374e+19
Pixel 814, 230, 1, 1, 4.80374e+19
Pixel 817, 228, 1, 1, 4.80374e+19
Pixel 817, 229, 1, 1, 4.80374e+19
Pixel 818, 228, 1, 1, 4.80374e+19
Pixel 819, 228, 1, 1, 4.80374e+19
Pixel 819, 229, 1, 1, 4.80374e+19
Pixel 818, 229, 1, 1, 4.80374e+19
Pixel 979, 396, 1, 1, 4.80374e+19
Pixel 979, 397, 1, 1, 4.80374e+19
Pixel 978, 397, 1, 1, 4.80374e+19
=== 266072 ===
--- pALPIDEfs_5 ---
Pixel 976, 349, 1, 1, 4.80374e+19
=== 272506 ===
--- pALPIDEfs_2 ---
Pixel 51, 509, 1, 1, 4.80374e+19
=== 273178 ===
--- pALPIDEfs_2 ---
Pixel 49, 184, 1, 1, 4.80374e+19
=== 293140 ===
--- pALPIDEfs_4 ---
Pixel 478, 122, 1, 1, 4.80374e+19
Pixel 478, 123, 1, 1, 4.80374e+19
=== 296068 ===
--- pALPIDEfs_5 ---
Pixel 891, 237, 1, 1, 4.80374e+19
Pixel 892, 237, 1, 1, 4.80374e+19
--- pALPIDEfs_6 ---
Pixel 787, 380, 1, 1, 4.80374e+19
Pixel 788, 380, 1, 1, 4.80374e+19
=== 307599 ===
--- pALPIDEfs_0 ---
Pixel 979, 407, 1, 1, 4.80374e+19
Pixel 978, 407, 1, 1, 4.80374e+19
--- pALPIDEfs_1 ---
Pixel 784, 478, 1, 1, 4.80374e+19
--- pALPIDEfs_2 ---
Pixel 613, 442, 1, 1, 4.80374e+19
--- pALPIDEfs_3 ---
Pixel 440, 478, 1, 1, 4.80374e+19
--- pALPIDEfs_4 ---
Pixel 290, 501, 1, 1, 4.80374e+19
Pixel 290, 502, 1, 1, 4.80374e+19
=== 312767 ===
--- pALPIDEfs_3 ---
Pixel 70, 234, 1, 1, 4.80374e+19
=== 314364 ===
--- pALPIDEfs_4 ---
Pixel 439, 498, 1, 1, 4.80374e+19
Pixel 439, 499, 1, 1, 4.80374e+19
Pixel 440, 498, 1, 1, 4.80374e+19
Pixel 440, 499, 1, 1, 4.80374e+19
--- pALPIDEfs_5 ---
Pixel 546, 230, 1, 1, 4.80374e+19
Pixel 547, 230, 1, 1, 4.80374e+19
Pixel 547, 231, 1, 1, 4.80374e+19
Pixel 546, 231, 1, 1, 4.80374e+19
=== 322925 ===
--- pALPIDEfs_5 ---
Pixel 377, 433, 1, 1, 4.80374e+19
Pixel 376, 433, 1, 1, 4.80374e+19
=== 328830 ===
--- pALPIDEfs_3 ---
Pixel 395, 299, 1, 1, 4.80374e+19
=== 335756 ===
--- pALPIDEfs_1 ---
Pixel 418, 284, 1, 1, 4.80374e+19
Pixel 418, 285, 1, 1, 4.80374e+19
=== 342328 ===
--- pALPIDEfs_0 ---
Pixel 129, 341, 1, 1, 4.80374e+19
Pixel 130, 341, 1, 1, 4.80374e+19
--- pALPIDEfs_1 ---
Pixel 144, 50, 1, 1, 4.80374e+19
Pixel 145, 50, 1, 1, 4.80374e+19
Pixel 145, 51, 1, 1, 4.80374e+19
Pixel 144, 51, 1, 1, 4.80374e+19
=== 344768 ===
--- pALPIDEfs_3 ---
Pixel 924, 394, 1, 1, 4.80374e+19
Pixel 925, 394, 1, 1, 4.80374e+19
=== 351304 ===
--- pALPIDEfs_5 ---
Pixel 215, 82, 1, 1, 4.80374e+19
Pixel 215, 83, 1, 1, 4.80374e+19
=== 355529 ===
--- pALPIDEfs_4 ---
Pixel 347, 99, 1, 1, 4.80374e+19
Pixel 346, 99, 1, 1, 4.80374e+19
Pixel 346, 100, 1, 1, 4.80374e+19
Pixel 347, 100, 1, 1, 4.80374e+19
Pixel 348, 100, 1, 1, 4.80374e+19
Pixel 349, 101, 1, 1, 4.80374e+19
Pixel 348, 101, 1, 1, 4.80374e+19
Pixel 349, 102, 1, 1, 4.80374e+19
Pixel 351, 101, 1, 1, 4.80374e+19
Pixel 350, 101, 1, 1, 4.80374e+19
Pixel 350, 102, 1, 1, 4.80374e+19
Pixel 351, 102, 1, 1, 4.80374e+19
Pixel 352, 101, 1, 1, 4.80374e+19
Pixel 352, 102, 1, 1, 4.80374e+19
--- pALPIDEfs_5 ---
Pixel 825, 508, 1, 1, 4.80374e+19
Pixel 825, 509, 1, 1, 4.80374e+19
=== 359210 ===
--- pALPIDEfs_2 ---
Pixel 110, 256, 1, 1, 4.80374e+19
Pixel 110, 257, 1, 1, 4.80374e+19
--- pALPIDEfs_3 ---
Pixel 332, 303, 1, 1, 4.80374e+19
Pixel 332, 304, 1, 1, 4.80374e+19
--- pALPIDEfs_4 ---
Pixel 576, 338, 1, 1, 4.80374e+19
Pixel 576, 339, 1, 1, 4.80374e+19
--- pALPIDEfs_5 ---
Pixel 789, 423, 1, 1, 4.80374e+19
Pixel 788, 423, 1, 1, 4.80374e+19
Pixel 788, 424, 1, 1, 4.80374e+19
Pixel 789, 424, 1, 1, 4.80374e+19
=== 389219 ===
--- pALPIDEfs_0 ---
Pixel 580, 188, 1, 1, 4.80374e+19
Pixel 580, 189, 1, 1, 4.80374e+19
=== 396959 ===
--- pALPIDEfs_1 ---
Pixel 165, 466, 1, 1, 4.80374e+19
=== 404538 ===
--- pALPIDEfs_4 ---
Pixel 62, 510, 1, 1, 4.80374e+19
=== 418751 ===
--- pALPIDEfs_3 ---
Pixel 551, 113, 1, 1, 4.80374e+19
Pixel 551, 114, 1, 1, 4.80374e+19
Pixel 552, 113, 1, 1, 4.80374e+19
Pixel 552, 114, 1, 1, 4.80374e+19
=== 421412 ===
--- pALPIDEfs_0 ---
Pixel 70, 440, 1, 1, 4.80374e+19
Pixel 71, 440, 1, 1, 4.80374e+19
Pixel 71, 441, 1, 1, 4.80374e+19
Pixel 70, 441, 1, 1, 4.80374e+19
=== 422990 ===
--- pALPIDEfs_2 ---
Pixel 555, 158, 1, 1, 4.80374e+19
Pixel 555, 159, 1, 1, 4.80374e+19
Pixel 556, 158, 1, 1, 4.80374e+19
--- pALPIDEfs_3 ---
Pixel 133, 416, 1, 1, 4.80374e+19
Pixel 133, 417, 1, 1, 4.80374e+19
=== 423910 ===
--- pALPIDEfs_6 ---
Pixel 886, 304, 1, 1, 4.80374e+19
Pixel 887, 304, 1, 1, 4.80374e+19
=== 437321 ===
--- pALPIDEfs_6 ---
Pixel 967, 480, 1, 1, 4.80374e+19
Pixel 967, 481, 1, 1, 4.80374e+19
=== 456043 ===
--- pALPIDEfs_3 ---
Pixel 119, 470, 1, 1, 4.80374e+19
Pixel 119, 471, 1, 1, 4.80374e+19
Pixel 120, 470, 1, 1, 4.80374e+19
Pixel 120, 471, 1, 1, 4.80374e+19
=== 466835 ===
--- pALPIDEfs_5 ---
Pixel 136, 468, 1, 1, 4.80374e+19
Pixel 137, 468, 1, 1, 4.80374e+19
Pixel 137, 469, 1, 1, 4.80374e+19
Pixel 136, 469, 1, 1, 4.80374e+19
=== 504703 ===
--- pALPIDEfs_1 ---
Pixel 430, 397, 1, 1, 4.80374e+19
=== 507881 ===
--- pALPIDEfs_3 ---
Pixel 45, 22, 1, 1, 4.80374e+19
Pixel 46, 22, 1, 1, 4.80374e+19
=== 516193 ===
--- pALPIDEfs_0 ---
Pixel 412, 12, 1, 1, 4.80374e+19
=== 517119 ===
--- pALPIDEfs_1 ---
Pixel 1, 468, 1, 1, 4.80374e+19
Pixel 1, 469, 1, 1, 4.80374e+19
Pixel 1, 470, 1, 1, 4.80374e+19
Pixel 1, 471, 1, 1, 4.80374e+19
Pixel 1, 472, 1, 1, 4.80374e+19
Pixel 1, 473, 1, 1, 4.80374e+19
Pixel 2, 469, 1, 1, 4.80374e+19
Pixel 2, 470, 1, 1, 4.80374e+19
Pixel 2, 471, 1, 1, 4.80374e+19
Pixel 2, 472, 1, 1, 4.80374e+19
Pixel 2, 473, 1, 1, 4.80374e+19
Pixel 2, 474, 1, 1, 4.80374e+19
Pixel 2, 475, 1, 1, 4.80374e+19
Pixel 2, 476, 1, 1, 4.80374e+19
=== 522309 ===
--- pALPIDEfs_3 ---
Pixel 649, 501, 1, 1, 4.80374e+19
Pixel 648, 501, 1, 1, 4.80374e+19
Pixel 648, 502, 1, 1, 4.80374e+19
Pixel 649, 502, 1, 1, 4.80374e+19
Pixel 649, 503, 1, 1, 4.80374e+19
Pixel 648, 503, 1, 1, 4.80374e+19
Pixel 648, 504, 1, 1, 4.80374e+19
Pixel 648, 505, 1, 1, 4.80374e+19
=== 540787 ===
--- pALPIDEfs_5 ---
Pixel 625, 351, 1, 1, 4.80374e+19
Pixel 625, 352, 1, 1, 4.80374e+19
Pixel 626, 351, 1, 1, 4.80374e+19
Pixel 626, 352, 1, 1, 4.80374e+19
=== 572110 ===
--- pALPIDEfs_4 ---
Pixel 219, 10, 1, 1, 4.80374e+19
Pixel 219, 11, 1, 1, 4.80374e+19
Pixel 219, 12, 1, 1, 4.80374e+19
Pixel 220, 10, 1, 1, 4.80374e+19
Pixel 220, 11, 1, 1, 4.80374e+19
=== 609047 ===
--- pALPIDEfs_3 ---
Pixel 395, 299, 1, 1, 4.80374e+19
=== 614346 ===
--- pALPIDEfs_6 ---
Pixel 883, 422, 1, 1, 4.80374e+19
=== 630002 ===
--- pALPIDEfs_2 ---
Pixel 789, 125, 1, 1, 4.80374e+19
Pixel 789, 126, 1, 1, 4.80374e+19
Pixel 790, 126, 1, 1, 4.80374e+19
=== 634594 ===
--- pALPIDEfs_6 ---
Pixel 572, 303, 1, 1, 4.80374e+19
Pixel 572, 304, 1, 1, 4.80374e+19
=== 635341 ===
--- pALPIDEfs_1 ---
Pixel 571, 177, 1, 1, 4.80374e+19
Pixel 570, 178, 1, 1, 4.80374e+19
Pixel 571, 178, 1, 1, 4.80374e+19
Pixel 571, 179, 1, 1, 4.80374e+19
Pixel 570, 179, 1, 1, 4.80374e+19
Pixel 570, 180, 1, 1, 4.80374e+19
Pixel 570, 181, 1, 1, 4.80374e+19
Pixel 570, 182, 1, 1, 4.80374e+19
Pixel 570, 183, 1, 1, 4.80374e+19
Pixel 570, 184, 1, 1, 4.80374e+19
Pixel 571, 185, 1, 1, 4.80374e+19
Pixel 570, 185, 1, 1, 4.80374e+19
Pixel 570, 186, 1, 1, 4.80374e+19
Pixel 571, 186, 1, 1, 4.80374e+19
Pixel 571, 187, 1, 1, 4.80374e+19
Pixel 571, 188, 1, 1, 4.80374e+19
Pixel 571, 189, 1, 1, 4.80374e+19
Pixel 572, 189, 1, 1, 4.80374e+19
Pixel 572, 190, 1, 1, 4.80374e+19
Pixel 573, 191, 1, 1, 4.80374e+19
Pixel 572, 191, 1, 1, 4.80374e+19
Pixel 573, 192, 1, 1, 4.80374e+19
Pixel 573, 193, 1, 1, 4.80374e+19
Pixel 573, 194, 1, 1, 4.80374e+19
Pixel 574, 194, 1, 1, 4.80374e+19
Pixel 574, 195, 1, 1, 4.80374e+19
Pixel 574, 196, 1, 1, 4.80374e+19
Pixel 575, 196, 1, 1, 4.80374e+19
Pixel 575, 197, 1, 1, 4.80374e+19
Pixel 579, 202, 1, 1, 4.80374e+19
Pixel 579, 203, 1, 1, 4.80374e+19
Pixel 581, 203, 1, 1, 4.80374e+19
Pixel 580, 203, 1, 1, 4.80374e+19
Pixel 581, 204, 1, 1, 4.80374e+19
Pixel 582, 204, 1, 1, 4.80374e+19
Pixel 583, 204, 1, 1, 4.80374e+19
=== 643473 ===
--- pALPIDEfs_3 ---
Pixel 531, 346, 1, 1, 4.80374e+19
Pixel 531, 347, 1, 1, 4.80374e+19
Pixel 532, 346, 1, 1, 4.80374e+19
Pixel 532, 347, 1, 1, 4.80374e+19
=== 652682 ===
--- pALPIDEfs_5 ---
Pixel 121, 56, 1, 1, 4.80374e+19
Pixel 121, 57, 1, 1, 4.80374e+19
=== 655702 ===
--- pALPIDEfs_4 ---
Pixel 843, 98, 1, 1, 4.80374e+19
Pixel 843, 99, 1, 1, 4.80374e+19
Pixel 844, 98, 1, 1, 4.80374e+19
Pixel 845, 98, 1, 1, 4.80374e+19
Pixel 845, 99, 1, 1, 4.80374e+19
Pixel 844, 99, 1, 1, 4.80374e+19
Pixel 847, 99, 1, 1, 4.80374e+19
Pixel 846, 99, 1, 1, 4.80374e+19
Pixel 846, 100, 1, 1, 4.80374e+19
Pixel 847, 100, 1, 1, 4.80374e+19
Pixel 847, 101, 1, 1, 4.80374e+19
Pixel 848, 100, 1, 1, 4.80374e+19
Pixel 849, 101, 1, 1, 4.80374e+19
Pixel 848, 101, 1, 1, 4.80374e+19
=== 703150 ===
--- pALPIDEfs_2 ---
Pixel 515, 290, 1, 1, 4.80374e+19
Pixel 515, 291, 1, 1, 4.80374e+19
Pixel 516, 290, 1, 1, 4.80374e+19
Pixel 516, 291, 1, 1, 4.80374e+19
=== 704482 ===
--- pALPIDEfs_1 ---
Pixel 580, 382, 1, 1, 4.80374e+19
Pixel 581, 382, 1, 1, 4.80374e+19
Pixel 581, 383, 1, 1, 4.80374e+19
Pixel 580, 383, 1, 1, 4.80374e+19
=== 704942 ===
--- pALPIDEfs_4 ---
Pixel 353, 507, 1, 1, 4.80374e+19
Pixel 352, 507, 1, 1, 4.80374e+19
Pixel 352, 508, 1, 1, 4.80374e+19
Pixel 353, 508, 1, 1, 4.80374e+19
=== 725414 ===
--- pALPIDEfs_2 ---
Pixel 23, 339, 1, 1, 4.80374e+19
Pixel 22, 339, 1, 1, 4.80374e+19
Pixel 22, 340, 1, 1, 4.80374e+19
Pixel 23, 340, 1, 1, 4.80374e+19
=== 762858 ===
--- pALPIDEfs_5 ---
Pixel 875, 242, 1, 1, 4.80374e+19
Pixel 875, 243, 1, 1, 4.80374e+19
Pixel 876, 242, 1, 1, 4.80374e+19
Pixel 876, 243, 1, 1, 4.80374e+19
=== 772555 ===
--- pALPIDEfs_4 ---
Pixel 398, 118, 1, 1, 4.80374e+19
Pixel 399, 118, 1, 1, 4.80374e+19
--- pALPIDEfs_5 ---
Pixel 348, 293, 1, 1, 4.80374e+19
Pixel 348, 294, 1, 1, 4.80374e+19
--- pALPIDEfs_6 ---
Pixel 351, 412, 1, 1, 4.80374e+19
Pixel 351, 413, 1, 1, 4.80374e+19
Pixel 352, 412, 1, 1, 4.80374e+19
=== 799365 ===
--- pALPIDEfs_6 ---
Pixel 289, 7, 1, 1, 4.80374e+19
=== 830251 ===
--- pALPIDEfs_0 ---
Pixel 576, 62, 1, 1, 4.80374e+19
=== 831376 ===
--- pALPIDEfs_6 ---
Pixel 591, 481, 1, 1, 4.80374e+19
Pixel 590, 481, 1, 1, 4.80374e+19
Pixel 591, 482, 1, 1, 4.80374e+19
Pixel 592, 482, 1, 1, 4.80374e+19
=== 844620 ===
--- pALPIDEfs_1 ---
Pixel 529, 440, 1, 1, 4.80374e+19
Pixel 529, 441, 1, 1, 4.80374e+19
Pixel 528, 441, 1, 1, 4.80374e+19
Pixel 531, 439, 1, 1, 4.80374e+19
Pixel 530, 440, 1, 1, 4.80374e+19
=== 846407 ===
--- pALPIDEfs_2 ---
Pixel 61, 214, 1, 1, 4.80374e+19
Pixel 61, 215, 1, 1, 4.80374e+19
Pixel 62, 214, 1, 1, 4.80374e+19
=== 849620 ===
--- pALPIDEfs_0 ---
Pixel 587, 436, 1, 1, 4.80374e+19
=== 850623 ===
--- pALPIDEfs_0 ---
Pixel 1, 67, 1, 1, 4.80374e+19
Pixel 1, 68, 1, 1, 4.80374e+19
Pixel 2, 67, 1, 1, 4.80374e+19
Pixel 2, 68, 1, 1, 4.80374e+19
=== 857766 ===
--- pALPIDEfs_0 ---
Pixel 975, 45, 1, 1, 4.80374e+19
Pixel 975, 46, 1, 1, 4.80374e+19
=== 884883 ===
--- pALPIDEfs_6 ---
Pixel 837, 321, 1, 1, 4.80374e+19
Pixel 838, 321, 1, 1, 4.80374e+19
=== 906284 ===
--- pALPIDEfs_1 ---
Pixel 626, 115, 1, 1, 4.80374e+19
=== 927873 ===
--- pALPIDEfs_5 ---
Pixel 184, 414, 1, 1, 4.80374e+19
Pixel 184, 415, 1, 1, 4.80374e+19
--- pALPIDEfs_6 ---
Pixel 395, 308, 1, 1, 4.80374e+19
Pixel 395, 309, 1, 1, 4.80374e+19
=== 937812 ===
--- pALPIDEfs_0 ---
Pixel 564, 494, 1, 1, 4.80374e+19
=== 944522 ===
--- pALPIDEfs_5 ---
Pixel 253, 440, 1, 1, 4.80374e+19
Pixel 254, 439, 1, 1, 4.80374e+19
Pixel 254, 440, 1, 1, 4.80374e+19
=== 944786 ===
--- pALPIDEfs_2 ---
Pixel 533, 245, 1, 1, 4.80374e+19
Pixel 534, 244, 1, 1, 4.80374e+19
Pixel 535, 245, 1, 1, 4.80374e+19
Pixel 534, 245, 1, 1, 4.80374e+19
Pixel 534, 246, 1, 1, 4.80374e+19
=== 956150 ===
--- pALPIDEfs_1 ---
Pixel 169, 287, 1, 1, 4.80374e+19
Pixel 170, 287, 1, 1, 4.80374e+19
=== 959580 ===
--- pALPIDEfs_0 ---
Pixel 740, 156, 1, 1, 4.80374e+19
Pixel 740, 157, 1, 1, 4.80374e+19
--- pALPIDEfs_1 ---
Pixel 471, 324, 1, 1, 4.80374e+19
--- pALPIDEfs_2 ---
Pixel 277, 411, 1, 1, 4.80374e+19
Pixel 276, 411, 1, 1, 4.80374e+19
=== 968967 ===
--- pALPIDEfs_0 ---
Pixel 955, 495, 1, 1, 4.80374e+19
Pixel 954, 495, 1, 1, 4.80374e+19
=== 973625 ===
--- pALPIDEfs_2 ---
Pixel 1, 91, 1, 1, 4.80374e+19
Pixel 1, 92, 1, 1, 4.80374e+19
Pixel 1, 93, 1, 1, 4.80374e+19
Pixel 2, 91, 1, 1, 4.80374e+19
Pixel 2, 92, 1, 1, 4.80374e+19
Pixel 2, 93, 1, 1, 4.80374e+19
=== 995712 ===
--- pALPIDEfs_2 ---
Pixel 666, 177, 1, 1, 4.80374e+19
Pixel 666, 178, 1, 1, 4.80374e+19
=== 1005683 ===
--- pALPIDEfs_1 ---
Pixel 63, 324, 1, 1, 4.80374e+19
Pixel 63, 325, 1, 1, 4.80374e+19
Pixel 64, 324, 1, 1, 4.80374e+19
Pixel 64, 325, 1, 1, 4.80374e+19
=== 1006381 ===
--- pALPIDEfs_2 ---
Pixel 655, 217, 1, 1, 4.80374e+19
Pixel 656, 216, 1, 1, 4.80374e+19
Pixel 656, 217, 1, 1, 4.80374e+19
--- pALPIDEfs_3 ---
Pixel 59, 129, 1, 1, 4.80374e+19
Pixel 60, 129, 1, 1, 4.80374e+19
Pixel 60, 130, 1, 1, 4.80374e+19
=== 1012703 ===
--- pALPIDEfs_5 ---
Pixel 859, 272, 1, 1, 4.80374e+19
Pixel 860, 271, 1, 1, 4.80374e+19
Pixel 860, 272, 1, 1, 4.80374e+19
=== 1019320 ===
--- pALPIDEfs_1 ---
Pixel 1011, 129, 1, 1, 4.80374e+19
Pixel 1012, 128, 1, 1, 4.80374e+19
Pixel 1012, 129, 1, 1, 4.80374e+19
=== 1036711 ===
--- pALPIDEfs_2 ---
Pixel 237, 59, 1, 1, 4.80374e+19
Pixel 236, 59, 1, 1, 4.80374e+19
Pixel 236, 60, 1, 1, 4.80374e+19
Pixel 237, 60, 1, 1, 4.80374e+19
Pixel 238, 59, 1, 1, 4.80374e+19
Pixel 238, 60, 1, 1, 4.80374e+19
=== 1041540 ===
--- pALPIDEfs_1 ---
Pixel 284, 58, 1, 1, 4.80374e+19
=== 1045864 ===
--- pALPIDEfs_5 ---
Pixel 562, 41, 1, 1, 4.80374e+19
Pixel 562, 42, 1, 1, 4.80374e+19
=== 1049322 ===
--- pALPIDEfs_1 ---
Pixel 184, 472, 1, 1, 4.80374e+19
Pixel 185, 472, 1, 1, 4.80374e+19
=== 1049813 ===
--- pALPIDEfs_1 ---
Pixel 161, 49, 1, 1, 4.80374e+19
Pixel 161, 50, 1, 1, 4.80374e+19
Pixel 162, 49, 1, 1, 4.80374e+19
Pixel 162, 50, 1, 1, 4.80374e+19
=== 1052952 ===
--- pALPIDEfs_1 ---
Pixel 361, 485, 1, 1, 4.80374e+19
Pixel 361, 493, 1, 1, 4.80374e+19
Pixel 362, 493, 1, 1, 4.80374e+19
Pixel 362, 494, 1, 1, 4.80374e+19
=== 1061029 ===
--- pALPIDEfs_3 ---
Pixel 1005, 453, 1, 1, 4.80374e+19
Pixel 1005, 454, 1, 1, 4.80374e+19
Pixel 1006, 453, 1, 1, 4.80374e+19
Pixel 1006, 454, 1, 1, 4.80374e+19
=== 1068390 ===
--- pALPIDEfs_1 ---
Pixel 713, 443, 1, 1, 4.80374e+19
Pixel 712, 443, 1, 1, 4.80374e+19
Pixel 712, 444, 1, 1, 4.80374e+19
Pixel 713, 444, 1, 1, 4.80374e+19
=== 1087806 ===
--- pALPIDEfs_3 ---
Pixel 200, 288, 1, 1, 4.80374e+19
Pixel 201, 288, 1, 1, 4.80374e+19
=== 1099251 ===
--- pALPIDEfs_4 ---
Pixel 393, 474, 1, 1, 4.80374e+19
=== 1116976 ===
--- pALPIDEfs_3 ---
Pixel 432, 255, 1, 1, 4.80374e+19
=== 1119631 ===
--- pALPIDEfs_5 ---
Pixel 53, 223, 1, 1, 4.80374e+19
=== 1132311 ===
--- pALPIDEfs_5 ---
Pixel 113, 193, 1, 1, 4.80374e+19
--- pALPIDEfs_6 ---
Pixel 207, 487, 1, 1, 4.80374e+19
Pixel 207, 488, 1, 1, 4.80374e+19
=== 1133629 ===
--- pALPIDEfs_1 ---
Pixel 999, 133, 1, 1, 4.80374e+19
Pixel 1000, 133, 1, 1, 4.80374e+19
=== 1135592 ===
--- pALPIDEfs_6 ---
Pixel 734, 437, 1, 1, 4.80374e+19
Pixel 734, 438, 1, 1, 4.80374e+19
Pixel 735, 438, 1, 1, 4.80374e+19
Pixel 735, 439, 1, 1, 4.80374e+19
Pixel 734, 439, 1, 1, 4.80374e+19
=== 1147600 ===
--- pALPIDEfs_0 ---
Pixel 312, 392, 1, 1, 4.80374e+19
Pixel 313, 392, 1, 1, 4.80374e+19
Pixel 313, 393, 1, 1, 4.80374e+19
Pixel 312, 393, 1, 1, 4.80374e+19
Pixel 312, 394, 1, 1, 4.80374e+19
Pixel 313, 394, 1, 1, 4.80374e+19
Pixel 314, 393, 1, 1, 4.80374e+19
--- pALPIDEfs_1 ---
Pixel 294, 471, 1, 1, 4.80374e+19
Pixel 304, 470, 1, 1, 4.80374e+19
Pixel 305, 470, 1, 1, 4.80374e+19
Pixel 305, 471, 1, 1, 4.80374e+19
=== 1148516 ===
--- pALPIDEfs_1 ---
Pixel 953, 109, 1, 1, 4.80374e+19
Pixel 952, 109, 1, 1, 4.80374e+19
Pixel 952, 110, 1, 1, 4.80374e+19
Pixel 953, 110, 1, 1, 4.80374e+19
=== 1149273 ===
--- pALPIDEfs_4 ---
Pixel 61, 378, 1, 1, 4.80374e+19
Pixel 61, 379, 1, 1, 4.80374e+19
Pixel 60, 379, 1, 1, 4.80374e+19
=== 1188310 ===
--- pALPIDEfs_1 ---
Pixel 875, 212, 1, 1, 4.80374e+19
Pixel 875, 213, 1, 1, 4.80374e+19
=== 1203082 ===
--- pALPIDEfs_6 ---
Pixel 812, 345, 1, 1, 4.80374e+19
Pixel 812, 346, 1, 1, 4.80374e+19
=== 1203257 ===
--- pALPIDEfs_2 ---
Pixel 387, 253, 1, 1, 4.80374e+19
Pixel 387, 254, 1, 1, 4.80374e+19
Pixel 388, 253, 1, 1, 4.80374e+19
Pixel 388, 254, 1, 1, 4.80374e+19
=== 1225477 ===
--- pALPIDEfs_4 ---
Pixel 386, 279, 1, 1, 4.80374e+19
Pixel 386, 280, 1, 1, 4.80374e+19
=== 1231795 ===
--- pALPIDEfs_3 ---
Pixel 349, 0, 1, 1, 4.80374e+19
Pixel 1011, 7, 1, 1, 4.80374e+19
Pixel 1011, 8, 1, 1, 4.80374e+19
Pixel 1012, 7, 1, 1, 4.80374e+19
Pixel 1012, 8, 1, 1, 4.80374e+19
Pixel 1013, 8, 1, 1, 4.80374e+19
Pixel 1013, 9, 1, 1, 4.80374e+19
Pixel 1012, 9, 1, 1, 4.80374e+19
--- pALPIDEfs_4 ---
Pixel 711, 148, 1, 1, 4.80374e+19
Pixel 712, 148, 1, 1, 4.80374e+19
=== 1246711 ===
--- pALPIDEfs_1 ---
Pixel 785, 192, 1, 1, 4.80374e+19
=== 1259362 ===
--- pALPIDEfs_0 ---
Pixel 948, 268, 1, 1, 4.80374e+19
Pixel 949, 268, 1, 1, 4.80374e+19
=== 1266356 ===
--- pALPIDEfs_2 ---
Pixel 194, 261, 1, 1, 4.80374e+19
=== 1289542 ===
--- pALPIDEfs_5 ---
Pixel 481, 267, 1, 1, 4.80374e+19
Pixel 481, 268, 1, 1, 4.80374e+19
Pixel 560, 76, 1, 1, 4.80374e+19
Pixel 561, 76, 1, 1, 4.80374e+19
Pixel 561, 77, 1, 1, 4.80374e+19
--- pALPIDEfs_6 ---
Pixel 389, 353, 1, 1, 4.80374e+19
Pixel 389, 354, 1, 1, 4.80374e+19
Pixel 390, 353, 1, 1, 4.80374e+19
Pixel 390, 354, 1, 1, 4.80374e+19
=== 1310510 ===
--- pALPIDEfs_5 ---
Pixel 17, 293, 1, 1, 4.80374e+19
Pixel 19, 293, 1, 1, 4.80374e+19
Pixel 18, 293, 1, 1, 4.80374e+19
Pixel 18, 294, 1, 1, 4.80374e+19
Pixel 19, 294, 1, 1, 4.80374e+19
Pixel 21, 295, 1, 1, 4.80374e+19
Pixel 22, 295, 1, 1, 4.80374e+19
Pixel 22, 296, 1, 1, 4.80374e+19
Pixel 23, 296, 1, 1, 4.80374e+19
=== 1326955 ===
--- pALPIDEfs_5 ---
Pixel 303, 303, 1, 1, 4.80374e+19
Pixel 304, 303, 1, 1, 4.80374e+19
--- pALPIDEfs_6 ---
Pixel 951, 193, 1, 1, 4.80374e+19
Pixel 952, 192, 1, 1, 4.80374e+19
Pixel 953, 192, 1, 1, 4.80374e+19
Pixel 953, 193, 1, 1, 4.80374e+19
Pixel 952, 193, 1, 1, 4.80374e+19
Pixel 954, 193, 1, 1, 4.80374e+19
=== 1335112 ===
--- pALPIDEfs_0 ---
Pixel 977, 307, 1, 1, 4.80374e+19
Pixel 977, 308, 1, 1, 4.80374e+19
=== 1335295 ===
--- pALPIDEfs_2 ---
Pixel 1, 427, 1, 1, 4.80374e+19
Pixel 0, 427, 1, 1, 4.80374e+19
Pixel 1, 428, 1, 1, 4.80374e+19
Pixel 2, 427, 1, 1, 4.80374e+19
=== 1337326 ===
--- pALPIDEfs_6 ---
Pixel 459, 1, 1, 1, 4.80374e+19
Pixel 458, 1, 1, 1, 4.80374e+19
=== 1343080 ===
--- pALPIDEfs_2 ---
Pixel 365, 414, 1, 1, 4.80374e+19
Pixel 366, 414, 1, 1, 4.80374e+19
Pixel 366, 415, 1, 1, 4.80374e+19
Pixel 366, 416, 1, 1, 4.80374e+19
Pixel 367, 416, 1, 1, 4.80374e+19
Pixel 367, 417, 1, 1, 4.80374e+19
Pixel 368, 418, 1, 1, 4.80374e+19
Pixel 368, 419, 1, 1, 4.80374e+19
=== 1344868 ===
--- pALPIDEfs_6 ---
Pixel 757, 312, 1, 1, 4.80374e+19
Pixel 757, 313, 1, 1, 4.80374e+19
Pixel 758, 313, 1, 1, 4.80374e+19
Pixel 758, 314, 1, 1, 4.80374e+19
Pixel 759, 314, 1, 1, 4.80374e+19
Pixel 759, 315, 1, 1, 4.80374e+19
=== 1348090 ===
--- pALPIDEfs_3 ---
Pixel 191, 154, 1, 1, 4.80374e+19
Pixel 191, 155, 1, 1, 4.80374e+19
Pixel 192, 154, 1, 1, 4.80374e+19
=== 1349578 ===
--- pALPIDEfs_4 ---
Pixel 789, 295, 1, 1, 4.80374e+19
Pixel 789, 296, 1, 1, 4.80374e+19
=== 1357002 ===
--- pALPIDEfs_5 ---
Pixel 962, 124, 1, 1, 4.80374e+19
Pixel 962, 125, 1, 1, 4.80374e+19
=== 1403914 ===
--- pALPIDEfs_6 ---
Pixel 512, 24, 1, 1, 4.80374e+19
Pixel 513, 25, 1, 1, 4.80374e+19
Pixel 512, 25, 1, 1, 4.80374e+19
Pixel 512, 26, 1, 1, 4.80374e+19
Pixel 513, 26, 1, 1, 4.80374e+19
=== 1487342 ===
--- pALPIDEfs_0 ---
Pixel 576, 59, 1, 1, 4.80374e+19
=== 1492511 ===
--- pALPIDEfs_0 ---
Pixel 908, 424, 1, 1, 4.80374e+19
Pixel 909, 424, 1, 1, 4.80374e+19
Pixel 909, 425, 1, 1, 4.80374e+19
Pixel 908, 425, 1, 1, 4.80374e+19
Pixel 908, 426, 1, 1, 4.80374e+19
Pixel 909, 426, 1, 1, 4.80374e+19
=== 1512872 ===
--- pALPIDEfs_3 ---
Pixel 1013, 133, 1, 1, 4.80374e+19
Pixel 1012, 134, 1, 1, 4.80374e+19
Pixel 1013, 134, 1, 1, 4.80374e+19
Pixel 1013, 135, 1, 1, 4.80374e+19
Pixel 1012, 135, 1, 1, 4.80374e+19
Pixel 1013, 136, 1, 1, 4.80374e+19
Pixel 1014, 133, 1, 1, 4.80374e+19
Pixel 1014, 134, 1, 1, 4.80374e+19
Pixel 1014, 135, 1, 1, 4.80374e+19
=== 1520154 ===
--- pALPIDEfs_5 ---
Pixel 565, 123, 1, 1, 4.80374e+19
Pixel 564, 124, 1, 1, 4.80374e+19
Pixel 565, 124, 1, 1, 4.80374e+19
=== 1569496 ===
--- pALPIDEfs_6 ---
Pixel 662, 166, 1, 1, 4.80374e+19
Pixel 663, 166, 1, 1, 4.80374e+19
=== 1589755 ===
--- pALPIDEfs_6 ---
Pixel 214, 472, 1, 1, 4.80374e+19
=== 1603970 ===
--- pALPIDEfs_1 ---
Pixel 943, 461, 1, 1, 4.80374e+19
Pixel 945, 459, 1, 1, 4.80374e+19
Pixel 944, 460, 1, 1, 4.80374e+19
Pixel 944, 461, 1, 1, 4.80374e+19
=== 1606759 ===
--- pALPIDEfs_1 ---
Pixel 475, 17, 1, 1, 4.80374e+19
Pixel 475, 18, 1, 1, 4.80374e+19
=== 1608846 ===
--- pALPIDEfs_4 ---
Pixel 121, 382, 1, 1, 4.80374e+19
Pixel 121, 383, 1, 1, 4.80374e+19
Pixel 122, 382, 1, 1, 4.80374e+19
Pixel 122, 383, 1, 1, 4.80374e+19
--- pALPIDEfs_5 ---
Pixel 337, 149, 1, 1, 4.80374e+19
Pixel 361, 148, 1, 1, 4.80374e+19
Pixel 361, 149, 1, 1, 4.80374e+19
Pixel 362, 148, 1, 1, 4.80374e+19
Pixel 362, 149, 1, 1, 4.80374e+19
--- pALPIDEfs_6 ---
Pixel 323, 329, 1, 1, 4.80374e+19
Pixel 324, 328, 1, 1, 4.80374e+19
Pixel 324, 329, 1, 1, 4.80374e+19
=== 1616523 ===
--- pALPIDEfs_2 ---
Pixel 291, 375, 1, 1, 4.80374e+19
Pixel 291, 376, 1, 1, 4.80374e+19
Pixel 292, 376, 1, 1, 4.80374e+19
=== 1625640 ===
--- pALPIDEfs_2 ---
Pixel 889, 477, 1, 1, 4.80374e+19
Pixel 889, 478, 1, 1, 4.80374e+19
=== 1632461 ===
--- pALPIDEfs_1 ---
Pixel 19, 209, 1, 1, 4.80374e+19
Pixel 19, 210, 1, 1, 4.80374e+19
Pixel 20, 209, 1, 1, 4.80374e+19
Pixel 20, 210, 1, 1, 4.80374e+19
Pixel 21, 210, 1, 1, 4.80374e+19
--- pALPIDEfs_2 ---
Pixel 560, 266, 1, 1, 4.80374e+19
Pixel 561, 266, 1, 1, 4.80374e+19
Pixel 561, 267, 1, 1, 4.80374e+19
=== 1632936 ===
--- pALPIDEfs_3 ---
Pixel 437, 469, 1, 1, 4.80374e+19
Pixel 436, 469, 1, 1, 4.80374e+19
Pixel 436, 470, 1, 1, 4.80374e+19
Pixel 437, 470, 1, 1, 4.80374e+19
Pixel 438, 470, 1, 1, 4.80374e+19
Pixel 439, 470, 1, 1, 4.80374e+19
Pixel 439, 471, 1, 1, 4.80374e+19
Pixel 438, 471, 1, 1, 4.80374e+19
Pixel 440, 471, 1, 1, 4.80374e+19
=== 1656941 ===
--- pALPIDEfs_6 ---
Pixel 725, 364, 1, 1, 4.80374e+19
Pixel 725, 365, 1, 1, 4.80374e+19
Pixel 724, 365, 1, 1, 4.80374e+19
=== 1698090 ===
--- pALPIDEfs_2 ---
Pixel 972, 23, 1, 1, 4.80374e+19
Pixel 972, 24, 1, 1, 4.80374e+19
Pixel 973, 24, 1, 1, 4.80374e+19
Pixel 973, 25, 1, 1, 4.80374e+19
=== 1701419 ===
--- pALPIDEfs_3 ---
Pixel 531, 318, 1, 1, 4.80374e+19
Pixel 531, 319, 1, 1, 4.80374e+19
Pixel 531, 320, 1, 1, 4.80374e+19
Pixel 532, 318, 1, 1, 4.80374e+19
Pixel 532, 319, 1, 1, 4.80374e+19
Pixel 532, 320, 1, 1, 4.80374e+19
=== 1703094 ===
--- pALPIDEfs_5 ---
Pixel 335, 199, 1, 1, 4.80374e+19
Pixel 334, 200, 1, 1, 4.80374e+19
Pixel 335, 200, 1, 1, 4.80374e+19
--- pALPIDEfs_6 ---
Pixel 294, 368, 1, 1, 4.80374e+19
Pixel 295, 368, 1, 1, 4.80374e+19
Pixel 294, 369, 1, 1, 4.80374e+19
=== 1709387 ===
--- pALPIDEfs_1 ---
Pixel 853, 392, 1, 1, 4.80374e+19
--- pALPIDEfs_3 ---
Pixel 765, 227, 1, 1, 4.80374e+19
Pixel 764, 227, 1, 1, 4.80374e+19
=== 1710084 ===
--- pALPIDEfs_3 ---
Pixel 632, 388, 1, 1, 4.80374e+19
Pixel 633, 389, 1, 1, 4.80374e+19
Pixel 632, 389, 1, 1, 4.80374e+19
=== 1720758 ===
--- pALPIDEfs_5 ---
Pixel 886, 215, 1, 1, 4.80374e+19
=== 1769190 ===
--- pALPIDEfs_0 ---
Pixel 313, 218, 1, 1, 4.80374e+19
Pixel 313, 219, 1, 1, 4.80374e+19
Pixel 313, 220, 1, 1, 4.80374e+19
Pixel 314, 219, 1, 1, 4.80374e+19
Pixel 314, 220, 1, 1, 4.80374e+19
=== 1785173 ===
--- pALPIDEfs_1 ---
Pixel 163, 277, 1, 1, 4.80374e+19
--- pALPIDEfs_2 ---
Pixel 665, 329, 1, 1, 4.80374e+19
Pixel 666, 329, 1, 1, 4.80374e+19
=== 1796002 ===
--- pALPIDEfs_0 ---
Pixel 273, 436, 1, 1, 4.80374e+19
Pixel 273, 437, 1, 1, 4.80374e+19
=== 1802799 ===
--- pALPIDEfs_3 ---
Pixel 175, 74, 1, 1, 4.80374e+19
Pixel 176, 73, 1, 1, 4.80374e+19
Pixel 176, 74, 1, 1, 4.80374e+19
=== 1804632 ===
--- pALPIDEfs_1 ---
Pixel 973, 157, 1, 1, 4.80374e+19
Pixel 972, 158, 1, 1, 4.80374e+19
Pixel 973, 158, 1, 1, 4.80374e+19
--- pALPIDEfs_2 ---
Pixel 378, 343, 1, 1, 4.80374e+19
=== 1804849 ===
--- pALPIDEfs_0 ---
Pixel 22, 404, 1, 1, 4.80374e+19
Pixel 22, 405, 1, 1, 4.80374e+19
=== 1807799 ===
--- pALPIDEfs_1 ---
Pixel 729, 504, 1, 1, 4.80374e+19
Pixel 729, 505, 1, 1, 4.80374e+19
Pixel 729, 506, 1, 1, 4.80374e+19
Pixel 730, 504, 1, 1, 4.80374e+19
Pixel 730, 505, 1, 1, 4.80374e+19
Pixel 730, 506, 1, 1, 4.80374e+19
=== 1808066 ===
--- pALPIDEfs_6 ---
Pixel 432, 149, 1, 1, 4.80374e+19
Pixel 432, 150, 1, 1, 4.80374e+19
Pixel 432, 151, 1, 1, 4.80374e+19
Pixel 432, 152, 1, 1, 4.80374e+19
Pixel 432, 153, 1, 1, 4.80374e+19
Pixel 432, 154, 1, 1, 4.80374e+19
Pixel 433, 155, 1, 1, 4.80374e+19
Pixel 432, 155, 1, 1, 4.80374e+19
Pixel 432, 156, 1, 1, 4.80374e+19
Pixel 433, 156, 1, 1, 4.80374e+19
Pixel 433, 157, 1, 1, 4.80374e+19
=== 1821828 ===
--- pALPIDEfs_4 ---
Pixel 623, 162, 1, 1, 4.80374e+19
Pixel 623, 163, 1, 1, 4.80374e+19
Pixel 624, 163, 1, 1, 4.80374e+19
=== 1831566 ===
--- pALPIDEfs_0 ---
Pixel 254, 59, 1, 1, 4.80374e+19
=== 1844437 ===
--- pALPIDEfs_0 ---
Pixel 817, 191, 1, 1, 4.80374e+19
Pixel 816, 191, 1, 1, 4.80374e+19
Pixel 816, 192, 1, 1, 4.80374e+19
Pixel 817, 192, 1, 1, 4.80374e+19
=== 1865460 ===
--- pALPIDEfs_5 ---
Pixel 345, 239, 1, 1, 4.80374e+19
Pixel 344, 239, 1, 1, 4.80374e+19
Pixel 344, 240, 1, 1, 4.80374e+19
Pixel 345, 240, 1, 1, 4.80374e+19
Pixel 345, 241, 1, 1, 4.80374e+19
Pixel 344, 241, 1, 1, 4.80374e+19
Pixel 346, 239, 1, 1, 4.80374e+19
Pixel 346, 240, 1, 1, 4.80374e+19
--- pALPIDEfs_6 ---
Pixel 909, 239, 1, 1, 4.80374e+19
Pixel 910, 239, 1, 1, 4.80374e+19
Pixel 910, 240, 1, 1, 4.80374e+19
=== 1870629 ===
--- pALPIDEfs_4 ---
Pixel 63, 137, 1, 1, 4.80374e+19
=== 1871266 ===
--- pALPIDEfs_3 ---
Pixel 609, 505, 1, 1, 4.80374e+19
Pixel 608, 505, 1, 1, 4.80374e+19
Pixel 608, 506, 1, 1, 4.80374e+19
Pixel 609, 506, 1, 1, 4.80374e+19
Pixel 876, 248, 1, 1, 4.80374e+19
Pixel 876, 249, 1, 1, 4.80374e+19
=== 1878824 ===
--- pALPIDEfs_2 ---
Pixel 415, 427, 1, 1, 4.80374e+19
Pixel 415, 428, 1, 1, 4.80374e+19
Pixel 415, 429, 1, 1, 4.80374e+19
Pixel 416, 427, 1, 1, 4.80374e+19
Pixel 416, 428, 1, 1, 4.80374e+19
Pixel 416, 429, 1, 1, 4.80374e+19
=== 1889476 ===
--- pALPIDEfs_0 ---
Pixel 102, 384, 1, 1, 4.80374e+19
Pixel 102, 385, 1, 1, 4.80374e+19
=== 1937978 ===
--- pALPIDEfs_0 ---
Pixel 813, 86, 1, 1, 4.80374e+19
Pixel 814, 86, 1, 1, 4.80374e+19
Pixel 815, 86, 1, 1, 4.80374e+19
Pixel 814, 87, 1, 1, 4.80374e+19
=== 1968601 ===
--- pALPIDEfs_5 ---
Pixel 850, 165, 1, 1, 4.80374e+19
Pixel 850, 166, 1, 1, 4.80374e+19
=== 1983425 ===
--- pALPIDEfs_5 ---
Pixel 945, 5, 1, 1, 4.80374e+19
Pixel 946, 5, 1, 1, 4.80374e+19
=== 1989101 ===
--- pALPIDEfs_3 ---
Pixel 601, 265, 1, 1, 4.80374e+19
Pixel 601, 266, 1, 1, 4.80374e+19
=== 1993686 ===
--- pALPIDEfs_0 ---
Pixel 298, 476, 1, 1, 4.80374e+19
Pixel 299, 476, 1, 1, 4.80374e+19
Pixel 298, 477, 1, 1, 4.80374e+19
=== 1993687 ===
--- pALPIDEfs_0 ---
Pixel 299, 475, 1, 1, 4.80374e+19
Pixel 298, 476, 1, 1, 4.80374e+19
Pixel 299, 476, 1, 1, 4.80374e+19
Pixel 298, 477, 1, 1, 4.80374e+19
=== 2000305 ===
--- pALPIDEfs_4 ---
Pixel 291, 209, 1, 1, 4.80374e+19
Pixel 291, 210, 1, 1, 4.80374e+19
=== 2051701 ===
--- pALPIDEfs_5 ---
Pixel 385, 346, 1, 1, 4.80374e+19
Pixel 385, 347, 1, 1, 4.80374e+19
Pixel 384, 347, 1, 1, 4.80374e+19
=== 2067181 ===
--- pALPIDEfs_3 ---
Pixel 12, 373, 1, 1, 4.80374e+19
Pixel 12, 374, 1, 1, 4.80374e+19
Pixel 13, 374, 1, 1, 4.80374e+19
--- pALPIDEfs_4 ---
Pixel 105, 64, 1, 1, 4.80374e+19
Pixel 105, 65, 1, 1, 4.80374e+19
=== 2067276 ===
--- pALPIDEfs_5 ---
Pixel 707, 489, 1, 1, 4.80374e+19
Pixel 706, 489, 1, 1, 4.80374e+19
=== 2078202 ===
--- pALPIDEfs_0 ---
Pixel 101, 157, 1, 1, 4.80374e+19
Pixel 101, 158, 1, 1, 4.80374e+19
Pixel 102, 157, 1, 1, 4.80374e+19
Pixel 102, 158, 1, 1, 4.80374e+19
=== 2117372 ===
--- pALPIDEfs_3 ---
Pixel 7, 59, 1, 1, 4.80374e+19
Pixel 7, 60, 1, 1, 4.80374e+19
=== 2121345 ===
--- pALPIDEfs_4 ---
Pixel 657, 451, 1, 1, 4.80374e+19
Pixel 657, 452, 1, 1, 4.80374e+19
Pixel 657, 453, 1, 1, 4.80374e+19
Pixel 658, 451, 1, 1, 4.80374e+19
Pixel 658, 452, 1, 1, 4.80374e+19
Pixel 658, 453, 1, 1, 4.80374e+19
=== 2131389 ===
--- pALPIDEfs_3 ---
Pixel 399, 237, 1, 1, 4.80374e+19
Pixel 398, 237, 1, 1, 4.80374e+19
=== 2142406 ===
--- pALPIDEfs_1 ---
Pixel 506, 377, 1, 1, 4.80374e+19
Pixel 506, 378, 1, 1, 4.80374e+19
=== 2144277 ===
--- pALPIDEfs_0 ---
Pixel 574, 210, 1, 1, 4.80374e+19
=== 2146660 ===
--- pALPIDEfs_6 ---
Pixel 35, 223, 1, 1, 4.80374e+19
Pixel 35, 224, 1, 1, 4.80374e+19
Pixel 36, 223, 1, 1, 4.80374e+19
Pixel 36, 224, 1, 1, 4.80374e+19
=== 2186393 ===
--- pALPIDEfs_4 ---
Pixel 413, 476, 1, 1, 4.80374e+19
Pixel 413, 477, 1, 1, 4.80374e+19
Pixel 414, 476, 1, 1, 4.80374e+19
Pixel 414, 477, 1, 1, 4.80374e+19
=== 2201256 ===
--- pALPIDEfs_2 ---
Pixel 853, 171, 1, 1, 4.80374e+19
Pixel 852, 171, 1, 1, 4.80374e+19
Pixel 852, 172, 1, 1, 4.80374e+19
=== 2215563 ===
--- pALPIDEfs_4 ---
Pixel 405, 319, 1, 1, 4.80374e+19
Pixel 405, 320, 1, 1, 4.80374e+19
=== 2236815 ===
--- pALPIDEfs_0 ---
Pixel 243, 396, 1, 1, 4.80374e+19
--- pALPIDEfs_1 ---
Pixel 454, 482, 1, 1, 4.80374e+19
Pixel 455, 482, 1, 1, 4.80374e+19
--- pALPIDEfs_2 ---
Pixel 689, 463, 1, 1, 4.80374e+19
=== 2250487 ===
--- pALPIDEfs_3 ---
Pixel 515, 422, 1, 1, 4.80374e+19
Pixel 515, 423, 1, 1, 4.80374e+19
Pixel 516, 422, 1, 1, 4.80374e+19
Pixel 516, 423, 1, 1, 4.80374e+19
--- pALPIDEfs_4 ---
Pixel 589, 146, 1, 1, 4.80374e+19
Pixel 590, 146, 1, 1, 4.80374e+19
=== 2256833 ===
--- pALPIDEfs_6 ---
Pixel 836, 15, 1, 1, 4.80374e+19
Pixel 836, 16, 1, 1, 4.80374e+19
Pixel 837, 17, 1, 1, 4.80374e+19
Pixel 836, 17, 1, 1, 4.80374e+19
Pixel 837, 18, 1, 1, 4.80374e+19
Pixel 837, 19, 1, 1, 4.80374e+19
=== 2257521 ===
--- pALPIDEfs_4 ---
Pixel 930, 150, 1, 1, 4.80374e+19
Pixel 931, 150, 1, 1, 4.80374e+19
--- pALPIDEfs_5 ---
Pixel 456, 240, 1, 1, 4.80374e+19
Pixel 457, 240, 1, 1, 4.80374e+19
Pixel 457, 241, 1, 1, 4.80374e+19
Pixel 456, 241, 1, 1, 4.80374e+19
--- pALPIDEfs_6 ---
Pixel 40, 249, 1, 1, 4.80374e+19
Pixel 40, 250, 1, 1, 4.80374e+19
=== 2273195 ===
--- pALPIDEfs_4 ---
Pixel 165, 29, 1, 1, 4.80374e+19
Pixel 164, 29, 1, 1, 4.80374e+19
Pixel 164, 30, 1, 1, 4.80374e+19
Pixel 165, 30, 1, 1, 4.80374e+19
Pixel 164, 31, 1, 1, 4.80374e+19
=== 2286141 ===
--- pALPIDEfs_1 ---
Pixel 48, 168, 1, 1, 4.80374e+19
Pixel 49, 168, 1, 1, 4.80374e+19
Pixel 49, 169, 1, 1, 4.80374e+19
Pixel 48, 169, 1, 1, 4.80374e+19
Pixel 50, 168, 1, 1, 4.80374e+19
Pixel 51, 168, 1, 1, 4.80374e+19
Pixel 50, 169, 1, 1, 4.80374e+19
=== 2287234 ===
--- pALPIDEfs_4 ---
Pixel 959, 349, 1, 1, 4.80374e+19
=== 2297828 ===
--- pALPIDEfs_0 ---
Pixel 711, 176, 1, 1, 4.80374e+19
Pixel 711, 177, 1, 1, 4.80374e+19
Pixel 710, 177, 1, 1, 4.80374e+19
Pixel 710, 178, 1, 1, 4.80374e+19
Pixel 711, 178, 1, 1, 4.80374e+19
Pixel 711, 179, 1, 1, 4.80374e+19
Pixel 711, 180, 1, 1, 4.80374e+19
Pixel 712, 176, 1, 1, 4.80374e+19
Pixel 712, 177, 1, 1, 4.80374e+19
Pixel 712, 178, 1, 1, 4.80374e+19
Pixel 712, 179, 1, 1, 4.80374e+19
Pixel 712, 180, 1, 1, 4.80374e+19
=== 2299073 ===
--- pALPIDEfs_2 ---
Pixel 795, 326, 1, 1, 4.80374e+19
=== 2311301 ===
--- pALPIDEfs_4 ---
Pixel 190, 44, 1, 1, 4.80374e+19
Pixel 190, 45, 1, 1, 4.80374e+19
=== 2329984 ===
--- pALPIDEfs_3 ---
Pixel 90, 164, 1, 1, 4.80374e+19
=== 2341006 ===
--- pALPIDEfs_4 ---
Pixel 738, 459, 1, 1, 4.80374e+19
Pixel 738, 460, 1, 1, 4.80374e+19
--- pALPIDEfs_5 ---
Pixel 83, 167, 1, 1, 4.80374e+19
Pixel 84, 167, 1, 1, 4.80374e+19
Pixel 84, 168, 1, 1, 4.80374e+19
=== 2381578 ===
--- pALPIDEfs_0 ---
Pixel 681, 299, 1, 1, 4.80374e+19
Pixel 681, 300, 1, 1, 4.80374e+19
=== 2381579 ===
--- pALPIDEfs_0 ---
Pixel 681, 299, 1, 1, 4.80374e+19
Pixel 681, 300, 1, 1, 4.80374e+19
=== 2393953 ===
--- pALPIDEfs_3 ---
Pixel 474, 288, 1, 1, 4.80374e+19
Pixel 475, 288, 1, 1, 4.80374e+19
Pixel 475, 289, 1, 1, 4.80374e+19
Pixel 474, 289, 1, 1, 4.80374e+19
=== 2394191 ===
--- pALPIDEfs_1 ---
Pixel 321, 137, 1, 1, 4.80374e+19
Pixel 320, 137, 1, 1, 4.80374e+19
=== 2407036 ===
--- pALPIDEfs_0 ---
Pixel 150, 287, 1, 1, 4.80374e+19
=== 2427778 ===
--- pALPIDEfs_4 ---
Pixel 93, 430, 1, 1, 4.80374e+19
Pixel 94, 430, 1, 1, 4.80374e+19
Pixel 95, 430, 1, 1, 4.80374e+19
=== 2428731 ===
--- pALPIDEfs_4 ---
Pixel 332, 396, 1, 1, 4.80374e+19
Pixel 333, 396, 1, 1, 4.80374e+19
Pixel 333, 397, 1, 1, 4.80374e+19
Pixel 332, 397, 1, 1, 4.80374e+19
=== 2456833 ===
--- pALPIDEfs_2 ---
Pixel 5, 249, 1, 1, 4.80374e+19
Pixel 5, 250, 1, 1, 4.80374e+19
Pixel 6, 249, 1, 1, 4.80374e+19
Pixel 6, 250, 1, 1, 4.80374e+19
--- pALPIDEfs_3 ---
Pixel 59, 237, 1, 1, 4.80374e+19
Pixel 59, 238, 1, 1, 4.80374e+19
--- pALPIDEfs_4 ---
Pixel 135, 213, 1, 1, 4.80374e+19
Pixel 135, 214, 1, 1, 4.80374e+19
--- pALPIDEfs_5 ---
Pixel 181, 237, 1, 1, 4.80374e+19
Pixel 180, 237, 1, 1, 4.80374e+19
--- pALPIDEfs_6 ---
Pixel 281, 202, 1, 1, 4.80374e+19
=== 2468189 ===
--- pALPIDEfs_6 ---
Pixel 97, 100, 1, 1, 4.80374e+19
Pixel 98, 99, 1, 1, 4.80374e+19
Pixel 98, 100, 1, 1, 4.80374e+19
=== 2492680 ===
--- pALPIDEfs_3 ---
Pixel 110, 344, 1, 1, 4.80374e+19
Pixel 110, 345, 1, 1, 4.80374e+19
Pixel 110, 346, 1, 1, 4.80374e+19
Pixel 111, 346, 1, 1, 4.80374e+19
Pixel 110, 347, 1, 1, 4.80374e+19
=== 2524329 ===
--- pALPIDEfs_4 ---
Pixel 598, 374, 1, 1, 4.80374e+19
Pixel 598, 375, 1, 1, 4.80374e+19
--- pALPIDEfs_5 ---
Pixel 412, 406, 1, 1, 4.80374e+19
--- pALPIDEfs_6 ---
Pixel 236, 492, 1, 1, 4.80374e+19
Pixel 236, 493, 1, 1, 4.80374e+19
=== 2526747 ===
--- pALPIDEfs_2 ---
Pixel 546, 354, 1, 1, 4.80374e+19
Pixel 547, 354, 1, 1, 4.80374e+19
Pixel 547, 355, 1, 1, 4.80374e+19
Pixel 546, 355, 1, 1, 4.80374e+19
Pixel 548, 354, 1, 1, 4.80374e+19
Pixel 548, 355, 1, 1, 4.80374e+19
=== 2539411 ===
--- pALPIDEfs_1 ---
Pixel 406, 4, 1, 1, 4.80374e+19
Pixel 407, 4, 1, 1, 4.80374e+19
=== 2550341 ===
--- pALPIDEfs_5 ---
Pixel 204, 99, 1, 1, 4.80374e+19
Pixel 204, 100, 1, 1, 4.80374e+19
=== 2560067 ===
--- pALPIDEfs_4 ---
Pixel 521, 476, 1, 1, 4.80374e+19
Pixel 522, 477, 1, 1, 4.80374e+19
--- pALPIDEfs_5 ---
Pixel 277, 208, 1, 1, 4.80374e+19
Pixel 277, 209, 1, 1, 4.80374e+19
--- pALPIDEfs_6 ---
Pixel 115, 503, 1, 1, 4.80374e+19
Pixel 114, 504, 1, 1, 4.80374e+19
Pixel 115, 504, 1, 1, 4.80374e+19
Pixel 125, 498, 1, 1, 4.80374e+19
=== 2564146 ===
--- pALPIDEfs_3 ---
Pixel 411, 390, 1, 1, 4.80374e+19
--- pALPIDEfs_4 ---
Pixel 320, 85, 1, 1, 4.80374e+19
=== 2582320 ===
--- pALPIDEfs_4 ---
Pixel 196, 24, 1, 1, 4.80374e+19
Pixel 197, 24, 1, 1, 4.80374e+19
--- pALPIDEfs_5 ---
Pixel 499, 138, 1, 1, 4.80374e+19
--- pALPIDEfs_6 ---
Pixel 945, 82, 1, 1, 4.80374e+19
Pixel 945, 83, 1, 1, 4.80374e+19
Pixel 946, 82, 1, 1, 4.80374e+19
Pixel 946, 83, 1, 1, 4.80374e+19
=== 2585648 ===
--- pALPIDEfs_0 ---
Pixel 667, 223, 1, 1, 4.80374e+19
--- pALPIDEfs_1 ---
Pixel 225, 300, 1, 1, 4.80374e+19
=== 2593977 ===
--- pALPIDEfs_4 ---
Pixel 605, 102, 1, 1, 4.80374e+19
Pixel 605, 103, 1, 1, 4.80374e+19
Pixel 606, 103, 1, 1, 4.80374e+19
Pixel 606, 104, 1, 1, 4.80374e+19
=== 2596286 ===
--- pALPIDEfs_4 ---
Pixel 965, 13, 1, 1, 4.80374e+19
Pixel 966, 13, 1, 1, 4.80374e+19
=== 2601464 ===
--- pALPIDEfs_2 ---
Pixel 423, 471, 1, 1, 4.80374e+19
Pixel 422, 472, 1, 1, 4.80374e+19
Pixel 423, 472, 1, 1, 4.80374e+19
=== 2610056 ===
--- pALPIDEfs_4 ---
Pixel 491, 496, 1, 1, 4.80374e+19
Pixel 491, 497, 1, 1, 4.80374e+19
Pixel 492, 496, 1, 1, 4.80374e+19
=== 2621671 ===
--- pALPIDEfs_1 ---
Pixel 755, 103, 1, 1, 4.80374e+19
=== 2625813 ===
--- pALPIDEfs_3 ---
Pixel 877, 388, 1, 1, 4.80374e+19
Pixel 877, 389, 1, 1, 4.80374e+19
Pixel 876, 390, 1, 1, 4.80374e+19
Pixel 877, 390, 1, 1, 4.80374e+19
Pixel 878, 388, 1, 1, 4.80374e+19
Pixel 878, 389, 1, 1, 4.80374e+19
=== 2632522 ===
--- pALPIDEfs_5 ---
Pixel 853, 49, 1, 1, 4.80374e+19
Pixel 852, 49, 1, 1, 4.80374e+19
Pixel 852, 50, 1, 1, 4.80374e+19
Pixel 853, 50, 1, 1, 4.80374e+19
=== 2638217 ===
--- pALPIDEfs_5 ---
Pixel 541, 59, 1, 1, 4.80374e+19
Pixel 540, 59, 1, 1, 4.80374e+19
Pixel 541, 60, 1, 1, 4.80374e+19
Pixel 542, 59, 1, 1, 4.80374e+19
Pixel 542, 60, 1, 1, 4.80374e+19
=== 2652198 ===
--- pALPIDEfs_3 ---
Pixel 257, 249, 1, 1, 4.80374e+19
Pixel 257, 250, 1, 1, 4.80374e+19
Pixel 257, 251, 1, 1, 4.80374e+19
Pixel 258, 249, 1, 1, 4.80374e+19
Pixel 258, 250, 1, 1, 4.80374e+19
Pixel 258, 251, 1, 1, 4.80374e+19
=== 2666954 ===
--- pALPIDEfs_0 ---
Pixel 377, 362, 1, 1, 4.80374e+19
Pixel 377, 363, 1, 1, 4.80374e+19
Pixel 378, 363, 1, 1, 4.80374e+19
=== 2690220 ===
--- pALPIDEfs_3 ---
Pixel 611, 297, 1, 1, 4.80374e+19
Pixel 611, 298, 1, 1, 4.80374e+19
Pixel 613, 297, 1, 1, 4.80374e+19
Pixel 612, 297, 1, 1, 4.80374e+19
Pixel 612, 298, 1, 1, 4.80374e+19
Pixel 613, 298, 1, 1, 4.80374e+19
=== 2690336 ===
--- pALPIDEfs_3 ---
Pixel 783, 394, 1, 1, 4.80374e+19
=== 2692524 ===
--- pALPIDEfs_0 ---
Pixel 479, 8, 1, 1, 4.80374e+19
Pixel 479, 9, 1, 1, 4.80374e+19
Pixel 478, 9, 1, 1, 4.80374e+19
Pixel 480, 8, 1, 1, 4.80374e+19
Pixel 480, 9, 1, 1, 4.80374e+19
=== 2705521 ===
--- pALPIDEfs_6 ---
Pixel 297, 256, 1, 1, 4.80374e+19
Pixel 297, 257, 1, 1, 4.80374e+19
=== 2719855 ===
--- pALPIDEfs_1 ---
Pixel 136, 407, 1, 1, 4.80374e+19
Pixel 136, 408, 1, 1, 4.80374e+19
=== 2736062 ===
--- pALPIDEfs_6 ---
Pixel 167, 323, 1, 1, 4.80374e+19
Pixel 168, 322, 1, 1, 4.80374e+19
Pixel 169, 323, 1, 1, 4.80374e+19
Pixel 168, 323, 1, 1, 4.80374e+19
Pixel 168, 324, 1, 1, 4.80374e+19
Pixel 169, 324, 1, 1, 4.80374e+19
Pixel 170, 324, 1, 1, 4.80374e+19
=== 2736869 ===
--- pALPIDEfs_2 ---
Pixel 139, 178, 1, 1, 4.80374e+19
Pixel 139, 179, 1, 1, 4.80374e+19
=== 2741602 ===
--- pALPIDEfs_3 ---
Pixel 395, 299, 1, 1, 4.80374e+19
=== 2757644 ===
--- pALPIDEfs_0 ---
Pixel 868, 281, 1, 1, 4.80374e+19
=== 2796778 ===
--- pALPIDEfs_0 ---
Pixel 917, 113, 1, 1, 4.80374e+19
Pixel 916, 113, 1, 1, 4.80374e+19
Pixel 916, 114, 1, 1, 4.80374e+19
Pixel 917, 114, 1, 1, 4.80374e+19
=== 2801830 ===
--- pALPIDEfs_2 ---
Pixel 345, 107, 1, 1, 4.80374e+19
Pixel 346, 107, 1, 1, 4.80374e+19
=== 2841677 ===
--- pALPIDEfs_3 ---
Pixel 141, 318, 1, 1, 4.80374e+19
=== 2843711 ===
--- pALPIDEfs_4 ---
Pixel 223, 470, 1, 1, 4.80374e+19
Pixel 267, 489, 1, 1, 4.80374e+19
Pixel 268, 489, 1, 1, 4.80374e+19
Pixel 268, 490, 1, 1, 4.80374e+19
--- pALPIDEfs_6 ---
Pixel 626, 309, 1, 1, 4.80374e+19
Pixel 626, 310, 1, 1, 4.80374e+19
=== 2859223 ===
--- pALPIDEfs_5 ---
Pixel 760, 334, 1, 1, 4.80374e+19
Pixel 761, 334, 1, 1, 4.80374e+19
=== 2861240 ===
--- pALPIDEfs_2 ---
Pixel 713, 211, 1, 1, 4.80374e+19
Pixel 713, 212, 1, 1, 4.80374e+19
Pixel 715, 211, 1, 1, 4.80374e+19
Pixel 714, 211, 1, 1, 4.80374e+19
Pixel 714, 212, 1, 1, 4.80374e+19
=== 2861331 ===
--- pALPIDEfs_3 ---
Pixel 981, 385, 1, 1, 4.80374e+19
Pixel 981, 386, 1, 1, 4.80374e+19
Pixel 982, 385, 1, 1, 4.80374e+19
Pixel 982, 386, 1, 1, 4.80374e+19
=== 2861952 ===
--- pALPIDEfs_1 ---
Pixel 711, 221, 1, 1, 4.80374e+19
Pixel 711, 222, 1, 1, 4.80374e+19
=== 2872309 ===
--- pALPIDEfs_2 ---
Pixel 343, 389, 1, 1, 4.80374e+19
Pixel 342, 389, 1, 1, 4.80374e+19
Pixel 342, 390, 1, 1, 4.80374e+19
=== 2886872 ===
--- pALPIDEfs_6 ---
Pixel 401, 437, 1, 1, 4.80374e+19
Pixel 400, 437, 1, 1, 4.80374e+19
Pixel 400, 438, 1, 1, 4.80374e+19
=== 2890033 ===
--- pALPIDEfs_1 ---
Pixel 891, 80, 1, 1, 4.80374e+19
Pixel 891, 81, 1, 1, 4.80374e+19
Pixel 892, 79, 1, 1, 4.80374e+19
Pixel 892, 80, 1, 1, 4.80374e+19
Pixel 893, 80, 1, 1, 4.80374e+19
Pixel 893, 81, 1, 1, 4.80374e+19
Pixel 892, 81, 1, 1, 4.80374e+19
=== 2902590 ===
--- pALPIDEfs_6 ---
Pixel 823, 132, 1, 1, 4.80374e+19
=== 2906247 ===
--- pALPIDEfs_2 ---
Pixel 763, 382, 1, 1, 4.80374e+19
=== 2935699 ===
--- pALPIDEfs_6 ---
Pixel 372, 511, 1, 1, 4.80374e+19
=== 2937681 ===
--- pALPIDEfs_3 ---
Pixel 413, 240, 1, 1, 4.80374e+19
=== 2944414 ===
--- pALPIDEfs_5 ---
Pixel 790, 340, 1, 1, 4.80374e+19
Pixel 791, 340, 1, 1, 4.80374e+19
Pixel 791, 341, 1, 1, 4.80374e+19
Pixel 790, 341, 1, 1, 4.80374e+19
--- pALPIDEfs_6 ---
Pixel 170, 362, 1, 1, 4.80374e+19
Pixel 171, 362, 1, 1, 4.80374e+19
Pixel 171, 363, 1, 1, 4.80374e+19
Pixel 170, 363, 1, 1, 4.80374e+19
=== 2952560 ===
--- pALPIDEfs_6 ---
Pixel 836, 334, 1, 1, 4.80374e+19
Pixel 837, 334, 1, 1, 4.80374e+19
=== 2976320 ===
--- pALPIDEfs_5 ---
Pixel 398, 450, 1, 1, 4.80374e+19
Pixel 399, 451, 1, 1, 4.80374e+19
Pixel 398, 451, 1, 1, 4.80374e+19
=== 2982919 ===
--- pALPIDEfs_1 ---
Pixel 394, 250, 1, 1, 4.80374e+19
Pixel 395, 250, 1, 1, 4.80374e+19
Pixel 396, 250, 1, 1, 4.80374e+19
Pixel 397, 250, 1, 1, 4.80374e+19
Pixel 397, 251, 1, 1, 4.80374e+19
Pixel 396, 251, 1, 1, 4.80374e+19
=== 3015218 ===
--- pALPIDEfs_6 ---
Pixel 677, 485, 1, 1, 4.80374e+19
Pixel 677, 486, 1, 1, 4.80374e+19
Pixel 678, 485, 1, 1, 4.80374e+19
Pixel 678, 486, 1, 1, 4.80374e+19
=== 3017583 ===
--- pALPIDEfs_1 ---
Pixel 580, 348, 1, 1, 4.80374e+19
Pixel 581, 348, 1, 1, 4.80374e+19
=== 3017947 ===
--- pALPIDEfs_0 ---
Pixel 720, 56, 1, 1, 4.80374e+19
Pixel 721, 56, 1, 1, 4.80374e+19
Pixel 721, 57, 1, 1, 4.80374e+19
=== 3031134 ===
--- pALPIDEfs_0 ---
Pixel 373, 10, 1, 1, 4.80374e+19
Pixel 373, 11, 1, 1, 4.80374e+19
Pixel 374, 10, 1, 1, 4.80374e+19
=== 3033011 ===
--- pALPIDEfs_2 ---
Pixel 595, 87, 1, 1, 4.80374e+19
Pixel 595, 88, 1, 1, 4.80374e+19
Pixel 595, 89, 1, 1, 4.80374e+19
Pixel 596, 87, 1, 1, 4.80374e+19
Pixel 596, 88, 1, 1, 4.80374e+19
Pixel 596, 89, 1, 1, 4.80374e+19
=== 3047512 ===
--- pALPIDEfs_5 ---
Pixel 206, 480, 1, 1, 4.80374e+19
Pixel 206, 481, 1, 1, 4.80374e+19
=== 3048169 ===
--- pALPIDEfs_1 ---
Pixel 147, 460, 1, 1, 4.80374e+19
Pixel 147, 461, 1, 1, 4.80374e+19
Pixel 146, 461, 1, 1, 4.80374e+19
Pixel 148, 461, 1, 1, 4.80374e+19
=== 3049318 ===
--- pALPIDEfs_1 ---
Pixel 719, 361, 1, 1, 4.80374e+19
Pixel 719, 362, 1, 1, 4.80374e+19
Pixel 720, 361, 1, 1, 4.80374e+19
Pixel 720, 362, 1, 1, 4.80374e+19
--- pALPIDEfs_2 ---
Pixel 939, 288, 1, 1, 4.80374e+19
Pixel 940, 288, 1, 1, 4.80374e+19
=== 3052509 ===
--- pALPIDEfs_3 ---
Pixel 975, 173, 1, 1, 4.80374e+19
Pixel 974, 173, 1, 1, 4.80374e+19
=== 3097036 ===
--- pALPIDEfs_0 ---
Pixel 781, 400, 1, 1, 4.80374e+19
=== 3107531 ===
--- pALPIDEfs_4 ---
Pixel 81, 452, 1, 1, 4.80374e+19
Pixel 81, 453, 1, 1, 4.80374e+19
=== 3115008 ===
--- pALPIDEfs_0 ---
Pixel 725, 107, 1, 1, 4.80374e+19
Pixel 724, 108, 1, 1, 4.80374e+19
Pixel 725, 108, 1, 1, 4.80374e+19
Pixel 725, 109, 1, 1, 4.80374e+19
Pixel 724, 109, 1, 1, 4.80374e+19
=== 3129063 ===
--- pALPIDEfs_3 ---
Pixel 814, 310, 1, 1, 4.80374e+19
Pixel 814, 311, 1, 1, 4.80374e+19
=== 3158244 ===
--- pALPIDEfs_0 ---
Pixel 67, 337, 1, 1, 4.80374e+19
Pixel 66, 337, 1, 1, 4.80374e+19
=== 3176377 ===
--- pALPIDEfs_3 ---
Pixel 413, 240, 1, 1, 4.80374e+19
=== 3177989 ===
--- pALPIDEfs_1 ---
Pixel 427, 84, 1, 1, 4.80374e+19
Pixel 429, 82, 1, 1, 4.80374e+19
Pixel 429, 83, 1, 1, 4.80374e+19
Pixel 428, 83, 1, 1, 4.80374e+19
Pixel 428, 84, 1, 1, 4.80374e+19
Pixel 431, 80, 1, 1, 4.80374e+19
Pixel 431, 81, 1, 1, 4.80374e+19
Pixel 430, 81, 1, 1, 4.80374e+19
Pixel 430, 82, 1, 1, 4.80374e+19
=== 3188679 ===
--- pALPIDEfs_5 ---
Pixel 469, 283, 1, 1, 4.80374e+19
Pixel 468, 283, 1, 1, 4.80374e+19
Pixel 469, 284, 1, 1, 4.80374e+19
=== 3188680 ===
--- pALPIDEfs_5 ---
Pixel 469, 283, 1, 1, 4.80374e+19
Pixel 468, 283, 1, 1, 4.80374e+19
Pixel 468, 284, 1, 1, 4.80374e+19
Pixel 469, 284, 1, 1, 4.80374e+19
=== 3191597 ===
--- pALPIDEfs_3 ---
Pixel 932, 450, 1, 1, 4.80374e+19
Pixel 933, 450, 1, 1, 4.80374e+19
Pixel 932, 451, 1, 1, 4.80374e+19
--- pALPIDEfs_4 ---
Pixel 707, 506, 1, 1, 4.80374e+19
=== 3194806 ===
--- pALPIDEfs_1 ---
Pixel 239, 260, 1, 1, 4.80374e+19
Pixel 240, 259, 1, 1, 4.80374e+19
Pixel 240, 260, 1, 1, 4.80374e+19
=== 3218440 ===
--- pALPIDEfs_3 ---
Pixel 869, 388, 1, 1, 4.80374e+19
Pixel 869, 389, 1, 1, 4.80374e+19
Pixel 870, 388, 1, 1, 4.80374e+19
Pixel 870, 389, 1, 1, 4.80374e+19
--- pALPIDEfs_4 ---
Pixel 610, 91, 1, 1, 4.80374e+19
Pixel 610, 92, 1, 1, 4.80374e+19
=== 3261084 ===
--- pALPIDEfs_0 ---
Pixel 553, 378, 1, 1, 4.80374e+19
Pixel 553, 379, 1, 1, 4.80374e+19
=== 3267314 ===
--- pALPIDEfs_3 ---
Pixel 767, 115, 1, 1, 4.80374e+19
Pixel 766, 115, 1, 1, 4.80374e+19
Pixel 766, 116, 1, 1, 4.80374e+19
Pixel 767, 116, 1, 1, 4.80374e+19
Pixel 766, 117, 1, 1, 4.80374e+19
=== 3282929 ===
--- pALPIDEfs_4 ---
Pixel 240, 133, 1, 1, 4.80374e+19
=== 3323427 ===
--- pALPIDEfs_5 ---
Pixel 287, 433, 1, 1, 4.80374e+19
Pixel 287, 434, 1, 1, 4.80374e+19
Pixel 288, 433, 1, 1, 4.80374e+19
Pixel 288, 434, 1, 1, 4.80374e+19
=== 3324603 ===
--- pALPIDEfs_1 ---
Pixel 722, 325, 1, 1, 4.80374e+19
--- pALPIDEfs_2 ---
Pixel 288, 292, 1, 1, 4.80374e+19
=== 3324789 ===
--- pALPIDEfs_1 ---
Pixel 96, 222, 1, 1, 4.80374e+19
=== 3331957 ===
--- pALPIDEfs_3 ---
Pixel 322, 145, 1, 1, 4.80374e+19
--- pALPIDEfs_4 ---
Pixel 631, 279, 1, 1, 4.80374e+19
Pixel 631, 280, 1, 1, 4.80374e+19
Pixel 632, 279, 1, 1, 4.80374e+19
Pixel 632, 280, 1, 1, 4.80374e+19
--- pALPIDEfs_5 ---
Pixel 909, 456, 1, 1, 4.80374e+19
Pixel 910, 456, 1, 1, 4.80374e+19
=== 3353984 ===
--- pALPIDEfs_6 ---
Pixel 510, 390, 1, 1, 4.80374e+19
Pixel 510, 391, 1, 1, 4.80374e+19
=== 3385538 ===
--- pALPIDEfs_3 ---
Pixel 189, 86, 1, 1, 4.80374e+19
Pixel 189, 87, 1, 1, 4.80374e+19
Pixel 190, 86, 1, 1, 4.80374e+19
Pixel 190, 87, 1, 1, 4.80374e+19
=== 3409356 ===
--- pALPIDEfs_0 ---
Pixel 277, 144, 1, 1, 4.80374e+19
Pixel 278, 144, 1, 1, 4.80374e+19
--- pALPIDEfs_1 ---
Pixel 561, 151, 1, 1, 4.80374e+19
Pixel 560, 151, 1, 1, 4.80374e+19
Pixel 560, 152, 1, 1, 4.80374e+19
--- pALPIDEfs_2 ---
Pixel 780, 212, 1, 1, 4.80374e+19
Pixel 781, 212, 1, 1, 4.80374e+19
--- pALPIDEfs_3 ---
Pixel 748, 41, 1, 1, 4.80374e+19
=== 3413540 ===
--- pALPIDEfs_0 ---
Pixel 24, 235, 1, 1, 4.80374e+19
Pixel 24, 236, 1, 1, 4.80374e+19
=== 3419143 ===
--- pALPIDEfs_2 ---
Pixel 684, 506, 1, 1, 4.80374e+19
Pixel 685, 506, 1, 1, 4.80374e+19
Pixel 685, 507, 1, 1, 4.80374e+19
=== 3419569 ===
--- pALPIDEfs_3 ---
Pixel 309, 285, 1, 1, 4.80374e+19
Pixel 308, 286, 1, 1, 4.80374e+19
Pixel 309, 286, 1, 1, 4.80374e+19
=== 3438143 ===
--- pALPIDEfs_3 ---
Pixel 597, 387, 1, 1, 4.80374e+19
Pixel 597, 388, 1, 1, 4.80374e+19
Pixel 598, 388, 1, 1, 4.80374e+19
Pixel 598, 389, 1, 1, 4.80374e+19
=== 3452958 ===
--- pALPIDEfs_0 ---
Pixel 783, 237, 1, 1, 4.80374e+19
Pixel 784, 237, 1, 1, 4.80374e+19
Pixel 784, 238, 1, 1, 4.80374e+19
--- pALPIDEfs_1 ---
Pixel 896, 338, 1, 1, 4.80374e+19
Pixel 896, 339, 1, 1, 4.80374e+19
=== 3459816 ===
--- pALPIDEfs_6 ---
Pixel 969, 485, 1, 1, 4.80374e+19
Pixel 969, 486, 1, 1, 4.80374e+19
=== 3466111 ===
--- pALPIDEfs_4 ---
Pixel 364, 104, 1, 1, 4.80374e+19
Pixel 365, 104, 1, 1, 4.80374e+19
Pixel 365, 105, 1, 1, 4.80374e+19
Pixel 364, 105, 1, 1, 4.80374e+19
Pixel 366, 106, 1, 1, 4.80374e+19
Pixel 368, 109, 1, 1, 4.80374e+19
Pixel 369, 111, 1, 1, 4.80374e+19
Pixel 370, 112, 1, 1, 4.80374e+19
Pixel 370, 113, 1, 1, 4.80374e+19
Pixel 370, 114, 1, 1, 4.80374e+19
Pixel 371, 114, 1, 1, 4.80374e+19
Pixel 371, 115, 1, 1, 4.80374e+19
Pixel 372, 114, 1, 1, 4.80374e+19
Pixel 372, 115, 1, 1, 4.80374e+19
Pixel 372, 116, 1, 1, 4.80374e+19
=== 3478312 ===
--- pALPIDEfs_1 ---
Pixel 696, 139, 1, 1, 4.80374e+19
Pixel 696, 140, 1, 1, 4.80374e+19
Pixel 696, 141, 1, 1, 4.80374e+19
=== 3486955 ===
--- pALPIDEfs_0 ---
Pixel 369, 120, 1, 1, 4.80374e+19
Pixel 369, 121, 1, 1, 4.80374e+19
Pixel 370, 120, 1, 1, 4.80374e+19
Pixel 370, 121, 1, 1, 4.80374e+19
=== 3486956 ===
--- pALPIDEfs_0 ---
Pixel 369, 120, 1, 1, 4.80374e+19
Pixel 369, 121, 1, 1, 4.80374e+19
Pixel 370, 120, 1, 1, 4.80374e+19
Pixel 370, 121, 1, 1, 4.80374e+19
=== 3507286 ===
--- pALPIDEfs_0 ---
Pixel 83, 59, 1, 1, 4.80374e+19
Pixel 83, 60, 1, 1, 4.80374e+19
Pixel 84, 59, 1, 1, 4.80374e+19
Pixel 84, 60, 1, 1, 4.80374e+19
=== 3517506 ===
--- pALPIDEfs_3 ---
Pixel 499, 137, 1, 1, 4.80374e+19
Pixel 499, 138, 1, 1, 4.80374e+19
Pixel 500, 137, 1, 1, 4.80374e+19
=== 3517817 ===
--- pALPIDEfs_2 ---
Pixel 775, 287, 1, 1, 4.80374e+19
Pixel 774, 287, 1, 1, 4.80374e+19
=== 3520919 ===
--- pALPIDEfs_1 ---
Pixel 761, 42, 1, 1, 4.80374e+19
Pixel 761, 43, 1, 1, 4.80374e+19
=== 3521311 ===
--- pALPIDEfs_3 ---
Pixel 883, 164, 1, 1, 4.80374e+19
Pixel 884, 164, 1, 1, 4.80374e+19
--- pALPIDEfs_4 ---
Pixel 301, 249, 1, 1, 4.80374e+19
Pixel 302, 249, 1, 1, 4.80374e+19
=== 3529868 ===
--- pALPIDEfs_4 ---
Pixel 749, 488, 1, 1, 4.80374e+19
Pixel 749, 489, 1, 1, 4.80374e+19
Pixel 749, 490, 1, 1, 4.80374e+19
Pixel 755, 476, 1, 1, 4.80374e+19
Pixel 755, 477, 1, 1, 4.80374e+19
Pixel 754, 477, 1, 1, 4.80374e+19
Pixel 756, 476, 1, 1, 4.80374e+19
Pixel 757, 476, 1, 1, 4.80374e+19
Pixel 757, 477, 1, 1, 4.80374e+19
Pixel 756, 477, 1, 1, 4.80374e+19
Pixel 761, 475, 1, 1, 4.80374e+19
Pixel 760, 475, 1, 1, 4.80374e+19
Pixel 760, 476, 1, 1, 4.80374e+19
Pixel 761, 476, 1, 1, 4.80374e+19
=== 3532554 ===
--- pALPIDEfs_0 ---
Pixel 995, 416, 1, 1, 4.80374e+19
=== 3558061 ===
--- pALPIDEfs_2 ---
Pixel 705, 422, 1, 1, 4.80374e+19
Pixel 705, 423, 1, 1, 4.80374e+19
=== 3587916 ===
--- pALPIDEfs_6 ---
Pixel 189, 483, 1, 1, 4.80374e+19
Pixel 189, 484, 1, 1, 4.80374e+19
=== 3603215 ===
--- pALPIDEfs_2 ---
Pixel 227, 17, 1, 1, 4.80374e+19
=== 3630927 ===
--- pALPIDEfs_1 ---
Pixel 353, 13, 1, 1, 4.80374e+19
Pixel 352, 13, 1, 1, 4.80374e+19
Pixel 353, 14, 1, 1, 4.80374e+19
=== 3635227 ===
--- pALPIDEfs_0 ---
Pixel 643, 454, 1, 1, 4.80374e+19
Pixel 643, 455, 1, 1, 4.80374e+19
=== 3640488 ===
--- pALPIDEfs_2 ---
Pixel 358, 28, 1, 1, 4.80374e+19
=== 3655358 ===
--- pALPIDEfs_2 ---
Pixel 243, 88, 1, 1, 4.80374e+19
=== 3656448 ===
--- pALPIDEfs_6 ---
Pixel 544, 296, 1, 1, 4.80374e+19
Pixel 545, 296, 1, 1, 4.80374e+19
Pixel 545, 297, 1, 1, 4.80374e+19
Pixel 544, 297, 1, 1, 4.80374e+19
Pixel 547, 295, 1, 1, 4.80374e+19
Pixel 546, 296, 1, 1, 4.80374e+19
Pixel 547, 296, 1, 1, 4.80374e+19
Pixel 546, 297, 1, 1, 4.80374e+19
Pixel 549, 295, 1, 1, 4.80374e+19
Pixel 548, 295, 1, 1, 4.80374e+19
Pixel 548, 296, 1, 1, 4.80374e+19
Pixel 549, 296, 1, 1, 4.80374e+19
Pixel 550, 294, 1, 1, 4.80374e+19
Pixel 551, 294, 1, 1, 4.80374e+19
Pixel 551, 295, 1, 1, 4.80374e+19
Pixel 550, 295, 1, 1, 4.80374e+19
=== 3661328 ===
--- pALPIDEfs_1 ---
Pixel 999, 257, 1, 1, 4.80374e+19
Pixel 999, 258, 1, 1, 4.80374e+19
=== 3663360 ===
--- pALPIDEfs_5 ---
Pixel 693, 298, 1, 1, 4.80374e+19
Pixel 693, 299, 1, 1, 4.80374e+19
Pixel 694, 299, 1, 1, 4.80374e+19
Pixel 694, 300, 1, 1, 4.80374e+19
=== 3666034 ===
--- pALPIDEfs_0 ---
Pixel 699, 91, 1, 1, 4.80374e+19
Pixel 698, 91, 1, 1, 4.80374e+19
=== 3668082 ===
--- pALPIDEfs_0 ---
Pixel 268, 289, 1, 1, 4.80374e+19
Pixel 268, 290, 1, 1, 4.80374e+19
=== 3675039 ===
--- pALPIDEfs_5 ---
Pixel 235, 121, 1, 1, 4.80374e+19
Pixel 235, 122, 1, 1, 4.80374e+19
--- pALPIDEfs_6 ---
Pixel 545, 138, 1, 1, 4.80374e+19
Pixel 545, 139, 1, 1, 4.80374e+19
Pixel 547, 139, 1, 1, 4.80374e+19
Pixel 546, 139, 1, 1, 4.80374e+19
Pixel 547, 140, 1, 1, 4.80374e+19
Pixel 548, 139, 1, 1, 4.80374e+19
Pixel 548, 140, 1, 1, 4.80374e+19
Pixel 549, 140, 1, 1, 4.80374e+19
Pixel 549, 141, 1, 1, 4.80374e+19
Pixel 548, 141, 1, 1, 4.80374e+19
Pixel 549, 142, 1, 1, 4.80374e+19
Pixel 550, 141, 1, 1, 4.80374e+19
Pixel 550, 142, 1, 1, 4.80374e+19
=== 3684680 ===
--- pALPIDEfs_0 ---
Pixel 57, 273, 1, 1, 4.80374e+19
Pixel 56, 273, 1, 1, 4.80374e+19
Pixel 56, 274, 1, 1, 4.80374e+19
Pixel 57, 274, 1, 1, 4.80374e+19
=== 3694858 ===
--- pALPIDEfs_4 ---
Pixel 492, 427, 1, 1, 4.80374e+19
--- pALPIDEfs_5 ---
Pixel 452, 263, 1, 1, 4.80374e+19
--- pALPIDEfs_6 ---
Pixel 465, 41, 1, 1, 4.80374e+19
=== 3701125 ===
--- pALPIDEfs_4 ---
Pixel 57, 215, 1, 1, 4.80374e+19
Pixel 56, 215, 1, 1, 4.80374e+19
Pixel 57, 216, 1, 1, 4.80374e+19
--- pALPIDEfs_5 ---
Pixel 186, 420, 1, 1, 4.80374e+19
=== 3730692 ===
--- pALPIDEfs_1 ---
Pixel 846, 84, 1, 1, 4.80374e+19
--- pALPIDEfs_2 ---
Pixel 636, 198, 1, 1, 4.80374e+19
--- pALPIDEfs_3 ---
Pixel 315, 501, 1, 1, 4.80374e+19
Pixel 315, 502, 1, 1, 4.80374e+19
Pixel 316, 501, 1, 1, 4.80374e+19
Pixel 316, 502, 1, 1, 4.80374e+19
=== 3736352 ===
--- pALPIDEfs_2 ---
Pixel 983, 351, 1, 1, 4.80374e+19
Pixel 982, 351, 1, 1, 4.80374e+19
Pixel 982, 352, 1, 1, 4.80374e+19
Pixel 983, 352, 1, 1, 4.80374e+19
=== 3739947 ===
--- pALPIDEfs_4 ---
Pixel 81, 256, 1, 1, 4.80374e+19
=== 3746504 ===
--- pALPIDEfs_1 ---
Pixel 460, 200, 1, 1, 4.80374e+19
Pixel 461, 200, 1, 1, 4.80374e+19
=== 3750797 ===
--- pALPIDEfs_6 ---
Pixel 653, 257, 1, 1, 4.80374e+19
Pixel 652, 257, 1, 1, 4.80374e+19
Pixel 652, 258, 1, 1, 4.80374e+19
Pixel 653, 258, 1, 1, 4.80374e+19
=== 3756481 ===
--- pALPIDEfs_2 ---
Pixel 720, 10, 1, 1, 4.80374e+19
Pixel 720, 11, 1, 1, 4.80374e+19
--- pALPIDEfs_3 ---
Pixel 771, 345, 1, 1, 4.80374e+19
=== 3767432 ===
--- pALPIDEfs_1 ---
Pixel 387, 226, 1, 1, 4.80374e+19
Pixel 388, 226, 1, 1, 4.80374e+19
=== 3780001 ===
--- pALPIDEfs_0 ---
Pixel 657, 105, 1, 1, 4.80374e+19
Pixel 656, 105, 1, 1, 4.80374e+19
--- pALPIDEfs_1 ---
Pixel 53, 230, 1, 1, 4.80374e+19
Pixel 53, 231, 1, 1, 4.80374e+19
=== 3791788 ===
--- pALPIDEfs_1 ---
Pixel 1003, 447, 1, 1, 4.80374e+19
=== 3796592 ===
--- pALPIDEfs_2 ---
Pixel 165, 315, 1, 1, 4.80374e+19
Pixel 164, 315, 1, 1, 4.80374e+19
Pixel 167, 315, 1, 1, 4.80374e+19
Pixel 166, 315, 1, 1, 4.80374e+19
Pixel 167, 316, 1, 1, 4.80374e+19
Pixel 169, 315, 1, 1, 4.80374e+19
Pixel 168, 315, 1, 1, 4.80374e+19
Pixel 168, 316, 1, 1, 4.80374e+19
Pixel 169, 316, 1, 1, 4.80374e+19
Pixel 170, 316, 1, 1, 4.80374e+19
Pixel 171, 316, 1, 1, 4.80374e+19
Pixel 172, 316, 1, 1, 4.80374e+19
Pixel 173, 316, 1, 1, 4.80374e+19
Pixel 173, 317, 1, 1, 4.80374e+19
Pixel 174, 316, 1, 1, 4.80374e+19
Pixel 174, 317, 1, 1, 4.80374e+19
=== 3853578 ===
--- pALPIDEfs_2 ---
Pixel 713, 315, 1, 1, 4.80374e+19
Pixel 712, 316, 1, 1, 4.80374e+19
Pixel 713, 316, 1, 1, 4.80374e+19
Pixel 714, 315, 1, 1, 4.80374e+19
=== 3860709 ===
--- pALPIDEfs_1 ---
Pixel 537, 445, 1, 1, 4.80374e+19
Pixel 537, 446, 1, 1, 4.80374e+19
Pixel 537, 447, 1, 1, 4.80374e+19
Pixel 536, 447, 1, 1, 4.80374e+19
Pixel 536, 448, 1, 1, 4.80374e+19
=== 3869060 ===
--- pALPIDEfs_3 ---
Pixel 179, 128, 1, 1, 4.80374e+19
Pixel 179, 129, 1, 1, 4.80374e+19
=== 3900839 ===
--- pALPIDEfs_4 ---
Pixel 368, 264, 1, 1, 4.80374e+19
Pixel 369, 265, 1, 1, 4.80374e+19
Pixel 368, 265, 1, 1, 4.80374e+19
Pixel 369, 266, 1, 1, 4.80374e+19
Pixel 369, 267, 1, 1, 4.80374e+19
Pixel 370, 266, 1, 1, 4.80374e+19
Pixel 371, 266, 1, 1, 4.80374e+19
Pixel 371, 267, 1, 1, 4.80374e+19
Pixel 370, 267, 1, 1, 4.80374e+19
Pixel 372, 265, 1, 1, 4.80374e+19
Pixel 372, 266, 1, 1, 4.80374e+19
Pixel 373, 266, 1, 1, 4.80374e+19
=== 3901396 ===
--- pALPIDEfs_3 ---
Pixel 909, 383, 1, 1, 4.80374e+19
Pixel 910, 382, 1, 1, 4.80374e+19
Pixel 911, 382, 1, 1, 4.80374e+19
Pixel 911, 383, 1, 1, 4.80374e+19
Pixel 910, 383, 1, 1, 4.80374e+19
Pixel 912, 381, 1, 1, 4.80374e+19
Pixel 912, 382, 1, 1, 4.80374e+19
=== 3902083 ===
--- pALPIDEfs_1 ---
Pixel 407, 247, 1, 1, 4.80374e+19
=== 3903218 ===
--- pALPIDEfs_3 ---
Pixel 395, 299, 1, 1, 4.80374e+19
=== 3915321 ===
--- pALPIDEfs_4 ---
Pixel 601, 342, 1, 1, 4.80374e+19
Pixel 603, 338, 1, 1, 4.80374e+19
Pixel 603, 339, 1, 1, 4.80374e+19
Pixel 602, 340, 1, 1, 4.80374e+19
Pixel 602, 341, 1, 1, 4.80374e+19
Pixel 605, 335, 1, 1, 4.80374e+19
Pixel 605, 336, 1, 1, 4.80374e+19
Pixel 604, 337, 1, 1, 4.80374e+19
Pixel 606, 334, 1, 1, 4.80374e+19
Pixel 606, 335, 1, 1, 4.80374e+19
=== 3915322 ===
--- pALPIDEfs_4 ---
Pixel 601, 341, 1, 1, 4.80374e+19
Pixel 601, 342, 1, 1, 4.80374e+19
Pixel 603, 338, 1, 1, 4.80374e+19
Pixel 603, 339, 1, 1, 4.80374e+19
Pixel 602, 339, 1, 1, 4.80374e+19
Pixel 603, 340, 1, 1, 4.80374e+19
Pixel 602, 341, 1, 1, 4.80374e+19
Pixel 605, 335, 1, 1, 4.80374e+19
Pixel 605, 336, 1, 1, 4.80374e+19
Pixel 604, 337, 1, 1, 4.80374e+19
Pixel 604, 338, 1, 1, 4.80374e+19
Pixel 606, 334, 1, 1, 4.80374e+19
Pixel 607, 334, 1, 1, 4.80374e+19
Pixel 606, 335, 1, 1, 4.80374e+19
=== 3934669 ===
--- pALPIDEfs_1 ---
Pixel 487, 488, 1, 1, 4.80374e+19
Pixel 487, 489, 1, 1, 4.80374e+19
=== 3943037 ===
--- pALPIDEfs_0 ---
Pixel 639, 11, 1, 1, 4.80374e+19
Pixel 638, 12, 1, 1, 4.80374e+19
Pixel 639, 12, 1, 1, 4.80374e+19
Pixel 639, 13, 1, 1, 4.80374e+19
Pixel 638, 13, 1, 1, 4.80374e+19
=== 3972263 ===
--- pALPIDEfs_0 ---
Pixel 709, 349, 1, 1, 4.80374e+19
Pixel 708, 349, 1, 1, 4.80374e+19
Pixel 708, 350, 1, 1, 4.80374e+19
=== 3973938 ===
--- pALPIDEfs_4 ---
Pixel 845, 328, 1, 1, 4.80374e+19
Pixel 845, 329, 1, 1, 4.80374e+19
Pixel 846, 328, 1, 1, 4.80374e+19
Pixel 847, 328, 1, 1, 4.80374e+19
Pixel 847, 329, 1, 1, 4.80374e+19
Pixel 846, 329, 1, 1, 4.80374e+19
=== 3975580 ===
--- pALPIDEfs_3 ---
Pixel 686, 8, 1, 1, 4.80374e+19
=== 3988780 ===
--- pALPIDEfs_5 ---
Pixel 85, 126, 1, 1, 4.80374e+19
Pixel 86, 125, 1, 1, 4.80374e+19
Pixel 86, 126, 1, 1, 4.80374e+19
=== 3989782 ===
--- pALPIDEfs_1 ---
Pixel 102, 359, 1, 1, 4.80374e+19
Pixel 102, 360, 1, 1, 4.80374e+19
=== 4003163 ===
--- pALPIDEfs_4 ---
Pixel 372, 136, 1, 1, 4.80374e+19
=== 4004999 ===
--- pALPIDEfs_4 ---
Pixel 452, 391, 1, 1, 4.80374e+19
Pixel 452, 392, 1, 1, 4.80374e+19
Pixel 452, 393, 1, 1, 4.80374e+19
=== 4015808 ===
--- pALPIDEfs_1 ---
Pixel 35, 473, 1, 1, 4.80374e+19
Pixel 34, 474, 1, 1, 4.80374e+19
Pixel 35, 474, 1, 1, 4.80374e+19
Pixel 35, 475, 1, 1, 4.80374e+19
Pixel 34, 475, 1, 1, 4.80374e+19
Pixel 36, 473, 1, 1, 4.80374e+19
Pixel 36, 474, 1, 1, 4.80374e+19
=== 4049002 ===
--- pALPIDEfs_6 ---
Pixel 653, 241, 1, 1, 4.80374e+19
Pixel 652, 241, 1, 1, 4.80374e+19
Pixel 652, 242, 1, 1, 4.80374e+19
Pixel 653, 242, 1, 1, 4.80374e+19
=== 4073651 ===
--- pALPIDEfs_4 ---
Pixel 670, 98, 1, 1, 4.80374e+19
Pixel 671, 98, 1, 1, 4.80374e+19
--- pALPIDEfs_5 ---
Pixel 383, 226, 1, 1, 4.80374e+19
Pixel 384, 226, 1, 1, 4.80374e+19
=== 4081031 ===
--- pALPIDEfs_5 ---
Pixel 881, 125, 1, 1, 4.80374e+19
Pixel 881, 126, 1, 1, 4.80374e+19
--- pALPIDEfs_6 ---
Pixel 713, 235, 1, 1, 4.80374e+19
Pixel 712, 235, 1, 1, 4.80374e+19
=== 4083462 ===
--- pALPIDEfs_6 ---
Pixel 341, 371, 1, 1, 4.80374e+19
Pixel 341, 372, 1, 1, 4.80374e+19
Pixel 343, 371, 1, 1, 4.80374e+19
Pixel 342, 371, 1, 1, 4.80374e+19
Pixel 342, 372, 1, 1, 4.80374e+19
Pixel 343, 372, 1, 1, 4.80374e+19
Pixel 343, 373, 1, 1, 4.80374e+19
Pixel 342, 373, 1, 1, 4.80374e+19
=== 4085376 ===
--- pALPIDEfs_0 ---
Pixel 879, 162, 1, 1, 4.80374e+19
Pixel 879, 163, 1, 1, 4.80374e+19
Pixel 880, 162, 1, 1, 4.80374e+19
Pixel 880, 163, 1, 1, 4.80374e+19
=== 4098690 ===
--- pALPIDEfs_6 ---
Pixel 183, 321, 1, 1, 4.80374e+19
=== 4117924 ===
--- pALPIDEfs_5 ---
Pixel 647, 511, 1, 1, 4.80374e+19
Pixel 648, 510, 1, 1, 4.80374e+19
Pixel 649, 510, 1, 1, 4.80374e+19
Pixel 649, 511, 1, 1, 4.80374e+19
Pixel 648, 511, 1, 1, 4.80374e+19
=== 4151397 ===
--- pALPIDEfs_3 ---
Pixel 795, 153, 1, 1, 4.80374e+19
Pixel 796, 152, 1, 1, 4.80374e+19
Pixel 797, 152, 1, 1, 4.80374e+19
Pixel 797, 153, 1, 1, 4.80374e+19
Pixel 796, 153, 1, 1, 4.80374e+19
Pixel 796, 154, 1, 1, 4.80374e+19
Pixel 797, 154, 1, 1, 4.80374e+19
=== 4154460 ===
--- pALPIDEfs_2 ---
Pixel 554, 204, 1, 1, 4.80374e+19
--- pALPIDEfs_3 ---
Pixel 506, 498, 1, 1, 4.80374e+19
Pixel 507, 498, 1, 1, 4.80374e+19
Pixel 506, 499, 1, 1, 4.80374e+19
=== 4191914 ===
--- pALPIDEfs_6 ---
Pixel 526, 366, 1, 1, 4.80374e+19
Pixel 526, 367, 1, 1, 4.80374e+19
=== 4218377 ===
--- pALPIDEfs_6 ---
Pixel 346, 399, 1, 1, 4.80374e+19
=== 4228680 ===
--- pALPIDEfs_5 ---
Pixel 336, 376, 1, 1, 4.80374e+19
=== 4247072 ===
--- pALPIDEfs_1 ---
Pixel 621, 452, 1, 1, 4.80374e+19
Pixel 622, 451, 1, 1, 4.80374e+19
Pixel 622, 452, 1, 1, 4.80374e+19
--- pALPIDEfs_2 ---
Pixel 927, 119, 1, 1, 4.80374e+19
Pixel 926, 119, 1, 1, 4.80374e+19
=== 4255724 ===
--- pALPIDEfs_4 ---
Pixel 431, 287, 1, 1, 4.80374e+19
Pixel 431, 288, 1, 1, 4.80374e+19
Pixel 432, 288, 1, 1, 4.80374e+19
=== 4257743 ===
--- pALPIDEfs_1 ---
Pixel 411, 275, 1, 1, 4.80374e+19
Pixel 410, 275, 1, 1, 4.80374e+19
=== 4265039 ===
--- pALPIDEfs_1 ---
Pixel 275, 147, 1, 1, 4.80374e+19
Pixel 276, 147, 1, 1, 4.80374e+19
=== 4272142 ===
--- pALPIDEfs_3 ---
Pixel 500, 244, 1, 1, 4.80374e+19
=== 4297844 ===
--- pALPIDEfs_6 ---
Pixel 932, 283, 1, 1, 4.80374e+19
=== 4307492 ===
--- pALPIDEfs_1 ---
Pixel 917, 174, 1, 1, 4.80374e+19
Pixel 918, 174, 1, 1, 4.80374e+19
=== 4327853 ===
--- pALPIDEfs_3 ---
Pixel 790, 25, 1, 1, 4.80374e+19
=== 4339419 ===
--- pALPIDEfs_6 ---
Pixel 807, 117, 1, 1, 4.80374e+19
Pixel 807, 118, 1, 1, 4.80374e+19
Pixel 808, 117, 1, 1, 4.80374e+19
Pixel 808, 118, 1, 1, 4.80374e+19
=== 4340024 ===
--- pALPIDEfs_3 ---
Pixel 465, 414, 1, 1, 4.80374e+19
Pixel 466, 414, 1, 1, 4.80374e+19
--- pALPIDEfs_4 ---
Pixel 594, 75, 1, 1, 4.80374e+19
=== 4343649 ===
--- pALPIDEfs_5 ---
Pixel 75, 45, 1, 1, 4.80374e+19
Pixel 74, 46, 1, 1, 4.80374e+19
Pixel 75, 46, 1, 1, 4.80374e+19
Pixel 76, 45, 1, 1, 4.80374e+19
Pixel 76, 46, 1, 1, 4.80374e+19
=== 4345721 ===
--- pALPIDEfs_5 ---
Pixel 249, 206, 1, 1, 4.80374e+19
Pixel 250, 205, 1, 1, 4.80374e+19
Pixel 250, 206, 1, 1, 4.80374e+19
=== 4356416 ===
--- pALPIDEfs_4 ---
Pixel 327, 22, 1, 1, 4.80374e+19
Pixel 328, 22, 1, 1, 4.80374e+19
Pixel 329, 23, 1, 1, 4.80374e+19
Pixel 328, 23, 1, 1, 4.80374e+19
Pixel 329, 24, 1, 1, 4.80374e+19
=== 4357637 ===
--- pALPIDEfs_3 ---
Pixel 930, 188, 1, 1, 4.80374e+19
Pixel 930, 189, 1, 1, 4.80374e+19
=== 4361640 ===
--- pALPIDEfs_4 ---
Pixel 908, 373, 1, 1, 4.80374e+19
Pixel 908, 374, 1, 1, 4.80374e+19
=== 4363884 ===
--- pALPIDEfs_0 ---
Pixel 963, 15, 1, 1, 4.80374e+19
Pixel 962, 15, 1, 1, 4.80374e+19
Pixel 962, 16, 1, 1, 4.80374e+19
Pixel 963, 16, 1, 1, 4.80374e+19
Pixel 963, 17, 1, 1, 4.80374e+19
Pixel 964, 15, 1, 1, 4.80374e+19
Pixel 964, 16, 1, 1, 4.80374e+19
=== 4366784 ===
--- pALPIDEfs_2 ---
Pixel 758, 263, 1, 1, 4.80374e+19
Pixel 758, 264, 1, 1, 4.80374e+19
Pixel 759, 265, 1, 1, 4.80374e+19
Pixel 758, 265, 1, 1, 4.80374e+19
Pixel 759, 266, 1, 1, 4.80374e+19
Pixel 759, 267, 1, 1, 4.80374e+19
Pixel 760, 267, 1, 1, 4.80374e+19
=== 4387820 ===
--- pALPIDEfs_1 ---
Pixel 405, 61, 1, 1, 4.80374e+19
Pixel 404, 62, 1, 1, 4.80374e+19
Pixel 405, 62, 1, 1, 4.80374e+19
--- pALPIDEfs_2 ---
Pixel 600, 191, 1, 1, 4.80374e+19
--- pALPIDEfs_3 ---
Pixel 799, 390, 1, 1, 4.80374e+19
Pixel 799, 391, 1, 1, 4.80374e+19
=== 4392068 ===
--- pALPIDEfs_0 ---
Pixel 562, 229, 1, 1, 4.80374e+19
Pixel 562, 230, 1, 1, 4.80374e+19
=== 4395821 ===
--- pALPIDEfs_5 ---
Pixel 44, 43, 1, 1, 4.80374e+19
Pixel 44, 44, 1, 1, 4.80374e+19
--- pALPIDEfs_6 ---
Pixel 374, 444, 1, 1, 4.80374e+19
=== 4403426 ===
--- pALPIDEfs_4 ---
Pixel 363, 313, 1, 1, 4.80374e+19
Pixel 363, 314, 1, 1, 4.80374e+19
Pixel 364, 313, 1, 1, 4.80374e+19
Pixel 364, 314, 1, 1, 4.80374e+19
Pixel 365, 314, 1, 1, 4.80374e+19
Pixel 366, 314, 1, 1, 4.80374e+19
=== 4404108 ===
--- pALPIDEfs_2 ---
Pixel 0, 88, 1, 1, 4.80374e+19
Pixel 1, 88, 1, 1, 4.80374e+19
Pixel 0, 89, 1, 1, 4.80374e+19
=== 4422643 ===
--- pALPIDEfs_4 ---
Pixel 261, 303, 1, 1, 4.80374e+19
Pixel 261, 304, 1, 1, 4.80374e+19
Pixel 262, 303, 1, 1, 4.80374e+19
Pixel 262, 304, 1, 1, 4.80374e+19
=== 4438176 ===
--- pALPIDEfs_0 ---
Pixel 488, 274, 1, 1, 4.80374e+19
=== 4455421 ===
--- pALPIDEfs_1 ---
Pixel 240, 212, 1, 1, 4.80374e+19
=== 4467568 ===
--- pALPIDEfs_2 ---
Pixel 93, 69, 1, 1, 4.80374e+19
Pixel 93, 70, 1, 1, 4.80374e+19
Pixel 94, 69, 1, 1, 4.80374e+19
=== 4471696 ===
--- pALPIDEfs_0 ---
Pixel 821, 409, 1, 1, 4.80374e+19
Pixel 821, 410, 1, 1, 4.80374e+19
=== 4493411 ===
--- pALPIDEfs_6 ---
Pixel 887, 212, 1, 1, 4.80374e+19
Pixel 887, 213, 1, 1, 4.80374e+19
Pixel 886, 213, 1, 1, 4.80374e+19
=== 4502361 ===
--- pALPIDEfs_3 ---
Pixel 501, 164, 1, 1, 4.80374e+19
Pixel 501, 165, 1, 1, 4.80374e+19
=== 4502362 ===
--- pALPIDEfs_3 ---
Pixel 500, 164, 1, 1, 4.80374e+19
Pixel 501, 164, 1, 1, 4.80374e+19
Pixel 501, 165, 1, 1, 4.80374e+19
Pixel 500, 165, 1, 1, 4.80374e+19
=== 4503696 ===
--- pALPIDEfs_0 ---
Pixel 460, 412, 1, 1, 4.80374e+19
Pixel 461, 412, 1, 1, 4.80374e+19
Pixel 460, 413, 1, 1, 4.80374e+19
=== 4513532 ===
--- pALPIDEfs_2 ---
Pixel 177, 486, 1, 1, 4.80374e+19
Pixel 177, 487, 1, 1, 4.80374e+19
--- pALPIDEfs_3 ---
Pixel 620, 415, 1, 1, 4.80374e+19
Pixel 620, 416, 1, 1, 4.80374e+19
Pixel 621, 416, 1, 1, 4.80374e+19
=== 4538231 ===
--- pALPIDEfs_5 ---
Pixel 655, 409, 1, 1, 4.80374e+19
Pixel 657, 409, 1, 1, 4.80374e+19
Pixel 656, 409, 1, 1, 4.80374e+19
Pixel 656, 410, 1, 1, 4.80374e+19
Pixel 657, 410, 1, 1, 4.80374e+19
=== 4548547 ===
--- pALPIDEfs_5 ---
Pixel 911, 467, 1, 1, 4.80374e+19
=== 4552971 ===
--- pALPIDEfs_4 ---
Pixel 100, 289, 1, 1, 4.80374e+19
Pixel 100, 290, 1, 1, 4.80374e+19
Pixel 101, 290, 1, 1, 4.80374e+19
Pixel 101, 291, 1, 1, 4.80374e+19
Pixel 100, 291, 1, 1, 4.80374e+19
=== 4574220 ===
--- pALPIDEfs_5 ---
Pixel 886, 244, 1, 1, 4.80374e+19
Pixel 886, 245, 1, 1, 4.80374e+19
=== 4604792 ===
--- pALPIDEfs_0 ---
Pixel 567, 511, 1, 1, 4.80374e+19
=== 4642434 ===
--- pALPIDEfs_1 ---
Pixel 809, 156, 1, 1, 4.80374e+19
Pixel 809, 157, 1, 1, 4.80374e+19
Pixel 810, 156, 1, 1, 4.80374e+19
Pixel 811, 156, 1, 1, 4.80374e+19
Pixel 811, 157, 1, 1, 4.80374e+19
Pixel 810, 157, 1, 1, 4.80374e+19
Pixel 810, 158, 1, 1, 4.80374e+19
Pixel 811, 158, 1, 1, 4.80374e+19
Pixel 812, 157, 1, 1, 4.80374e+19
Pixel 812, 158, 1, 1, 4.80374e+19
Pixel 813, 158, 1, 1, 4.80374e+19
Pixel 813, 159, 1, 1, 4.80374e+19
Pixel 814, 158, 1, 1, 4.80374e+19
Pixel 814, 159, 1, 1, 4.80374e+19
=== 4652707 ===
--- pALPIDEfs_6 ---
Pixel 335, 297, 1, 1, 4.80374e+19
Pixel 335, 298, 1, 1, 4.80374e+19
Pixel 336, 297, 1, 1, 4.80374e+19
Pixel 336, 298, 1, 1, 4.80374e+19
=== 4661462 ===
--- pALPIDEfs_2 ---
Pixel 231, 320, 1, 1, 4.80374e+19
Pixel 231, 321, 1, 1, 4.80374e+19
Pixel 232, 320, 1, 1, 4.80374e+19
Pixel 232, 321, 1, 1, 4.80374e+19
=== 4668251 ===
--- pALPIDEfs_0 ---
Pixel 458, 208, 1, 1, 4.80374e+19
Pixel 459, 208, 1, 1, 4.80374e+19
=== 4705559 ===
--- pALPIDEfs_1 ---
Pixel 139, 137, 1, 1, 4.80374e+19
--- pALPIDEfs_2 ---
Pixel 322, 276, 1, 1, 4.80374e+19
--- pALPIDEfs_3 ---
Pixel 508, 482, 1, 1, 4.80374e+19
Pixel 508, 483, 1, 1, 4.80374e+19
=== 4707233 ===
--- pALPIDEfs_6 ---
Pixel 410, 236, 1, 1, 4.80374e+19
=== 4726691 ===
--- pALPIDEfs_2 ---
Pixel 80, 204, 1, 1, 4.80374e+19
Pixel 81, 205, 1, 1, 4.80374e+19
Pixel 80, 205, 1, 1, 4.80374e+19
Pixel 80, 206, 1, 1, 4.80374e+19
Pixel 81, 206, 1, 1, 4.80374e+19
=== 4731180 ===
--- pALPIDEfs_3 ---
Pixel 883, 317, 1, 1, 4.80374e+19
Pixel 883, 318, 1, 1, 4.80374e+19
Pixel 884, 318, 1, 1, 4.80374e+19
=== 4748458 ===
--- pALPIDEfs_1 ---
Pixel 303, 231, 1, 1, 4.80374e+19
Pixel 302, 231, 1, 1, 4.80374e+19
Pixel 302, 232, 1, 1, 4.80374e+19
=== 4757609 ===
--- pALPIDEfs_0 ---
Pixel 149, 17, 1, 1, 4.80374e+19
Pixel 148, 17, 1, 1, 4.80374e+19
Pixel 149, 18, 1, 1, 4.80374e+19
=== 4773340 ===
--- pALPIDEfs_3 ---
Pixel 767, 195, 1, 1, 4.80374e+19
Pixel 767, 196, 1, 1, 4.80374e+19
Pixel 768, 196, 1, 1, 4.80374e+19
=== 4778772 ===
--- pALPIDEfs_3 ---
Pixel 557, 180, 1, 1, 4.80374e+19
=== 4784101 ===
--- pALPIDEfs_1 ---
Pixel 749, 390, 1, 1, 4.80374e+19
Pixel 749, 391, 1, 1, 4.80374e+19
=== 4784181 ===
--- pALPIDEfs_1 ---
Pixel 469, 287, 1, 1, 4.80374e+19
Pixel 469, 288, 1, 1, 4.80374e+19
Pixel 470, 287, 1, 1, 4.80374e+19
Pixel 470, 288, 1, 1, 4.80374e+19
Pixel 470, 289, 1, 1, 4.80374e+19
=== 4798940 ===
--- pALPIDEfs_0 ---
Pixel 247, 339, 1, 1, 4.80374e+19
Pixel 248, 338, 1, 1, 4.80374e+19
Pixel 248, 339, 1, 1, 4.80374e+19
=== 4803770 ===
--- pALPIDEfs_1 ---
Pixel 96, 249, 1, 1, 4.80374e+19
=== 4814057 ===
--- pALPIDEfs_4 ---
Pixel 766, 446, 1, 1, 4.80374e+19
Pixel 766, 447, 1, 1, 4.80374e+19
=== 4831952 ===
--- pALPIDEfs_1 ---
Pixel 534, 393, 1, 1, 4.80374e+19
=== 4837663 ===
--- pALPIDEfs_1 ---
Pixel 410, 406, 1, 1, 4.80374e+19
Pixel 411, 406, 1, 1, 4.80374e+19
Pixel 411, 407, 1, 1, 4.80374e+19
=== 4858454 ===
--- pALPIDEfs_6 ---
Pixel 619, 447, 1, 1, 4.80374e+19
Pixel 639, 430, 1, 1, 4.80374e+19
Pixel 639, 431, 1, 1, 4.80374e+19
Pixel 638, 431, 1, 1, 4.80374e+19
=== 4858674 ===
--- pALPIDEfs_3 ---
Pixel 497, 202, 1, 1, 4.80374e+19
Pixel 497, 203, 1, 1, 4.80374e+19
Pixel 497, 204, 1, 1, 4.80374e+19
Pixel 498, 202, 1, 1, 4.80374e+19
Pixel 498, 203, 1, 1, 4.80374e+19
=== 4867766 ===
--- pALPIDEfs_5 ---
Pixel 847, 486, 1, 1, 4.80374e+19
Pixel 848, 486, 1, 1, 4.80374e+19
=== 4869089 ===
--- pALPIDEfs_2 ---
Pixel 245, 479, 1, 1, 4.80374e+19
Pixel 245, 480, 1, 1, 4.80374e+19
=== 4871526 ===
--- pALPIDEfs_0 ---
Pixel 109, 401, 1, 1, 4.80374e+19
Pixel 108, 401, 1, 1, 4.80374e+19
--- pALPIDEfs_1 ---
Pixel 113, 65, 1, 1, 4.80374e+19
=== 4890727 ===
--- pALPIDEfs_1 ---
Pixel 219, 13, 1, 1, 4.80374e+19
=== 4908202 ===
--- pALPIDEfs_0 ---
Pixel 129, 87, 1, 1, 4.80374e+19
Pixel 129, 88, 1, 1, 4.80374e+19
=== 4910051 ===
--- pALPIDEfs_1 ---
Pixel 357, 411, 1, 1, 4.80374e+19
Pixel 357, 412, 1, 1, 4.80374e+19
Pixel 358, 410, 1, 1, 4.80374e+19
Pixel 358, 411, 1, 1, 4.80374e+19
Pixel 358, 412, 1, 1, 4.80374e+19
--- pALPIDEfs_2 ---
Pixel 761, 501, 1, 1, 4.80374e+19
Pixel 760, 501, 1, 1, 4.80374e+19
Pixel 760, 502, 1, 1, 4.80374e+19
Pixel 761, 502, 1, 1, 4.80374e+19
Pixel 762, 501, 1, 1, 4.80374e+19
Pixel 762, 502, 1, 1, 4.80374e+19
=== 4913482 ===
--- pALPIDEfs_6 ---
Pixel 247, 163, 1, 1, 4.80374e+19
Pixel 247, 164, 1, 1, 4.80374e+19
Pixel 248, 163, 1, 1, 4.80374e+19
Pixel 248, 164, 1, 1, 4.80374e+19
Pixel 248, 165, 1, 1, 4.80374e+19
=== 4926502 ===
--- pALPIDEfs_4 ---
Pixel 1006, 155, 1, 1, 4.80374e+19
Pixel 1006, 156, 1, 1, 4.80374e+19
Pixel 1007, 156, 1, 1, 4.80374e+19
=== 4959010 ===
--- pALPIDEfs_5 ---
Pixel 427, 350, 1, 1, 4.80374e+19
=== 4975075 ===
--- pALPIDEfs_1 ---
Pixel 337, 473, 1, 1, 4.80374e+19
Pixel 341, 473, 1, 1, 4.80374e+19
Pixel 342, 472, 1, 1, 4.80374e+19
Pixel 342, 473, 1, 1, 4.80374e+19
=== 4991101 ===
--- pALPIDEfs_6 ---
Pixel 507, 222, 1, 1, 4.80374e+19
Pixel 507, 223, 1, 1, 4.80374e+19
Pixel 507, 224, 1, 1, 4.80374e+19
Pixel 508, 222, 1, 1, 4.80374e+19
Pixel 508, 223, 1, 1, 4.80374e+19
=== 4995773 ===
--- pALPIDEfs_1 ---
Pixel 185, 438, 1, 1, 4.80374e+19
--- pALPIDEfs_2 ---
Pixel 329, 198, 1, 1, 4.80374e+19
Pixel 330, 198, 1, 1, 4.80374e+19
=== 4996560 ===
--- pALPIDEfs_1 ---
Pixel 337, 214, 1, 1, 4.80374e+19
Pixel 337, 215, 1, 1, 4.80374e+19
=== 5011442 ===
--- pALPIDEfs_1 ---
Pixel 625, 400, 1, 1, 4.80374e+19
Pixel 625, 401, 1, 1, 4.80374e+19
Pixel 626, 400, 1, 1, 4.80374e+19
Pixel 626, 401, 1, 1, 4.80374e+19
