Run: Cosmics000409
=== 2 ===
--- pALPIDEfs_3 ---
Pixel 238, 320, 1, 1, 4.80374e+19
Pixel 238, 320, 1, 1, 4.80374e+19
=== 3 ===
--- pALPIDEfs_0 ---
Pixel 92, 0, 1, 1, 4.80374e+19
Pixel 93, 0, 1, 1, 4.80374e+19
Pixel 93, 1, 1, 1, 4.80374e+19
Pixel 92, 1, 1, 1, 4.80374e+19
Pixel 92, 2, 1, 1, 4.80374e+19
Pixel 93, 2, 1, 1, 4.80374e+19
Pixel 93, 3, 1, 1, 4.80374e+19
Pixel 92, 3, 1, 1, 4.80374e+19
Pixel 92, 4, 1, 1, 4.80374e+19
Pixel 93, 4, 1, 1, 4.80374e+19
Pixel 93, 5, 1, 1, 4.80374e+19
Pixel 92, 5, 1, 1, 4.80374e+19
Pixel 92, 6, 1, 1, 4.80374e+19
Pixel 93, 6, 1, 1, 4.80374e+19
Pixel 93, 7, 1, 1, 4.80374e+19
Pixel 92, 7, 1, 1, 4.80374e+19
Pixel 92, 8, 1, 1, 4.80374e+19
Pixel 93, 8, 1, 1, 4.80374e+19
Pixel 93, 9, 1, 1, 4.80374e+19
Pixel 92, 9, 1, 1, 4.80374e+19
Pixel 92, 10, 1, 1, 4.80374e+19
Pixel 93, 10, 1, 1, 4.80374e+19
Pixel 93, 11, 1, 1, 4.80374e+19
Pixel 92, 11, 1, 1, 4.80374e+19
Pixel 92, 12, 1, 1, 4.80374e+19
Pixel 93, 12, 1, 1, 4.80374e+19
Pixel 93, 13, 1, 1, 4.80374e+19
Pixel 92, 13, 1, 1, 4.80374e+19
Pixel 92, 14, 1, 1, 4.80374e+19
Pixel 93, 14, 1, 1, 4.80374e+19
Pixel 93, 15, 1, 1, 4.80374e+19
Pixel 92, 15, 1, 1, 4.80374e+19
Pixel 92, 16, 1, 1, 4.80374e+19
Pixel 93, 16, 1, 1, 4.80374e+19
Pixel 93, 17, 1, 1, 4.80374e+19
Pixel 92, 17, 1, 1, 4.80374e+19
Pixel 92, 18, 1, 1, 4.80374e+19
Pixel 93, 18, 1, 1, 4.80374e+19
Pixel 93, 19, 1, 1, 4.80374e+19
Pixel 92, 19, 1, 1, 4.80374e+19
Pixel 92, 20, 1, 1, 4.80374e+19
Pixel 93, 20, 1, 1, 4.80374e+19
Pixel 93, 21, 1, 1, 4.80374e+19
Pixel 92, 21, 1, 1, 4.80374e+19
Pixel 92, 22, 1, 1, 4.80374e+19
Pixel 93, 22, 1, 1, 4.80374e+19
Pixel 93, 23, 1, 1, 4.80374e+19
Pixel 92, 23, 1, 1, 4.80374e+19
Pixel 92, 24, 1, 1, 4.80374e+19
Pixel 93, 24, 1, 1, 4.80374e+19
Pixel 93, 25, 1, 1, 4.80374e+19
Pixel 92, 25, 1, 1, 4.80374e+19
Pixel 92, 26, 1, 1, 4.80374e+19
Pixel 93, 26, 1, 1, 4.80374e+19
Pixel 93, 27, 1, 1, 4.80374e+19
Pixel 92, 27, 1, 1, 4.80374e+19
Pixel 92, 28, 1, 1, 4.80374e+19
Pixel 93, 28, 1, 1, 4.80374e+19
Pixel 93, 29, 1, 1, 4.80374e+19
Pixel 92, 29, 1, 1, 4.80374e+19
Pixel 92, 30, 1, 1, 4.80374e+19
Pixel 93, 30, 1, 1, 4.80374e+19
Pixel 93, 31, 1, 1, 4.80374e+19
Pixel 92, 31, 1, 1, 4.80374e+19
Pixel 92, 32, 1, 1, 4.80374e+19
Pixel 93, 32, 1, 1, 4.80374e+19
Pixel 93, 33, 1, 1, 4.80374e+19
Pixel 92, 33, 1, 1, 4.80374e+19
Pixel 92, 34, 1, 1, 4.80374e+19
Pixel 93, 34, 1, 1, 4.80374e+19
Pixel 93, 35, 1, 1, 4.80374e+19
Pixel 92, 35, 1, 1, 4.80374e+19
Pixel 92, 36, 1, 1, 4.80374e+19
Pixel 93, 36, 1, 1, 4.80374e+19
Pixel 93, 37, 1, 1, 4.80374e+19
Pixel 92, 37, 1, 1, 4.80374e+19
Pixel 92, 38, 1, 1, 4.80374e+19
Pixel 93, 38, 1, 1, 4.80374e+19
Pixel 93, 39, 1, 1, 4.80374e+19
Pixel 92, 39, 1, 1, 4.80374e+19
Pixel 92, 40, 1, 1, 4.80374e+19
Pixel 93, 40, 1, 1, 4.80374e+19
Pixel 93, 41, 1, 1, 4.80374e+19
Pixel 92, 41, 1, 1, 4.80374e+19
Pixel 92, 42, 1, 1, 4.80374e+19
Pixel 93, 42, 1, 1, 4.80374e+19
Pixel 93, 43, 1, 1, 4.80374e+19
Pixel 92, 43, 1, 1, 4.80374e+19
Pixel 92, 44, 1, 1, 4.80374e+19
Pixel 93, 44, 1, 1, 4.80374e+19
Pixel 93, 45, 1, 1, 4.80374e+19
Pixel 92, 45, 1, 1, 4.80374e+19
Pixel 92, 46, 1, 1, 4.80374e+19
Pixel 93, 46, 1, 1, 4.80374e+19
Pixel 93, 47, 1, 1, 4.80374e+19
Pixel 92, 47, 1, 1, 4.80374e+19
Pixel 92, 48, 1, 1, 4.80374e+19
Pixel 93, 48, 1, 1, 4.80374e+19
Pixel 93, 49, 1, 1, 4.80374e+19
Pixel 92, 49, 1, 1, 4.80374e+19
Pixel 92, 50, 1, 1, 4.80374e+19
Pixel 93, 50, 1, 1, 4.80374e+19
Pixel 93, 51, 1, 1, 4.80374e+19
Pixel 92, 51, 1, 1, 4.80374e+19
Pixel 92, 52, 1, 1, 4.80374e+19
Pixel 93, 52, 1, 1, 4.80374e+19
Pixel 93, 53, 1, 1, 4.80374e+19
Pixel 92, 53, 1, 1, 4.80374e+19
Pixel 92, 54, 1, 1, 4.80374e+19
Pixel 93, 54, 1, 1, 4.80374e+19
Pixel 93, 55, 1, 1, 4.80374e+19
Pixel 92, 55, 1, 1, 4.80374e+19
Pixel 92, 56, 1, 1, 4.80374e+19
Pixel 93, 56, 1, 1, 4.80374e+19
Pixel 93, 57, 1, 1, 4.80374e+19
Pixel 92, 57, 1, 1, 4.80374e+19
Pixel 92, 58, 1, 1, 4.80374e+19
Pixel 93, 58, 1, 1, 4.80374e+19
Pixel 93, 59, 1, 1, 4.80374e+19
Pixel 92, 59, 1, 1, 4.80374e+19
Pixel 92, 60, 1, 1, 4.80374e+19
Pixel 93, 60, 1, 1, 4.80374e+19
Pixel 93, 61, 1, 1, 4.80374e+19
Pixel 92, 61, 1, 1, 4.80374e+19
Pixel 92, 62, 1, 1, 4.80374e+19
Pixel 93, 62, 1, 1, 4.80374e+19
Pixel 93, 63, 1, 1, 4.80374e+19
Pixel 92, 63, 1, 1, 4.80374e+19
Pixel 92, 64, 1, 1, 4.80374e+19
Pixel 93, 64, 1, 1, 4.80374e+19
Pixel 93, 65, 1, 1, 4.80374e+19
Pixel 92, 65, 1, 1, 4.80374e+19
Pixel 92, 66, 1, 1, 4.80374e+19
Pixel 93, 66, 1, 1, 4.80374e+19
Pixel 93, 67, 1, 1, 4.80374e+19
Pixel 92, 67, 1, 1, 4.80374e+19
Pixel 92, 68, 1, 1, 4.80374e+19
Pixel 93, 68, 1, 1, 4.80374e+19
Pixel 93, 69, 1, 1, 4.80374e+19
Pixel 92, 69, 1, 1, 4.80374e+19
Pixel 92, 70, 1, 1, 4.80374e+19
Pixel 93, 70, 1, 1, 4.80374e+19
Pixel 93, 71, 1, 1, 4.80374e+19
Pixel 92, 71, 1, 1, 4.80374e+19
Pixel 92, 72, 1, 1, 4.80374e+19
Pixel 93, 72, 1, 1, 4.80374e+19
Pixel 93, 73, 1, 1, 4.80374e+19
Pixel 92, 73, 1, 1, 4.80374e+19
Pixel 92, 74, 1, 1, 4.80374e+19
Pixel 93, 74, 1, 1, 4.80374e+19
Pixel 93, 75, 1, 1, 4.80374e+19
Pixel 92, 75, 1, 1, 4.80374e+19
Pixel 92, 76, 1, 1, 4.80374e+19
Pixel 93, 76, 1, 1, 4.80374e+19
Pixel 93, 77, 1, 1, 4.80374e+19
Pixel 92, 77, 1, 1, 4.80374e+19
Pixel 92, 78, 1, 1, 4.80374e+19
Pixel 93, 78, 1, 1, 4.80374e+19
Pixel 93, 79, 1, 1, 4.80374e+19
Pixel 92, 79, 1, 1, 4.80374e+19
Pixel 92, 80, 1, 1, 4.80374e+19
Pixel 93, 80, 1, 1, 4.80374e+19
Pixel 93, 81, 1, 1, 4.80374e+19
Pixel 92, 81, 1, 1, 4.80374e+19
Pixel 92, 82, 1, 1, 4.80374e+19
Pixel 93, 82, 1, 1, 4.80374e+19
Pixel 93, 83, 1, 1, 4.80374e+19
Pixel 92, 83, 1, 1, 4.80374e+19
Pixel 92, 84, 1, 1, 4.80374e+19
Pixel 93, 84, 1, 1, 4.80374e+19
Pixel 93, 85, 1, 1, 4.80374e+19
Pixel 92, 85, 1, 1, 4.80374e+19
Pixel 92, 86, 1, 1, 4.80374e+19
Pixel 93, 86, 1, 1, 4.80374e+19
Pixel 93, 87, 1, 1, 4.80374e+19
Pixel 92, 87, 1, 1, 4.80374e+19
Pixel 92, 88, 1, 1, 4.80374e+19
Pixel 93, 88, 1, 1, 4.80374e+19
Pixel 93, 89, 1, 1, 4.80374e+19
Pixel 92, 89, 1, 1, 4.80374e+19
Pixel 92, 90, 1, 1, 4.80374e+19
Pixel 93, 90, 1, 1, 4.80374e+19
Pixel 93, 91, 1, 1, 4.80374e+19
Pixel 92, 91, 1, 1, 4.80374e+19
Pixel 92, 92, 1, 1, 4.80374e+19
Pixel 93, 92, 1, 1, 4.80374e+19
Pixel 93, 93, 1, 1, 4.80374e+19
Pixel 92, 93, 1, 1, 4.80374e+19
Pixel 92, 94, 1, 1, 4.80374e+19
Pixel 93, 94, 1, 1, 4.80374e+19
Pixel 93, 95, 1, 1, 4.80374e+19
Pixel 92, 95, 1, 1, 4.80374e+19
Pixel 92, 96, 1, 1, 4.80374e+19
Pixel 93, 96, 1, 1, 4.80374e+19
Pixel 93, 97, 1, 1, 4.80374e+19
Pixel 92, 97, 1, 1, 4.80374e+19
Pixel 92, 98, 1, 1, 4.80374e+19
Pixel 93, 98, 1, 1, 4.80374e+19
Pixel 93, 99, 1, 1, 4.80374e+19
Pixel 92, 99, 1, 1, 4.80374e+19
Pixel 92, 100, 1, 1, 4.80374e+19
Pixel 93, 100, 1, 1, 4.80374e+19
Pixel 93, 101, 1, 1, 4.80374e+19
Pixel 92, 101, 1, 1, 4.80374e+19
Pixel 92, 102, 1, 1, 4.80374e+19
Pixel 93, 102, 1, 1, 4.80374e+19
Pixel 93, 103, 1, 1, 4.80374e+19
Pixel 92, 103, 1, 1, 4.80374e+19
Pixel 92, 104, 1, 1, 4.80374e+19
Pixel 93, 104, 1, 1, 4.80374e+19
Pixel 93, 105, 1, 1, 4.80374e+19
Pixel 92, 105, 1, 1, 4.80374e+19
Pixel 92, 106, 1, 1, 4.80374e+19
Pixel 93, 106, 1, 1, 4.80374e+19
Pixel 93, 107, 1, 1, 4.80374e+19
Pixel 92, 107, 1, 1, 4.80374e+19
Pixel 92, 108, 1, 1, 4.80374e+19
Pixel 93, 108, 1, 1, 4.80374e+19
Pixel 93, 109, 1, 1, 4.80374e+19
Pixel 92, 109, 1, 1, 4.80374e+19
Pixel 92, 110, 1, 1, 4.80374e+19
Pixel 93, 110, 1, 1, 4.80374e+19
Pixel 93, 111, 1, 1, 4.80374e+19
Pixel 92, 111, 1, 1, 4.80374e+19
Pixel 92, 112, 1, 1, 4.80374e+19
Pixel 93, 112, 1, 1, 4.80374e+19
Pixel 93, 113, 1, 1, 4.80374e+19
Pixel 92, 113, 1, 1, 4.80374e+19
Pixel 92, 114, 1, 1, 4.80374e+19
Pixel 93, 114, 1, 1, 4.80374e+19
Pixel 93, 115, 1, 1, 4.80374e+19
Pixel 92, 115, 1, 1, 4.80374e+19
Pixel 92, 116, 1, 1, 4.80374e+19
Pixel 93, 116, 1, 1, 4.80374e+19
Pixel 93, 117, 1, 1, 4.80374e+19
Pixel 92, 117, 1, 1, 4.80374e+19
Pixel 92, 118, 1, 1, 4.80374e+19
Pixel 93, 118, 1, 1, 4.80374e+19
Pixel 93, 119, 1, 1, 4.80374e+19
Pixel 92, 119, 1, 1, 4.80374e+19
Pixel 92, 120, 1, 1, 4.80374e+19
Pixel 93, 120, 1, 1, 4.80374e+19
Pixel 93, 121, 1, 1, 4.80374e+19
Pixel 92, 121, 1, 1, 4.80374e+19
Pixel 92, 122, 1, 1, 4.80374e+19
Pixel 93, 122, 1, 1, 4.80374e+19
Pixel 93, 123, 1, 1, 4.80374e+19
Pixel 92, 123, 1, 1, 4.80374e+19
Pixel 92, 124, 1, 1, 4.80374e+19
Pixel 93, 124, 1, 1, 4.80374e+19
Pixel 93, 125, 1, 1, 4.80374e+19
Pixel 92, 125, 1, 1, 4.80374e+19
Pixel 92, 126, 1, 1, 4.80374e+19
Pixel 93, 126, 1, 1, 4.80374e+19
Pixel 93, 127, 1, 1, 4.80374e+19
Pixel 92, 127, 1, 1, 4.80374e+19
Pixel 92, 128, 1, 1, 4.80374e+19
Pixel 93, 128, 1, 1, 4.80374e+19
Pixel 93, 129, 1, 1, 4.80374e+19
Pixel 92, 129, 1, 1, 4.80374e+19
Pixel 92, 130, 1, 1, 4.80374e+19
Pixel 93, 130, 1, 1, 4.80374e+19
Pixel 93, 131, 1, 1, 4.80374e+19
Pixel 92, 131, 1, 1, 4.80374e+19
Pixel 92, 132, 1, 1, 4.80374e+19
Pixel 93, 132, 1, 1, 4.80374e+19
Pixel 93, 133, 1, 1, 4.80374e+19
Pixel 92, 133, 1, 1, 4.80374e+19
Pixel 92, 134, 1, 1, 4.80374e+19
Pixel 93, 134, 1, 1, 4.80374e+19
Pixel 93, 135, 1, 1, 4.80374e+19
Pixel 92, 135, 1, 1, 4.80374e+19
Pixel 92, 136, 1, 1, 4.80374e+19
Pixel 93, 136, 1, 1, 4.80374e+19
Pixel 93, 137, 1, 1, 4.80374e+19
Pixel 92, 137, 1, 1, 4.80374e+19
Pixel 92, 138, 1, 1, 4.80374e+19
Pixel 93, 138, 1, 1, 4.80374e+19
Pixel 93, 139, 1, 1, 4.80374e+19
Pixel 92, 139, 1, 1, 4.80374e+19
Pixel 92, 140, 1, 1, 4.80374e+19
Pixel 93, 140, 1, 1, 4.80374e+19
Pixel 93, 141, 1, 1, 4.80374e+19
Pixel 92, 141, 1, 1, 4.80374e+19
Pixel 92, 142, 1, 1, 4.80374e+19
Pixel 93, 142, 1, 1, 4.80374e+19
Pixel 93, 143, 1, 1, 4.80374e+19
Pixel 92, 143, 1, 1, 4.80374e+19
Pixel 92, 144, 1, 1, 4.80374e+19
Pixel 93, 144, 1, 1, 4.80374e+19
Pixel 93, 145, 1, 1, 4.80374e+19
Pixel 92, 145, 1, 1, 4.80374e+19
Pixel 92, 146, 1, 1, 4.80374e+19
Pixel 93, 146, 1, 1, 4.80374e+19
Pixel 93, 147, 1, 1, 4.80374e+19
Pixel 92, 147, 1, 1, 4.80374e+19
Pixel 92, 148, 1, 1, 4.80374e+19
Pixel 93, 148, 1, 1, 4.80374e+19
Pixel 93, 149, 1, 1, 4.80374e+19
Pixel 92, 149, 1, 1, 4.80374e+19
Pixel 92, 150, 1, 1, 4.80374e+19
Pixel 93, 150, 1, 1, 4.80374e+19
Pixel 93, 151, 1, 1, 4.80374e+19
Pixel 92, 151, 1, 1, 4.80374e+19
Pixel 92, 152, 1, 1, 4.80374e+19
Pixel 93, 152, 1, 1, 4.80374e+19
Pixel 93, 153, 1, 1, 4.80374e+19
Pixel 92, 153, 1, 1, 4.80374e+19
Pixel 92, 154, 1, 1, 4.80374e+19
Pixel 93, 154, 1, 1, 4.80374e+19
Pixel 93, 155, 1, 1, 4.80374e+19
Pixel 92, 155, 1, 1, 4.80374e+19
Pixel 92, 156, 1, 1, 4.80374e+19
Pixel 93, 156, 1, 1, 4.80374e+19
Pixel 93, 157, 1, 1, 4.80374e+19
Pixel 92, 157, 1, 1, 4.80374e+19
Pixel 92, 158, 1, 1, 4.80374e+19
Pixel 93, 158, 1, 1, 4.80374e+19
Pixel 93, 159, 1, 1, 4.80374e+19
Pixel 92, 159, 1, 1, 4.80374e+19
Pixel 92, 160, 1, 1, 4.80374e+19
Pixel 93, 160, 1, 1, 4.80374e+19
Pixel 93, 161, 1, 1, 4.80374e+19
Pixel 92, 161, 1, 1, 4.80374e+19
Pixel 92, 162, 1, 1, 4.80374e+19
Pixel 93, 162, 1, 1, 4.80374e+19
Pixel 93, 163, 1, 1, 4.80374e+19
Pixel 92, 163, 1, 1, 4.80374e+19
Pixel 92, 164, 1, 1, 4.80374e+19
Pixel 93, 164, 1, 1, 4.80374e+19
Pixel 93, 165, 1, 1, 4.80374e+19
Pixel 92, 165, 1, 1, 4.80374e+19
Pixel 92, 166, 1, 1, 4.80374e+19
Pixel 93, 166, 1, 1, 4.80374e+19
Pixel 93, 167, 1, 1, 4.80374e+19
Pixel 92, 167, 1, 1, 4.80374e+19
Pixel 92, 168, 1, 1, 4.80374e+19
Pixel 93, 168, 1, 1, 4.80374e+19
Pixel 93, 169, 1, 1, 4.80374e+19
Pixel 92, 169, 1, 1, 4.80374e+19
Pixel 92, 170, 1, 1, 4.80374e+19
Pixel 93, 170, 1, 1, 4.80374e+19
Pixel 93, 171, 1, 1, 4.80374e+19
Pixel 92, 171, 1, 1, 4.80374e+19
Pixel 92, 172, 1, 1, 4.80374e+19
Pixel 93, 172, 1, 1, 4.80374e+19
Pixel 93, 173, 1, 1, 4.80374e+19
Pixel 92, 173, 1, 1, 4.80374e+19
Pixel 92, 174, 1, 1, 4.80374e+19
Pixel 93, 174, 1, 1, 4.80374e+19
Pixel 93, 175, 1, 1, 4.80374e+19
Pixel 92, 175, 1, 1, 4.80374e+19
Pixel 92, 176, 1, 1, 4.80374e+19
Pixel 93, 176, 1, 1, 4.80374e+19
Pixel 93, 177, 1, 1, 4.80374e+19
Pixel 92, 177, 1, 1, 4.80374e+19
Pixel 92, 178, 1, 1, 4.80374e+19
Pixel 93, 178, 1, 1, 4.80374e+19
Pixel 93, 179, 1, 1, 4.80374e+19
Pixel 92, 179, 1, 1, 4.80374e+19
Pixel 92, 180, 1, 1, 4.80374e+19
Pixel 93, 180, 1, 1, 4.80374e+19
Pixel 93, 181, 1, 1, 4.80374e+19
Pixel 92, 181, 1, 1, 4.80374e+19
Pixel 92, 182, 1, 1, 4.80374e+19
Pixel 93, 182, 1, 1, 4.80374e+19
Pixel 93, 183, 1, 1, 4.80374e+19
Pixel 92, 183, 1, 1, 4.80374e+19
Pixel 92, 184, 1, 1, 4.80374e+19
Pixel 93, 184, 1, 1, 4.80374e+19
Pixel 93, 185, 1, 1, 4.80374e+19
Pixel 92, 185, 1, 1, 4.80374e+19
Pixel 92, 186, 1, 1, 4.80374e+19
Pixel 93, 186, 1, 1, 4.80374e+19
Pixel 93, 187, 1, 1, 4.80374e+19
Pixel 92, 187, 1, 1, 4.80374e+19
Pixel 92, 188, 1, 1, 4.80374e+19
Pixel 93, 188, 1, 1, 4.80374e+19
Pixel 93, 189, 1, 1, 4.80374e+19
Pixel 92, 189, 1, 1, 4.80374e+19
Pixel 92, 190, 1, 1, 4.80374e+19
Pixel 93, 190, 1, 1, 4.80374e+19
Pixel 93, 191, 1, 1, 4.80374e+19
Pixel 92, 191, 1, 1, 4.80374e+19
Pixel 92, 192, 1, 1, 4.80374e+19
Pixel 93, 192, 1, 1, 4.80374e+19
Pixel 93, 193, 1, 1, 4.80374e+19
Pixel 92, 193, 1, 1, 4.80374e+19
Pixel 92, 194, 1, 1, 4.80374e+19
Pixel 93, 194, 1, 1, 4.80374e+19
Pixel 93, 195, 1, 1, 4.80374e+19
Pixel 92, 195, 1, 1, 4.80374e+19
Pixel 92, 196, 1, 1, 4.80374e+19
Pixel 93, 196, 1, 1, 4.80374e+19
Pixel 93, 197, 1, 1, 4.80374e+19
Pixel 92, 197, 1, 1, 4.80374e+19
Pixel 92, 198, 1, 1, 4.80374e+19
Pixel 93, 198, 1, 1, 4.80374e+19
Pixel 93, 199, 1, 1, 4.80374e+19
Pixel 92, 199, 1, 1, 4.80374e+19
Pixel 92, 200, 1, 1, 4.80374e+19
Pixel 93, 200, 1, 1, 4.80374e+19
Pixel 93, 201, 1, 1, 4.80374e+19
Pixel 92, 201, 1, 1, 4.80374e+19
Pixel 92, 202, 1, 1, 4.80374e+19
Pixel 93, 202, 1, 1, 4.80374e+19
Pixel 93, 203, 1, 1, 4.80374e+19
Pixel 92, 203, 1, 1, 4.80374e+19
Pixel 92, 204, 1, 1, 4.80374e+19
Pixel 93, 204, 1, 1, 4.80374e+19
Pixel 93, 205, 1, 1, 4.80374e+19
Pixel 92, 205, 1, 1, 4.80374e+19
Pixel 92, 206, 1, 1, 4.80374e+19
Pixel 93, 206, 1, 1, 4.80374e+19
Pixel 93, 207, 1, 1, 4.80374e+19
Pixel 92, 207, 1, 1, 4.80374e+19
Pixel 92, 208, 1, 1, 4.80374e+19
Pixel 93, 208, 1, 1, 4.80374e+19
Pixel 93, 209, 1, 1, 4.80374e+19
Pixel 92, 209, 1, 1, 4.80374e+19
Pixel 92, 210, 1, 1, 4.80374e+19
Pixel 93, 210, 1, 1, 4.80374e+19
Pixel 93, 211, 1, 1, 4.80374e+19
Pixel 92, 211, 1, 1, 4.80374e+19
Pixel 92, 212, 1, 1, 4.80374e+19
Pixel 93, 212, 1, 1, 4.80374e+19
Pixel 93, 213, 1, 1, 4.80374e+19
Pixel 92, 213, 1, 1, 4.80374e+19
Pixel 92, 214, 1, 1, 4.80374e+19
Pixel 93, 214, 1, 1, 4.80374e+19
Pixel 93, 215, 1, 1, 4.80374e+19
Pixel 92, 215, 1, 1, 4.80374e+19
Pixel 92, 216, 1, 1, 4.80374e+19
Pixel 93, 216, 1, 1, 4.80374e+19
Pixel 93, 217, 1, 1, 4.80374e+19
Pixel 92, 217, 1, 1, 4.80374e+19
Pixel 92, 218, 1, 1, 4.80374e+19
Pixel 93, 218, 1, 1, 4.80374e+19
Pixel 93, 219, 1, 1, 4.80374e+19
Pixel 92, 219, 1, 1, 4.80374e+19
Pixel 92, 220, 1, 1, 4.80374e+19
Pixel 93, 220, 1, 1, 4.80374e+19
Pixel 93, 221, 1, 1, 4.80374e+19
Pixel 92, 221, 1, 1, 4.80374e+19
Pixel 92, 222, 1, 1, 4.80374e+19
Pixel 93, 222, 1, 1, 4.80374e+19
Pixel 93, 223, 1, 1, 4.80374e+19
Pixel 92, 223, 1, 1, 4.80374e+19
Pixel 92, 224, 1, 1, 4.80374e+19
Pixel 93, 224, 1, 1, 4.80374e+19
Pixel 93, 225, 1, 1, 4.80374e+19
Pixel 92, 225, 1, 1, 4.80374e+19
Pixel 92, 226, 1, 1, 4.80374e+19
Pixel 93, 226, 1, 1, 4.80374e+19
Pixel 93, 227, 1, 1, 4.80374e+19
Pixel 92, 227, 1, 1, 4.80374e+19
Pixel 92, 228, 1, 1, 4.80374e+19
Pixel 93, 228, 1, 1, 4.80374e+19
Pixel 93, 229, 1, 1, 4.80374e+19
Pixel 92, 229, 1, 1, 4.80374e+19
Pixel 92, 230, 1, 1, 4.80374e+19
Pixel 93, 230, 1, 1, 4.80374e+19
Pixel 93, 231, 1, 1, 4.80374e+19
Pixel 92, 231, 1, 1, 4.80374e+19
Pixel 92, 232, 1, 1, 4.80374e+19
Pixel 93, 232, 1, 1, 4.80374e+19
Pixel 93, 233, 1, 1, 4.80374e+19
Pixel 92, 233, 1, 1, 4.80374e+19
Pixel 92, 234, 1, 1, 4.80374e+19
Pixel 93, 234, 1, 1, 4.80374e+19
Pixel 93, 235, 1, 1, 4.80374e+19
Pixel 92, 235, 1, 1, 4.80374e+19
Pixel 92, 236, 1, 1, 4.80374e+19
Pixel 93, 236, 1, 1, 4.80374e+19
Pixel 93, 237, 1, 1, 4.80374e+19
Pixel 92, 237, 1, 1, 4.80374e+19
Pixel 92, 238, 1, 1, 4.80374e+19
Pixel 93, 238, 1, 1, 4.80374e+19
Pixel 93, 239, 1, 1, 4.80374e+19
Pixel 92, 239, 1, 1, 4.80374e+19
Pixel 92, 240, 1, 1, 4.80374e+19
Pixel 93, 240, 1, 1, 4.80374e+19
Pixel 93, 241, 1, 1, 4.80374e+19
Pixel 92, 241, 1, 1, 4.80374e+19
Pixel 92, 242, 1, 1, 4.80374e+19
Pixel 93, 242, 1, 1, 4.80374e+19
Pixel 93, 243, 1, 1, 4.80374e+19
Pixel 92, 243, 1, 1, 4.80374e+19
Pixel 92, 244, 1, 1, 4.80374e+19
Pixel 93, 244, 1, 1, 4.80374e+19
Pixel 93, 245, 1, 1, 4.80374e+19
Pixel 92, 245, 1, 1, 4.80374e+19
Pixel 92, 246, 1, 1, 4.80374e+19
Pixel 93, 246, 1, 1, 4.80374e+19
Pixel 93, 247, 1, 1, 4.80374e+19
Pixel 92, 247, 1, 1, 4.80374e+19
Pixel 92, 248, 1, 1, 4.80374e+19
Pixel 93, 248, 1, 1, 4.80374e+19
Pixel 93, 249, 1, 1, 4.80374e+19
Pixel 92, 249, 1, 1, 4.80374e+19
Pixel 92, 250, 1, 1, 4.80374e+19
Pixel 93, 250, 1, 1, 4.80374e+19
Pixel 93, 251, 1, 1, 4.80374e+19
Pixel 92, 251, 1, 1, 4.80374e+19
Pixel 92, 252, 1, 1, 4.80374e+19
Pixel 93, 252, 1, 1, 4.80374e+19
Pixel 93, 253, 1, 1, 4.80374e+19
Pixel 92, 253, 1, 1, 4.80374e+19
Pixel 92, 254, 1, 1, 4.80374e+19
Pixel 93, 254, 1, 1, 4.80374e+19
Pixel 93, 255, 1, 1, 4.80374e+19
Pixel 92, 255, 1, 1, 4.80374e+19
=== 27090 ===
--- pALPIDEfs_2 ---
Pixel 889, 177, 1, 1, 4.80374e+19
Pixel 888, 177, 1, 1, 4.80374e+19
Pixel 888, 178, 1, 1, 4.80374e+19
Pixel 889, 178, 1, 1, 4.80374e+19
Pixel 889, 179, 1, 1, 4.80374e+19
Pixel 888, 179, 1, 1, 4.80374e+19
=== 32601 ===
--- pALPIDEfs_2 ---
Pixel 577, 434, 1, 1, 4.80374e+19
Pixel 577, 435, 1, 1, 4.80374e+19
Pixel 576, 435, 1, 1, 4.80374e+19
Pixel 576, 436, 1, 1, 4.80374e+19
Pixel 577, 436, 1, 1, 4.80374e+19
=== 38800 ===
--- pALPIDEfs_3 ---
Pixel 845, 295, 1, 1, 4.80374e+19
Pixel 844, 296, 1, 1, 4.80374e+19
Pixel 845, 296, 1, 1, 4.80374e+19
=== 56508 ===
--- pALPIDEfs_0 ---
Pixel 581, 166, 1, 1, 4.80374e+19
=== 63124 ===
--- pALPIDEfs_2 ---
Pixel 897, 301, 1, 1, 4.80374e+19
Pixel 897, 302, 1, 1, 4.80374e+19
Pixel 898, 300, 1, 1, 4.80374e+19
Pixel 898, 301, 1, 1, 4.80374e+19
Pixel 898, 302, 1, 1, 4.80374e+19
=== 70846 ===
--- pALPIDEfs_1 ---
Pixel 159, 439, 1, 1, 4.80374e+19
Pixel 158, 439, 1, 1, 4.80374e+19
Pixel 158, 440, 1, 1, 4.80374e+19
Pixel 159, 440, 1, 1, 4.80374e+19
Pixel 158, 444, 1, 1, 4.80374e+19
Pixel 158, 445, 1, 1, 4.80374e+19
Pixel 160, 439, 1, 1, 4.80374e+19
Pixel 160, 440, 1, 1, 4.80374e+19
Pixel 161, 440, 1, 1, 4.80374e+19
=== 80861 ===
--- pALPIDEfs_1 ---
Pixel 672, 347, 1, 1, 4.80374e+19
=== 94869 ===
--- pALPIDEfs_4 ---
Pixel 119, 60, 1, 1, 4.80374e+19
=== 101144 ===
--- pALPIDEfs_0 ---
Pixel 40, 303, 1, 1, 4.80374e+19
Pixel 40, 304, 1, 1, 4.80374e+19
=== 107234 ===
--- pALPIDEfs_2 ---
Pixel 422, 302, 1, 1, 4.80374e+19
Pixel 422, 303, 1, 1, 4.80374e+19
--- pALPIDEfs_3 ---
Pixel 173, 414, 1, 1, 4.80374e+19
=== 121415 ===
--- pALPIDEfs_0 ---
Pixel 151, 32, 1, 1, 4.80374e+19
Pixel 151, 33, 1, 1, 4.80374e+19
--- pALPIDEfs_1 ---
Pixel 429, 260, 1, 1, 4.80374e+19
--- pALPIDEfs_2 ---
Pixel 728, 381, 1, 1, 4.80374e+19
Pixel 728, 382, 1, 1, 4.80374e+19
=== 125836 ===
--- pALPIDEfs_5 ---
Pixel 166, 380, 1, 1, 4.80374e+19
Pixel 166, 381, 1, 1, 4.80374e+19
=== 140281 ===
--- pALPIDEfs_4 ---
Pixel 123, 425, 1, 1, 4.80374e+19
Pixel 123, 426, 1, 1, 4.80374e+19
Pixel 124, 425, 1, 1, 4.80374e+19
Pixel 124, 426, 1, 1, 4.80374e+19
--- pALPIDEfs_5 ---
Pixel 291, 365, 1, 1, 4.80374e+19
Pixel 292, 365, 1, 1, 4.80374e+19
--- pALPIDEfs_6 ---
Pixel 515, 246, 1, 1, 4.80374e+19
Pixel 516, 246, 1, 1, 4.80374e+19
=== 163838 ===
--- pALPIDEfs_1 ---
Pixel 1011, 201, 1, 1, 4.80374e+19
=== 168815 ===
--- pALPIDEfs_2 ---
Pixel 999, 244, 1, 1, 4.80374e+19
Pixel 1001, 243, 1, 1, 4.80374e+19
Pixel 1000, 243, 1, 1, 4.80374e+19
Pixel 1000, 244, 1, 1, 4.80374e+19
Pixel 1001, 244, 1, 1, 4.80374e+19
Pixel 1003, 242, 1, 1, 4.80374e+19
Pixel 1003, 243, 1, 1, 4.80374e+19
Pixel 1002, 243, 1, 1, 4.80374e+19
=== 182947 ===
--- pALPIDEfs_0 ---
Pixel 153, 158, 1, 1, 4.80374e+19
Pixel 153, 159, 1, 1, 4.80374e+19
=== 192748 ===
--- pALPIDEfs_4 ---
Pixel 521, 122, 1, 1, 4.80374e+19
Pixel 521, 123, 1, 1, 4.80374e+19
Pixel 521, 124, 1, 1, 4.80374e+19
Pixel 521, 125, 1, 1, 4.80374e+19
Pixel 521, 126, 1, 1, 4.80374e+19
Pixel 523, 117, 1, 1, 4.80374e+19
Pixel 522, 117, 1, 1, 4.80374e+19
Pixel 522, 118, 1, 1, 4.80374e+19
Pixel 522, 119, 1, 1, 4.80374e+19
Pixel 522, 120, 1, 1, 4.80374e+19
Pixel 522, 121, 1, 1, 4.80374e+19
Pixel 522, 122, 1, 1, 4.80374e+19
Pixel 522, 123, 1, 1, 4.80374e+19
=== 237798 ===
--- pALPIDEfs_6 ---
Pixel 210, 20, 1, 1, 4.80374e+19
=== 242052 ===
--- pALPIDEfs_1 ---
Pixel 982, 365, 1, 1, 4.80374e+19
=== 257846 ===
--- pALPIDEfs_3 ---
Pixel 247, 279, 1, 1, 4.80374e+19
Pixel 247, 280, 1, 1, 4.80374e+19
Pixel 247, 281, 1, 1, 4.80374e+19
Pixel 248, 279, 1, 1, 4.80374e+19
Pixel 248, 280, 1, 1, 4.80374e+19
Pixel 248, 281, 1, 1, 4.80374e+19
=== 271334 ===
--- pALPIDEfs_1 ---
Pixel 97, 239, 1, 1, 4.80374e+19
Pixel 97, 240, 1, 1, 4.80374e+19
Pixel 98, 239, 1, 1, 4.80374e+19
Pixel 98, 240, 1, 1, 4.80374e+19
--- pALPIDEfs_2 ---
Pixel 741, 166, 1, 1, 4.80374e+19
Pixel 741, 167, 1, 1, 4.80374e+19
Pixel 742, 166, 1, 1, 4.80374e+19
Pixel 742, 167, 1, 1, 4.80374e+19
--- pALPIDEfs_3 ---
Pixel 807, 118, 1, 1, 4.80374e+19
Pixel 807, 119, 1, 1, 4.80374e+19
Pixel 808, 118, 1, 1, 4.80374e+19
Pixel 808, 119, 1, 1, 4.80374e+19
=== 287411 ===
--- pALPIDEfs_3 ---
Pixel 560, 323, 1, 1, 4.80374e+19
Pixel 560, 324, 1, 1, 4.80374e+19
=== 294717 ===
--- pALPIDEfs_0 ---
Pixel 423, 500, 1, 1, 4.80374e+19
Pixel 423, 501, 1, 1, 4.80374e+19
Pixel 424, 500, 1, 1, 4.80374e+19
Pixel 424, 501, 1, 1, 4.80374e+19
=== 297223 ===
--- pALPIDEfs_2 ---
Pixel 418, 370, 1, 1, 4.80374e+19
Pixel 419, 370, 1, 1, 4.80374e+19
Pixel 419, 371, 1, 1, 4.80374e+19
Pixel 418, 371, 1, 1, 4.80374e+19
--- pALPIDEfs_3 ---
Pixel 767, 282, 1, 1, 4.80374e+19
Pixel 767, 283, 1, 1, 4.80374e+19
=== 297235 ===
--- pALPIDEfs_2 ---
Pixel 542, 433, 1, 1, 4.80374e+19
Pixel 542, 434, 1, 1, 4.80374e+19
=== 312892 ===
--- pALPIDEfs_1 ---
Pixel 277, 339, 1, 1, 4.80374e+19
Pixel 277, 340, 1, 1, 4.80374e+19
Pixel 278, 339, 1, 1, 4.80374e+19
=== 314043 ===
--- pALPIDEfs_6 ---
Pixel 508, 325, 1, 1, 4.80374e+19
=== 314044 ===
--- pALPIDEfs_6 ---
Pixel 509, 325, 1, 1, 4.80374e+19
Pixel 508, 325, 1, 1, 4.80374e+19
=== 328035 ===
--- pALPIDEfs_4 ---
Pixel 632, 348, 1, 1, 4.80374e+19
Pixel 633, 348, 1, 1, 4.80374e+19
Pixel 633, 349, 1, 1, 4.80374e+19
Pixel 632, 349, 1, 1, 4.80374e+19
=== 341977 ===
--- pALPIDEfs_3 ---
Pixel 517, 49, 1, 1, 4.80374e+19
Pixel 518, 49, 1, 1, 4.80374e+19
--- pALPIDEfs_4 ---
Pixel 34, 227, 1, 1, 4.80374e+19
=== 342712 ===
--- pALPIDEfs_2 ---
Pixel 773, 472, 1, 1, 4.80374e+19
Pixel 773, 473, 1, 1, 4.80374e+19
Pixel 774, 471, 1, 1, 4.80374e+19
Pixel 774, 472, 1, 1, 4.80374e+19
=== 346108 ===
--- pALPIDEfs_1 ---
Pixel 620, 32, 1, 1, 4.80374e+19
Pixel 621, 32, 1, 1, 4.80374e+19
=== 357133 ===
--- pALPIDEfs_3 ---
Pixel 719, 302, 1, 1, 4.80374e+19
Pixel 719, 303, 1, 1, 4.80374e+19
Pixel 719, 304, 1, 1, 4.80374e+19
Pixel 720, 303, 1, 1, 4.80374e+19
Pixel 720, 304, 1, 1, 4.80374e+19
=== 375165 ===
--- pALPIDEfs_0 ---
Pixel 821, 197, 1, 1, 4.80374e+19
Pixel 821, 198, 1, 1, 4.80374e+19
Pixel 822, 198, 1, 1, 4.80374e+19
=== 376463 ===
--- pALPIDEfs_6 ---
Pixel 866, 226, 1, 1, 4.80374e+19
Pixel 867, 226, 1, 1, 4.80374e+19
Pixel 867, 227, 1, 1, 4.80374e+19
Pixel 866, 227, 1, 1, 4.80374e+19
=== 383972 ===
--- pALPIDEfs_2 ---
Pixel 132, 501, 1, 1, 4.80374e+19
=== 385234 ===
--- pALPIDEfs_5 ---
Pixel 181, 135, 1, 1, 4.80374e+19
Pixel 180, 136, 1, 1, 4.80374e+19
Pixel 181, 136, 1, 1, 4.80374e+19
Pixel 181, 137, 1, 1, 4.80374e+19
Pixel 182, 136, 1, 1, 4.80374e+19
=== 395816 ===
--- pALPIDEfs_3 ---
Pixel 1004, 340, 1, 1, 4.80374e+19
Pixel 1005, 340, 1, 1, 4.80374e+19
=== 416485 ===
--- pALPIDEfs_5 ---
Pixel 607, 296, 1, 1, 4.80374e+19
Pixel 608, 296, 1, 1, 4.80374e+19
=== 430263 ===
--- pALPIDEfs_5 ---
Pixel 296, 30, 1, 1, 4.80374e+19
Pixel 297, 30, 1, 1, 4.80374e+19
Pixel 297, 31, 1, 1, 4.80374e+19
Pixel 296, 31, 1, 1, 4.80374e+19
=== 443150 ===
--- pALPIDEfs_5 ---
Pixel 131, 484, 1, 1, 4.80374e+19
Pixel 131, 485, 1, 1, 4.80374e+19
Pixel 131, 486, 1, 1, 4.80374e+19
Pixel 132, 484, 1, 1, 4.80374e+19
Pixel 133, 484, 1, 1, 4.80374e+19
Pixel 133, 485, 1, 1, 4.80374e+19
Pixel 132, 485, 1, 1, 4.80374e+19
Pixel 132, 486, 1, 1, 4.80374e+19
Pixel 133, 486, 1, 1, 4.80374e+19
=== 471402 ===
--- pALPIDEfs_6 ---
Pixel 580, 472, 1, 1, 4.80374e+19
Pixel 581, 472, 1, 1, 4.80374e+19
Pixel 581, 473, 1, 1, 4.80374e+19
Pixel 581, 474, 1, 1, 4.80374e+19
Pixel 582, 472, 1, 1, 4.80374e+19
Pixel 582, 473, 1, 1, 4.80374e+19
Pixel 582, 474, 1, 1, 4.80374e+19
=== 483296 ===
--- pALPIDEfs_5 ---
Pixel 117, 131, 1, 1, 4.80374e+19
Pixel 117, 132, 1, 1, 4.80374e+19
=== 484008 ===
--- pALPIDEfs_5 ---
Pixel 972, 493, 1, 1, 4.80374e+19
=== 501236 ===
--- pALPIDEfs_4 ---
Pixel 584, 352, 1, 1, 4.80374e+19
Pixel 585, 352, 1, 1, 4.80374e+19
Pixel 585, 353, 1, 1, 4.80374e+19
Pixel 584, 353, 1, 1, 4.80374e+19
Pixel 584, 354, 1, 1, 4.80374e+19
Pixel 585, 354, 1, 1, 4.80374e+19
=== 507757 ===
--- pALPIDEfs_4 ---
Pixel 535, 218, 1, 1, 4.80374e+19
Pixel 535, 219, 1, 1, 4.80374e+19
Pixel 536, 218, 1, 1, 4.80374e+19
Pixel 537, 219, 1, 1, 4.80374e+19
Pixel 536, 219, 1, 1, 4.80374e+19
=== 531367 ===
--- pALPIDEfs_6 ---
Pixel 687, 295, 1, 1, 4.80374e+19
Pixel 686, 295, 1, 1, 4.80374e+19
Pixel 686, 296, 1, 1, 4.80374e+19
Pixel 687, 296, 1, 1, 4.80374e+19
Pixel 687, 297, 1, 1, 4.80374e+19
Pixel 686, 297, 1, 1, 4.80374e+19
Pixel 688, 295, 1, 1, 4.80374e+19
=== 545852 ===
--- pALPIDEfs_6 ---
Pixel 269, 475, 1, 1, 4.80374e+19
Pixel 268, 476, 1, 1, 4.80374e+19
Pixel 269, 476, 1, 1, 4.80374e+19
=== 573934 ===
--- pALPIDEfs_4 ---
Pixel 688, 1, 1, 1, 4.80374e+19
Pixel 688, 2, 1, 1, 4.80374e+19
=== 578331 ===
--- pALPIDEfs_3 ---
Pixel 833, 418, 1, 1, 4.80374e+19
Pixel 833, 419, 1, 1, 4.80374e+19
Pixel 832, 419, 1, 1, 4.80374e+19
=== 579111 ===
--- pALPIDEfs_2 ---
Pixel 146, 102, 1, 1, 4.80374e+19
Pixel 146, 103, 1, 1, 4.80374e+19
--- pALPIDEfs_3 ---
Pixel 417, 380, 1, 1, 4.80374e+19
Pixel 418, 379, 1, 1, 4.80374e+19
Pixel 418, 380, 1, 1, 4.80374e+19
=== 582035 ===
--- pALPIDEfs_6 ---
Pixel 381, 226, 1, 1, 4.80374e+19
=== 596395 ===
--- pALPIDEfs_0 ---
Pixel 416, 118, 1, 1, 4.80374e+19
Pixel 417, 118, 1, 1, 4.80374e+19
Pixel 417, 119, 1, 1, 4.80374e+19
Pixel 416, 119, 1, 1, 4.80374e+19
--- pALPIDEfs_1 ---
Pixel 683, 45, 1, 1, 4.80374e+19
Pixel 682, 45, 1, 1, 4.80374e+19
=== 600268 ===
--- pALPIDEfs_4 ---
Pixel 488, 45, 1, 1, 4.80374e+19
Pixel 488, 46, 1, 1, 4.80374e+19
=== 601092 ===
--- pALPIDEfs_0 ---
Pixel 205, 282, 1, 1, 4.80374e+19
Pixel 205, 283, 1, 1, 4.80374e+19
Pixel 204, 283, 1, 1, 4.80374e+19
=== 636982 ===
--- pALPIDEfs_1 ---
Pixel 429, 87, 1, 1, 4.80374e+19
Pixel 429, 88, 1, 1, 4.80374e+19
=== 655710 ===
--- pALPIDEfs_2 ---
Pixel 737, 140, 1, 1, 4.80374e+19
Pixel 737, 141, 1, 1, 4.80374e+19
Pixel 737, 142, 1, 1, 4.80374e+19
Pixel 738, 141, 1, 1, 4.80374e+19
=== 664820 ===
--- pALPIDEfs_0 ---
Pixel 100, 344, 1, 1, 4.80374e+19
Pixel 100, 345, 1, 1, 4.80374e+19
=== 673621 ===
--- pALPIDEfs_5 ---
Pixel 300, 186, 1, 1, 4.80374e+19
Pixel 301, 186, 1, 1, 4.80374e+19
Pixel 301, 187, 1, 1, 4.80374e+19
=== 697790 ===
--- pALPIDEfs_5 ---
Pixel 545, 234, 1, 1, 4.80374e+19
Pixel 545, 235, 1, 1, 4.80374e+19
Pixel 546, 234, 1, 1, 4.80374e+19
Pixel 546, 235, 1, 1, 4.80374e+19
=== 702414 ===
--- pALPIDEfs_1 ---
Pixel 313, 491, 1, 1, 4.80374e+19
Pixel 313, 492, 1, 1, 4.80374e+19
Pixel 313, 493, 1, 1, 4.80374e+19
Pixel 315, 487, 1, 1, 4.80374e+19
Pixel 315, 488, 1, 1, 4.80374e+19
Pixel 315, 489, 1, 1, 4.80374e+19
Pixel 314, 489, 1, 1, 4.80374e+19
Pixel 314, 490, 1, 1, 4.80374e+19
Pixel 315, 490, 1, 1, 4.80374e+19
Pixel 314, 491, 1, 1, 4.80374e+19
Pixel 314, 492, 1, 1, 4.80374e+19
Pixel 314, 493, 1, 1, 4.80374e+19
Pixel 317, 485, 1, 1, 4.80374e+19
Pixel 316, 485, 1, 1, 4.80374e+19
Pixel 316, 486, 1, 1, 4.80374e+19
Pixel 316, 487, 1, 1, 4.80374e+19
Pixel 316, 488, 1, 1, 4.80374e+19
Pixel 316, 489, 1, 1, 4.80374e+19
Pixel 329, 478, 1, 1, 4.80374e+19
Pixel 329, 479, 1, 1, 4.80374e+19
Pixel 330, 478, 1, 1, 4.80374e+19
=== 705728 ===
--- pALPIDEfs_3 ---
Pixel 43, 173, 1, 1, 4.80374e+19
Pixel 42, 174, 1, 1, 4.80374e+19
Pixel 43, 174, 1, 1, 4.80374e+19
Pixel 43, 175, 1, 1, 4.80374e+19
Pixel 42, 175, 1, 1, 4.80374e+19
Pixel 44, 173, 1, 1, 4.80374e+19
Pixel 44, 174, 1, 1, 4.80374e+19
Pixel 44, 175, 1, 1, 4.80374e+19
=== 713164 ===
--- pALPIDEfs_1 ---
Pixel 562, 26, 1, 1, 4.80374e+19
=== 749523 ===
--- pALPIDEfs_3 ---
Pixel 953, 320, 1, 1, 4.80374e+19
Pixel 953, 321, 1, 1, 4.80374e+19
Pixel 954, 320, 1, 1, 4.80374e+19
Pixel 954, 321, 1, 1, 4.80374e+19
=== 764010 ===
--- pALPIDEfs_5 ---
Pixel 400, 244, 1, 1, 4.80374e+19
Pixel 400, 245, 1, 1, 4.80374e+19
=== 789245 ===
--- pALPIDEfs_3 ---
Pixel 504, 392, 1, 1, 4.80374e+19
--- pALPIDEfs_4 ---
Pixel 631, 212, 1, 1, 4.80374e+19
--- pALPIDEfs_5 ---
Pixel 727, 78, 1, 1, 4.80374e+19
Pixel 728, 77, 1, 1, 4.80374e+19
Pixel 728, 78, 1, 1, 4.80374e+19
=== 801397 ===
--- pALPIDEfs_0 ---
Pixel 691, 161, 1, 1, 4.80374e+19
Pixel 690, 161, 1, 1, 4.80374e+19
Pixel 693, 161, 1, 1, 4.80374e+19
Pixel 692, 161, 1, 1, 4.80374e+19
Pixel 694, 161, 1, 1, 4.80374e+19
=== 814978 ===
--- pALPIDEfs_4 ---
Pixel 663, 85, 1, 1, 4.80374e+19
Pixel 663, 86, 1, 1, 4.80374e+19
Pixel 664, 86, 1, 1, 4.80374e+19
=== 818979 ===
--- pALPIDEfs_1 ---
Pixel 778, 456, 1, 1, 4.80374e+19
--- pALPIDEfs_2 ---
Pixel 853, 480, 1, 1, 4.80374e+19
Pixel 853, 481, 1, 1, 4.80374e+19
Pixel 853, 482, 1, 1, 4.80374e+19
Pixel 853, 483, 1, 1, 4.80374e+19
Pixel 854, 481, 1, 1, 4.80374e+19
Pixel 854, 482, 1, 1, 4.80374e+19
Pixel 854, 483, 1, 1, 4.80374e+19
Pixel 854, 484, 1, 1, 4.80374e+19
Pixel 855, 484, 1, 1, 4.80374e+19
Pixel 855, 485, 1, 1, 4.80374e+19
Pixel 856, 485, 1, 1, 4.80374e+19
Pixel 859, 490, 1, 1, 4.80374e+19
=== 820934 ===
--- pALPIDEfs_0 ---
Pixel 293, 291, 1, 1, 4.80374e+19
Pixel 292, 291, 1, 1, 4.80374e+19
Pixel 293, 292, 1, 1, 4.80374e+19
=== 827167 ===
--- pALPIDEfs_2 ---
Pixel 165, 29, 1, 1, 4.80374e+19
Pixel 165, 30, 1, 1, 4.80374e+19
Pixel 165, 31, 1, 1, 4.80374e+19
Pixel 165, 32, 1, 1, 4.80374e+19
Pixel 165, 33, 1, 1, 4.80374e+19
Pixel 166, 30, 1, 1, 4.80374e+19
Pixel 166, 31, 1, 1, 4.80374e+19
Pixel 166, 32, 1, 1, 4.80374e+19
Pixel 166, 33, 1, 1, 4.80374e+19
=== 828763 ===
--- pALPIDEfs_6 ---
Pixel 137, 459, 1, 1, 4.80374e+19
Pixel 136, 459, 1, 1, 4.80374e+19
Pixel 137, 460, 1, 1, 4.80374e+19
=== 849930 ===
--- pALPIDEfs_6 ---
Pixel 795, 432, 1, 1, 4.80374e+19
Pixel 795, 433, 1, 1, 4.80374e+19
=== 860912 ===
--- pALPIDEfs_6 ---
Pixel 874, 218, 1, 1, 4.80374e+19
=== 860913 ===
--- pALPIDEfs_6 ---
Pixel 873, 218, 1, 1, 4.80374e+19
Pixel 874, 218, 1, 1, 4.80374e+19
=== 867632 ===
--- pALPIDEfs_3 ---
Pixel 259, 299, 1, 1, 4.80374e+19
Pixel 258, 299, 1, 1, 4.80374e+19
=== 902688 ===
--- pALPIDEfs_2 ---
Pixel 122, 435, 1, 1, 4.80374e+19
Pixel 386, 130, 1, 1, 4.80374e+19
Pixel 387, 130, 1, 1, 4.80374e+19
Pixel 387, 131, 1, 1, 4.80374e+19
Pixel 386, 131, 1, 1, 4.80374e+19
Pixel 386, 132, 1, 1, 4.80374e+19
Pixel 387, 132, 1, 1, 4.80374e+19
Pixel 387, 133, 1, 1, 4.80374e+19
Pixel 386, 133, 1, 1, 4.80374e+19
Pixel 387, 134, 1, 1, 4.80374e+19
Pixel 387, 135, 1, 1, 4.80374e+19
Pixel 388, 135, 1, 1, 4.80374e+19
Pixel 388, 136, 1, 1, 4.80374e+19
Pixel 389, 136, 1, 1, 4.80374e+19
Pixel 389, 137, 1, 1, 4.80374e+19
Pixel 388, 137, 1, 1, 4.80374e+19
=== 908693 ===
--- pALPIDEfs_5 ---
Pixel 821, 456, 1, 1, 4.80374e+19
Pixel 821, 457, 1, 1, 4.80374e+19
Pixel 820, 457, 1, 1, 4.80374e+19
Pixel 820, 458, 1, 1, 4.80374e+19
Pixel 821, 458, 1, 1, 4.80374e+19
=== 919633 ===
--- pALPIDEfs_6 ---
Pixel 459, 396, 1, 1, 4.80374e+19
=== 920140 ===
--- pALPIDEfs_4 ---
Pixel 564, 292, 1, 1, 4.80374e+19
Pixel 564, 293, 1, 1, 4.80374e+19
=== 959044 ===
--- pALPIDEfs_3 ---
Pixel 106, 178, 1, 1, 4.80374e+19
=== 970242 ===
--- pALPIDEfs_6 ---
Pixel 876, 416, 1, 1, 4.80374e+19
=== 970504 ===
--- pALPIDEfs_6 ---
Pixel 271, 52, 1, 1, 4.80374e+19
Pixel 271, 53, 1, 1, 4.80374e+19
Pixel 272, 52, 1, 1, 4.80374e+19
Pixel 273, 53, 1, 1, 4.80374e+19
Pixel 272, 53, 1, 1, 4.80374e+19
=== 986743 ===
--- pALPIDEfs_4 ---
Pixel 837, 141, 1, 1, 4.80374e+19
--- pALPIDEfs_5 ---
Pixel 516, 46, 1, 1, 4.80374e+19
--- pALPIDEfs_6 ---
Pixel 141, 152, 1, 1, 4.80374e+19
Pixel 142, 151, 1, 1, 4.80374e+19
Pixel 142, 152, 1, 1, 4.80374e+19
=== 996219 ===
--- pALPIDEfs_2 ---
Pixel 947, 197, 1, 1, 4.80374e+19
Pixel 947, 198, 1, 1, 4.80374e+19
Pixel 948, 197, 1, 1, 4.80374e+19
Pixel 948, 198, 1, 1, 4.80374e+19
=== 999423 ===
--- pALPIDEfs_5 ---
Pixel 715, 468, 1, 1, 4.80374e+19
Pixel 715, 469, 1, 1, 4.80374e+19
=== 1012630 ===
--- pALPIDEfs_3 ---
Pixel 595, 285, 1, 1, 4.80374e+19
Pixel 594, 285, 1, 1, 4.80374e+19
Pixel 595, 286, 1, 1, 4.80374e+19
Pixel 596, 284, 1, 1, 4.80374e+19
Pixel 596, 285, 1, 1, 4.80374e+19
=== 1022304 ===
--- pALPIDEfs_1 ---
Pixel 851, 322, 1, 1, 4.80374e+19
Pixel 852, 321, 1, 1, 4.80374e+19
Pixel 852, 322, 1, 1, 4.80374e+19
--- pALPIDEfs_2 ---
Pixel 346, 310, 1, 1, 4.80374e+19
Pixel 346, 311, 1, 1, 4.80374e+19
=== 1023364 ===
--- pALPIDEfs_2 ---
Pixel 787, 276, 1, 1, 4.80374e+19
Pixel 787, 277, 1, 1, 4.80374e+19
Pixel 787, 278, 1, 1, 4.80374e+19
Pixel 788, 276, 1, 1, 4.80374e+19
Pixel 788, 277, 1, 1, 4.80374e+19
Pixel 788, 278, 1, 1, 4.80374e+19
=== 1062621 ===
--- pALPIDEfs_3 ---
Pixel 403, 302, 1, 1, 4.80374e+19
Pixel 403, 303, 1, 1, 4.80374e+19
Pixel 404, 302, 1, 1, 4.80374e+19
Pixel 404, 303, 1, 1, 4.80374e+19
=== 1088657 ===
--- pALPIDEfs_0 ---
Pixel 416, 210, 1, 1, 4.80374e+19
Pixel 417, 210, 1, 1, 4.80374e+19
Pixel 417, 211, 1, 1, 4.80374e+19
Pixel 416, 211, 1, 1, 4.80374e+19
=== 1094479 ===
--- pALPIDEfs_0 ---
Pixel 751, 423, 1, 1, 4.80374e+19
Pixel 750, 423, 1, 1, 4.80374e+19
Pixel 750, 424, 1, 1, 4.80374e+19
Pixel 752, 423, 1, 1, 4.80374e+19
=== 1100043 ===
--- pALPIDEfs_2 ---
Pixel 89, 119, 1, 1, 4.80374e+19
Pixel 90, 118, 1, 1, 4.80374e+19
Pixel 91, 119, 1, 1, 4.80374e+19
Pixel 90, 119, 1, 1, 4.80374e+19
--- pALPIDEfs_3 ---
Pixel 927, 151, 1, 1, 4.80374e+19
Pixel 927, 152, 1, 1, 4.80374e+19
Pixel 928, 151, 1, 1, 4.80374e+19
Pixel 928, 152, 1, 1, 4.80374e+19
=== 1121813 ===
--- pALPIDEfs_2 ---
Pixel 609, 114, 1, 1, 4.80374e+19
Pixel 610, 114, 1, 1, 4.80374e+19
=== 1122950 ===
--- pALPIDEfs_0 ---
Pixel 383, 99, 1, 1, 4.80374e+19
Pixel 383, 100, 1, 1, 4.80374e+19
--- pALPIDEfs_1 ---
Pixel 435, 60, 1, 1, 4.80374e+19
--- pALPIDEfs_2 ---
Pixel 532, 217, 1, 1, 4.80374e+19
Pixel 532, 218, 1, 1, 4.80374e+19
--- pALPIDEfs_3 ---
Pixel 631, 445, 1, 1, 4.80374e+19
Pixel 631, 446, 1, 1, 4.80374e+19
Pixel 632, 445, 1, 1, 4.80374e+19
Pixel 632, 446, 1, 1, 4.80374e+19
=== 1136472 ===
--- pALPIDEfs_2 ---
Pixel 376, 406, 1, 1, 4.80374e+19
Pixel 377, 406, 1, 1, 4.80374e+19
=== 1142406 ===
--- pALPIDEfs_0 ---
Pixel 694, 300, 1, 1, 4.80374e+19
=== 1148165 ===
--- pALPIDEfs_4 ---
Pixel 959, 240, 1, 1, 4.80374e+19
Pixel 959, 241, 1, 1, 4.80374e+19
Pixel 960, 240, 1, 1, 4.80374e+19
=== 1154410 ===
--- pALPIDEfs_1 ---
Pixel 983, 505, 1, 1, 4.80374e+19
--- pALPIDEfs_2 ---
Pixel 663, 453, 1, 1, 4.80374e+19
Pixel 662, 453, 1, 1, 4.80374e+19
--- pALPIDEfs_3 ---
Pixel 405, 395, 1, 1, 4.80374e+19
Pixel 405, 396, 1, 1, 4.80374e+19
Pixel 406, 396, 1, 1, 4.80374e+19
--- pALPIDEfs_4 ---
Pixel 171, 349, 1, 1, 4.80374e+19
Pixel 170, 349, 1, 1, 4.80374e+19
=== 1162254 ===
--- pALPIDEfs_6 ---
Pixel 379, 225, 1, 1, 4.80374e+19
Pixel 378, 225, 1, 1, 4.80374e+19
Pixel 378, 226, 1, 1, 4.80374e+19
Pixel 379, 226, 1, 1, 4.80374e+19
Pixel 379, 227, 1, 1, 4.80374e+19
Pixel 378, 227, 1, 1, 4.80374e+19
=== 1166944 ===
--- pALPIDEfs_3 ---
Pixel 951, 265, 1, 1, 4.80374e+19
Pixel 952, 265, 1, 1, 4.80374e+19
Pixel 952, 266, 1, 1, 4.80374e+19
=== 1173720 ===
--- pALPIDEfs_1 ---
Pixel 354, 188, 1, 1, 4.80374e+19
Pixel 355, 188, 1, 1, 4.80374e+19
Pixel 355, 189, 1, 1, 4.80374e+19
=== 1186707 ===
--- pALPIDEfs_6 ---
Pixel 608, 325, 1, 1, 4.80374e+19
=== 1193901 ===
--- pALPIDEfs_5 ---
Pixel 16, 420, 1, 1, 4.80374e+19
Pixel 17, 421, 1, 1, 4.80374e+19
Pixel 16, 421, 1, 1, 4.80374e+19
=== 1200939 ===
--- pALPIDEfs_0 ---
Pixel 252, 193, 1, 1, 4.80374e+19
--- pALPIDEfs_1 ---
Pixel 453, 252, 1, 1, 4.80374e+19
--- pALPIDEfs_2 ---
Pixel 675, 205, 1, 1, 4.80374e+19
Pixel 675, 206, 1, 1, 4.80374e+19
Pixel 676, 205, 1, 1, 4.80374e+19
Pixel 676, 206, 1, 1, 4.80374e+19
--- pALPIDEfs_3 ---
Pixel 900, 229, 1, 1, 4.80374e+19
=== 1201015 ===
--- pALPIDEfs_0 ---
Pixel 11, 346, 1, 1, 4.80374e+19
Pixel 11, 347, 1, 1, 4.80374e+19
Pixel 12, 347, 1, 1, 4.80374e+19
=== 1211623 ===
--- pALPIDEfs_3 ---
Pixel 165, 482, 1, 1, 4.80374e+19
Pixel 165, 483, 1, 1, 4.80374e+19
Pixel 165, 484, 1, 1, 4.80374e+19
Pixel 166, 482, 1, 1, 4.80374e+19
Pixel 166, 483, 1, 1, 4.80374e+19
Pixel 166, 484, 1, 1, 4.80374e+19
=== 1246192 ===
--- pALPIDEfs_5 ---
Pixel 846, 272, 1, 1, 4.80374e+19
Pixel 847, 272, 1, 1, 4.80374e+19
=== 1265569 ===
--- pALPIDEfs_6 ---
Pixel 562, 286, 1, 1, 4.80374e+19
Pixel 563, 286, 1, 1, 4.80374e+19
Pixel 563, 287, 1, 1, 4.80374e+19
Pixel 562, 287, 1, 1, 4.80374e+19
Pixel 562, 288, 1, 1, 4.80374e+19
Pixel 563, 288, 1, 1, 4.80374e+19
=== 1265574 ===
--- pALPIDEfs_5 ---
Pixel 341, 378, 1, 1, 4.80374e+19
Pixel 341, 379, 1, 1, 4.80374e+19
Pixel 342, 378, 1, 1, 4.80374e+19
Pixel 342, 379, 1, 1, 4.80374e+19
=== 1269326 ===
--- pALPIDEfs_3 ---
Pixel 73, 506, 1, 1, 4.80374e+19
--- pALPIDEfs_4 ---
Pixel 529, 392, 1, 1, 4.80374e+19
Pixel 529, 393, 1, 1, 4.80374e+19
Pixel 530, 392, 1, 1, 4.80374e+19
Pixel 530, 393, 1, 1, 4.80374e+19
--- pALPIDEfs_5 ---
Pixel 954, 324, 1, 1, 4.80374e+19
=== 1283315 ===
--- pALPIDEfs_1 ---
Pixel 755, 345, 1, 1, 4.80374e+19
Pixel 755, 346, 1, 1, 4.80374e+19
=== 1346359 ===
--- pALPIDEfs_4 ---
Pixel 603, 46, 1, 1, 4.80374e+19
Pixel 604, 46, 1, 1, 4.80374e+19
=== 1356249 ===
--- pALPIDEfs_3 ---
Pixel 101, 217, 1, 1, 4.80374e+19
Pixel 101, 218, 1, 1, 4.80374e+19
Pixel 102, 217, 1, 1, 4.80374e+19
Pixel 102, 218, 1, 1, 4.80374e+19
=== 1361337 ===
--- pALPIDEfs_5 ---
Pixel 941, 233, 1, 1, 4.80374e+19
Pixel 941, 234, 1, 1, 4.80374e+19
Pixel 942, 233, 1, 1, 4.80374e+19
Pixel 942, 234, 1, 1, 4.80374e+19
=== 1385833 ===
--- pALPIDEfs_2 ---
Pixel 966, 195, 1, 1, 4.80374e+19
=== 1392403 ===
--- pALPIDEfs_4 ---
Pixel 734, 451, 1, 1, 4.80374e+19
Pixel 734, 452, 1, 1, 4.80374e+19
Pixel 735, 452, 1, 1, 4.80374e+19
Pixel 735, 453, 1, 1, 4.80374e+19
Pixel 737, 451, 1, 1, 4.80374e+19
Pixel 736, 452, 1, 1, 4.80374e+19
Pixel 737, 452, 1, 1, 4.80374e+19
Pixel 736, 453, 1, 1, 4.80374e+19
Pixel 739, 449, 1, 1, 4.80374e+19
Pixel 738, 450, 1, 1, 4.80374e+19
Pixel 739, 450, 1, 1, 4.80374e+19
Pixel 739, 451, 1, 1, 4.80374e+19
Pixel 738, 451, 1, 1, 4.80374e+19
Pixel 741, 448, 1, 1, 4.80374e+19
Pixel 741, 449, 1, 1, 4.80374e+19
Pixel 740, 449, 1, 1, 4.80374e+19
Pixel 740, 450, 1, 1, 4.80374e+19
Pixel 742, 446, 1, 1, 4.80374e+19
Pixel 742, 447, 1, 1, 4.80374e+19
Pixel 742, 448, 1, 1, 4.80374e+19
=== 1402017 ===
--- pALPIDEfs_2 ---
Pixel 657, 12, 1, 1, 4.80374e+19
Pixel 659, 11, 1, 1, 4.80374e+19
Pixel 658, 11, 1, 1, 4.80374e+19
Pixel 658, 12, 1, 1, 4.80374e+19
Pixel 658, 13, 1, 1, 4.80374e+19
=== 1402249 ===
--- pALPIDEfs_2 ---
Pixel 221, 195, 1, 1, 4.80374e+19
Pixel 220, 195, 1, 1, 4.80374e+19
Pixel 220, 196, 1, 1, 4.80374e+19
=== 1418318 ===
--- pALPIDEfs_5 ---
Pixel 486, 84, 1, 1, 4.80374e+19
Pixel 487, 84, 1, 1, 4.80374e+19
Pixel 487, 85, 1, 1, 4.80374e+19
Pixel 488, 84, 1, 1, 4.80374e+19
Pixel 488, 85, 1, 1, 4.80374e+19
=== 1429336 ===
--- pALPIDEfs_4 ---
Pixel 475, 49, 1, 1, 4.80374e+19
Pixel 475, 50, 1, 1, 4.80374e+19
=== 1430060 ===
--- pALPIDEfs_2 ---
Pixel 385, 112, 1, 1, 4.80374e+19
Pixel 385, 113, 1, 1, 4.80374e+19
Pixel 384, 113, 1, 1, 4.80374e+19
Pixel 384, 114, 1, 1, 4.80374e+19
Pixel 385, 114, 1, 1, 4.80374e+19
=== 1431038 ===
--- pALPIDEfs_5 ---
Pixel 752, 446, 1, 1, 4.80374e+19
Pixel 753, 446, 1, 1, 4.80374e+19
Pixel 753, 447, 1, 1, 4.80374e+19
Pixel 752, 447, 1, 1, 4.80374e+19
Pixel 754, 447, 1, 1, 4.80374e+19
=== 1432881 ===
--- pALPIDEfs_0 ---
Pixel 633, 3, 1, 1, 4.80374e+19
--- pALPIDEfs_1 ---
Pixel 575, 201, 1, 1, 4.80374e+19
--- pALPIDEfs_2 ---
Pixel 570, 179, 1, 1, 4.80374e+19
--- pALPIDEfs_3 ---
Pixel 691, 166, 1, 1, 4.80374e+19
--- pALPIDEfs_4 ---
Pixel 795, 101, 1, 1, 4.80374e+19
Pixel 795, 102, 1, 1, 4.80374e+19
Pixel 796, 101, 1, 1, 4.80374e+19
Pixel 796, 102, 1, 1, 4.80374e+19
--- pALPIDEfs_5 ---
Pixel 826, 364, 1, 1, 4.80374e+19
=== 1436751 ===
--- pALPIDEfs_6 ---
Pixel 969, 84, 1, 1, 4.80374e+19
Pixel 970, 84, 1, 1, 4.80374e+19
=== 1445113 ===
--- pALPIDEfs_4 ---
Pixel 120, 468, 1, 1, 4.80374e+19
Pixel 121, 469, 1, 1, 4.80374e+19
Pixel 120, 469, 1, 1, 4.80374e+19
Pixel 120, 470, 1, 1, 4.80374e+19
Pixel 121, 470, 1, 1, 4.80374e+19
=== 1458775 ===
--- pALPIDEfs_2 ---
Pixel 824, 425, 1, 1, 4.80374e+19
Pixel 824, 426, 1, 1, 4.80374e+19
=== 1460126 ===
--- pALPIDEfs_0 ---
Pixel 545, 102, 1, 1, 4.80374e+19
--- pALPIDEfs_1 ---
Pixel 203, 334, 1, 1, 4.80374e+19
=== 1472939 ===
--- pALPIDEfs_1 ---
Pixel 970, 345, 1, 1, 4.80374e+19
--- pALPIDEfs_2 ---
Pixel 551, 191, 1, 1, 4.80374e+19
Pixel 552, 191, 1, 1, 4.80374e+19
--- pALPIDEfs_3 ---
Pixel 132, 109, 1, 1, 4.80374e+19
=== 1476730 ===
--- pALPIDEfs_6 ---
Pixel 487, 196, 1, 1, 4.80374e+19
=== 1477611 ===
--- pALPIDEfs_2 ---
Pixel 834, 360, 1, 1, 4.80374e+19
Pixel 835, 360, 1, 1, 4.80374e+19
--- pALPIDEfs_3 ---
Pixel 63, 219, 1, 1, 4.80374e+19
Pixel 63, 220, 1, 1, 4.80374e+19
Pixel 64, 219, 1, 1, 4.80374e+19
Pixel 64, 220, 1, 1, 4.80374e+19
=== 1483604 ===
--- pALPIDEfs_0 ---
Pixel 243, 303, 1, 1, 4.80374e+19
Pixel 243, 304, 1, 1, 4.80374e+19
Pixel 244, 303, 1, 1, 4.80374e+19
Pixel 244, 304, 1, 1, 4.80374e+19
--- pALPIDEfs_1 ---
Pixel 395, 332, 1, 1, 4.80374e+19
Pixel 395, 333, 1, 1, 4.80374e+19
Pixel 396, 333, 1, 1, 4.80374e+19
=== 1490425 ===
--- pALPIDEfs_2 ---
Pixel 168, 386, 1, 1, 4.80374e+19
=== 1503137 ===
--- pALPIDEfs_6 ---
Pixel 539, 277, 1, 1, 4.80374e+19
Pixel 540, 277, 1, 1, 4.80374e+19
Pixel 540, 278, 1, 1, 4.80374e+19
Pixel 541, 278, 1, 1, 4.80374e+19
=== 1503779 ===
--- pALPIDEfs_6 ---
Pixel 419, 303, 1, 1, 4.80374e+19
=== 1504437 ===
--- pALPIDEfs_5 ---
Pixel 414, 114, 1, 1, 4.80374e+19
Pixel 415, 114, 1, 1, 4.80374e+19
=== 1511462 ===
--- pALPIDEfs_0 ---
Pixel 764, 52, 1, 1, 4.80374e+19
Pixel 765, 52, 1, 1, 4.80374e+19
Pixel 765, 53, 1, 1, 4.80374e+19
Pixel 764, 53, 1, 1, 4.80374e+19
Pixel 766, 52, 1, 1, 4.80374e+19
=== 1524902 ===
--- pALPIDEfs_4 ---
Pixel 76, 37, 1, 1, 4.80374e+19
Pixel 76, 38, 1, 1, 4.80374e+19
=== 1535965 ===
--- pALPIDEfs_5 ---
Pixel 890, 505, 1, 1, 4.80374e+19
=== 1538821 ===
--- pALPIDEfs_3 ---
Pixel 641, 381, 1, 1, 4.80374e+19
Pixel 641, 382, 1, 1, 4.80374e+19
--- pALPIDEfs_4 ---
Pixel 158, 161, 1, 1, 4.80374e+19
Pixel 158, 162, 1, 1, 4.80374e+19
=== 1541826 ===
--- pALPIDEfs_5 ---
Pixel 731, 103, 1, 1, 4.80374e+19
Pixel 730, 103, 1, 1, 4.80374e+19
=== 1544288 ===
--- pALPIDEfs_3 ---
Pixel 70, 234, 1, 1, 4.80374e+19
=== 1555592 ===
--- pALPIDEfs_2 ---
Pixel 23, 269, 1, 1, 4.80374e+19
Pixel 23, 270, 1, 1, 4.80374e+19
Pixel 24, 269, 1, 1, 4.80374e+19
=== 1560604 ===
--- pALPIDEfs_0 ---
Pixel 557, 315, 1, 1, 4.80374e+19
Pixel 557, 316, 1, 1, 4.80374e+19
Pixel 558, 315, 1, 1, 4.80374e+19
Pixel 558, 316, 1, 1, 4.80374e+19
=== 1581029 ===
--- pALPIDEfs_2 ---
Pixel 587, 251, 1, 1, 4.80374e+19
Pixel 586, 251, 1, 1, 4.80374e+19
Pixel 586, 252, 1, 1, 4.80374e+19
Pixel 586, 253, 1, 1, 4.80374e+19
=== 1590820 ===
--- pALPIDEfs_0 ---
Pixel 453, 176, 1, 1, 4.80374e+19
Pixel 453, 177, 1, 1, 4.80374e+19
Pixel 453, 178, 1, 1, 4.80374e+19
Pixel 454, 176, 1, 1, 4.80374e+19
Pixel 454, 177, 1, 1, 4.80374e+19
=== 1598852 ===
--- pALPIDEfs_1 ---
Pixel 541, 125, 1, 1, 4.80374e+19
Pixel 542, 125, 1, 1, 4.80374e+19
--- pALPIDEfs_2 ---
Pixel 637, 263, 1, 1, 4.80374e+19
Pixel 637, 264, 1, 1, 4.80374e+19
--- pALPIDEfs_3 ---
Pixel 735, 472, 1, 1, 4.80374e+19
Pixel 735, 473, 1, 1, 4.80374e+19
Pixel 734, 473, 1, 1, 4.80374e+19
=== 1599017 ===
--- pALPIDEfs_2 ---
Pixel 301, 471, 1, 1, 4.80374e+19
Pixel 301, 472, 1, 1, 4.80374e+19
Pixel 301, 473, 1, 1, 4.80374e+19
Pixel 302, 470, 1, 1, 4.80374e+19
Pixel 303, 470, 1, 1, 4.80374e+19
Pixel 303, 471, 1, 1, 4.80374e+19
Pixel 302, 471, 1, 1, 4.80374e+19
Pixel 302, 472, 1, 1, 4.80374e+19
Pixel 303, 472, 1, 1, 4.80374e+19
Pixel 302, 473, 1, 1, 4.80374e+19
=== 1610650 ===
--- pALPIDEfs_4 ---
Pixel 633, 220, 1, 1, 4.80374e+19
Pixel 633, 221, 1, 1, 4.80374e+19
Pixel 633, 222, 1, 1, 4.80374e+19
Pixel 634, 220, 1, 1, 4.80374e+19
Pixel 634, 221, 1, 1, 4.80374e+19
Pixel 634, 222, 1, 1, 4.80374e+19
=== 1612822 ===
--- pALPIDEfs_6 ---
Pixel 660, 254, 1, 1, 4.80374e+19
Pixel 661, 254, 1, 1, 4.80374e+19
Pixel 661, 255, 1, 1, 4.80374e+19
Pixel 660, 255, 1, 1, 4.80374e+19
=== 1620299 ===
--- pALPIDEfs_5 ---
Pixel 718, 112, 1, 1, 4.80374e+19
Pixel 719, 113, 1, 1, 4.80374e+19
Pixel 718, 113, 1, 1, 4.80374e+19
=== 1621282 ===
--- pALPIDEfs_6 ---
Pixel 94, 314, 1, 1, 4.80374e+19
Pixel 95, 314, 1, 1, 4.80374e+19
Pixel 95, 315, 1, 1, 4.80374e+19
Pixel 94, 315, 1, 1, 4.80374e+19
Pixel 94, 316, 1, 1, 4.80374e+19
Pixel 95, 316, 1, 1, 4.80374e+19
=== 1622720 ===
--- pALPIDEfs_6 ---
Pixel 443, 396, 1, 1, 4.80374e+19
Pixel 444, 396, 1, 1, 4.80374e+19
Pixel 445, 396, 1, 1, 4.80374e+19
=== 1638552 ===
--- pALPIDEfs_0 ---
Pixel 353, 269, 1, 1, 4.80374e+19
Pixel 352, 270, 1, 1, 4.80374e+19
Pixel 353, 270, 1, 1, 4.80374e+19
Pixel 355, 269, 1, 1, 4.80374e+19
Pixel 354, 269, 1, 1, 4.80374e+19
Pixel 354, 270, 1, 1, 4.80374e+19
Pixel 355, 270, 1, 1, 4.80374e+19
=== 1645643 ===
--- pALPIDEfs_6 ---
Pixel 523, 443, 1, 1, 4.80374e+19
Pixel 523, 444, 1, 1, 4.80374e+19
Pixel 523, 445, 1, 1, 4.80374e+19
Pixel 525, 436, 1, 1, 4.80374e+19
Pixel 525, 437, 1, 1, 4.80374e+19
Pixel 525, 438, 1, 1, 4.80374e+19
Pixel 525, 439, 1, 1, 4.80374e+19
Pixel 524, 440, 1, 1, 4.80374e+19
Pixel 525, 440, 1, 1, 4.80374e+19
Pixel 524, 442, 1, 1, 4.80374e+19
Pixel 524, 443, 1, 1, 4.80374e+19
Pixel 524, 444, 1, 1, 4.80374e+19
Pixel 524, 445, 1, 1, 4.80374e+19
=== 1651527 ===
--- pALPIDEfs_6 ---
Pixel 863, 253, 1, 1, 4.80374e+19
Pixel 864, 253, 1, 1, 4.80374e+19
=== 1654165 ===
--- pALPIDEfs_5 ---
Pixel 603, 371, 1, 1, 4.80374e+19
Pixel 602, 371, 1, 1, 4.80374e+19
=== 1657359 ===
--- pALPIDEfs_4 ---
Pixel 786, 140, 1, 1, 4.80374e+19
Pixel 787, 140, 1, 1, 4.80374e+19
Pixel 787, 141, 1, 1, 4.80374e+19
Pixel 786, 141, 1, 1, 4.80374e+19
=== 1680837 ===
--- pALPIDEfs_4 ---
Pixel 948, 18, 1, 1, 4.80374e+19
Pixel 948, 19, 1, 1, 4.80374e+19
Pixel 960, 12, 1, 1, 4.80374e+19
Pixel 961, 12, 1, 1, 4.80374e+19
Pixel 960, 13, 1, 1, 4.80374e+19
=== 1682868 ===
--- pALPIDEfs_0 ---
Pixel 626, 437, 1, 1, 4.80374e+19
=== 1683428 ===
--- pALPIDEfs_0 ---
Pixel 585, 114, 1, 1, 4.80374e+19
Pixel 585, 115, 1, 1, 4.80374e+19
=== 1743547 ===
--- pALPIDEfs_1 ---
Pixel 666, 466, 1, 1, 4.80374e+19
Pixel 666, 467, 1, 1, 4.80374e+19
--- pALPIDEfs_2 ---
Pixel 797, 301, 1, 1, 4.80374e+19
Pixel 798, 301, 1, 1, 4.80374e+19
Pixel 798, 302, 1, 1, 4.80374e+19
--- pALPIDEfs_3 ---
Pixel 930, 207, 1, 1, 4.80374e+19
Pixel 930, 208, 1, 1, 4.80374e+19
=== 1749379 ===
--- pALPIDEfs_0 ---
Pixel 867, 141, 1, 1, 4.80374e+19
Pixel 866, 141, 1, 1, 4.80374e+19
=== 1751756 ===
--- pALPIDEfs_1 ---
Pixel 725, 27, 1, 1, 4.80374e+19
Pixel 725, 28, 1, 1, 4.80374e+19
Pixel 725, 29, 1, 1, 4.80374e+19
Pixel 726, 27, 1, 1, 4.80374e+19
Pixel 726, 28, 1, 1, 4.80374e+19
=== 1756800 ===
--- pALPIDEfs_2 ---
Pixel 278, 198, 1, 1, 4.80374e+19
Pixel 279, 198, 1, 1, 4.80374e+19
Pixel 279, 199, 1, 1, 4.80374e+19
Pixel 278, 199, 1, 1, 4.80374e+19
--- pALPIDEfs_3 ---
Pixel 494, 285, 1, 1, 4.80374e+19
--- pALPIDEfs_4 ---
Pixel 726, 362, 1, 1, 4.80374e+19
Pixel 726, 363, 1, 1, 4.80374e+19
--- pALPIDEfs_5 ---
Pixel 938, 484, 1, 1, 4.80374e+19
=== 1780347 ===
--- pALPIDEfs_0 ---
Pixel 232, 1, 1, 1, 4.80374e+19
--- pALPIDEfs_1 ---
Pixel 773, 255, 1, 1, 4.80374e+19
Pixel 772, 255, 1, 1, 4.80374e+19
Pixel 772, 256, 1, 1, 4.80374e+19
Pixel 773, 256, 1, 1, 4.80374e+19
=== 1787024 ===
--- pALPIDEfs_0 ---
Pixel 533, 462, 1, 1, 4.80374e+19
Pixel 533, 463, 1, 1, 4.80374e+19
Pixel 532, 463, 1, 1, 4.80374e+19
=== 1788500 ===
--- pALPIDEfs_4 ---
Pixel 231, 482, 1, 1, 4.80374e+19
Pixel 231, 483, 1, 1, 4.80374e+19
Pixel 232, 483, 1, 1, 4.80374e+19
=== 1790685 ===
--- pALPIDEfs_0 ---
Pixel 56, 85, 1, 1, 4.80374e+19
Pixel 56, 86, 1, 1, 4.80374e+19
--- pALPIDEfs_1 ---
Pixel 197, 87, 1, 1, 4.80374e+19
Pixel 197, 88, 1, 1, 4.80374e+19
=== 1798202 ===
--- pALPIDEfs_2 ---
Pixel 4, 222, 1, 1, 4.80374e+19
Pixel 5, 222, 1, 1, 4.80374e+19
Pixel 5, 223, 1, 1, 4.80374e+19
=== 1798494 ===
--- pALPIDEfs_2 ---
Pixel 857, 293, 1, 1, 4.80374e+19
Pixel 857, 294, 1, 1, 4.80374e+19
Pixel 858, 293, 1, 1, 4.80374e+19
Pixel 858, 294, 1, 1, 4.80374e+19
--- pALPIDEfs_3 ---
Pixel 966, 76, 1, 1, 4.80374e+19
Pixel 967, 76, 1, 1, 4.80374e+19
=== 1823059 ===
--- pALPIDEfs_6 ---
Pixel 522, 506, 1, 1, 4.80374e+19
Pixel 523, 506, 1, 1, 4.80374e+19
Pixel 523, 507, 1, 1, 4.80374e+19
Pixel 524, 506, 1, 1, 4.80374e+19
Pixel 524, 507, 1, 1, 4.80374e+19
=== 1827145 ===
--- pALPIDEfs_3 ---
Pixel 192, 80, 1, 1, 4.80374e+19
=== 1834237 ===
--- pALPIDEfs_4 ---
Pixel 831, 380, 1, 1, 4.80374e+19
Pixel 832, 378, 1, 1, 4.80374e+19
Pixel 833, 378, 1, 1, 4.80374e+19
Pixel 833, 379, 1, 1, 4.80374e+19
Pixel 832, 379, 1, 1, 4.80374e+19
Pixel 832, 380, 1, 1, 4.80374e+19
=== 1842880 ===
--- pALPIDEfs_2 ---
Pixel 698, 196, 1, 1, 4.80374e+19
Pixel 698, 197, 1, 1, 4.80374e+19
=== 1846311 ===
--- pALPIDEfs_3 ---
Pixel 486, 56, 1, 1, 4.80374e+19
Pixel 486, 57, 1, 1, 4.80374e+19
=== 1870250 ===
--- pALPIDEfs_5 ---
Pixel 714, 90, 1, 1, 4.80374e+19
Pixel 714, 91, 1, 1, 4.80374e+19
Pixel 714, 92, 1, 1, 4.80374e+19
=== 1873867 ===
--- pALPIDEfs_1 ---
Pixel 747, 356, 1, 1, 4.80374e+19
Pixel 747, 357, 1, 1, 4.80374e+19
Pixel 748, 356, 1, 1, 4.80374e+19
Pixel 749, 356, 1, 1, 4.80374e+19
=== 1879888 ===
--- pALPIDEfs_1 ---
Pixel 561, 241, 1, 1, 4.80374e+19
=== 1885297 ===
--- pALPIDEfs_5 ---
Pixel 393, 299, 1, 1, 4.80374e+19
Pixel 392, 299, 1, 1, 4.80374e+19
Pixel 392, 300, 1, 1, 4.80374e+19
Pixel 393, 300, 1, 1, 4.80374e+19
Pixel 393, 301, 1, 1, 4.80374e+19
Pixel 392, 301, 1, 1, 4.80374e+19
=== 1891565 ===
--- pALPIDEfs_5 ---
Pixel 92, 340, 1, 1, 4.80374e+19
Pixel 92, 341, 1, 1, 4.80374e+19
=== 1914966 ===
--- pALPIDEfs_6 ---
Pixel 72, 432, 1, 1, 4.80374e+19
=== 1928010 ===
--- pALPIDEfs_4 ---
Pixel 556, 234, 1, 1, 4.80374e+19
Pixel 557, 234, 1, 1, 4.80374e+19
Pixel 557, 235, 1, 1, 4.80374e+19
Pixel 556, 235, 1, 1, 4.80374e+19
Pixel 558, 235, 1, 1, 4.80374e+19
=== 1929417 ===
--- pALPIDEfs_4 ---
Pixel 128, 127, 1, 1, 4.80374e+19
--- pALPIDEfs_5 ---
Pixel 313, 187, 1, 1, 4.80374e+19
--- pALPIDEfs_6 ---
Pixel 555, 190, 1, 1, 4.80374e+19
=== 1932350 ===
--- pALPIDEfs_5 ---
Pixel 315, 221, 1, 1, 4.80374e+19
Pixel 315, 222, 1, 1, 4.80374e+19
Pixel 316, 221, 1, 1, 4.80374e+19
Pixel 316, 222, 1, 1, 4.80374e+19
Pixel 316, 223, 1, 1, 4.80374e+19
=== 1932535 ===
--- pALPIDEfs_0 ---
Pixel 43, 449, 1, 1, 4.80374e+19
Pixel 44, 449, 1, 1, 4.80374e+19
Pixel 105, 391, 1, 1, 4.80374e+19
Pixel 105, 392, 1, 1, 4.80374e+19
=== 1954692 ===
--- pALPIDEfs_5 ---
Pixel 14, 164, 1, 1, 4.80374e+19
Pixel 15, 164, 1, 1, 4.80374e+19
Pixel 15, 165, 1, 1, 4.80374e+19
--- pALPIDEfs_6 ---
Pixel 371, 185, 1, 1, 4.80374e+19
=== 1963977 ===
--- pALPIDEfs_0 ---
Pixel 243, 206, 1, 1, 4.80374e+19
Pixel 244, 205, 1, 1, 4.80374e+19
Pixel 244, 206, 1, 1, 4.80374e+19
=== 1974882 ===
--- pALPIDEfs_0 ---
Pixel 500, 410, 1, 1, 4.80374e+19
Pixel 501, 411, 1, 1, 4.80374e+19
Pixel 500, 411, 1, 1, 4.80374e+19
=== 1976944 ===
--- pALPIDEfs_5 ---
Pixel 519, 496, 1, 1, 4.80374e+19
Pixel 519, 497, 1, 1, 4.80374e+19
Pixel 518, 497, 1, 1, 4.80374e+19
Pixel 518, 498, 1, 1, 4.80374e+19
Pixel 519, 498, 1, 1, 4.80374e+19
Pixel 519, 499, 1, 1, 4.80374e+19
Pixel 518, 499, 1, 1, 4.80374e+19
Pixel 518, 500, 1, 1, 4.80374e+19
Pixel 519, 500, 1, 1, 4.80374e+19
Pixel 519, 501, 1, 1, 4.80374e+19
Pixel 520, 499, 1, 1, 4.80374e+19
Pixel 520, 500, 1, 1, 4.80374e+19
Pixel 520, 501, 1, 1, 4.80374e+19
=== 1977214 ===
--- pALPIDEfs_6 ---
Pixel 953, 485, 1, 1, 4.80374e+19
Pixel 952, 485, 1, 1, 4.80374e+19
=== 1979457 ===
--- pALPIDEfs_2 ---
Pixel 190, 359, 1, 1, 4.80374e+19
=== 2002771 ===
--- pALPIDEfs_6 ---
Pixel 1016, 312, 1, 1, 4.80374e+19
Pixel 1017, 312, 1, 1, 4.80374e+19
Pixel 1017, 313, 1, 1, 4.80374e+19
Pixel 1016, 313, 1, 1, 4.80374e+19
=== 2019289 ===
--- pALPIDEfs_0 ---
Pixel 563, 412, 1, 1, 4.80374e+19
Pixel 564, 412, 1, 1, 4.80374e+19
--- pALPIDEfs_1 ---
Pixel 594, 91, 1, 1, 4.80374e+19
=== 2032688 ===
--- pALPIDEfs_0 ---
Pixel 437, 49, 1, 1, 4.80374e+19
=== 2045375 ===
--- pALPIDEfs_6 ---
Pixel 691, 43, 1, 1, 4.80374e+19
Pixel 691, 44, 1, 1, 4.80374e+19
=== 2091352 ===
--- pALPIDEfs_3 ---
Pixel 302, 244, 1, 1, 4.80374e+19
Pixel 303, 244, 1, 1, 4.80374e+19
Pixel 303, 245, 1, 1, 4.80374e+19
Pixel 302, 245, 1, 1, 4.80374e+19
Pixel 304, 244, 1, 1, 4.80374e+19
Pixel 305, 244, 1, 1, 4.80374e+19
Pixel 304, 245, 1, 1, 4.80374e+19
=== 2091607 ===
--- pALPIDEfs_3 ---
Pixel 33, 305, 1, 1, 4.80374e+19
Pixel 32, 305, 1, 1, 4.80374e+19
Pixel 32, 306, 1, 1, 4.80374e+19
Pixel 33, 306, 1, 1, 4.80374e+19
=== 2097564 ===
--- pALPIDEfs_5 ---
Pixel 999, 269, 1, 1, 4.80374e+19
=== 2097676 ===
--- pALPIDEfs_6 ---
Pixel 593, 153, 1, 1, 4.80374e+19
=== 2106714 ===
--- pALPIDEfs_1 ---
Pixel 93, 399, 1, 1, 4.80374e+19
=== 2115505 ===
--- pALPIDEfs_3 ---
Pixel 601, 337, 1, 1, 4.80374e+19
Pixel 600, 337, 1, 1, 4.80374e+19
Pixel 600, 338, 1, 1, 4.80374e+19
Pixel 601, 338, 1, 1, 4.80374e+19
Pixel 601, 339, 1, 1, 4.80374e+19
Pixel 600, 339, 1, 1, 4.80374e+19
Pixel 600, 340, 1, 1, 4.80374e+19
Pixel 601, 340, 1, 1, 4.80374e+19
Pixel 602, 337, 1, 1, 4.80374e+19
Pixel 602, 338, 1, 1, 4.80374e+19
Pixel 602, 339, 1, 1, 4.80374e+19
Pixel 602, 340, 1, 1, 4.80374e+19
=== 2122283 ===
--- pALPIDEfs_4 ---
Pixel 309, 455, 1, 1, 4.80374e+19
Pixel 309, 456, 1, 1, 4.80374e+19
Pixel 310, 455, 1, 1, 4.80374e+19
Pixel 310, 456, 1, 1, 4.80374e+19
=== 2130837 ===
--- pALPIDEfs_3 ---
Pixel 381, 229, 1, 1, 4.80374e+19
Pixel 380, 229, 1, 1, 4.80374e+19
Pixel 380, 230, 1, 1, 4.80374e+19
Pixel 381, 230, 1, 1, 4.80374e+19
Pixel 380, 231, 1, 1, 4.80374e+19
=== 2132699 ===
--- pALPIDEfs_0 ---
Pixel 19, 197, 1, 1, 4.80374e+19
Pixel 19, 198, 1, 1, 4.80374e+19
=== 2140648 ===
--- pALPIDEfs_1 ---
Pixel 48, 399, 1, 1, 4.80374e+19
--- pALPIDEfs_2 ---
Pixel 271, 122, 1, 1, 4.80374e+19
=== 2166473 ===
--- pALPIDEfs_4 ---
Pixel 1015, 401, 1, 1, 4.80374e+19
Pixel 1015, 402, 1, 1, 4.80374e+19
=== 2170005 ===
--- pALPIDEfs_5 ---
Pixel 174, 34, 1, 1, 4.80374e+19
Pixel 175, 34, 1, 1, 4.80374e+19
Pixel 175, 35, 1, 1, 4.80374e+19
Pixel 174, 35, 1, 1, 4.80374e+19
=== 2184365 ===
--- pALPIDEfs_5 ---
Pixel 225, 386, 1, 1, 4.80374e+19
Pixel 227, 385, 1, 1, 4.80374e+19
Pixel 226, 385, 1, 1, 4.80374e+19
Pixel 226, 386, 1, 1, 4.80374e+19
=== 2187493 ===
--- pALPIDEfs_1 ---
Pixel 999, 23, 1, 1, 4.80374e+19
Pixel 998, 24, 1, 1, 4.80374e+19
Pixel 999, 24, 1, 1, 4.80374e+19
=== 2196287 ===
--- pALPIDEfs_1 ---
Pixel 968, 349, 1, 1, 4.80374e+19
--- pALPIDEfs_2 ---
Pixel 891, 471, 1, 1, 4.80374e+19
=== 2211831 ===
--- pALPIDEfs_2 ---
Pixel 917, 128, 1, 1, 4.80374e+19
Pixel 918, 128, 1, 1, 4.80374e+19
=== 2218957 ===
--- pALPIDEfs_3 ---
Pixel 1009, 453, 1, 1, 4.80374e+19
Pixel 1008, 453, 1, 1, 4.80374e+19
Pixel 1008, 454, 1, 1, 4.80374e+19
Pixel 1009, 454, 1, 1, 4.80374e+19
Pixel 1009, 455, 1, 1, 4.80374e+19
Pixel 1008, 455, 1, 1, 4.80374e+19
=== 2224981 ===
--- pALPIDEfs_0 ---
Pixel 674, 497, 1, 1, 4.80374e+19
--- pALPIDEfs_1 ---
Pixel 371, 401, 1, 1, 4.80374e+19
Pixel 372, 401, 1, 1, 4.80374e+19
--- pALPIDEfs_2 ---
Pixel 95, 205, 1, 1, 4.80374e+19
=== 2233096 ===
--- pALPIDEfs_6 ---
Pixel 994, 104, 1, 1, 4.80374e+19
Pixel 995, 104, 1, 1, 4.80374e+19
Pixel 995, 105, 1, 1, 4.80374e+19
Pixel 994, 105, 1, 1, 4.80374e+19
=== 2248029 ===
--- pALPIDEfs_6 ---
Pixel 405, 483, 1, 1, 4.80374e+19
Pixel 404, 483, 1, 1, 4.80374e+19
=== 2257561 ===
--- pALPIDEfs_3 ---
Pixel 609, 154, 1, 1, 4.80374e+19
Pixel 609, 155, 1, 1, 4.80374e+19
Pixel 610, 154, 1, 1, 4.80374e+19
Pixel 610, 155, 1, 1, 4.80374e+19
=== 2261427 ===
--- pALPIDEfs_5 ---
Pixel 159, 113, 1, 1, 4.80374e+19
Pixel 159, 114, 1, 1, 4.80374e+19
Pixel 160, 112, 1, 1, 4.80374e+19
Pixel 160, 113, 1, 1, 4.80374e+19
Pixel 160, 114, 1, 1, 4.80374e+19
=== 2266865 ===
--- pALPIDEfs_3 ---
Pixel 492, 217, 1, 1, 4.80374e+19
Pixel 492, 218, 1, 1, 4.80374e+19
=== 2284200 ===
--- pALPIDEfs_4 ---
Pixel 887, 336, 1, 1, 4.80374e+19
Pixel 887, 337, 1, 1, 4.80374e+19
Pixel 888, 336, 1, 1, 4.80374e+19
=== 2301062 ===
--- pALPIDEfs_5 ---
Pixel 581, 354, 1, 1, 4.80374e+19
Pixel 581, 355, 1, 1, 4.80374e+19
=== 2301950 ===
--- pALPIDEfs_5 ---
Pixel 962, 336, 1, 1, 4.80374e+19
Pixel 962, 337, 1, 1, 4.80374e+19
--- pALPIDEfs_6 ---
Pixel 702, 358, 1, 1, 4.80374e+19
=== 2310523 ===
--- pALPIDEfs_0 ---
Pixel 111, 344, 1, 1, 4.80374e+19
Pixel 111, 345, 1, 1, 4.80374e+19
=== 2317819 ===
--- pALPIDEfs_5 ---
Pixel 379, 141, 1, 1, 4.80374e+19
Pixel 378, 141, 1, 1, 4.80374e+19
Pixel 378, 142, 1, 1, 4.80374e+19
Pixel 379, 142, 1, 1, 4.80374e+19
=== 2330717 ===
--- pALPIDEfs_0 ---
Pixel 149, 333, 1, 1, 4.80374e+19
=== 2346872 ===
--- pALPIDEfs_5 ---
Pixel 293, 444, 1, 1, 4.80374e+19
Pixel 293, 445, 1, 1, 4.80374e+19
Pixel 293, 446, 1, 1, 4.80374e+19
=== 2362517 ===
--- pALPIDEfs_1 ---
Pixel 986, 117, 1, 1, 4.80374e+19
=== 2362570 ===
--- pALPIDEfs_4 ---
Pixel 68, 179, 1, 1, 4.80374e+19
Pixel 68, 180, 1, 1, 4.80374e+19
--- pALPIDEfs_5 ---
Pixel 303, 387, 1, 1, 4.80374e+19
Pixel 303, 388, 1, 1, 4.80374e+19
Pixel 304, 387, 1, 1, 4.80374e+19
Pixel 304, 388, 1, 1, 4.80374e+19
=== 2373017 ===
--- pALPIDEfs_3 ---
Pixel 395, 299, 1, 1, 4.80374e+19
=== 2374898 ===
--- pALPIDEfs_3 ---
Pixel 557, 180, 1, 1, 4.80374e+19
=== 2404211 ===
--- pALPIDEfs_6 ---
Pixel 837, 80, 1, 1, 4.80374e+19
Pixel 837, 81, 1, 1, 4.80374e+19
Pixel 838, 81, 1, 1, 4.80374e+19
=== 2406617 ===
--- pALPIDEfs_6 ---
Pixel 95, 215, 1, 1, 4.80374e+19
=== 2429787 ===
--- pALPIDEfs_1 ---
Pixel 627, 311, 1, 1, 4.80374e+19
Pixel 628, 311, 1, 1, 4.80374e+19
Pixel 1015, 4, 1, 1, 4.80374e+19
Pixel 1015, 5, 1, 1, 4.80374e+19
--- pALPIDEfs_2 ---
Pixel 881, 112, 1, 1, 4.80374e+19
Pixel 881, 113, 1, 1, 4.80374e+19
Pixel 882, 112, 1, 1, 4.80374e+19
Pixel 882, 113, 1, 1, 4.80374e+19
--- pALPIDEfs_3 ---
Pixel 821, 215, 1, 1, 4.80374e+19
Pixel 821, 216, 1, 1, 4.80374e+19
Pixel 822, 216, 1, 1, 4.80374e+19
--- pALPIDEfs_4 ---
Pixel 930, 234, 1, 1, 4.80374e+19
Pixel 930, 235, 1, 1, 4.80374e+19
=== 2430527 ===
--- pALPIDEfs_3 ---
Pixel 439, 391, 1, 1, 4.80374e+19
Pixel 439, 392, 1, 1, 4.80374e+19
Pixel 440, 391, 1, 1, 4.80374e+19
Pixel 440, 392, 1, 1, 4.80374e+19
=== 2450415 ===
--- pALPIDEfs_2 ---
Pixel 141, 342, 1, 1, 4.80374e+19
Pixel 141, 343, 1, 1, 4.80374e+19
=== 2454665 ===
--- pALPIDEfs_5 ---
Pixel 913, 245, 1, 1, 4.80374e+19
Pixel 912, 245, 1, 1, 4.80374e+19
Pixel 912, 246, 1, 1, 4.80374e+19
Pixel 913, 246, 1, 1, 4.80374e+19
Pixel 913, 247, 1, 1, 4.80374e+19
Pixel 913, 248, 1, 1, 4.80374e+19
Pixel 914, 246, 1, 1, 4.80374e+19
Pixel 915, 246, 1, 1, 4.80374e+19
Pixel 915, 247, 1, 1, 4.80374e+19
Pixel 914, 247, 1, 1, 4.80374e+19
Pixel 914, 248, 1, 1, 4.80374e+19
=== 2482858 ===
--- pALPIDEfs_1 ---
Pixel 864, 58, 1, 1, 4.80374e+19
Pixel 865, 58, 1, 1, 4.80374e+19
Pixel 865, 59, 1, 1, 4.80374e+19
Pixel 864, 59, 1, 1, 4.80374e+19
Pixel 866, 58, 1, 1, 4.80374e+19
Pixel 866, 59, 1, 1, 4.80374e+19
=== 2501143 ===
--- pALPIDEfs_0 ---
Pixel 736, 20, 1, 1, 4.80374e+19
Pixel 737, 20, 1, 1, 4.80374e+19
Pixel 737, 21, 1, 1, 4.80374e+19
Pixel 736, 21, 1, 1, 4.80374e+19
=== 2516976 ===
--- pALPIDEfs_1 ---
Pixel 437, 345, 1, 1, 4.80374e+19
Pixel 436, 345, 1, 1, 4.80374e+19
=== 2524388 ===
--- pALPIDEfs_4 ---
Pixel 821, 15, 1, 1, 4.80374e+19
Pixel 820, 15, 1, 1, 4.80374e+19
=== 2524878 ===
--- pALPIDEfs_2 ---
Pixel 772, 346, 1, 1, 4.80374e+19
=== 2526026 ===
--- pALPIDEfs_2 ---
Pixel 752, 440, 1, 1, 4.80374e+19
Pixel 753, 440, 1, 1, 4.80374e+19
Pixel 753, 441, 1, 1, 4.80374e+19
Pixel 752, 441, 1, 1, 4.80374e+19
=== 2546240 ===
--- pALPIDEfs_3 ---
Pixel 141, 318, 1, 1, 4.80374e+19
=== 2547003 ===
--- pALPIDEfs_4 ---
Pixel 579, 317, 1, 1, 4.80374e+19
Pixel 580, 317, 1, 1, 4.80374e+19
--- pALPIDEfs_5 ---
Pixel 71, 36, 1, 1, 4.80374e+19
Pixel 71, 37, 1, 1, 4.80374e+19
Pixel 72, 36, 1, 1, 4.80374e+19
Pixel 72, 37, 1, 1, 4.80374e+19
Pixel 137, 70, 1, 1, 4.80374e+19
Pixel 139, 69, 1, 1, 4.80374e+19
Pixel 138, 69, 1, 1, 4.80374e+19
Pixel 138, 70, 1, 1, 4.80374e+19
Pixel 139, 70, 1, 1, 4.80374e+19
=== 2556110 ===
--- pALPIDEfs_0 ---
Pixel 664, 221, 1, 1, 4.80374e+19
=== 2562335 ===
--- pALPIDEfs_5 ---
Pixel 650, 416, 1, 1, 4.80374e+19
=== 2567801 ===
--- pALPIDEfs_1 ---
Pixel 789, 147, 1, 1, 4.80374e+19
Pixel 788, 148, 1, 1, 4.80374e+19
Pixel 789, 148, 1, 1, 4.80374e+19
Pixel 790, 146, 1, 1, 4.80374e+19
Pixel 791, 146, 1, 1, 4.80374e+19
Pixel 791, 147, 1, 1, 4.80374e+19
Pixel 790, 147, 1, 1, 4.80374e+19
Pixel 791, 148, 1, 1, 4.80374e+19
Pixel 792, 146, 1, 1, 4.80374e+19
Pixel 793, 147, 1, 1, 4.80374e+19
Pixel 792, 147, 1, 1, 4.80374e+19
Pixel 795, 146, 1, 1, 4.80374e+19
Pixel 795, 147, 1, 1, 4.80374e+19
Pixel 794, 147, 1, 1, 4.80374e+19
Pixel 796, 146, 1, 1, 4.80374e+19
Pixel 796, 147, 1, 1, 4.80374e+19
=== 2590752 ===
--- pALPIDEfs_1 ---
Pixel 870, 310, 1, 1, 4.80374e+19
Pixel 870, 311, 1, 1, 4.80374e+19
=== 2603980 ===
--- pALPIDEfs_3 ---
Pixel 210, 388, 1, 1, 4.80374e+19
Pixel 210, 389, 1, 1, 4.80374e+19
--- pALPIDEfs_4 ---
Pixel 455, 219, 1, 1, 4.80374e+19
Pixel 454, 219, 1, 1, 4.80374e+19
Pixel 563, 455, 1, 1, 4.80374e+19
--- pALPIDEfs_5 ---
Pixel 671, 95, 1, 1, 4.80374e+19
Pixel 672, 95, 1, 1, 4.80374e+19
Pixel 718, 445, 1, 1, 4.80374e+19
Pixel 718, 446, 1, 1, 4.80374e+19
--- pALPIDEfs_6 ---
Pixel 928, 380, 1, 1, 4.80374e+19
Pixel 929, 380, 1, 1, 4.80374e+19
Pixel 929, 381, 1, 1, 4.80374e+19
Pixel 928, 381, 1, 1, 4.80374e+19
=== 2605074 ===
--- pALPIDEfs_3 ---
Pixel 612, 493, 1, 1, 4.80374e+19
Pixel 612, 494, 1, 1, 4.80374e+19
Pixel 615, 491, 1, 1, 4.80374e+19
Pixel 614, 491, 1, 1, 4.80374e+19
Pixel 614, 492, 1, 1, 4.80374e+19
=== 2605117 ===
--- pALPIDEfs_5 ---
Pixel 534, 382, 1, 1, 4.80374e+19
Pixel 535, 383, 1, 1, 4.80374e+19
Pixel 534, 383, 1, 1, 4.80374e+19
=== 2615549 ===
--- pALPIDEfs_1 ---
Pixel 167, 151, 1, 1, 4.80374e+19
Pixel 168, 150, 1, 1, 4.80374e+19
Pixel 168, 151, 1, 1, 4.80374e+19
=== 2619350 ===
--- pALPIDEfs_5 ---
Pixel 239, 205, 1, 1, 4.80374e+19
Pixel 241, 204, 1, 1, 4.80374e+19
Pixel 241, 205, 1, 1, 4.80374e+19
Pixel 240, 205, 1, 1, 4.80374e+19
Pixel 243, 205, 1, 1, 4.80374e+19
Pixel 242, 205, 1, 1, 4.80374e+19
Pixel 244, 205, 1, 1, 4.80374e+19
=== 2627110 ===
--- pALPIDEfs_1 ---
Pixel 944, 255, 1, 1, 4.80374e+19
Pixel 944, 256, 1, 1, 4.80374e+19
Pixel 945, 256, 1, 1, 4.80374e+19
=== 2645094 ===
--- pALPIDEfs_6 ---
Pixel 545, 153, 1, 1, 4.80374e+19
Pixel 544, 153, 1, 1, 4.80374e+19
Pixel 544, 154, 1, 1, 4.80374e+19
Pixel 545, 154, 1, 1, 4.80374e+19
Pixel 545, 155, 1, 1, 4.80374e+19
=== 2645267 ===
--- pALPIDEfs_5 ---
Pixel 709, 469, 1, 1, 4.80374e+19
Pixel 709, 470, 1, 1, 4.80374e+19
Pixel 711, 468, 1, 1, 4.80374e+19
Pixel 711, 469, 1, 1, 4.80374e+19
Pixel 710, 469, 1, 1, 4.80374e+19
Pixel 710, 470, 1, 1, 4.80374e+19
Pixel 711, 470, 1, 1, 4.80374e+19
Pixel 712, 468, 1, 1, 4.80374e+19
Pixel 713, 468, 1, 1, 4.80374e+19
Pixel 712, 469, 1, 1, 4.80374e+19
=== 2721257 ===
--- pALPIDEfs_6 ---
Pixel 952, 173, 1, 1, 4.80374e+19
=== 2721564 ===
--- pALPIDEfs_3 ---
Pixel 69, 280, 1, 1, 4.80374e+19
Pixel 69, 281, 1, 1, 4.80374e+19
Pixel 70, 280, 1, 1, 4.80374e+19
Pixel 71, 281, 1, 1, 4.80374e+19
Pixel 70, 281, 1, 1, 4.80374e+19
=== 2736118 ===
--- pALPIDEfs_3 ---
Pixel 274, 482, 1, 1, 4.80374e+19
Pixel 275, 483, 1, 1, 4.80374e+19
Pixel 274, 483, 1, 1, 4.80374e+19
--- pALPIDEfs_4 ---
Pixel 144, 124, 1, 1, 4.80374e+19
Pixel 145, 124, 1, 1, 4.80374e+19
=== 2736798 ===
--- pALPIDEfs_4 ---
Pixel 355, 208, 1, 1, 4.80374e+19
Pixel 355, 209, 1, 1, 4.80374e+19
=== 2760257 ===
--- pALPIDEfs_1 ---
Pixel 536, 486, 1, 1, 4.80374e+19
Pixel 537, 486, 1, 1, 4.80374e+19
=== 2761849 ===
--- pALPIDEfs_0 ---
Pixel 591, 119, 1, 1, 4.80374e+19
Pixel 590, 119, 1, 1, 4.80374e+19
--- pALPIDEfs_1 ---
Pixel 390, 202, 1, 1, 4.80374e+19
--- pALPIDEfs_2 ---
Pixel 270, 297, 1, 1, 4.80374e+19
--- pALPIDEfs_3 ---
Pixel 241, 510, 1, 1, 4.80374e+19
Pixel 241, 511, 1, 1, 4.80374e+19
Pixel 243, 511, 1, 1, 4.80374e+19
Pixel 244, 511, 1, 1, 4.80374e+19
=== 2773673 ===
--- pALPIDEfs_6 ---
Pixel 287, 67, 1, 1, 4.80374e+19
Pixel 288, 66, 1, 1, 4.80374e+19
Pixel 288, 67, 1, 1, 4.80374e+19
=== 2779097 ===
--- pALPIDEfs_0 ---
Pixel 356, 10, 1, 1, 4.80374e+19
=== 2798953 ===
--- pALPIDEfs_3 ---
Pixel 357, 236, 1, 1, 4.80374e+19
Pixel 357, 237, 1, 1, 4.80374e+19
Pixel 358, 236, 1, 1, 4.80374e+19
Pixel 358, 237, 1, 1, 4.80374e+19
=== 2810887 ===
--- pALPIDEfs_1 ---
Pixel 616, 128, 1, 1, 4.80374e+19
Pixel 617, 128, 1, 1, 4.80374e+19
Pixel 616, 129, 1, 1, 4.80374e+19
Pixel 616, 130, 1, 1, 4.80374e+19
=== 2827278 ===
--- pALPIDEfs_5 ---
Pixel 611, 150, 1, 1, 4.80374e+19
Pixel 611, 151, 1, 1, 4.80374e+19
Pixel 612, 150, 1, 1, 4.80374e+19
Pixel 612, 151, 1, 1, 4.80374e+19
=== 2830303 ===
--- pALPIDEfs_6 ---
Pixel 711, 415, 1, 1, 4.80374e+19
Pixel 711, 416, 1, 1, 4.80374e+19
Pixel 712, 415, 1, 1, 4.80374e+19
Pixel 712, 416, 1, 1, 4.80374e+19
=== 2843531 ===
--- pALPIDEfs_0 ---
Pixel 871, 398, 1, 1, 4.80374e+19
Pixel 871, 399, 1, 1, 4.80374e+19
=== 2850970 ===
--- pALPIDEfs_6 ---
Pixel 625, 101, 1, 1, 4.80374e+19
Pixel 626, 101, 1, 1, 4.80374e+19
=== 2858499 ===
--- pALPIDEfs_3 ---
Pixel 686, 448, 1, 1, 4.80374e+19
Pixel 687, 448, 1, 1, 4.80374e+19
Pixel 687, 449, 1, 1, 4.80374e+19
Pixel 686, 449, 1, 1, 4.80374e+19
=== 2884080 ===
--- pALPIDEfs_6 ---
Pixel 602, 429, 1, 1, 4.80374e+19
Pixel 602, 430, 1, 1, 4.80374e+19
Pixel 603, 430, 1, 1, 4.80374e+19
=== 2886691 ===
--- pALPIDEfs_6 ---
Pixel 940, 26, 1, 1, 4.80374e+19
Pixel 940, 27, 1, 1, 4.80374e+19
=== 2888235 ===
--- pALPIDEfs_3 ---
Pixel 327, 76, 1, 1, 4.80374e+19
Pixel 327, 77, 1, 1, 4.80374e+19
Pixel 328, 76, 1, 1, 4.80374e+19
Pixel 328, 77, 1, 1, 4.80374e+19
=== 2888747 ===
--- pALPIDEfs_3 ---
Pixel 767, 65, 1, 1, 4.80374e+19
Pixel 767, 66, 1, 1, 4.80374e+19
=== 2899497 ===
--- pALPIDEfs_0 ---
Pixel 882, 32, 1, 1, 4.80374e+19
=== 2929714 ===
--- pALPIDEfs_2 ---
Pixel 952, 181, 1, 1, 4.80374e+19
Pixel 952, 182, 1, 1, 4.80374e+19
Pixel 953, 182, 1, 1, 4.80374e+19
=== 2946887 ===
--- pALPIDEfs_2 ---
Pixel 859, 47, 1, 1, 4.80374e+19
Pixel 858, 47, 1, 1, 4.80374e+19
Pixel 858, 48, 1, 1, 4.80374e+19
Pixel 859, 48, 1, 1, 4.80374e+19
=== 2949185 ===
--- pALPIDEfs_5 ---
Pixel 306, 478, 1, 1, 4.80374e+19
Pixel 306, 479, 1, 1, 4.80374e+19
=== 2975036 ===
--- pALPIDEfs_4 ---
Pixel 927, 297, 1, 1, 4.80374e+19
Pixel 927, 298, 1, 1, 4.80374e+19
=== 2978802 ===
--- pALPIDEfs_0 ---
Pixel 929, 341, 1, 1, 4.80374e+19
Pixel 930, 341, 1, 1, 4.80374e+19
=== 2996335 ===
--- pALPIDEfs_6 ---
Pixel 166, 416, 1, 1, 4.80374e+19
Pixel 167, 416, 1, 1, 4.80374e+19
Pixel 167, 417, 1, 1, 4.80374e+19
Pixel 166, 417, 1, 1, 4.80374e+19
Pixel 166, 418, 1, 1, 4.80374e+19
Pixel 167, 418, 1, 1, 4.80374e+19
Pixel 168, 416, 1, 1, 4.80374e+19
Pixel 169, 416, 1, 1, 4.80374e+19
Pixel 168, 417, 1, 1, 4.80374e+19
=== 3006788 ===
--- pALPIDEfs_6 ---
Pixel 933, 291, 1, 1, 4.80374e+19
Pixel 933, 292, 1, 1, 4.80374e+19
Pixel 934, 291, 1, 1, 4.80374e+19
Pixel 934, 292, 1, 1, 4.80374e+19
=== 3028748 ===
--- pALPIDEfs_6 ---
Pixel 999, 83, 1, 1, 4.80374e+19
Pixel 999, 84, 1, 1, 4.80374e+19
=== 3046415 ===
--- pALPIDEfs_5 ---
Pixel 671, 339, 1, 1, 4.80374e+19
Pixel 670, 339, 1, 1, 4.80374e+19
Pixel 670, 340, 1, 1, 4.80374e+19
Pixel 671, 340, 1, 1, 4.80374e+19
=== 3057427 ===
--- pALPIDEfs_3 ---
Pixel 444, 32, 1, 1, 4.80374e+19
Pixel 444, 33, 1, 1, 4.80374e+19
=== 3065600 ===
--- pALPIDEfs_3 ---
Pixel 712, 191, 1, 1, 4.80374e+19
Pixel 712, 192, 1, 1, 4.80374e+19
=== 3066099 ===
--- pALPIDEfs_1 ---
Pixel 6, 434, 1, 1, 4.80374e+19
=== 3071804 ===
--- pALPIDEfs_5 ---
Pixel 437, 163, 1, 1, 4.80374e+19
Pixel 438, 162, 1, 1, 4.80374e+19
Pixel 438, 163, 1, 1, 4.80374e+19
=== 3088989 ===
--- pALPIDEfs_6 ---
Pixel 499, 63, 1, 1, 4.80374e+19
Pixel 500, 63, 1, 1, 4.80374e+19
=== 3091494 ===
--- pALPIDEfs_3 ---
Pixel 172, 117, 1, 1, 4.80374e+19
Pixel 172, 118, 1, 1, 4.80374e+19
Pixel 173, 118, 1, 1, 4.80374e+19
Pixel 173, 119, 1, 1, 4.80374e+19
Pixel 172, 119, 1, 1, 4.80374e+19
Pixel 173, 120, 1, 1, 4.80374e+19
Pixel 174, 119, 1, 1, 4.80374e+19
Pixel 174, 120, 1, 1, 4.80374e+19
Pixel 174, 121, 1, 1, 4.80374e+19
Pixel 174, 122, 1, 1, 4.80374e+19
Pixel 175, 122, 1, 1, 4.80374e+19
Pixel 175, 123, 1, 1, 4.80374e+19
Pixel 176, 123, 1, 1, 4.80374e+19
Pixel 176, 124, 1, 1, 4.80374e+19
Pixel 177, 124, 1, 1, 4.80374e+19
=== 3095030 ===
--- pALPIDEfs_5 ---
Pixel 451, 425, 1, 1, 4.80374e+19
=== 3110262 ===
--- pALPIDEfs_1 ---
Pixel 658, 486, 1, 1, 4.80374e+19
=== 3115043 ===
--- pALPIDEfs_4 ---
Pixel 23, 411, 1, 1, 4.80374e+19
Pixel 22, 411, 1, 1, 4.80374e+19
Pixel 22, 412, 1, 1, 4.80374e+19
=== 3126342 ===
--- pALPIDEfs_1 ---
Pixel 749, 41, 1, 1, 4.80374e+19
Pixel 748, 42, 1, 1, 4.80374e+19
=== 3132738 ===
--- pALPIDEfs_5 ---
Pixel 913, 339, 1, 1, 4.80374e+19
Pixel 913, 340, 1, 1, 4.80374e+19
Pixel 915, 338, 1, 1, 4.80374e+19
Pixel 915, 339, 1, 1, 4.80374e+19
Pixel 914, 339, 1, 1, 4.80374e+19
=== 3146912 ===
--- pALPIDEfs_2 ---
Pixel 443, 106, 1, 1, 4.80374e+19
Pixel 444, 106, 1, 1, 4.80374e+19
--- pALPIDEfs_3 ---
Pixel 609, 320, 1, 1, 4.80374e+19
Pixel 610, 320, 1, 1, 4.80374e+19
Pixel 610, 321, 1, 1, 4.80374e+19
=== 3149423 ===
--- pALPIDEfs_2 ---
Pixel 287, 21, 1, 1, 4.80374e+19
Pixel 287, 22, 1, 1, 4.80374e+19
Pixel 288, 22, 1, 1, 4.80374e+19
--- pALPIDEfs_3 ---
Pixel 630, 426, 1, 1, 4.80374e+19
Pixel 631, 426, 1, 1, 4.80374e+19
--- pALPIDEfs_5 ---
Pixel 649, 210, 1, 1, 4.80374e+19
Pixel 649, 211, 1, 1, 4.80374e+19
Pixel 650, 211, 1, 1, 4.80374e+19
--- pALPIDEfs_6 ---
Pixel 937, 462, 1, 1, 4.80374e+19
Pixel 938, 462, 1, 1, 4.80374e+19
=== 3154367 ===
--- pALPIDEfs_6 ---
Pixel 458, 464, 1, 1, 4.80374e+19
Pixel 459, 464, 1, 1, 4.80374e+19
Pixel 459, 465, 1, 1, 4.80374e+19
Pixel 458, 465, 1, 1, 4.80374e+19
=== 3157089 ===
--- pALPIDEfs_0 ---
Pixel 671, 318, 1, 1, 4.80374e+19
Pixel 672, 318, 1, 1, 4.80374e+19
=== 3184505 ===
--- pALPIDEfs_3 ---
Pixel 626, 276, 1, 1, 4.80374e+19
=== 3210055 ===
--- pALPIDEfs_3 ---
Pixel 811, 486, 1, 1, 4.80374e+19
Pixel 811, 487, 1, 1, 4.80374e+19
Pixel 812, 486, 1, 1, 4.80374e+19
Pixel 813, 487, 1, 1, 4.80374e+19
Pixel 812, 487, 1, 1, 4.80374e+19
Pixel 812, 488, 1, 1, 4.80374e+19
Pixel 813, 488, 1, 1, 4.80374e+19
=== 3216058 ===
--- pALPIDEfs_5 ---
Pixel 864, 163, 1, 1, 4.80374e+19
Pixel 864, 164, 1, 1, 4.80374e+19
=== 3225825 ===
--- pALPIDEfs_1 ---
Pixel 978, 417, 1, 1, 4.80374e+19
Pixel 978, 418, 1, 1, 4.80374e+19
--- pALPIDEfs_2 ---
Pixel 977, 149, 1, 1, 4.80374e+19
Pixel 976, 149, 1, 1, 4.80374e+19
=== 3259592 ===
--- pALPIDEfs_6 ---
Pixel 977, 439, 1, 1, 4.80374e+19
Pixel 976, 440, 1, 1, 4.80374e+19
Pixel 977, 440, 1, 1, 4.80374e+19
Pixel 978, 439, 1, 1, 4.80374e+19
Pixel 978, 440, 1, 1, 4.80374e+19
=== 3261329 ===
--- pALPIDEfs_0 ---
Pixel 947, 265, 1, 1, 4.80374e+19
Pixel 946, 265, 1, 1, 4.80374e+19
Pixel 947, 266, 1, 1, 4.80374e+19
=== 3267680 ===
--- pALPIDEfs_6 ---
Pixel 134, 421, 1, 1, 4.80374e+19
Pixel 134, 422, 1, 1, 4.80374e+19
Pixel 135, 422, 1, 1, 4.80374e+19
=== 3291725 ===
--- pALPIDEfs_2 ---
Pixel 239, 55, 1, 1, 4.80374e+19
Pixel 238, 55, 1, 1, 4.80374e+19
Pixel 238, 56, 1, 1, 4.80374e+19
Pixel 239, 56, 1, 1, 4.80374e+19
=== 3293125 ===
--- pALPIDEfs_2 ---
Pixel 35, 301, 1, 1, 4.80374e+19
Pixel 34, 301, 1, 1, 4.80374e+19
=== 3293126 ===
--- pALPIDEfs_2 ---
Pixel 35, 301, 1, 1, 4.80374e+19
=== 3295465 ===
--- pALPIDEfs_4 ---
Pixel 725, 258, 1, 1, 4.80374e+19
Pixel 725, 259, 1, 1, 4.80374e+19
=== 3323177 ===
--- pALPIDEfs_0 ---
Pixel 194, 490, 1, 1, 4.80374e+19
Pixel 195, 490, 1, 1, 4.80374e+19
Pixel 195, 491, 1, 1, 4.80374e+19
Pixel 194, 491, 1, 1, 4.80374e+19
=== 3326108 ===
--- pALPIDEfs_4 ---
Pixel 257, 9, 1, 1, 4.80374e+19
=== 3327662 ===
--- pALPIDEfs_3 ---
Pixel 527, 439, 1, 1, 4.80374e+19
Pixel 528, 439, 1, 1, 4.80374e+19
Pixel 528, 440, 1, 1, 4.80374e+19
--- pALPIDEfs_4 ---
Pixel 485, 303, 1, 1, 4.80374e+19
--- pALPIDEfs_5 ---
Pixel 414, 213, 1, 1, 4.80374e+19
--- pALPIDEfs_6 ---
Pixel 395, 65, 1, 1, 4.80374e+19
Pixel 396, 65, 1, 1, 4.80374e+19
=== 3331646 ===
--- pALPIDEfs_6 ---
Pixel 715, 199, 1, 1, 4.80374e+19
Pixel 715, 200, 1, 1, 4.80374e+19
Pixel 716, 199, 1, 1, 4.80374e+19
Pixel 716, 200, 1, 1, 4.80374e+19
=== 3339779 ===
--- pALPIDEfs_4 ---
Pixel 242, 28, 1, 1, 4.80374e+19
Pixel 243, 28, 1, 1, 4.80374e+19
--- pALPIDEfs_5 ---
Pixel 454, 318, 1, 1, 4.80374e+19
=== 3342480 ===
--- pALPIDEfs_4 ---
Pixel 375, 74, 1, 1, 4.80374e+19
Pixel 376, 74, 1, 1, 4.80374e+19
=== 3359896 ===
--- pALPIDEfs_3 ---
Pixel 141, 318, 1, 1, 4.80374e+19
=== 3371969 ===
--- pALPIDEfs_2 ---
Pixel 327, 497, 1, 1, 4.80374e+19
Pixel 328, 497, 1, 1, 4.80374e+19
=== 3384403 ===
--- pALPIDEfs_0 ---
Pixel 227, 64, 1, 1, 4.80374e+19
Pixel 227, 65, 1, 1, 4.80374e+19
=== 3414785 ===
--- pALPIDEfs_1 ---
Pixel 1021, 249, 1, 1, 4.80374e+19
=== 3458220 ===
--- pALPIDEfs_6 ---
Pixel 133, 492, 1, 1, 4.80374e+19
Pixel 133, 493, 1, 1, 4.80374e+19
Pixel 133, 494, 1, 1, 4.80374e+19
Pixel 134, 491, 1, 1, 4.80374e+19
Pixel 134, 492, 1, 1, 4.80374e+19
Pixel 134, 493, 1, 1, 4.80374e+19
Pixel 134, 494, 1, 1, 4.80374e+19
Pixel 134, 495, 1, 1, 4.80374e+19
Pixel 134, 496, 1, 1, 4.80374e+19
Pixel 135, 497, 1, 1, 4.80374e+19
Pixel 134, 497, 1, 1, 4.80374e+19
Pixel 135, 498, 1, 1, 4.80374e+19
Pixel 136, 498, 1, 1, 4.80374e+19
Pixel 137, 498, 1, 1, 4.80374e+19
Pixel 137, 499, 1, 1, 4.80374e+19
Pixel 136, 499, 1, 1, 4.80374e+19
Pixel 138, 499, 1, 1, 4.80374e+19
=== 3474961 ===
--- pALPIDEfs_6 ---
Pixel 1022, 44, 1, 1, 4.80374e+19
=== 3492714 ===
--- pALPIDEfs_1 ---
Pixel 554, 508, 1, 1, 4.80374e+19
=== 3600530 ===
--- pALPIDEfs_0 ---
Pixel 773, 343, 1, 1, 4.80374e+19
Pixel 773, 344, 1, 1, 4.80374e+19
Pixel 774, 343, 1, 1, 4.80374e+19
Pixel 774, 344, 1, 1, 4.80374e+19
=== 3605339 ===
--- pALPIDEfs_6 ---
Pixel 969, 162, 1, 1, 4.80374e+19
Pixel 969, 163, 1, 1, 4.80374e+19
Pixel 969, 164, 1, 1, 4.80374e+19
=== 3607759 ===
--- pALPIDEfs_3 ---
Pixel 743, 287, 1, 1, 4.80374e+19
=== 3613297 ===
--- pALPIDEfs_5 ---
Pixel 690, 8, 1, 1, 4.80374e+19
Pixel 691, 8, 1, 1, 4.80374e+19
--- pALPIDEfs_6 ---
Pixel 332, 104, 1, 1, 4.80374e+19
=== 3613406 ===
--- pALPIDEfs_5 ---
Pixel 310, 290, 1, 1, 4.80374e+19
Pixel 311, 290, 1, 1, 4.80374e+19
Pixel 311, 291, 1, 1, 4.80374e+19
Pixel 310, 291, 1, 1, 4.80374e+19
=== 3618593 ===
--- pALPIDEfs_0 ---
Pixel 155, 428, 1, 1, 4.80374e+19
Pixel 156, 428, 1, 1, 4.80374e+19
=== 3624529 ===
--- pALPIDEfs_4 ---
Pixel 859, 199, 1, 1, 4.80374e+19
Pixel 859, 200, 1, 1, 4.80374e+19
Pixel 860, 199, 1, 1, 4.80374e+19
=== 3631593 ===
--- pALPIDEfs_3 ---
Pixel 57, 498, 1, 1, 4.80374e+19
Pixel 57, 499, 1, 1, 4.80374e+19
=== 3638536 ===
--- pALPIDEfs_4 ---
Pixel 881, 131, 1, 1, 4.80374e+19
Pixel 880, 132, 1, 1, 4.80374e+19
Pixel 881, 132, 1, 1, 4.80374e+19
=== 3664144 ===
--- pALPIDEfs_2 ---
Pixel 835, 134, 1, 1, 4.80374e+19
--- pALPIDEfs_3 ---
Pixel 778, 430, 1, 1, 4.80374e+19
--- pALPIDEfs_4 ---
Pixel 860, 375, 1, 1, 4.80374e+19
--- pALPIDEfs_5 ---
Pixel 848, 336, 1, 1, 4.80374e+19
Pixel 848, 337, 1, 1, 4.80374e+19
--- pALPIDEfs_6 ---
Pixel 955, 254, 1, 1, 4.80374e+19
Pixel 956, 254, 1, 1, 4.80374e+19
=== 3664145 ===
--- pALPIDEfs_2 ---
Pixel 835, 134, 1, 1, 4.80374e+19
--- pALPIDEfs_3 ---
Pixel 778, 430, 1, 1, 4.80374e+19
Pixel 778, 431, 1, 1, 4.80374e+19
--- pALPIDEfs_4 ---
Pixel 860, 375, 1, 1, 4.80374e+19
--- pALPIDEfs_5 ---
Pixel 848, 336, 1, 1, 4.80374e+19
Pixel 848, 337, 1, 1, 4.80374e+19
--- pALPIDEfs_6 ---
Pixel 955, 254, 1, 1, 4.80374e+19
Pixel 956, 254, 1, 1, 4.80374e+19
=== 3664445 ===
--- pALPIDEfs_4 ---
Pixel 379, 154, 1, 1, 4.80374e+19
Pixel 379, 155, 1, 1, 4.80374e+19
--- pALPIDEfs_5 ---
Pixel 42, 442, 1, 1, 4.80374e+19
Pixel 43, 442, 1, 1, 4.80374e+19
Pixel 42, 443, 1, 1, 4.80374e+19
=== 3665939 ===
--- pALPIDEfs_1 ---
Pixel 750, 108, 1, 1, 4.80374e+19
Pixel 751, 108, 1, 1, 4.80374e+19
Pixel 751, 109, 1, 1, 4.80374e+19
Pixel 750, 109, 1, 1, 4.80374e+19
Pixel 752, 108, 1, 1, 4.80374e+19
Pixel 753, 108, 1, 1, 4.80374e+19
Pixel 753, 109, 1, 1, 4.80374e+19
Pixel 752, 109, 1, 1, 4.80374e+19
=== 3687208 ===
--- pALPIDEfs_0 ---
Pixel 701, 241, 1, 1, 4.80374e+19
Pixel 701, 242, 1, 1, 4.80374e+19
=== 3703758 ===
--- pALPIDEfs_2 ---
Pixel 701, 257, 1, 1, 4.80374e+19
=== 3717298 ===
--- pALPIDEfs_3 ---
Pixel 35, 446, 1, 1, 4.80374e+19
Pixel 35, 447, 1, 1, 4.80374e+19
Pixel 34, 447, 1, 1, 4.80374e+19
Pixel 37, 445, 1, 1, 4.80374e+19
Pixel 36, 446, 1, 1, 4.80374e+19
Pixel 37, 446, 1, 1, 4.80374e+19
Pixel 36, 447, 1, 1, 4.80374e+19
Pixel 39, 445, 1, 1, 4.80374e+19
Pixel 38, 445, 1, 1, 4.80374e+19
Pixel 38, 446, 1, 1, 4.80374e+19
Pixel 39, 446, 1, 1, 4.80374e+19
Pixel 40, 445, 1, 1, 4.80374e+19
=== 3730737 ===
--- pALPIDEfs_3 ---
Pixel 755, 406, 1, 1, 4.80374e+19
Pixel 756, 406, 1, 1, 4.80374e+19
=== 3741982 ===
--- pALPIDEfs_5 ---
Pixel 289, 292, 1, 1, 4.80374e+19
Pixel 290, 292, 1, 1, 4.80374e+19
Pixel 290, 293, 1, 1, 4.80374e+19
=== 3746279 ===
--- pALPIDEfs_0 ---
Pixel 265, 32, 1, 1, 4.80374e+19
Pixel 265, 33, 1, 1, 4.80374e+19
Pixel 264, 33, 1, 1, 4.80374e+19
Pixel 264, 34, 1, 1, 4.80374e+19
=== 3753979 ===
--- pALPIDEfs_0 ---
Pixel 276, 382, 1, 1, 4.80374e+19
Pixel 277, 383, 1, 1, 4.80374e+19
Pixel 276, 383, 1, 1, 4.80374e+19
=== 3757877 ===
--- pALPIDEfs_5 ---
Pixel 311, 261, 1, 1, 4.80374e+19
Pixel 311, 262, 1, 1, 4.80374e+19
=== 3783078 ===
--- pALPIDEfs_0 ---
Pixel 355, 319, 1, 1, 4.80374e+19
Pixel 355, 320, 1, 1, 4.80374e+19
=== 3784910 ===
--- pALPIDEfs_5 ---
Pixel 363, 176, 1, 1, 4.80374e+19
Pixel 363, 177, 1, 1, 4.80374e+19
Pixel 364, 176, 1, 1, 4.80374e+19
Pixel 364, 177, 1, 1, 4.80374e+19
=== 3818558 ===
--- pALPIDEfs_3 ---
Pixel 611, 373, 1, 1, 4.80374e+19
Pixel 611, 374, 1, 1, 4.80374e+19
=== 3823953 ===
--- pALPIDEfs_6 ---
Pixel 18, 291, 1, 1, 4.80374e+19
Pixel 18, 292, 1, 1, 4.80374e+19
=== 3824013 ===
--- pALPIDEfs_3 ---
Pixel 517, 272, 1, 1, 4.80374e+19
Pixel 517, 273, 1, 1, 4.80374e+19
=== 3843624 ===
--- pALPIDEfs_4 ---
Pixel 947, 251, 1, 1, 4.80374e+19
Pixel 949, 251, 1, 1, 4.80374e+19
Pixel 948, 251, 1, 1, 4.80374e+19
Pixel 948, 252, 1, 1, 4.80374e+19
Pixel 949, 252, 1, 1, 4.80374e+19
=== 3850056 ===
--- pALPIDEfs_1 ---
Pixel 912, 380, 1, 1, 4.80374e+19
Pixel 912, 381, 1, 1, 4.80374e+19
Pixel 912, 382, 1, 1, 4.80374e+19
--- pALPIDEfs_2 ---
Pixel 819, 387, 1, 1, 4.80374e+19
=== 3861284 ===
--- pALPIDEfs_4 ---
Pixel 616, 308, 1, 1, 4.80374e+19
Pixel 617, 308, 1, 1, 4.80374e+19
=== 3872394 ===
--- pALPIDEfs_6 ---
Pixel 513, 422, 1, 1, 4.80374e+19
Pixel 514, 422, 1, 1, 4.80374e+19
=== 3890676 ===
--- pALPIDEfs_4 ---
Pixel 803, 89, 1, 1, 4.80374e+19
Pixel 802, 89, 1, 1, 4.80374e+19
Pixel 802, 90, 1, 1, 4.80374e+19
Pixel 803, 90, 1, 1, 4.80374e+19
Pixel 803, 91, 1, 1, 4.80374e+19
Pixel 802, 91, 1, 1, 4.80374e+19
Pixel 802, 92, 1, 1, 4.80374e+19
Pixel 803, 92, 1, 1, 4.80374e+19
Pixel 804, 91, 1, 1, 4.80374e+19
=== 3933031 ===
--- pALPIDEfs_3 ---
Pixel 761, 338, 1, 1, 4.80374e+19
Pixel 761, 339, 1, 1, 4.80374e+19
Pixel 762, 338, 1, 1, 4.80374e+19
Pixel 762, 339, 1, 1, 4.80374e+19
=== 3936603 ===
--- pALPIDEfs_2 ---
Pixel 409, 21, 1, 1, 4.80374e+19
Pixel 408, 21, 1, 1, 4.80374e+19
=== 3941058 ===
--- pALPIDEfs_3 ---
Pixel 576, 9, 1, 1, 4.80374e+19
Pixel 576, 10, 1, 1, 4.80374e+19
Pixel 577, 10, 1, 1, 4.80374e+19
Pixel 577, 11, 1, 1, 4.80374e+19
Pixel 576, 11, 1, 1, 4.80374e+19
Pixel 578, 10, 1, 1, 4.80374e+19
Pixel 579, 11, 1, 1, 4.80374e+19
Pixel 578, 11, 1, 1, 4.80374e+19
Pixel 580, 10, 1, 1, 4.80374e+19
Pixel 581, 10, 1, 1, 4.80374e+19
Pixel 581, 11, 1, 1, 4.80374e+19
Pixel 580, 11, 1, 1, 4.80374e+19
=== 3965064 ===
--- pALPIDEfs_4 ---
Pixel 171, 42, 1, 1, 4.80374e+19
Pixel 171, 43, 1, 1, 4.80374e+19
Pixel 172, 41, 1, 1, 4.80374e+19
Pixel 172, 42, 1, 1, 4.80374e+19
--- pALPIDEfs_5 ---
Pixel 181, 179, 1, 1, 4.80374e+19
Pixel 180, 180, 1, 1, 4.80374e+19
Pixel 181, 180, 1, 1, 4.80374e+19
Pixel 181, 181, 1, 1, 4.80374e+19
Pixel 180, 181, 1, 1, 4.80374e+19
Pixel 182, 178, 1, 1, 4.80374e+19
Pixel 182, 179, 1, 1, 4.80374e+19
Pixel 182, 180, 1, 1, 4.80374e+19
=== 3970872 ===
--- pALPIDEfs_4 ---
Pixel 593, 117, 1, 1, 4.80374e+19
Pixel 593, 118, 1, 1, 4.80374e+19
--- pALPIDEfs_5 ---
Pixel 335, 336, 1, 1, 4.80374e+19
Pixel 335, 337, 1, 1, 4.80374e+19
Pixel 336, 336, 1, 1, 4.80374e+19
Pixel 336, 337, 1, 1, 4.80374e+19
--- pALPIDEfs_6 ---
Pixel 130, 500, 1, 1, 4.80374e+19
=== 3992258 ===
--- pALPIDEfs_6 ---
Pixel 841, 336, 1, 1, 4.80374e+19
Pixel 841, 337, 1, 1, 4.80374e+19
Pixel 840, 337, 1, 1, 4.80374e+19
=== 3993756 ===
--- pALPIDEfs_0 ---
Pixel 490, 389, 1, 1, 4.80374e+19
Pixel 490, 390, 1, 1, 4.80374e+19
Pixel 490, 391, 1, 1, 4.80374e+19
=== 4008207 ===
--- pALPIDEfs_5 ---
Pixel 352, 234, 1, 1, 4.80374e+19
Pixel 352, 235, 1, 1, 4.80374e+19
=== 4008548 ===
--- pALPIDEfs_0 ---
Pixel 541, 111, 1, 1, 4.80374e+19
Pixel 541, 112, 1, 1, 4.80374e+19
Pixel 543, 111, 1, 1, 4.80374e+19
Pixel 542, 111, 1, 1, 4.80374e+19
Pixel 542, 112, 1, 1, 4.80374e+19
Pixel 543, 112, 1, 1, 4.80374e+19
Pixel 544, 112, 1, 1, 4.80374e+19
Pixel 545, 112, 1, 1, 4.80374e+19
Pixel 546, 112, 1, 1, 4.80374e+19
Pixel 547, 112, 1, 1, 4.80374e+19
Pixel 549, 111, 1, 1, 4.80374e+19
Pixel 548, 112, 1, 1, 4.80374e+19
Pixel 549, 112, 1, 1, 4.80374e+19
Pixel 551, 109, 1, 1, 4.80374e+19
Pixel 550, 110, 1, 1, 4.80374e+19
Pixel 551, 110, 1, 1, 4.80374e+19
Pixel 550, 111, 1, 1, 4.80374e+19
Pixel 553, 107, 1, 1, 4.80374e+19
Pixel 552, 108, 1, 1, 4.80374e+19
Pixel 553, 108, 1, 1, 4.80374e+19
Pixel 552, 109, 1, 1, 4.80374e+19
Pixel 554, 106, 1, 1, 4.80374e+19
Pixel 555, 106, 1, 1, 4.80374e+19
Pixel 554, 107, 1, 1, 4.80374e+19
Pixel 557, 104, 1, 1, 4.80374e+19
Pixel 557, 105, 1, 1, 4.80374e+19
Pixel 556, 105, 1, 1, 4.80374e+19
Pixel 556, 106, 1, 1, 4.80374e+19
Pixel 559, 102, 1, 1, 4.80374e+19
Pixel 559, 103, 1, 1, 4.80374e+19
Pixel 558, 103, 1, 1, 4.80374e+19
Pixel 558, 104, 1, 1, 4.80374e+19
Pixel 560, 101, 1, 1, 4.80374e+19
=== 4026492 ===
--- pALPIDEfs_2 ---
Pixel 762, 346, 1, 1, 4.80374e+19
Pixel 762, 347, 1, 1, 4.80374e+19
--- pALPIDEfs_3 ---
Pixel 679, 217, 1, 1, 4.80374e+19
Pixel 679, 218, 1, 1, 4.80374e+19
--- pALPIDEfs_4 ---
Pixel 519, 33, 1, 1, 4.80374e+19
Pixel 518, 33, 1, 1, 4.80374e+19
Pixel 519, 34, 1, 1, 4.80374e+19
=== 4039664 ===
--- pALPIDEfs_0 ---
Pixel 607, 41, 1, 1, 4.80374e+19
Pixel 606, 41, 1, 1, 4.80374e+19
=== 4047537 ===
--- pALPIDEfs_6 ---
Pixel 153, 20, 1, 1, 4.80374e+19
Pixel 153, 21, 1, 1, 4.80374e+19
Pixel 153, 22, 1, 1, 4.80374e+19
Pixel 154, 20, 1, 1, 4.80374e+19
Pixel 154, 21, 1, 1, 4.80374e+19
Pixel 154, 22, 1, 1, 4.80374e+19
=== 4078754 ===
--- pALPIDEfs_3 ---
Pixel 223, 488, 1, 1, 4.80374e+19
Pixel 223, 489, 1, 1, 4.80374e+19
Pixel 223, 490, 1, 1, 4.80374e+19
Pixel 224, 488, 1, 1, 4.80374e+19
Pixel 224, 489, 1, 1, 4.80374e+19
=== 4080732 ===
--- pALPIDEfs_2 ---
Pixel 488, 244, 1, 1, 4.80374e+19
Pixel 489, 244, 1, 1, 4.80374e+19
--- pALPIDEfs_3 ---
Pixel 185, 169, 1, 1, 4.80374e+19
Pixel 184, 170, 1, 1, 4.80374e+19
Pixel 185, 170, 1, 1, 4.80374e+19
Pixel 185, 171, 1, 1, 4.80374e+19
Pixel 186, 170, 1, 1, 4.80374e+19
=== 4096627 ===
--- pALPIDEfs_6 ---
Pixel 746, 120, 1, 1, 4.80374e+19
Pixel 747, 120, 1, 1, 4.80374e+19
Pixel 747, 121, 1, 1, 4.80374e+19
=== 4105152 ===
--- pALPIDEfs_4 ---
Pixel 519, 323, 1, 1, 4.80374e+19
Pixel 518, 323, 1, 1, 4.80374e+19
=== 4112836 ===
--- pALPIDEfs_1 ---
Pixel 747, 194, 1, 1, 4.80374e+19
--- pALPIDEfs_2 ---
Pixel 9, 122, 1, 1, 4.80374e+19
Pixel 9, 123, 1, 1, 4.80374e+19
Pixel 10, 123, 1, 1, 4.80374e+19
=== 4120887 ===
--- pALPIDEfs_0 ---
Pixel 350, 204, 1, 1, 4.80374e+19
Pixel 351, 204, 1, 1, 4.80374e+19
Pixel 351, 205, 1, 1, 4.80374e+19
Pixel 350, 205, 1, 1, 4.80374e+19
--- pALPIDEfs_1 ---
Pixel 988, 184, 1, 1, 4.80374e+19
Pixel 989, 184, 1, 1, 4.80374e+19
Pixel 989, 185, 1, 1, 4.80374e+19
Pixel 988, 185, 1, 1, 4.80374e+19
=== 4139490 ===
--- pALPIDEfs_5 ---
Pixel 449, 257, 1, 1, 4.80374e+19
=== 4140455 ===
--- pALPIDEfs_2 ---
Pixel 3, 135, 1, 1, 4.80374e+19
Pixel 3, 136, 1, 1, 4.80374e+19
=== 4152991 ===
--- pALPIDEfs_6 ---
Pixel 812, 336, 1, 1, 4.80374e+19
Pixel 813, 336, 1, 1, 4.80374e+19
Pixel 813, 337, 1, 1, 4.80374e+19
=== 4158559 ===
--- pALPIDEfs_4 ---
Pixel 754, 106, 1, 1, 4.80374e+19
Pixel 755, 106, 1, 1, 4.80374e+19
Pixel 754, 107, 1, 1, 4.80374e+19
Pixel 754, 108, 1, 1, 4.80374e+19
=== 4158970 ===
--- pALPIDEfs_3 ---
Pixel 973, 144, 1, 1, 4.80374e+19
Pixel 973, 145, 1, 1, 4.80374e+19
Pixel 973, 146, 1, 1, 4.80374e+19
Pixel 973, 147, 1, 1, 4.80374e+19
Pixel 974, 145, 1, 1, 4.80374e+19
Pixel 974, 146, 1, 1, 4.80374e+19
Pixel 974, 147, 1, 1, 4.80374e+19
Pixel 974, 148, 1, 1, 4.80374e+19
Pixel 975, 148, 1, 1, 4.80374e+19
Pixel 975, 149, 1, 1, 4.80374e+19
=== 4159092 ===
--- pALPIDEfs_2 ---
Pixel 498, 397, 1, 1, 4.80374e+19
Pixel 498, 398, 1, 1, 4.80374e+19
--- pALPIDEfs_3 ---
Pixel 804, 114, 1, 1, 4.80374e+19
Pixel 805, 114, 1, 1, 4.80374e+19
Pixel 805, 115, 1, 1, 4.80374e+19
Pixel 804, 115, 1, 1, 4.80374e+19
=== 4169246 ===
--- pALPIDEfs_4 ---
Pixel 719, 75, 1, 1, 4.80374e+19
Pixel 718, 75, 1, 1, 4.80374e+19
Pixel 718, 76, 1, 1, 4.80374e+19
=== 4175478 ===
--- pALPIDEfs_5 ---
Pixel 775, 148, 1, 1, 4.80374e+19
=== 4191575 ===
--- pALPIDEfs_3 ---
Pixel 93, 23, 1, 1, 4.80374e+19
Pixel 92, 24, 1, 1, 4.80374e+19
Pixel 93, 24, 1, 1, 4.80374e+19
Pixel 93, 25, 1, 1, 4.80374e+19
Pixel 94, 24, 1, 1, 4.80374e+19
Pixel 94, 25, 1, 1, 4.80374e+19
=== 4196557 ===
--- pALPIDEfs_2 ---
Pixel 471, 47, 1, 1, 4.80374e+19
Pixel 472, 47, 1, 1, 4.80374e+19
=== 4226913 ===
--- pALPIDEfs_6 ---
Pixel 127, 170, 1, 1, 4.80374e+19
Pixel 127, 171, 1, 1, 4.80374e+19
Pixel 127, 172, 1, 1, 4.80374e+19
Pixel 128, 163, 1, 1, 4.80374e+19
Pixel 128, 164, 1, 1, 4.80374e+19
Pixel 128, 170, 1, 1, 4.80374e+19
Pixel 128, 171, 1, 1, 4.80374e+19
=== 4231641 ===
--- pALPIDEfs_5 ---
Pixel 60, 152, 1, 1, 4.80374e+19
Pixel 61, 152, 1, 1, 4.80374e+19
=== 4239312 ===
--- pALPIDEfs_0 ---
Pixel 672, 256, 1, 1, 4.80374e+19
--- pALPIDEfs_1 ---
Pixel 751, 482, 1, 1, 4.80374e+19
=== 4253138 ===
--- pALPIDEfs_4 ---
Pixel 110, 510, 1, 1, 4.80374e+19
Pixel 110, 511, 1, 1, 4.80374e+19
=== 4257503 ===
--- pALPIDEfs_1 ---
Pixel 977, 163, 1, 1, 4.80374e+19
Pixel 976, 163, 1, 1, 4.80374e+19
--- pALPIDEfs_2 ---
Pixel 875, 81, 1, 1, 4.80374e+19
Pixel 874, 81, 1, 1, 4.80374e+19
--- pALPIDEfs_3 ---
Pixel 822, 142, 1, 1, 4.80374e+19
Pixel 823, 142, 1, 1, 4.80374e+19
Pixel 823, 143, 1, 1, 4.80374e+19
Pixel 822, 143, 1, 1, 4.80374e+19
--- pALPIDEfs_4 ---
Pixel 780, 261, 1, 1, 4.80374e+19
--- pALPIDEfs_5 ---
Pixel 759, 503, 1, 1, 4.80374e+19
Pixel 760, 503, 1, 1, 4.80374e+19
=== 4273910 ===
--- pALPIDEfs_4 ---
Pixel 303, 84, 1, 1, 4.80374e+19
Pixel 304, 84, 1, 1, 4.80374e+19
Pixel 304, 85, 1, 1, 4.80374e+19
=== 4293547 ===
--- pALPIDEfs_0 ---
Pixel 7, 371, 1, 1, 4.80374e+19
Pixel 7, 372, 1, 1, 4.80374e+19
Pixel 8, 371, 1, 1, 4.80374e+19
Pixel 8, 372, 1, 1, 4.80374e+19
--- pALPIDEfs_1 ---
Pixel 960, 298, 1, 1, 4.80374e+19
Pixel 961, 298, 1, 1, 4.80374e+19
Pixel 961, 299, 1, 1, 4.80374e+19
Pixel 960, 299, 1, 1, 4.80374e+19
Pixel 962, 299, 1, 1, 4.80374e+19
=== 4308454 ===
--- pALPIDEfs_3 ---
Pixel 395, 299, 1, 1, 4.80374e+19
=== 4313153 ===
--- pALPIDEfs_5 ---
Pixel 26, 476, 1, 1, 4.80374e+19
Pixel 26, 477, 1, 1, 4.80374e+19
=== 4316604 ===
--- pALPIDEfs_3 ---
Pixel 379, 351, 1, 1, 4.80374e+19
Pixel 379, 352, 1, 1, 4.80374e+19
--- pALPIDEfs_4 ---
Pixel 562, 245, 1, 1, 4.80374e+19
Pixel 562, 246, 1, 1, 4.80374e+19
--- pALPIDEfs_5 ---
Pixel 585, 100, 1, 1, 4.80374e+19
Pixel 586, 100, 1, 1, 4.80374e+19
=== 4319753 ===
--- pALPIDEfs_0 ---
Pixel 52, 201, 1, 1, 4.80374e+19
=== 4324192 ===
--- pALPIDEfs_0 ---
Pixel 427, 417, 1, 1, 4.80374e+19
Pixel 426, 417, 1, 1, 4.80374e+19
=== 4356535 ===
--- pALPIDEfs_3 ---
Pixel 463, 88, 1, 1, 4.80374e+19
Pixel 464, 87, 1, 1, 4.80374e+19
Pixel 464, 88, 1, 1, 4.80374e+19
=== 4374347 ===
--- pALPIDEfs_1 ---
Pixel 242, 406, 1, 1, 4.80374e+19
Pixel 243, 406, 1, 1, 4.80374e+19
Pixel 243, 407, 1, 1, 4.80374e+19
Pixel 242, 407, 1, 1, 4.80374e+19
=== 4374530 ===
--- pALPIDEfs_1 ---
Pixel 367, 46, 1, 1, 4.80374e+19
Pixel 367, 47, 1, 1, 4.80374e+19
Pixel 368, 46, 1, 1, 4.80374e+19
=== 4388547 ===
--- pALPIDEfs_3 ---
Pixel 777, 171, 1, 1, 4.80374e+19
Pixel 777, 172, 1, 1, 4.80374e+19
Pixel 778, 171, 1, 1, 4.80374e+19
Pixel 778, 172, 1, 1, 4.80374e+19
=== 4393645 ===
--- pALPIDEfs_3 ---
Pixel 308, 418, 1, 1, 4.80374e+19
Pixel 309, 418, 1, 1, 4.80374e+19
=== 4394839 ===
--- pALPIDEfs_1 ---
Pixel 887, 203, 1, 1, 4.80374e+19
Pixel 888, 202, 1, 1, 4.80374e+19
Pixel 888, 203, 1, 1, 4.80374e+19
=== 4411700 ===
--- pALPIDEfs_5 ---
Pixel 918, 68, 1, 1, 4.80374e+19
Pixel 919, 68, 1, 1, 4.80374e+19
Pixel 919, 69, 1, 1, 4.80374e+19
Pixel 918, 69, 1, 1, 4.80374e+19
Pixel 918, 70, 1, 1, 4.80374e+19
Pixel 919, 70, 1, 1, 4.80374e+19
Pixel 921, 67, 1, 1, 4.80374e+19
Pixel 920, 67, 1, 1, 4.80374e+19
Pixel 920, 68, 1, 1, 4.80374e+19
Pixel 921, 68, 1, 1, 4.80374e+19
Pixel 920, 69, 1, 1, 4.80374e+19
=== 4412269 ===
--- pALPIDEfs_0 ---
Pixel 923, 262, 1, 1, 4.80374e+19
Pixel 924, 262, 1, 1, 4.80374e+19
=== 4429552 ===
--- pALPIDEfs_4 ---
Pixel 782, 133, 1, 1, 4.80374e+19
Pixel 782, 134, 1, 1, 4.80374e+19
Pixel 783, 134, 1, 1, 4.80374e+19
Pixel 783, 135, 1, 1, 4.80374e+19
Pixel 784, 134, 1, 1, 4.80374e+19
Pixel 784, 135, 1, 1, 4.80374e+19
=== 4439401 ===
--- pALPIDEfs_3 ---
Pixel 222, 182, 1, 1, 4.80374e+19
Pixel 222, 183, 1, 1, 4.80374e+19
=== 4447218 ===
--- pALPIDEfs_2 ---
Pixel 127, 35, 1, 1, 4.80374e+19
Pixel 126, 35, 1, 1, 4.80374e+19
Pixel 126, 36, 1, 1, 4.80374e+19
Pixel 127, 36, 1, 1, 4.80374e+19
=== 4448630 ===
--- pALPIDEfs_2 ---
Pixel 705, 434, 1, 1, 4.80374e+19
Pixel 705, 435, 1, 1, 4.80374e+19
=== 4488702 ===
--- pALPIDEfs_0 ---
Pixel 317, 293, 1, 1, 4.80374e+19
Pixel 316, 293, 1, 1, 4.80374e+19
--- pALPIDEfs_1 ---
Pixel 186, 408, 1, 1, 4.80374e+19
--- pALPIDEfs_2 ---
Pixel 150, 76, 1, 1, 4.80374e+19
Pixel 151, 76, 1, 1, 4.80374e+19
Pixel 151, 77, 1, 1, 4.80374e+19
Pixel 150, 77, 1, 1, 4.80374e+19
=== 4489447 ===
--- pALPIDEfs_4 ---
Pixel 867, 375, 1, 1, 4.80374e+19
Pixel 866, 375, 1, 1, 4.80374e+19
=== 4490662 ===
--- pALPIDEfs_0 ---
Pixel 178, 266, 1, 1, 4.80374e+19
=== 4512946 ===
--- pALPIDEfs_0 ---
Pixel 416, 326, 1, 1, 4.80374e+19
Pixel 417, 327, 1, 1, 4.80374e+19
Pixel 416, 327, 1, 1, 4.80374e+19
Pixel 417, 328, 1, 1, 4.80374e+19
Pixel 418, 328, 1, 1, 4.80374e+19
=== 4522985 ===
--- pALPIDEfs_4 ---
Pixel 617, 451, 1, 1, 4.80374e+19
Pixel 617, 452, 1, 1, 4.80374e+19
Pixel 619, 451, 1, 1, 4.80374e+19
Pixel 618, 451, 1, 1, 4.80374e+19
Pixel 619, 452, 1, 1, 4.80374e+19
Pixel 618, 453, 1, 1, 4.80374e+19
=== 4528463 ===
--- pALPIDEfs_4 ---
Pixel 119, 46, 1, 1, 4.80374e+19
Pixel 119, 47, 1, 1, 4.80374e+19
Pixel 120, 46, 1, 1, 4.80374e+19
=== 4535320 ===
--- pALPIDEfs_4 ---
Pixel 676, 195, 1, 1, 4.80374e+19
--- pALPIDEfs_5 ---
Pixel 101, 226, 1, 1, 4.80374e+19
Pixel 101, 227, 1, 1, 4.80374e+19
=== 4539838 ===
--- pALPIDEfs_3 ---
Pixel 329, 91, 1, 1, 4.80374e+19
Pixel 330, 90, 1, 1, 4.80374e+19
Pixel 331, 91, 1, 1, 4.80374e+19
Pixel 330, 91, 1, 1, 4.80374e+19
=== 4541197 ===
--- pALPIDEfs_6 ---
Pixel 530, 28, 1, 1, 4.80374e+19
Pixel 530, 29, 1, 1, 4.80374e+19
=== 4551118 ===
--- pALPIDEfs_3 ---
Pixel 537, 239, 1, 1, 4.80374e+19
Pixel 537, 240, 1, 1, 4.80374e+19
Pixel 538, 238, 1, 1, 4.80374e+19
Pixel 538, 239, 1, 1, 4.80374e+19
Pixel 538, 240, 1, 1, 4.80374e+19
=== 4554419 ===
--- pALPIDEfs_0 ---
Pixel 865, 363, 1, 1, 4.80374e+19
Pixel 865, 364, 1, 1, 4.80374e+19
=== 4560042 ===
--- pALPIDEfs_2 ---
Pixel 893, 442, 1, 1, 4.80374e+19
Pixel 893, 443, 1, 1, 4.80374e+19
=== 4577534 ===
--- pALPIDEfs_3 ---
Pixel 981, 57, 1, 1, 4.80374e+19
Pixel 981, 58, 1, 1, 4.80374e+19
Pixel 981, 59, 1, 1, 4.80374e+19
=== 4581391 ===
--- pALPIDEfs_3 ---
Pixel 387, 380, 1, 1, 4.80374e+19
Pixel 387, 381, 1, 1, 4.80374e+19
Pixel 386, 381, 1, 1, 4.80374e+19
--- pALPIDEfs_4 ---
Pixel 439, 143, 1, 1, 4.80374e+19
Pixel 438, 143, 1, 1, 4.80374e+19
=== 4584188 ===
--- pALPIDEfs_4 ---
Pixel 342, 236, 1, 1, 4.80374e+19
Pixel 343, 236, 1, 1, 4.80374e+19
=== 4597972 ===
--- pALPIDEfs_6 ---
Pixel 555, 398, 1, 1, 4.80374e+19
Pixel 555, 399, 1, 1, 4.80374e+19
=== 4601136 ===
--- pALPIDEfs_1 ---
Pixel 557, 344, 1, 1, 4.80374e+19
Pixel 558, 343, 1, 1, 4.80374e+19
Pixel 558, 344, 1, 1, 4.80374e+19
=== 4606722 ===
--- pALPIDEfs_0 ---
Pixel 295, 354, 1, 1, 4.80374e+19
Pixel 295, 355, 1, 1, 4.80374e+19
Pixel 296, 355, 1, 1, 4.80374e+19
Pixel 296, 356, 1, 1, 4.80374e+19
Pixel 297, 357, 1, 1, 4.80374e+19
Pixel 296, 357, 1, 1, 4.80374e+19
Pixel 296, 358, 1, 1, 4.80374e+19
Pixel 297, 358, 1, 1, 4.80374e+19
Pixel 297, 359, 1, 1, 4.80374e+19
Pixel 297, 360, 1, 1, 4.80374e+19
Pixel 297, 361, 1, 1, 4.80374e+19
Pixel 298, 360, 1, 1, 4.80374e+19
Pixel 298, 361, 1, 1, 4.80374e+19
Pixel 298, 362, 1, 1, 4.80374e+19
Pixel 299, 365, 1, 1, 4.80374e+19
Pixel 299, 366, 1, 1, 4.80374e+19
Pixel 299, 367, 1, 1, 4.80374e+19
Pixel 300, 365, 1, 1, 4.80374e+19
Pixel 300, 366, 1, 1, 4.80374e+19
Pixel 300, 367, 1, 1, 4.80374e+19
=== 4608872 ===
--- pALPIDEfs_0 ---
Pixel 559, 19, 1, 1, 4.80374e+19
Pixel 559, 20, 1, 1, 4.80374e+19
Pixel 560, 19, 1, 1, 4.80374e+19
Pixel 560, 20, 1, 1, 4.80374e+19
=== 4610579 ===
--- pALPIDEfs_3 ---
Pixel 813, 474, 1, 1, 4.80374e+19
Pixel 813, 475, 1, 1, 4.80374e+19
=== 4614196 ===
--- pALPIDEfs_6 ---
Pixel 420, 164, 1, 1, 4.80374e+19
Pixel 420, 165, 1, 1, 4.80374e+19
=== 4618089 ===
--- pALPIDEfs_6 ---
Pixel 28, 475, 1, 1, 4.80374e+19
Pixel 28, 476, 1, 1, 4.80374e+19
=== 4634614 ===
--- pALPIDEfs_4 ---
Pixel 851, 50, 1, 1, 4.80374e+19
Pixel 852, 49, 1, 1, 4.80374e+19
Pixel 852, 50, 1, 1, 4.80374e+19
=== 4642034 ===
--- pALPIDEfs_6 ---
Pixel 869, 434, 1, 1, 4.80374e+19
=== 4647826 ===
--- pALPIDEfs_2 ---
Pixel 347, 204, 1, 1, 4.80374e+19
Pixel 347, 205, 1, 1, 4.80374e+19
=== 4667318 ===
--- pALPIDEfs_6 ---
Pixel 623, 110, 1, 1, 4.80374e+19
Pixel 623, 111, 1, 1, 4.80374e+19
Pixel 623, 112, 1, 1, 4.80374e+19
Pixel 624, 110, 1, 1, 4.80374e+19
Pixel 624, 111, 1, 1, 4.80374e+19
Pixel 624, 112, 1, 1, 4.80374e+19
=== 4667381 ===
--- pALPIDEfs_2 ---
Pixel 83, 227, 1, 1, 4.80374e+19
Pixel 82, 227, 1, 1, 4.80374e+19
Pixel 82, 228, 1, 1, 4.80374e+19
Pixel 83, 228, 1, 1, 4.80374e+19
Pixel 83, 229, 1, 1, 4.80374e+19
=== 4700312 ===
--- pALPIDEfs_3 ---
Pixel 783, 362, 1, 1, 4.80374e+19
Pixel 783, 363, 1, 1, 4.80374e+19
Pixel 783, 364, 1, 1, 4.80374e+19
Pixel 783, 365, 1, 1, 4.80374e+19
=== 4702324 ===
--- pALPIDEfs_3 ---
Pixel 195, 107, 1, 1, 4.80374e+19
Pixel 194, 107, 1, 1, 4.80374e+19
Pixel 194, 108, 1, 1, 4.80374e+19
--- pALPIDEfs_4 ---
Pixel 470, 201, 1, 1, 4.80374e+19
Pixel 470, 202, 1, 1, 4.80374e+19
--- pALPIDEfs_5 ---
Pixel 172, 258, 1, 1, 4.80374e+19
Pixel 173, 258, 1, 1, 4.80374e+19
Pixel 173, 259, 1, 1, 4.80374e+19
=== 4705363 ===
--- pALPIDEfs_1 ---
Pixel 735, 324, 1, 1, 4.80374e+19
Pixel 736, 324, 1, 1, 4.80374e+19
Pixel 736, 325, 1, 1, 4.80374e+19
=== 4728882 ===
--- pALPIDEfs_3 ---
Pixel 252, 234, 1, 1, 4.80374e+19
Pixel 253, 234, 1, 1, 4.80374e+19
Pixel 252, 235, 1, 1, 4.80374e+19
=== 4732782 ===
--- pALPIDEfs_1 ---
Pixel 520, 245, 1, 1, 4.80374e+19
Pixel 520, 246, 1, 1, 4.80374e+19
Pixel 521, 246, 1, 1, 4.80374e+19
=== 4745584 ===
--- pALPIDEfs_2 ---
Pixel 516, 306, 1, 1, 4.80374e+19
=== 4764128 ===
--- pALPIDEfs_6 ---
Pixel 261, 154, 1, 1, 4.80374e+19
Pixel 261, 155, 1, 1, 4.80374e+19
Pixel 262, 154, 1, 1, 4.80374e+19
Pixel 262, 155, 1, 1, 4.80374e+19
=== 4775616 ===
--- pALPIDEfs_0 ---
Pixel 316, 390, 1, 1, 4.80374e+19
Pixel 316, 391, 1, 1, 4.80374e+19
=== 4789283 ===
--- pALPIDEfs_1 ---
Pixel 930, 428, 1, 1, 4.80374e+19
Pixel 930, 429, 1, 1, 4.80374e+19
--- pALPIDEfs_3 ---
Pixel 759, 235, 1, 1, 4.80374e+19
Pixel 759, 236, 1, 1, 4.80374e+19
--- pALPIDEfs_5 ---
Pixel 857, 266, 1, 1, 4.80374e+19
Pixel 857, 267, 1, 1, 4.80374e+19
=== 4810827 ===
--- pALPIDEfs_4 ---
Pixel 257, 31, 1, 1, 4.80374e+19
Pixel 258, 31, 1, 1, 4.80374e+19
--- pALPIDEfs_5 ---
Pixel 162, 79, 1, 1, 4.80374e+19
Pixel 162, 80, 1, 1, 4.80374e+19
--- pALPIDEfs_6 ---
Pixel 159, 223, 1, 1, 4.80374e+19
=== 4818480 ===
--- pALPIDEfs_6 ---
Pixel 323, 415, 1, 1, 4.80374e+19
Pixel 324, 415, 1, 1, 4.80374e+19
Pixel 324, 416, 1, 1, 4.80374e+19
=== 4819331 ===
--- pALPIDEfs_3 ---
Pixel 500, 115, 1, 1, 4.80374e+19
Pixel 500, 116, 1, 1, 4.80374e+19
=== 4821141 ===
--- pALPIDEfs_2 ---
Pixel 237, 369, 1, 1, 4.80374e+19
Pixel 236, 369, 1, 1, 4.80374e+19
Pixel 236, 370, 1, 1, 4.80374e+19
Pixel 237, 370, 1, 1, 4.80374e+19
=== 4836957 ===
--- pALPIDEfs_4 ---
Pixel 529, 435, 1, 1, 4.80374e+19
Pixel 528, 435, 1, 1, 4.80374e+19
Pixel 528, 436, 1, 1, 4.80374e+19
Pixel 529, 436, 1, 1, 4.80374e+19
Pixel 896, 136, 1, 1, 4.80374e+19
Pixel 897, 136, 1, 1, 4.80374e+19
Pixel 897, 137, 1, 1, 4.80374e+19
Pixel 896, 137, 1, 1, 4.80374e+19
Pixel 899, 137, 1, 1, 4.80374e+19
Pixel 898, 137, 1, 1, 4.80374e+19
Pixel 898, 138, 1, 1, 4.80374e+19
Pixel 899, 138, 1, 1, 4.80374e+19
Pixel 900, 138, 1, 1, 4.80374e+19
Pixel 901, 138, 1, 1, 4.80374e+19
Pixel 901, 139, 1, 1, 4.80374e+19
Pixel 902, 138, 1, 1, 4.80374e+19
=== 4854132 ===
--- pALPIDEfs_2 ---
Pixel 367, 10, 1, 1, 4.80374e+19
=== 4855394 ===
--- pALPIDEfs_6 ---
Pixel 864, 268, 1, 1, 4.80374e+19
Pixel 865, 268, 1, 1, 4.80374e+19
Pixel 865, 269, 1, 1, 4.80374e+19
Pixel 864, 269, 1, 1, 4.80374e+19
=== 4889751 ===
--- pALPIDEfs_3 ---
Pixel 901, 203, 1, 1, 4.80374e+19
Pixel 901, 204, 1, 1, 4.80374e+19
Pixel 902, 200, 1, 1, 4.80374e+19
Pixel 902, 201, 1, 1, 4.80374e+19
Pixel 902, 203, 1, 1, 4.80374e+19
Pixel 902, 204, 1, 1, 4.80374e+19
=== 4908778 ===
--- pALPIDEfs_0 ---
Pixel 649, 115, 1, 1, 4.80374e+19
Pixel 649, 116, 1, 1, 4.80374e+19
Pixel 650, 115, 1, 1, 4.80374e+19
Pixel 650, 116, 1, 1, 4.80374e+19
--- pALPIDEfs_1 ---
Pixel 226, 332, 1, 1, 4.80374e+19
Pixel 227, 332, 1, 1, 4.80374e+19
Pixel 226, 333, 1, 1, 4.80374e+19
=== 4911895 ===
--- pALPIDEfs_1 ---
Pixel 23, 148, 1, 1, 4.80374e+19
Pixel 23, 149, 1, 1, 4.80374e+19
Pixel 23, 150, 1, 1, 4.80374e+19
Pixel 24, 149, 1, 1, 4.80374e+19
Pixel 24, 150, 1, 1, 4.80374e+19
=== 4922044 ===
--- pALPIDEfs_5 ---
Pixel 153, 363, 1, 1, 4.80374e+19
Pixel 153, 364, 1, 1, 4.80374e+19
Pixel 153, 365, 1, 1, 4.80374e+19
Pixel 154, 363, 1, 1, 4.80374e+19
Pixel 154, 364, 1, 1, 4.80374e+19
=== 4931959 ===
--- pALPIDEfs_5 ---
Pixel 887, 183, 1, 1, 4.80374e+19
Pixel 886, 184, 1, 1, 4.80374e+19
Pixel 887, 184, 1, 1, 4.80374e+19
Pixel 886, 185, 1, 1, 4.80374e+19
=== 4935313 ===
--- pALPIDEfs_4 ---
Pixel 329, 377, 1, 1, 4.80374e+19
Pixel 329, 378, 1, 1, 4.80374e+19
Pixel 331, 377, 1, 1, 4.80374e+19
Pixel 330, 377, 1, 1, 4.80374e+19
Pixel 330, 378, 1, 1, 4.80374e+19
Pixel 331, 378, 1, 1, 4.80374e+19
=== 4947495 ===
--- pALPIDEfs_3 ---
Pixel 487, 69, 1, 1, 4.80374e+19
Pixel 486, 69, 1, 1, 4.80374e+19
=== 4970308 ===
--- pALPIDEfs_0 ---
Pixel 653, 5, 1, 1, 4.80374e+19
Pixel 653, 6, 1, 1, 4.80374e+19
Pixel 654, 5, 1, 1, 4.80374e+19
Pixel 654, 6, 1, 1, 4.80374e+19
=== 4980863 ===
--- pALPIDEfs_2 ---
Pixel 718, 1, 1, 1, 4.80374e+19
Pixel 718, 2, 1, 1, 4.80374e+19
Pixel 718, 3, 1, 1, 4.80374e+19
