Run: Cosmics000414
=== 2 ===
--- pALPIDEfs_3 ---
Pixel 238, 320, 1, 1, 4.80374e+19
Pixel 238, 320, 1, 1, 4.80374e+19
=== 3 ===
--- pALPIDEfs_0 ---
Pixel 92, 0, 1, 1, 4.80374e+19
Pixel 93, 0, 1, 1, 4.80374e+19
Pixel 93, 1, 1, 1, 4.80374e+19
Pixel 92, 1, 1, 1, 4.80374e+19
Pixel 92, 2, 1, 1, 4.80374e+19
Pixel 93, 2, 1, 1, 4.80374e+19
Pixel 93, 3, 1, 1, 4.80374e+19
Pixel 92, 3, 1, 1, 4.80374e+19
Pixel 92, 4, 1, 1, 4.80374e+19
Pixel 93, 4, 1, 1, 4.80374e+19
Pixel 93, 5, 1, 1, 4.80374e+19
Pixel 92, 5, 1, 1, 4.80374e+19
Pixel 92, 6, 1, 1, 4.80374e+19
Pixel 93, 6, 1, 1, 4.80374e+19
Pixel 93, 7, 1, 1, 4.80374e+19
Pixel 92, 7, 1, 1, 4.80374e+19
Pixel 92, 8, 1, 1, 4.80374e+19
Pixel 93, 8, 1, 1, 4.80374e+19
Pixel 93, 9, 1, 1, 4.80374e+19
Pixel 92, 9, 1, 1, 4.80374e+19
Pixel 92, 10, 1, 1, 4.80374e+19
Pixel 93, 10, 1, 1, 4.80374e+19
Pixel 93, 11, 1, 1, 4.80374e+19
Pixel 92, 11, 1, 1, 4.80374e+19
Pixel 92, 12, 1, 1, 4.80374e+19
Pixel 93, 12, 1, 1, 4.80374e+19
Pixel 93, 13, 1, 1, 4.80374e+19
Pixel 92, 13, 1, 1, 4.80374e+19
Pixel 92, 14, 1, 1, 4.80374e+19
Pixel 93, 14, 1, 1, 4.80374e+19
Pixel 93, 15, 1, 1, 4.80374e+19
Pixel 92, 15, 1, 1, 4.80374e+19
Pixel 92, 16, 1, 1, 4.80374e+19
Pixel 93, 16, 1, 1, 4.80374e+19
Pixel 93, 17, 1, 1, 4.80374e+19
Pixel 92, 17, 1, 1, 4.80374e+19
Pixel 92, 18, 1, 1, 4.80374e+19
Pixel 93, 18, 1, 1, 4.80374e+19
Pixel 93, 19, 1, 1, 4.80374e+19
Pixel 92, 19, 1, 1, 4.80374e+19
Pixel 92, 20, 1, 1, 4.80374e+19
Pixel 93, 20, 1, 1, 4.80374e+19
Pixel 93, 21, 1, 1, 4.80374e+19
Pixel 92, 21, 1, 1, 4.80374e+19
Pixel 92, 22, 1, 1, 4.80374e+19
Pixel 93, 22, 1, 1, 4.80374e+19
Pixel 93, 23, 1, 1, 4.80374e+19
Pixel 92, 23, 1, 1, 4.80374e+19
Pixel 92, 24, 1, 1, 4.80374e+19
Pixel 93, 24, 1, 1, 4.80374e+19
Pixel 93, 25, 1, 1, 4.80374e+19
Pixel 92, 25, 1, 1, 4.80374e+19
Pixel 92, 26, 1, 1, 4.80374e+19
Pixel 93, 26, 1, 1, 4.80374e+19
Pixel 93, 27, 1, 1, 4.80374e+19
Pixel 92, 27, 1, 1, 4.80374e+19
Pixel 92, 28, 1, 1, 4.80374e+19
Pixel 93, 28, 1, 1, 4.80374e+19
Pixel 93, 29, 1, 1, 4.80374e+19
Pixel 92, 29, 1, 1, 4.80374e+19
Pixel 92, 30, 1, 1, 4.80374e+19
Pixel 93, 30, 1, 1, 4.80374e+19
Pixel 93, 31, 1, 1, 4.80374e+19
Pixel 92, 31, 1, 1, 4.80374e+19
Pixel 92, 32, 1, 1, 4.80374e+19
Pixel 93, 32, 1, 1, 4.80374e+19
Pixel 93, 33, 1, 1, 4.80374e+19
Pixel 92, 33, 1, 1, 4.80374e+19
Pixel 92, 34, 1, 1, 4.80374e+19
Pixel 93, 34, 1, 1, 4.80374e+19
Pixel 93, 35, 1, 1, 4.80374e+19
Pixel 92, 35, 1, 1, 4.80374e+19
Pixel 92, 36, 1, 1, 4.80374e+19
Pixel 93, 36, 1, 1, 4.80374e+19
Pixel 93, 37, 1, 1, 4.80374e+19
Pixel 92, 37, 1, 1, 4.80374e+19
Pixel 92, 38, 1, 1, 4.80374e+19
Pixel 93, 38, 1, 1, 4.80374e+19
Pixel 93, 39, 1, 1, 4.80374e+19
Pixel 92, 39, 1, 1, 4.80374e+19
Pixel 92, 40, 1, 1, 4.80374e+19
Pixel 93, 40, 1, 1, 4.80374e+19
Pixel 93, 41, 1, 1, 4.80374e+19
Pixel 92, 41, 1, 1, 4.80374e+19
Pixel 92, 42, 1, 1, 4.80374e+19
Pixel 93, 42, 1, 1, 4.80374e+19
Pixel 93, 43, 1, 1, 4.80374e+19
Pixel 92, 43, 1, 1, 4.80374e+19
Pixel 92, 44, 1, 1, 4.80374e+19
Pixel 93, 44, 1, 1, 4.80374e+19
Pixel 93, 45, 1, 1, 4.80374e+19
Pixel 92, 45, 1, 1, 4.80374e+19
Pixel 92, 46, 1, 1, 4.80374e+19
Pixel 93, 46, 1, 1, 4.80374e+19
Pixel 93, 47, 1, 1, 4.80374e+19
Pixel 92, 47, 1, 1, 4.80374e+19
Pixel 92, 48, 1, 1, 4.80374e+19
Pixel 93, 48, 1, 1, 4.80374e+19
Pixel 93, 49, 1, 1, 4.80374e+19
Pixel 92, 49, 1, 1, 4.80374e+19
Pixel 92, 50, 1, 1, 4.80374e+19
Pixel 93, 50, 1, 1, 4.80374e+19
Pixel 93, 51, 1, 1, 4.80374e+19
Pixel 92, 51, 1, 1, 4.80374e+19
Pixel 92, 52, 1, 1, 4.80374e+19
Pixel 93, 52, 1, 1, 4.80374e+19
Pixel 93, 53, 1, 1, 4.80374e+19
Pixel 92, 53, 1, 1, 4.80374e+19
Pixel 92, 54, 1, 1, 4.80374e+19
Pixel 93, 54, 1, 1, 4.80374e+19
Pixel 93, 55, 1, 1, 4.80374e+19
Pixel 92, 55, 1, 1, 4.80374e+19
Pixel 92, 56, 1, 1, 4.80374e+19
Pixel 93, 56, 1, 1, 4.80374e+19
Pixel 93, 57, 1, 1, 4.80374e+19
Pixel 92, 57, 1, 1, 4.80374e+19
Pixel 92, 58, 1, 1, 4.80374e+19
Pixel 93, 58, 1, 1, 4.80374e+19
Pixel 93, 59, 1, 1, 4.80374e+19
Pixel 92, 59, 1, 1, 4.80374e+19
Pixel 92, 60, 1, 1, 4.80374e+19
Pixel 93, 60, 1, 1, 4.80374e+19
Pixel 93, 61, 1, 1, 4.80374e+19
Pixel 92, 61, 1, 1, 4.80374e+19
Pixel 92, 62, 1, 1, 4.80374e+19
Pixel 93, 62, 1, 1, 4.80374e+19
Pixel 93, 63, 1, 1, 4.80374e+19
Pixel 92, 63, 1, 1, 4.80374e+19
Pixel 92, 64, 1, 1, 4.80374e+19
Pixel 93, 64, 1, 1, 4.80374e+19
Pixel 93, 65, 1, 1, 4.80374e+19
Pixel 92, 65, 1, 1, 4.80374e+19
Pixel 92, 66, 1, 1, 4.80374e+19
Pixel 93, 66, 1, 1, 4.80374e+19
Pixel 93, 67, 1, 1, 4.80374e+19
Pixel 92, 67, 1, 1, 4.80374e+19
Pixel 92, 68, 1, 1, 4.80374e+19
Pixel 93, 68, 1, 1, 4.80374e+19
Pixel 93, 69, 1, 1, 4.80374e+19
Pixel 92, 69, 1, 1, 4.80374e+19
Pixel 92, 70, 1, 1, 4.80374e+19
Pixel 93, 70, 1, 1, 4.80374e+19
Pixel 93, 71, 1, 1, 4.80374e+19
Pixel 92, 71, 1, 1, 4.80374e+19
Pixel 92, 72, 1, 1, 4.80374e+19
Pixel 93, 72, 1, 1, 4.80374e+19
Pixel 93, 73, 1, 1, 4.80374e+19
Pixel 92, 73, 1, 1, 4.80374e+19
Pixel 92, 74, 1, 1, 4.80374e+19
Pixel 93, 74, 1, 1, 4.80374e+19
Pixel 93, 75, 1, 1, 4.80374e+19
Pixel 92, 75, 1, 1, 4.80374e+19
Pixel 92, 76, 1, 1, 4.80374e+19
Pixel 93, 76, 1, 1, 4.80374e+19
Pixel 93, 77, 1, 1, 4.80374e+19
Pixel 92, 77, 1, 1, 4.80374e+19
Pixel 92, 78, 1, 1, 4.80374e+19
Pixel 93, 78, 1, 1, 4.80374e+19
Pixel 93, 79, 1, 1, 4.80374e+19
Pixel 92, 79, 1, 1, 4.80374e+19
Pixel 92, 80, 1, 1, 4.80374e+19
Pixel 93, 80, 1, 1, 4.80374e+19
Pixel 93, 81, 1, 1, 4.80374e+19
Pixel 92, 81, 1, 1, 4.80374e+19
Pixel 92, 82, 1, 1, 4.80374e+19
Pixel 93, 82, 1, 1, 4.80374e+19
Pixel 93, 83, 1, 1, 4.80374e+19
Pixel 92, 83, 1, 1, 4.80374e+19
Pixel 92, 84, 1, 1, 4.80374e+19
Pixel 93, 84, 1, 1, 4.80374e+19
Pixel 93, 85, 1, 1, 4.80374e+19
Pixel 92, 85, 1, 1, 4.80374e+19
Pixel 92, 86, 1, 1, 4.80374e+19
Pixel 93, 86, 1, 1, 4.80374e+19
Pixel 93, 87, 1, 1, 4.80374e+19
Pixel 92, 87, 1, 1, 4.80374e+19
Pixel 92, 88, 1, 1, 4.80374e+19
Pixel 93, 88, 1, 1, 4.80374e+19
Pixel 93, 89, 1, 1, 4.80374e+19
Pixel 92, 89, 1, 1, 4.80374e+19
Pixel 92, 90, 1, 1, 4.80374e+19
Pixel 93, 90, 1, 1, 4.80374e+19
Pixel 93, 91, 1, 1, 4.80374e+19
Pixel 92, 91, 1, 1, 4.80374e+19
Pixel 92, 92, 1, 1, 4.80374e+19
Pixel 93, 92, 1, 1, 4.80374e+19
Pixel 93, 93, 1, 1, 4.80374e+19
Pixel 92, 93, 1, 1, 4.80374e+19
Pixel 92, 94, 1, 1, 4.80374e+19
Pixel 93, 94, 1, 1, 4.80374e+19
Pixel 93, 95, 1, 1, 4.80374e+19
Pixel 92, 95, 1, 1, 4.80374e+19
Pixel 92, 96, 1, 1, 4.80374e+19
Pixel 93, 96, 1, 1, 4.80374e+19
Pixel 93, 97, 1, 1, 4.80374e+19
Pixel 92, 97, 1, 1, 4.80374e+19
Pixel 92, 98, 1, 1, 4.80374e+19
Pixel 93, 98, 1, 1, 4.80374e+19
Pixel 93, 99, 1, 1, 4.80374e+19
Pixel 92, 99, 1, 1, 4.80374e+19
Pixel 92, 100, 1, 1, 4.80374e+19
Pixel 93, 100, 1, 1, 4.80374e+19
Pixel 93, 101, 1, 1, 4.80374e+19
Pixel 92, 101, 1, 1, 4.80374e+19
Pixel 92, 102, 1, 1, 4.80374e+19
Pixel 93, 102, 1, 1, 4.80374e+19
Pixel 93, 103, 1, 1, 4.80374e+19
Pixel 92, 103, 1, 1, 4.80374e+19
Pixel 92, 104, 1, 1, 4.80374e+19
Pixel 93, 104, 1, 1, 4.80374e+19
Pixel 93, 105, 1, 1, 4.80374e+19
Pixel 92, 105, 1, 1, 4.80374e+19
Pixel 92, 106, 1, 1, 4.80374e+19
Pixel 93, 106, 1, 1, 4.80374e+19
Pixel 93, 107, 1, 1, 4.80374e+19
Pixel 92, 107, 1, 1, 4.80374e+19
Pixel 92, 108, 1, 1, 4.80374e+19
Pixel 93, 108, 1, 1, 4.80374e+19
Pixel 93, 109, 1, 1, 4.80374e+19
Pixel 92, 109, 1, 1, 4.80374e+19
Pixel 92, 110, 1, 1, 4.80374e+19
Pixel 93, 110, 1, 1, 4.80374e+19
Pixel 93, 111, 1, 1, 4.80374e+19
Pixel 92, 111, 1, 1, 4.80374e+19
Pixel 92, 112, 1, 1, 4.80374e+19
Pixel 93, 112, 1, 1, 4.80374e+19
Pixel 93, 113, 1, 1, 4.80374e+19
Pixel 92, 113, 1, 1, 4.80374e+19
Pixel 92, 114, 1, 1, 4.80374e+19
Pixel 93, 114, 1, 1, 4.80374e+19
Pixel 93, 115, 1, 1, 4.80374e+19
Pixel 92, 115, 1, 1, 4.80374e+19
Pixel 92, 116, 1, 1, 4.80374e+19
Pixel 93, 116, 1, 1, 4.80374e+19
Pixel 93, 117, 1, 1, 4.80374e+19
Pixel 92, 117, 1, 1, 4.80374e+19
Pixel 92, 118, 1, 1, 4.80374e+19
Pixel 93, 118, 1, 1, 4.80374e+19
Pixel 93, 119, 1, 1, 4.80374e+19
Pixel 92, 119, 1, 1, 4.80374e+19
Pixel 92, 120, 1, 1, 4.80374e+19
Pixel 93, 120, 1, 1, 4.80374e+19
Pixel 93, 121, 1, 1, 4.80374e+19
Pixel 92, 121, 1, 1, 4.80374e+19
Pixel 92, 122, 1, 1, 4.80374e+19
Pixel 93, 122, 1, 1, 4.80374e+19
Pixel 93, 123, 1, 1, 4.80374e+19
Pixel 92, 123, 1, 1, 4.80374e+19
Pixel 92, 124, 1, 1, 4.80374e+19
Pixel 93, 124, 1, 1, 4.80374e+19
Pixel 93, 125, 1, 1, 4.80374e+19
Pixel 92, 125, 1, 1, 4.80374e+19
Pixel 92, 126, 1, 1, 4.80374e+19
Pixel 93, 126, 1, 1, 4.80374e+19
Pixel 93, 127, 1, 1, 4.80374e+19
Pixel 92, 127, 1, 1, 4.80374e+19
Pixel 92, 128, 1, 1, 4.80374e+19
Pixel 93, 128, 1, 1, 4.80374e+19
Pixel 93, 129, 1, 1, 4.80374e+19
Pixel 92, 129, 1, 1, 4.80374e+19
Pixel 92, 130, 1, 1, 4.80374e+19
Pixel 93, 130, 1, 1, 4.80374e+19
Pixel 93, 131, 1, 1, 4.80374e+19
Pixel 92, 131, 1, 1, 4.80374e+19
Pixel 92, 132, 1, 1, 4.80374e+19
Pixel 93, 132, 1, 1, 4.80374e+19
Pixel 93, 133, 1, 1, 4.80374e+19
Pixel 92, 133, 1, 1, 4.80374e+19
Pixel 92, 134, 1, 1, 4.80374e+19
Pixel 93, 134, 1, 1, 4.80374e+19
Pixel 93, 135, 1, 1, 4.80374e+19
Pixel 92, 135, 1, 1, 4.80374e+19
Pixel 92, 136, 1, 1, 4.80374e+19
Pixel 93, 136, 1, 1, 4.80374e+19
Pixel 93, 137, 1, 1, 4.80374e+19
Pixel 92, 137, 1, 1, 4.80374e+19
Pixel 92, 138, 1, 1, 4.80374e+19
Pixel 93, 138, 1, 1, 4.80374e+19
Pixel 93, 139, 1, 1, 4.80374e+19
Pixel 92, 139, 1, 1, 4.80374e+19
Pixel 92, 140, 1, 1, 4.80374e+19
Pixel 93, 140, 1, 1, 4.80374e+19
Pixel 93, 141, 1, 1, 4.80374e+19
Pixel 92, 141, 1, 1, 4.80374e+19
Pixel 92, 142, 1, 1, 4.80374e+19
Pixel 93, 142, 1, 1, 4.80374e+19
Pixel 93, 143, 1, 1, 4.80374e+19
Pixel 92, 143, 1, 1, 4.80374e+19
Pixel 92, 144, 1, 1, 4.80374e+19
Pixel 93, 144, 1, 1, 4.80374e+19
Pixel 93, 145, 1, 1, 4.80374e+19
Pixel 92, 145, 1, 1, 4.80374e+19
Pixel 92, 146, 1, 1, 4.80374e+19
Pixel 93, 146, 1, 1, 4.80374e+19
Pixel 93, 147, 1, 1, 4.80374e+19
Pixel 92, 147, 1, 1, 4.80374e+19
Pixel 92, 148, 1, 1, 4.80374e+19
Pixel 93, 148, 1, 1, 4.80374e+19
Pixel 93, 149, 1, 1, 4.80374e+19
Pixel 92, 149, 1, 1, 4.80374e+19
Pixel 92, 150, 1, 1, 4.80374e+19
Pixel 93, 150, 1, 1, 4.80374e+19
Pixel 93, 151, 1, 1, 4.80374e+19
Pixel 92, 151, 1, 1, 4.80374e+19
Pixel 92, 152, 1, 1, 4.80374e+19
Pixel 93, 152, 1, 1, 4.80374e+19
Pixel 93, 153, 1, 1, 4.80374e+19
Pixel 92, 153, 1, 1, 4.80374e+19
Pixel 92, 154, 1, 1, 4.80374e+19
Pixel 93, 154, 1, 1, 4.80374e+19
Pixel 93, 155, 1, 1, 4.80374e+19
Pixel 92, 155, 1, 1, 4.80374e+19
Pixel 92, 156, 1, 1, 4.80374e+19
Pixel 93, 156, 1, 1, 4.80374e+19
Pixel 93, 157, 1, 1, 4.80374e+19
Pixel 92, 157, 1, 1, 4.80374e+19
Pixel 92, 158, 1, 1, 4.80374e+19
Pixel 93, 158, 1, 1, 4.80374e+19
Pixel 93, 159, 1, 1, 4.80374e+19
Pixel 92, 159, 1, 1, 4.80374e+19
Pixel 92, 160, 1, 1, 4.80374e+19
Pixel 93, 160, 1, 1, 4.80374e+19
Pixel 93, 161, 1, 1, 4.80374e+19
Pixel 92, 161, 1, 1, 4.80374e+19
Pixel 92, 162, 1, 1, 4.80374e+19
Pixel 93, 162, 1, 1, 4.80374e+19
Pixel 93, 163, 1, 1, 4.80374e+19
Pixel 92, 163, 1, 1, 4.80374e+19
Pixel 92, 164, 1, 1, 4.80374e+19
Pixel 93, 164, 1, 1, 4.80374e+19
Pixel 93, 165, 1, 1, 4.80374e+19
Pixel 92, 165, 1, 1, 4.80374e+19
Pixel 92, 166, 1, 1, 4.80374e+19
Pixel 93, 166, 1, 1, 4.80374e+19
Pixel 93, 167, 1, 1, 4.80374e+19
Pixel 92, 167, 1, 1, 4.80374e+19
Pixel 92, 168, 1, 1, 4.80374e+19
Pixel 93, 168, 1, 1, 4.80374e+19
Pixel 93, 169, 1, 1, 4.80374e+19
Pixel 92, 169, 1, 1, 4.80374e+19
Pixel 92, 170, 1, 1, 4.80374e+19
Pixel 93, 170, 1, 1, 4.80374e+19
Pixel 93, 171, 1, 1, 4.80374e+19
Pixel 92, 171, 1, 1, 4.80374e+19
Pixel 92, 172, 1, 1, 4.80374e+19
Pixel 93, 172, 1, 1, 4.80374e+19
Pixel 93, 173, 1, 1, 4.80374e+19
Pixel 92, 173, 1, 1, 4.80374e+19
Pixel 92, 174, 1, 1, 4.80374e+19
Pixel 93, 174, 1, 1, 4.80374e+19
Pixel 93, 175, 1, 1, 4.80374e+19
Pixel 92, 175, 1, 1, 4.80374e+19
Pixel 92, 176, 1, 1, 4.80374e+19
Pixel 93, 176, 1, 1, 4.80374e+19
Pixel 93, 177, 1, 1, 4.80374e+19
Pixel 92, 177, 1, 1, 4.80374e+19
Pixel 92, 178, 1, 1, 4.80374e+19
Pixel 93, 178, 1, 1, 4.80374e+19
Pixel 93, 179, 1, 1, 4.80374e+19
Pixel 92, 179, 1, 1, 4.80374e+19
Pixel 92, 180, 1, 1, 4.80374e+19
Pixel 93, 180, 1, 1, 4.80374e+19
Pixel 93, 181, 1, 1, 4.80374e+19
Pixel 92, 181, 1, 1, 4.80374e+19
Pixel 92, 182, 1, 1, 4.80374e+19
Pixel 93, 182, 1, 1, 4.80374e+19
Pixel 93, 183, 1, 1, 4.80374e+19
Pixel 92, 183, 1, 1, 4.80374e+19
Pixel 92, 184, 1, 1, 4.80374e+19
Pixel 93, 184, 1, 1, 4.80374e+19
Pixel 93, 185, 1, 1, 4.80374e+19
Pixel 92, 185, 1, 1, 4.80374e+19
Pixel 92, 186, 1, 1, 4.80374e+19
Pixel 93, 186, 1, 1, 4.80374e+19
Pixel 93, 187, 1, 1, 4.80374e+19
Pixel 92, 187, 1, 1, 4.80374e+19
Pixel 92, 188, 1, 1, 4.80374e+19
Pixel 93, 188, 1, 1, 4.80374e+19
Pixel 93, 189, 1, 1, 4.80374e+19
Pixel 92, 189, 1, 1, 4.80374e+19
Pixel 92, 190, 1, 1, 4.80374e+19
Pixel 93, 190, 1, 1, 4.80374e+19
Pixel 93, 191, 1, 1, 4.80374e+19
Pixel 92, 191, 1, 1, 4.80374e+19
Pixel 92, 192, 1, 1, 4.80374e+19
Pixel 93, 192, 1, 1, 4.80374e+19
Pixel 93, 193, 1, 1, 4.80374e+19
Pixel 92, 193, 1, 1, 4.80374e+19
Pixel 92, 194, 1, 1, 4.80374e+19
Pixel 93, 194, 1, 1, 4.80374e+19
Pixel 93, 195, 1, 1, 4.80374e+19
Pixel 92, 195, 1, 1, 4.80374e+19
Pixel 92, 196, 1, 1, 4.80374e+19
Pixel 93, 196, 1, 1, 4.80374e+19
Pixel 93, 197, 1, 1, 4.80374e+19
Pixel 92, 197, 1, 1, 4.80374e+19
Pixel 92, 198, 1, 1, 4.80374e+19
Pixel 93, 198, 1, 1, 4.80374e+19
Pixel 93, 199, 1, 1, 4.80374e+19
Pixel 92, 199, 1, 1, 4.80374e+19
Pixel 92, 200, 1, 1, 4.80374e+19
Pixel 93, 200, 1, 1, 4.80374e+19
Pixel 93, 201, 1, 1, 4.80374e+19
Pixel 92, 201, 1, 1, 4.80374e+19
Pixel 92, 202, 1, 1, 4.80374e+19
Pixel 93, 202, 1, 1, 4.80374e+19
Pixel 93, 203, 1, 1, 4.80374e+19
Pixel 92, 203, 1, 1, 4.80374e+19
Pixel 92, 204, 1, 1, 4.80374e+19
Pixel 93, 204, 1, 1, 4.80374e+19
Pixel 93, 205, 1, 1, 4.80374e+19
Pixel 92, 205, 1, 1, 4.80374e+19
Pixel 92, 206, 1, 1, 4.80374e+19
Pixel 93, 206, 1, 1, 4.80374e+19
Pixel 93, 207, 1, 1, 4.80374e+19
Pixel 92, 207, 1, 1, 4.80374e+19
Pixel 92, 208, 1, 1, 4.80374e+19
Pixel 93, 208, 1, 1, 4.80374e+19
Pixel 93, 209, 1, 1, 4.80374e+19
Pixel 92, 209, 1, 1, 4.80374e+19
Pixel 92, 210, 1, 1, 4.80374e+19
Pixel 93, 210, 1, 1, 4.80374e+19
Pixel 93, 211, 1, 1, 4.80374e+19
Pixel 92, 211, 1, 1, 4.80374e+19
Pixel 92, 212, 1, 1, 4.80374e+19
Pixel 93, 212, 1, 1, 4.80374e+19
Pixel 93, 213, 1, 1, 4.80374e+19
Pixel 92, 213, 1, 1, 4.80374e+19
Pixel 92, 214, 1, 1, 4.80374e+19
Pixel 93, 214, 1, 1, 4.80374e+19
Pixel 93, 215, 1, 1, 4.80374e+19
Pixel 92, 215, 1, 1, 4.80374e+19
Pixel 92, 216, 1, 1, 4.80374e+19
Pixel 93, 216, 1, 1, 4.80374e+19
Pixel 93, 217, 1, 1, 4.80374e+19
Pixel 92, 217, 1, 1, 4.80374e+19
Pixel 92, 218, 1, 1, 4.80374e+19
Pixel 93, 218, 1, 1, 4.80374e+19
Pixel 93, 219, 1, 1, 4.80374e+19
Pixel 92, 219, 1, 1, 4.80374e+19
Pixel 92, 220, 1, 1, 4.80374e+19
Pixel 93, 220, 1, 1, 4.80374e+19
Pixel 93, 221, 1, 1, 4.80374e+19
Pixel 92, 221, 1, 1, 4.80374e+19
Pixel 92, 222, 1, 1, 4.80374e+19
Pixel 93, 222, 1, 1, 4.80374e+19
Pixel 93, 223, 1, 1, 4.80374e+19
Pixel 92, 223, 1, 1, 4.80374e+19
Pixel 92, 224, 1, 1, 4.80374e+19
Pixel 93, 224, 1, 1, 4.80374e+19
Pixel 93, 225, 1, 1, 4.80374e+19
Pixel 92, 225, 1, 1, 4.80374e+19
Pixel 92, 226, 1, 1, 4.80374e+19
Pixel 93, 226, 1, 1, 4.80374e+19
Pixel 93, 227, 1, 1, 4.80374e+19
Pixel 92, 227, 1, 1, 4.80374e+19
Pixel 92, 228, 1, 1, 4.80374e+19
Pixel 93, 228, 1, 1, 4.80374e+19
Pixel 93, 229, 1, 1, 4.80374e+19
Pixel 92, 229, 1, 1, 4.80374e+19
Pixel 92, 230, 1, 1, 4.80374e+19
Pixel 93, 230, 1, 1, 4.80374e+19
Pixel 93, 231, 1, 1, 4.80374e+19
Pixel 92, 231, 1, 1, 4.80374e+19
Pixel 92, 232, 1, 1, 4.80374e+19
Pixel 93, 232, 1, 1, 4.80374e+19
Pixel 93, 233, 1, 1, 4.80374e+19
Pixel 92, 233, 1, 1, 4.80374e+19
Pixel 92, 234, 1, 1, 4.80374e+19
Pixel 93, 234, 1, 1, 4.80374e+19
Pixel 93, 235, 1, 1, 4.80374e+19
Pixel 92, 235, 1, 1, 4.80374e+19
Pixel 92, 236, 1, 1, 4.80374e+19
Pixel 93, 236, 1, 1, 4.80374e+19
Pixel 93, 237, 1, 1, 4.80374e+19
Pixel 92, 237, 1, 1, 4.80374e+19
Pixel 92, 238, 1, 1, 4.80374e+19
Pixel 93, 238, 1, 1, 4.80374e+19
Pixel 93, 239, 1, 1, 4.80374e+19
Pixel 92, 239, 1, 1, 4.80374e+19
Pixel 92, 240, 1, 1, 4.80374e+19
Pixel 93, 240, 1, 1, 4.80374e+19
Pixel 93, 241, 1, 1, 4.80374e+19
Pixel 92, 241, 1, 1, 4.80374e+19
Pixel 92, 242, 1, 1, 4.80374e+19
Pixel 93, 242, 1, 1, 4.80374e+19
Pixel 93, 243, 1, 1, 4.80374e+19
Pixel 92, 243, 1, 1, 4.80374e+19
Pixel 92, 244, 1, 1, 4.80374e+19
Pixel 93, 244, 1, 1, 4.80374e+19
Pixel 93, 245, 1, 1, 4.80374e+19
Pixel 92, 245, 1, 1, 4.80374e+19
Pixel 92, 246, 1, 1, 4.80374e+19
Pixel 93, 246, 1, 1, 4.80374e+19
Pixel 93, 247, 1, 1, 4.80374e+19
Pixel 92, 247, 1, 1, 4.80374e+19
Pixel 92, 248, 1, 1, 4.80374e+19
Pixel 93, 248, 1, 1, 4.80374e+19
Pixel 93, 249, 1, 1, 4.80374e+19
Pixel 92, 249, 1, 1, 4.80374e+19
Pixel 92, 250, 1, 1, 4.80374e+19
Pixel 93, 250, 1, 1, 4.80374e+19
Pixel 93, 251, 1, 1, 4.80374e+19
Pixel 92, 251, 1, 1, 4.80374e+19
Pixel 92, 252, 1, 1, 4.80374e+19
Pixel 93, 252, 1, 1, 4.80374e+19
Pixel 93, 253, 1, 1, 4.80374e+19
Pixel 92, 253, 1, 1, 4.80374e+19
Pixel 92, 254, 1, 1, 4.80374e+19
Pixel 93, 254, 1, 1, 4.80374e+19
Pixel 93, 255, 1, 1, 4.80374e+19
Pixel 92, 255, 1, 1, 4.80374e+19
=== 23627 ===
--- pALPIDEfs_5 ---
Pixel 724, 394, 1, 1, 4.80374e+19
Pixel 725, 394, 1, 1, 4.80374e+19
Pixel 725, 395, 1, 1, 4.80374e+19
Pixel 724, 395, 1, 1, 4.80374e+19
Pixel 726, 394, 1, 1, 4.80374e+19
Pixel 726, 395, 1, 1, 4.80374e+19
=== 23628 ===
--- pALPIDEfs_5 ---
Pixel 726, 394, 1, 1, 4.80374e+19
=== 29383 ===
--- pALPIDEfs_2 ---
Pixel 309, 280, 1, 1, 4.80374e+19
Pixel 310, 280, 1, 1, 4.80374e+19
Pixel 310, 281, 1, 1, 4.80374e+19
=== 64807 ===
--- pALPIDEfs_3 ---
Pixel 719, 289, 1, 1, 4.80374e+19
Pixel 718, 289, 1, 1, 4.80374e+19
Pixel 718, 290, 1, 1, 4.80374e+19
Pixel 719, 290, 1, 1, 4.80374e+19
Pixel 720, 289, 1, 1, 4.80374e+19
Pixel 720, 290, 1, 1, 4.80374e+19
--- pALPIDEfs_4 ---
Pixel 502, 120, 1, 1, 4.80374e+19
=== 73028 ===
--- pALPIDEfs_1 ---
Pixel 1015, 90, 1, 1, 4.80374e+19
Pixel 1016, 90, 1, 1, 4.80374e+19
Pixel 1016, 91, 1, 1, 4.80374e+19
=== 85452 ===
--- pALPIDEfs_5 ---
Pixel 285, 270, 1, 1, 4.80374e+19
Pixel 286, 269, 1, 1, 4.80374e+19
Pixel 286, 270, 1, 1, 4.80374e+19
=== 88259 ===
--- pALPIDEfs_1 ---
Pixel 741, 205, 1, 1, 4.80374e+19
Pixel 741, 206, 1, 1, 4.80374e+19
Pixel 742, 204, 1, 1, 4.80374e+19
Pixel 742, 205, 1, 1, 4.80374e+19
=== 95297 ===
--- pALPIDEfs_5 ---
Pixel 645, 455, 1, 1, 4.80374e+19
Pixel 645, 456, 1, 1, 4.80374e+19
Pixel 646, 455, 1, 1, 4.80374e+19
Pixel 646, 456, 1, 1, 4.80374e+19
=== 98371 ===
--- pALPIDEfs_5 ---
Pixel 236, 98, 1, 1, 4.80374e+19
Pixel 237, 98, 1, 1, 4.80374e+19
Pixel 237, 99, 1, 1, 4.80374e+19
Pixel 236, 99, 1, 1, 4.80374e+19
Pixel 238, 98, 1, 1, 4.80374e+19
=== 100373 ===
--- pALPIDEfs_1 ---
Pixel 331, 199, 1, 1, 4.80374e+19
Pixel 330, 199, 1, 1, 4.80374e+19
Pixel 331, 200, 1, 1, 4.80374e+19
Pixel 333, 203, 1, 1, 4.80374e+19
Pixel 333, 204, 1, 1, 4.80374e+19
=== 106972 ===
--- pALPIDEfs_4 ---
Pixel 62, 340, 1, 1, 4.80374e+19
--- pALPIDEfs_5 ---
Pixel 985, 505, 1, 1, 4.80374e+19
Pixel 984, 505, 1, 1, 4.80374e+19
Pixel 984, 506, 1, 1, 4.80374e+19
Pixel 985, 506, 1, 1, 4.80374e+19
=== 107127 ===
--- pALPIDEfs_2 ---
Pixel 724, 97, 1, 1, 4.80374e+19
Pixel 724, 98, 1, 1, 4.80374e+19
--- pALPIDEfs_3 ---
Pixel 919, 309, 1, 1, 4.80374e+19
Pixel 918, 309, 1, 1, 4.80374e+19
Pixel 918, 310, 1, 1, 4.80374e+19
=== 120196 ===
--- pALPIDEfs_1 ---
Pixel 434, 147, 1, 1, 4.80374e+19
Pixel 434, 148, 1, 1, 4.80374e+19
=== 130407 ===
--- pALPIDEfs_1 ---
Pixel 275, 459, 1, 1, 4.80374e+19
Pixel 274, 459, 1, 1, 4.80374e+19
Pixel 274, 460, 1, 1, 4.80374e+19
=== 146668 ===
--- pALPIDEfs_3 ---
Pixel 413, 240, 1, 1, 4.80374e+19
=== 161434 ===
--- pALPIDEfs_3 ---
Pixel 939, 26, 1, 1, 4.80374e+19
Pixel 940, 26, 1, 1, 4.80374e+19
--- pALPIDEfs_4 ---
Pixel 359, 284, 1, 1, 4.80374e+19
Pixel 359, 285, 1, 1, 4.80374e+19
Pixel 358, 285, 1, 1, 4.80374e+19
Pixel 358, 286, 1, 1, 4.80374e+19
Pixel 359, 286, 1, 1, 4.80374e+19
Pixel 361, 283, 1, 1, 4.80374e+19
Pixel 360, 284, 1, 1, 4.80374e+19
Pixel 361, 284, 1, 1, 4.80374e+19
Pixel 360, 285, 1, 1, 4.80374e+19
Pixel 362, 283, 1, 1, 4.80374e+19
=== 162613 ===
--- pALPIDEfs_0 ---
Pixel 857, 300, 1, 1, 4.80374e+19
Pixel 857, 301, 1, 1, 4.80374e+19
Pixel 858, 300, 1, 1, 4.80374e+19
=== 166733 ===
--- pALPIDEfs_6 ---
Pixel 942, 253, 1, 1, 4.80374e+19
Pixel 942, 254, 1, 1, 4.80374e+19
=== 168229 ===
--- pALPIDEfs_6 ---
Pixel 521, 376, 1, 1, 4.80374e+19
Pixel 521, 377, 1, 1, 4.80374e+19
=== 178300 ===
--- pALPIDEfs_1 ---
Pixel 635, 17, 1, 1, 4.80374e+19
Pixel 634, 18, 1, 1, 4.80374e+19
Pixel 635, 18, 1, 1, 4.80374e+19
Pixel 637, 17, 1, 1, 4.80374e+19
Pixel 636, 17, 1, 1, 4.80374e+19
Pixel 636, 18, 1, 1, 4.80374e+19
Pixel 637, 18, 1, 1, 4.80374e+19
=== 187494 ===
--- pALPIDEfs_0 ---
Pixel 225, 219, 1, 1, 4.80374e+19
--- pALPIDEfs_1 ---
Pixel 325, 29, 1, 1, 4.80374e+19
=== 188750 ===
--- pALPIDEfs_4 ---
Pixel 192, 132, 1, 1, 4.80374e+19
Pixel 192, 133, 1, 1, 4.80374e+19
=== 210199 ===
--- pALPIDEfs_0 ---
Pixel 121, 305, 1, 1, 4.80374e+19
Pixel 121, 306, 1, 1, 4.80374e+19
Pixel 122, 305, 1, 1, 4.80374e+19
Pixel 122, 306, 1, 1, 4.80374e+19
=== 218929 ===
--- pALPIDEfs_6 ---
Pixel 865, 204, 1, 1, 4.80374e+19
Pixel 865, 205, 1, 1, 4.80374e+19
Pixel 866, 204, 1, 1, 4.80374e+19
Pixel 867, 204, 1, 1, 4.80374e+19
Pixel 867, 205, 1, 1, 4.80374e+19
Pixel 866, 205, 1, 1, 4.80374e+19
Pixel 868, 205, 1, 1, 4.80374e+19
=== 222095 ===
--- pALPIDEfs_1 ---
Pixel 374, 240, 1, 1, 4.80374e+19
=== 222128 ===
--- pALPIDEfs_4 ---
Pixel 250, 167, 1, 1, 4.80374e+19
Pixel 250, 168, 1, 1, 4.80374e+19
=== 230658 ===
--- pALPIDEfs_2 ---
Pixel 585, 184, 1, 1, 4.80374e+19
Pixel 585, 185, 1, 1, 4.80374e+19
Pixel 586, 184, 1, 1, 4.80374e+19
Pixel 586, 185, 1, 1, 4.80374e+19
=== 252338 ===
--- pALPIDEfs_0 ---
Pixel 627, 267, 1, 1, 4.80374e+19
--- pALPIDEfs_1 ---
Pixel 345, 88, 1, 1, 4.80374e+19
=== 296160 ===
--- pALPIDEfs_3 ---
Pixel 557, 180, 1, 1, 4.80374e+19
=== 306979 ===
--- pALPIDEfs_6 ---
Pixel 497, 273, 1, 1, 4.80374e+19
Pixel 497, 274, 1, 1, 4.80374e+19
Pixel 497, 275, 1, 1, 4.80374e+19
Pixel 496, 275, 1, 1, 4.80374e+19
Pixel 496, 276, 1, 1, 4.80374e+19
Pixel 498, 273, 1, 1, 4.80374e+19
Pixel 498, 274, 1, 1, 4.80374e+19
=== 315758 ===
--- pALPIDEfs_3 ---
Pixel 83, 426, 1, 1, 4.80374e+19
=== 328118 ===
--- pALPIDEfs_3 ---
Pixel 900, 366, 1, 1, 4.80374e+19
Pixel 901, 366, 1, 1, 4.80374e+19
=== 346673 ===
--- pALPIDEfs_6 ---
Pixel 760, 326, 1, 1, 4.80374e+19
Pixel 760, 327, 1, 1, 4.80374e+19
=== 350569 ===
--- pALPIDEfs_2 ---
Pixel 169, 393, 1, 1, 4.80374e+19
Pixel 168, 393, 1, 1, 4.80374e+19
Pixel 168, 394, 1, 1, 4.80374e+19
Pixel 169, 394, 1, 1, 4.80374e+19
--- pALPIDEfs_4 ---
Pixel 228, 160, 1, 1, 4.80374e+19
Pixel 228, 161, 1, 1, 4.80374e+19
=== 350570 ===
--- pALPIDEfs_2 ---
Pixel 169, 393, 1, 1, 4.80374e+19
Pixel 168, 394, 1, 1, 4.80374e+19
--- pALPIDEfs_4 ---
Pixel 228, 161, 1, 1, 4.80374e+19
=== 350599 ===
--- pALPIDEfs_0 ---
Pixel 70, 340, 1, 1, 4.80374e+19
Pixel 71, 340, 1, 1, 4.80374e+19
Pixel 71, 341, 1, 1, 4.80374e+19
Pixel 73, 341, 1, 1, 4.80374e+19
Pixel 72, 341, 1, 1, 4.80374e+19
Pixel 73, 342, 1, 1, 4.80374e+19
Pixel 74, 341, 1, 1, 4.80374e+19
Pixel 74, 342, 1, 1, 4.80374e+19
Pixel 75, 342, 1, 1, 4.80374e+19
Pixel 76, 342, 1, 1, 4.80374e+19
Pixel 77, 343, 1, 1, 4.80374e+19
Pixel 76, 343, 1, 1, 4.80374e+19
Pixel 78, 343, 1, 1, 4.80374e+19
=== 356433 ===
--- pALPIDEfs_0 ---
Pixel 1005, 362, 1, 1, 4.80374e+19
Pixel 1005, 363, 1, 1, 4.80374e+19
Pixel 1006, 362, 1, 1, 4.80374e+19
Pixel 1007, 363, 1, 1, 4.80374e+19
Pixel 1006, 363, 1, 1, 4.80374e+19
Pixel 1006, 364, 1, 1, 4.80374e+19
Pixel 1007, 364, 1, 1, 4.80374e+19
--- pALPIDEfs_2 ---
Pixel 3, 252, 1, 1, 4.80374e+19
Pixel 3, 253, 1, 1, 4.80374e+19
Pixel 4, 253, 1, 1, 4.80374e+19
Pixel 4, 254, 1, 1, 4.80374e+19
=== 378789 ===
--- pALPIDEfs_6 ---
Pixel 128, 318, 1, 1, 4.80374e+19
Pixel 129, 318, 1, 1, 4.80374e+19
Pixel 129, 319, 1, 1, 4.80374e+19
=== 382786 ===
--- pALPIDEfs_3 ---
Pixel 395, 299, 1, 1, 4.80374e+19
=== 414455 ===
--- pALPIDEfs_0 ---
Pixel 160, 132, 1, 1, 4.80374e+19
Pixel 161, 132, 1, 1, 4.80374e+19
--- pALPIDEfs_2 ---
Pixel 957, 501, 1, 1, 4.80374e+19
Pixel 957, 502, 1, 1, 4.80374e+19
=== 415362 ===
--- pALPIDEfs_0 ---
Pixel 525, 119, 1, 1, 4.80374e+19
Pixel 524, 119, 1, 1, 4.80374e+19
Pixel 525, 120, 1, 1, 4.80374e+19
--- pALPIDEfs_1 ---
Pixel 589, 401, 1, 1, 4.80374e+19
Pixel 589, 402, 1, 1, 4.80374e+19
Pixel 590, 398, 1, 1, 4.80374e+19
Pixel 591, 399, 1, 1, 4.80374e+19
Pixel 590, 399, 1, 1, 4.80374e+19
Pixel 590, 400, 1, 1, 4.80374e+19
Pixel 591, 400, 1, 1, 4.80374e+19
Pixel 591, 401, 1, 1, 4.80374e+19
Pixel 590, 401, 1, 1, 4.80374e+19
Pixel 590, 402, 1, 1, 4.80374e+19
=== 431542 ===
--- pALPIDEfs_2 ---
Pixel 491, 367, 1, 1, 4.80374e+19
--- pALPIDEfs_3 ---
Pixel 282, 39, 1, 1, 4.80374e+19
=== 433717 ===
--- pALPIDEfs_0 ---
Pixel 1008, 30, 1, 1, 4.80374e+19
Pixel 1009, 31, 1, 1, 4.80374e+19
Pixel 1008, 31, 1, 1, 4.80374e+19
--- pALPIDEfs_2 ---
Pixel 11, 211, 1, 1, 4.80374e+19
Pixel 11, 212, 1, 1, 4.80374e+19
Pixel 12, 211, 1, 1, 4.80374e+19
Pixel 12, 212, 1, 1, 4.80374e+19
=== 433718 ===
--- pALPIDEfs_0 ---
Pixel 1008, 30, 1, 1, 4.80374e+19
Pixel 1009, 31, 1, 1, 4.80374e+19
Pixel 1008, 31, 1, 1, 4.80374e+19
--- pALPIDEfs_2 ---
Pixel 11, 211, 1, 1, 4.80374e+19
Pixel 11, 212, 1, 1, 4.80374e+19
Pixel 12, 211, 1, 1, 4.80374e+19
Pixel 12, 212, 1, 1, 4.80374e+19
=== 513873 ===
--- pALPIDEfs_6 ---
Pixel 699, 260, 1, 1, 4.80374e+19
Pixel 700, 260, 1, 1, 4.80374e+19
=== 516341 ===
--- pALPIDEfs_2 ---
Pixel 623, 338, 1, 1, 4.80374e+19
=== 518984 ===
--- pALPIDEfs_4 ---
Pixel 489, 128, 1, 1, 4.80374e+19
Pixel 489, 129, 1, 1, 4.80374e+19
Pixel 488, 129, 1, 1, 4.80374e+19
Pixel 489, 130, 1, 1, 4.80374e+19
Pixel 490, 129, 1, 1, 4.80374e+19
=== 521178 ===
--- pALPIDEfs_4 ---
Pixel 56, 411, 1, 1, 4.80374e+19
--- pALPIDEfs_5 ---
Pixel 218, 194, 1, 1, 4.80374e+19
=== 531325 ===
--- pALPIDEfs_1 ---
Pixel 637, 167, 1, 1, 4.80374e+19
Pixel 636, 167, 1, 1, 4.80374e+19
Pixel 636, 168, 1, 1, 4.80374e+19
=== 579792 ===
--- pALPIDEfs_4 ---
Pixel 63, 373, 1, 1, 4.80374e+19
Pixel 62, 374, 1, 1, 4.80374e+19
Pixel 63, 374, 1, 1, 4.80374e+19
=== 583680 ===
--- pALPIDEfs_2 ---
Pixel 18, 207, 1, 1, 4.80374e+19
--- pALPIDEfs_3 ---
Pixel 306, 239, 1, 1, 4.80374e+19
Pixel 306, 240, 1, 1, 4.80374e+19
--- pALPIDEfs_4 ---
Pixel 616, 261, 1, 1, 4.80374e+19
--- pALPIDEfs_5 ---
Pixel 895, 327, 1, 1, 4.80374e+19
=== 588362 ===
--- pALPIDEfs_6 ---
Pixel 685, 485, 1, 1, 4.80374e+19
Pixel 686, 485, 1, 1, 4.80374e+19
Pixel 686, 486, 1, 1, 4.80374e+19
Pixel 686, 488, 1, 1, 4.80374e+19
Pixel 687, 489, 1, 1, 4.80374e+19
Pixel 686, 489, 1, 1, 4.80374e+19
Pixel 687, 490, 1, 1, 4.80374e+19
=== 602779 ===
--- pALPIDEfs_0 ---
Pixel 1011, 325, 1, 1, 4.80374e+19
Pixel 1011, 326, 1, 1, 4.80374e+19
Pixel 1011, 327, 1, 1, 4.80374e+19
Pixel 1012, 323, 1, 1, 4.80374e+19
Pixel 1012, 324, 1, 1, 4.80374e+19
Pixel 1012, 325, 1, 1, 4.80374e+19
Pixel 1012, 326, 1, 1, 4.80374e+19
=== 640458 ===
--- pALPIDEfs_6 ---
Pixel 172, 367, 1, 1, 4.80374e+19
Pixel 172, 368, 1, 1, 4.80374e+19
=== 648816 ===
--- pALPIDEfs_6 ---
Pixel 440, 316, 1, 1, 4.80374e+19
Pixel 441, 316, 1, 1, 4.80374e+19
Pixel 441, 317, 1, 1, 4.80374e+19
Pixel 440, 317, 1, 1, 4.80374e+19
Pixel 440, 318, 1, 1, 4.80374e+19
=== 653717 ===
--- pALPIDEfs_3 ---
Pixel 203, 464, 1, 1, 4.80374e+19
Pixel 203, 465, 1, 1, 4.80374e+19
Pixel 204, 465, 1, 1, 4.80374e+19
Pixel 204, 466, 1, 1, 4.80374e+19
=== 659037 ===
--- pALPIDEfs_1 ---
Pixel 763, 393, 1, 1, 4.80374e+19
Pixel 762, 393, 1, 1, 4.80374e+19
=== 675337 ===
--- pALPIDEfs_0 ---
Pixel 479, 199, 1, 1, 4.80374e+19
Pixel 478, 199, 1, 1, 4.80374e+19
Pixel 478, 200, 1, 1, 4.80374e+19
Pixel 479, 200, 1, 1, 4.80374e+19
=== 676892 ===
--- pALPIDEfs_0 ---
Pixel 87, 261, 1, 1, 4.80374e+19
Pixel 86, 261, 1, 1, 4.80374e+19
Pixel 86, 262, 1, 1, 4.80374e+19
Pixel 87, 262, 1, 1, 4.80374e+19
=== 689401 ===
--- pALPIDEfs_6 ---
Pixel 276, 423, 1, 1, 4.80374e+19
Pixel 276, 424, 1, 1, 4.80374e+19
Pixel 276, 425, 1, 1, 4.80374e+19
=== 725091 ===
--- pALPIDEfs_4 ---
Pixel 894, 76, 1, 1, 4.80374e+19
Pixel 894, 77, 1, 1, 4.80374e+19
=== 726881 ===
--- pALPIDEfs_3 ---
Pixel 3, 238, 1, 1, 4.80374e+19
=== 732335 ===
--- pALPIDEfs_3 ---
Pixel 456, 280, 1, 1, 4.80374e+19
Pixel 457, 280, 1, 1, 4.80374e+19
Pixel 459, 278, 1, 1, 4.80374e+19
Pixel 459, 279, 1, 1, 4.80374e+19
Pixel 458, 279, 1, 1, 4.80374e+19
Pixel 458, 280, 1, 1, 4.80374e+19
Pixel 461, 277, 1, 1, 4.80374e+19
Pixel 460, 278, 1, 1, 4.80374e+19
Pixel 461, 278, 1, 1, 4.80374e+19
Pixel 462, 277, 1, 1, 4.80374e+19
=== 734353 ===
--- pALPIDEfs_0 ---
Pixel 257, 275, 1, 1, 4.80374e+19
Pixel 257, 276, 1, 1, 4.80374e+19
=== 753774 ===
--- pALPIDEfs_5 ---
Pixel 617, 500, 1, 1, 4.80374e+19
Pixel 617, 501, 1, 1, 4.80374e+19
Pixel 617, 502, 1, 1, 4.80374e+19
Pixel 617, 503, 1, 1, 4.80374e+19
Pixel 617, 504, 1, 1, 4.80374e+19
Pixel 618, 503, 1, 1, 4.80374e+19
=== 776677 ===
--- pALPIDEfs_5 ---
Pixel 871, 235, 1, 1, 4.80374e+19
Pixel 871, 236, 1, 1, 4.80374e+19
=== 792889 ===
--- pALPIDEfs_2 ---
Pixel 557, 130, 1, 1, 4.80374e+19
Pixel 557, 131, 1, 1, 4.80374e+19
=== 805382 ===
--- pALPIDEfs_6 ---
Pixel 411, 362, 1, 1, 4.80374e+19
Pixel 411, 363, 1, 1, 4.80374e+19
=== 807412 ===
--- pALPIDEfs_5 ---
Pixel 238, 456, 1, 1, 4.80374e+19
Pixel 239, 456, 1, 1, 4.80374e+19
Pixel 239, 457, 1, 1, 4.80374e+19
--- pALPIDEfs_6 ---
Pixel 380, 159, 1, 1, 4.80374e+19
=== 810422 ===
--- pALPIDEfs_0 ---
Pixel 831, 84, 1, 1, 4.80374e+19
--- pALPIDEfs_1 ---
Pixel 687, 96, 1, 1, 4.80374e+19
--- pALPIDEfs_2 ---
Pixel 564, 2, 1, 1, 4.80374e+19
Pixel 565, 2, 1, 1, 4.80374e+19
Pixel 564, 3, 1, 1, 4.80374e+19
=== 822880 ===
--- pALPIDEfs_0 ---
Pixel 240, 109, 1, 1, 4.80374e+19
Pixel 240, 110, 1, 1, 4.80374e+19
=== 835585 ===
--- pALPIDEfs_6 ---
Pixel 277, 190, 1, 1, 4.80374e+19
Pixel 279, 189, 1, 1, 4.80374e+19
Pixel 278, 189, 1, 1, 4.80374e+19
Pixel 278, 190, 1, 1, 4.80374e+19
Pixel 279, 190, 1, 1, 4.80374e+19
Pixel 279, 191, 1, 1, 4.80374e+19
Pixel 278, 191, 1, 1, 4.80374e+19
Pixel 278, 192, 1, 1, 4.80374e+19
Pixel 279, 192, 1, 1, 4.80374e+19
Pixel 279, 193, 1, 1, 4.80374e+19
Pixel 278, 193, 1, 1, 4.80374e+19
Pixel 278, 194, 1, 1, 4.80374e+19
Pixel 279, 194, 1, 1, 4.80374e+19
=== 847312 ===
--- pALPIDEfs_5 ---
Pixel 149, 69, 1, 1, 4.80374e+19
Pixel 149, 70, 1, 1, 4.80374e+19
=== 851519 ===
--- pALPIDEfs_5 ---
Pixel 591, 95, 1, 1, 4.80374e+19
Pixel 591, 96, 1, 1, 4.80374e+19
Pixel 591, 97, 1, 1, 4.80374e+19
=== 866132 ===
--- pALPIDEfs_4 ---
Pixel 890, 251, 1, 1, 4.80374e+19
=== 881743 ===
--- pALPIDEfs_0 ---
Pixel 137, 490, 1, 1, 4.80374e+19
Pixel 137, 491, 1, 1, 4.80374e+19
Pixel 138, 491, 1, 1, 4.80374e+19
--- pALPIDEfs_1 ---
Pixel 385, 487, 1, 1, 4.80374e+19
--- pALPIDEfs_2 ---
Pixel 657, 379, 1, 1, 4.80374e+19
--- pALPIDEfs_3 ---
Pixel 929, 339, 1, 1, 4.80374e+19
Pixel 929, 340, 1, 1, 4.80374e+19
=== 895817 ===
--- pALPIDEfs_0 ---
Pixel 510, 398, 1, 1, 4.80374e+19
--- pALPIDEfs_1 ---
Pixel 607, 495, 1, 1, 4.80374e+19
Pixel 607, 496, 1, 1, 4.80374e+19
--- pALPIDEfs_2 ---
Pixel 727, 486, 1, 1, 4.80374e+19
Pixel 727, 487, 1, 1, 4.80374e+19
Pixel 728, 486, 1, 1, 4.80374e+19
Pixel 728, 487, 1, 1, 4.80374e+19
=== 905964 ===
--- pALPIDEfs_1 ---
Pixel 301, 106, 1, 1, 4.80374e+19
Pixel 301, 107, 1, 1, 4.80374e+19
--- pALPIDEfs_2 ---
Pixel 757, 38, 1, 1, 4.80374e+19
Pixel 757, 39, 1, 1, 4.80374e+19
--- pALPIDEfs_3 ---
Pixel 1013, 137, 1, 1, 4.80374e+19
=== 910052 ===
--- pALPIDEfs_4 ---
Pixel 428, 60, 1, 1, 4.80374e+19
Pixel 429, 60, 1, 1, 4.80374e+19
Pixel 429, 61, 1, 1, 4.80374e+19
Pixel 428, 61, 1, 1, 4.80374e+19
Pixel 428, 62, 1, 1, 4.80374e+19
Pixel 429, 62, 1, 1, 4.80374e+19
=== 926273 ===
--- pALPIDEfs_2 ---
Pixel 58, 364, 1, 1, 4.80374e+19
Pixel 59, 365, 1, 1, 4.80374e+19
Pixel 58, 365, 1, 1, 4.80374e+19
--- pALPIDEfs_3 ---
Pixel 91, 426, 1, 1, 4.80374e+19
Pixel 91, 427, 1, 1, 4.80374e+19
Pixel 92, 426, 1, 1, 4.80374e+19
Pixel 92, 427, 1, 1, 4.80374e+19
--- pALPIDEfs_5 ---
Pixel 31, 90, 1, 1, 4.80374e+19
Pixel 31, 91, 1, 1, 4.80374e+19
--- pALPIDEfs_6 ---
Pixel 193, 19, 1, 1, 4.80374e+19
Pixel 194, 18, 1, 1, 4.80374e+19
Pixel 194, 19, 1, 1, 4.80374e+19
=== 927987 ===
--- pALPIDEfs_1 ---
Pixel 591, 35, 1, 1, 4.80374e+19
Pixel 591, 36, 1, 1, 4.80374e+19
=== 938090 ===
--- pALPIDEfs_2 ---
Pixel 289, 203, 1, 1, 4.80374e+19
Pixel 289, 204, 1, 1, 4.80374e+19
Pixel 291, 203, 1, 1, 4.80374e+19
Pixel 290, 203, 1, 1, 4.80374e+19
Pixel 290, 204, 1, 1, 4.80374e+19
Pixel 291, 204, 1, 1, 4.80374e+19
=== 950120 ===
--- pALPIDEfs_3 ---
Pixel 389, 470, 1, 1, 4.80374e+19
Pixel 390, 470, 1, 1, 4.80374e+19
=== 952156 ===
--- pALPIDEfs_5 ---
Pixel 703, 447, 1, 1, 4.80374e+19
Pixel 702, 447, 1, 1, 4.80374e+19
Pixel 702, 448, 1, 1, 4.80374e+19
=== 952157 ===
--- pALPIDEfs_5 ---
Pixel 703, 447, 1, 1, 4.80374e+19
Pixel 702, 448, 1, 1, 4.80374e+19
=== 962931 ===
--- pALPIDEfs_4 ---
Pixel 994, 323, 1, 1, 4.80374e+19
=== 979309 ===
--- pALPIDEfs_3 ---
Pixel 413, 240, 1, 1, 4.80374e+19
=== 983266 ===
--- pALPIDEfs_4 ---
Pixel 864, 468, 1, 1, 4.80374e+19
Pixel 865, 468, 1, 1, 4.80374e+19
--- pALPIDEfs_5 ---
Pixel 537, 329, 1, 1, 4.80374e+19
Pixel 537, 330, 1, 1, 4.80374e+19
--- pALPIDEfs_6 ---
Pixel 260, 134, 1, 1, 4.80374e+19
Pixel 261, 134, 1, 1, 4.80374e+19
=== 985755 ===
--- pALPIDEfs_1 ---
Pixel 607, 367, 1, 1, 4.80374e+19
=== 1023034 ===
--- pALPIDEfs_0 ---
Pixel 704, 282, 1, 1, 4.80374e+19
Pixel 704, 283, 1, 1, 4.80374e+19
=== 1065507 ===
--- pALPIDEfs_0 ---
Pixel 860, 100, 1, 1, 4.80374e+19
=== 1080847 ===
--- pALPIDEfs_2 ---
Pixel 685, 185, 1, 1, 4.80374e+19
Pixel 685, 186, 1, 1, 4.80374e+19
=== 1082771 ===
--- pALPIDEfs_2 ---
Pixel 508, 52, 1, 1, 4.80374e+19
Pixel 509, 52, 1, 1, 4.80374e+19
Pixel 509, 53, 1, 1, 4.80374e+19
Pixel 508, 53, 1, 1, 4.80374e+19
Pixel 510, 53, 1, 1, 4.80374e+19
Pixel 510, 54, 1, 1, 4.80374e+19
Pixel 511, 54, 1, 1, 4.80374e+19
Pixel 511, 55, 1, 1, 4.80374e+19
=== 1082772 ===
--- pALPIDEfs_2 ---
Pixel 508, 52, 1, 1, 4.80374e+19
Pixel 509, 52, 1, 1, 4.80374e+19
Pixel 509, 53, 1, 1, 4.80374e+19
Pixel 508, 53, 1, 1, 4.80374e+19
Pixel 511, 53, 1, 1, 4.80374e+19
Pixel 510, 53, 1, 1, 4.80374e+19
Pixel 510, 54, 1, 1, 4.80374e+19
Pixel 511, 54, 1, 1, 4.80374e+19
Pixel 511, 55, 1, 1, 4.80374e+19
=== 1089687 ===
--- pALPIDEfs_3 ---
Pixel 22, 124, 1, 1, 4.80374e+19
Pixel 23, 124, 1, 1, 4.80374e+19
Pixel 23, 125, 1, 1, 4.80374e+19
Pixel 22, 125, 1, 1, 4.80374e+19
=== 1113869 ===
--- pALPIDEfs_5 ---
Pixel 71, 160, 1, 1, 4.80374e+19
=== 1113870 ===
--- pALPIDEfs_5 ---
Pixel 71, 160, 1, 1, 4.80374e+19
=== 1118742 ===
--- pALPIDEfs_6 ---
Pixel 996, 254, 1, 1, 4.80374e+19
Pixel 997, 254, 1, 1, 4.80374e+19
=== 1146905 ===
--- pALPIDEfs_5 ---
Pixel 443, 210, 1, 1, 4.80374e+19
Pixel 443, 211, 1, 1, 4.80374e+19
--- pALPIDEfs_6 ---
Pixel 663, 349, 1, 1, 4.80374e+19
Pixel 662, 349, 1, 1, 4.80374e+19
=== 1147678 ===
--- pALPIDEfs_4 ---
Pixel 189, 434, 1, 1, 4.80374e+19
Pixel 189, 435, 1, 1, 4.80374e+19
Pixel 190, 434, 1, 1, 4.80374e+19
Pixel 190, 435, 1, 1, 4.80374e+19
Pixel 190, 436, 1, 1, 4.80374e+19
=== 1147752 ===
--- pALPIDEfs_3 ---
Pixel 1005, 72, 1, 1, 4.80374e+19
Pixel 1006, 71, 1, 1, 4.80374e+19
Pixel 1006, 72, 1, 1, 4.80374e+19
Pixel 1007, 72, 1, 1, 4.80374e+19
=== 1148958 ===
--- pALPIDEfs_6 ---
Pixel 475, 459, 1, 1, 4.80374e+19
Pixel 475, 460, 1, 1, 4.80374e+19
Pixel 476, 459, 1, 1, 4.80374e+19
Pixel 476, 460, 1, 1, 4.80374e+19
=== 1153403 ===
--- pALPIDEfs_5 ---
Pixel 295, 435, 1, 1, 4.80374e+19
Pixel 295, 436, 1, 1, 4.80374e+19
=== 1157211 ===
--- pALPIDEfs_1 ---
Pixel 688, 123, 1, 1, 4.80374e+19
=== 1166778 ===
--- pALPIDEfs_3 ---
Pixel 668, 263, 1, 1, 4.80374e+19
Pixel 668, 264, 1, 1, 4.80374e+19
Pixel 669, 264, 1, 1, 4.80374e+19
=== 1185238 ===
--- pALPIDEfs_5 ---
Pixel 690, 496, 1, 1, 4.80374e+19
Pixel 690, 497, 1, 1, 4.80374e+19
=== 1219079 ===
--- pALPIDEfs_3 ---
Pixel 809, 32, 1, 1, 4.80374e+19
Pixel 810, 32, 1, 1, 4.80374e+19
=== 1236617 ===
--- pALPIDEfs_3 ---
Pixel 466, 267, 1, 1, 4.80374e+19
Pixel 466, 268, 1, 1, 4.80374e+19
=== 1268804 ===
--- pALPIDEfs_0 ---
Pixel 504, 120, 1, 1, 4.80374e+19
Pixel 505, 120, 1, 1, 4.80374e+19
--- pALPIDEfs_1 ---
Pixel 720, 89, 1, 1, 4.80374e+19
=== 1269175 ===
--- pALPIDEfs_5 ---
Pixel 795, 2, 1, 1, 4.80374e+19
Pixel 795, 3, 1, 1, 4.80374e+19
Pixel 796, 2, 1, 1, 4.80374e+19
Pixel 796, 3, 1, 1, 4.80374e+19
=== 1279157 ===
--- pALPIDEfs_6 ---
Pixel 238, 74, 1, 1, 4.80374e+19
Pixel 238, 75, 1, 1, 4.80374e+19
=== 1284458 ===
--- pALPIDEfs_0 ---
Pixel 547, 509, 1, 1, 4.80374e+19
Pixel 547, 510, 1, 1, 4.80374e+19
Pixel 549, 509, 1, 1, 4.80374e+19
Pixel 548, 509, 1, 1, 4.80374e+19
Pixel 548, 510, 1, 1, 4.80374e+19
Pixel 549, 510, 1, 1, 4.80374e+19
Pixel 551, 509, 1, 1, 4.80374e+19
Pixel 550, 509, 1, 1, 4.80374e+19
Pixel 550, 510, 1, 1, 4.80374e+19
=== 1289604 ===
--- pALPIDEfs_6 ---
Pixel 230, 469, 1, 1, 4.80374e+19
Pixel 230, 470, 1, 1, 4.80374e+19
=== 1297342 ===
--- pALPIDEfs_5 ---
Pixel 269, 68, 1, 1, 4.80374e+19
Pixel 269, 69, 1, 1, 4.80374e+19
=== 1310582 ===
--- pALPIDEfs_0 ---
Pixel 719, 267, 1, 1, 4.80374e+19
Pixel 719, 268, 1, 1, 4.80374e+19
Pixel 720, 268, 1, 1, 4.80374e+19
Pixel 721, 268, 1, 1, 4.80374e+19
Pixel 722, 268, 1, 1, 4.80374e+19
=== 1311350 ===
--- pALPIDEfs_4 ---
Pixel 477, 167, 1, 1, 4.80374e+19
Pixel 477, 168, 1, 1, 4.80374e+19
Pixel 477, 169, 1, 1, 4.80374e+19
Pixel 478, 167, 1, 1, 4.80374e+19
Pixel 478, 168, 1, 1, 4.80374e+19
=== 1314564 ===
--- pALPIDEfs_5 ---
Pixel 155, 392, 1, 1, 4.80374e+19
Pixel 155, 393, 1, 1, 4.80374e+19
Pixel 155, 394, 1, 1, 4.80374e+19
Pixel 156, 392, 1, 1, 4.80374e+19
Pixel 156, 393, 1, 1, 4.80374e+19
Pixel 156, 394, 1, 1, 4.80374e+19
=== 1318944 ===
--- pALPIDEfs_5 ---
Pixel 903, 111, 1, 1, 4.80374e+19
=== 1326720 ===
--- pALPIDEfs_6 ---
Pixel 315, 293, 1, 1, 4.80374e+19
Pixel 316, 293, 1, 1, 4.80374e+19
Pixel 316, 294, 1, 1, 4.80374e+19
Pixel 317, 294, 1, 1, 4.80374e+19
=== 1355744 ===
--- pALPIDEfs_3 ---
Pixel 446, 326, 1, 1, 4.80374e+19
Pixel 447, 326, 1, 1, 4.80374e+19
Pixel 447, 327, 1, 1, 4.80374e+19
Pixel 446, 327, 1, 1, 4.80374e+19
=== 1356997 ===
--- pALPIDEfs_4 ---
Pixel 257, 119, 1, 1, 4.80374e+19
Pixel 256, 119, 1, 1, 4.80374e+19
=== 1360192 ===
--- pALPIDEfs_1 ---
Pixel 703, 357, 1, 1, 4.80374e+19
Pixel 703, 358, 1, 1, 4.80374e+19
=== 1389469 ===
--- pALPIDEfs_5 ---
Pixel 399, 201, 1, 1, 4.80374e+19
Pixel 398, 201, 1, 1, 4.80374e+19
Pixel 398, 202, 1, 1, 4.80374e+19
Pixel 399, 202, 1, 1, 4.80374e+19
=== 1394845 ===
--- pALPIDEfs_5 ---
Pixel 529, 386, 1, 1, 4.80374e+19
Pixel 529, 387, 1, 1, 4.80374e+19
=== 1397786 ===
--- pALPIDEfs_3 ---
Pixel 750, 94, 1, 1, 4.80374e+19
Pixel 751, 94, 1, 1, 4.80374e+19
Pixel 751, 95, 1, 1, 4.80374e+19
Pixel 750, 95, 1, 1, 4.80374e+19
=== 1420275 ===
--- pALPIDEfs_3 ---
Pixel 913, 341, 1, 1, 4.80374e+19
=== 1433053 ===
--- pALPIDEfs_4 ---
Pixel 63, 215, 1, 1, 4.80374e+19
Pixel 62, 216, 1, 1, 4.80374e+19
Pixel 63, 216, 1, 1, 4.80374e+19
=== 1445962 ===
--- pALPIDEfs_6 ---
Pixel 553, 192, 1, 1, 4.80374e+19
Pixel 554, 191, 1, 1, 4.80374e+19
Pixel 554, 192, 1, 1, 4.80374e+19
=== 1458911 ===
--- pALPIDEfs_0 ---
Pixel 693, 83, 1, 1, 4.80374e+19
Pixel 692, 84, 1, 1, 4.80374e+19
Pixel 693, 84, 1, 1, 4.80374e+19
=== 1465820 ===
--- pALPIDEfs_1 ---
Pixel 399, 416, 1, 1, 4.80374e+19
=== 1487760 ===
--- pALPIDEfs_1 ---
Pixel 119, 399, 1, 1, 4.80374e+19
Pixel 119, 400, 1, 1, 4.80374e+19
Pixel 121, 399, 1, 1, 4.80374e+19
Pixel 120, 399, 1, 1, 4.80374e+19
Pixel 120, 400, 1, 1, 4.80374e+19
Pixel 121, 400, 1, 1, 4.80374e+19
=== 1498988 ===
--- pALPIDEfs_3 ---
Pixel 917, 303, 1, 1, 4.80374e+19
Pixel 918, 303, 1, 1, 4.80374e+19
Pixel 918, 304, 1, 1, 4.80374e+19
Pixel 919, 304, 1, 1, 4.80374e+19
Pixel 919, 305, 1, 1, 4.80374e+19
=== 1540957 ===
--- pALPIDEfs_3 ---
Pixel 948, 372, 1, 1, 4.80374e+19
Pixel 949, 372, 1, 1, 4.80374e+19
Pixel 949, 373, 1, 1, 4.80374e+19
Pixel 948, 373, 1, 1, 4.80374e+19
=== 1561074 ===
--- pALPIDEfs_0 ---
Pixel 148, 181, 1, 1, 4.80374e+19
--- pALPIDEfs_1 ---
Pixel 133, 302, 1, 1, 4.80374e+19
Pixel 134, 302, 1, 1, 4.80374e+19
--- pALPIDEfs_2 ---
Pixel 360, 394, 1, 1, 4.80374e+19
Pixel 361, 394, 1, 1, 4.80374e+19
=== 1574839 ===
--- pALPIDEfs_6 ---
Pixel 206, 350, 1, 1, 4.80374e+19
Pixel 207, 350, 1, 1, 4.80374e+19
Pixel 207, 351, 1, 1, 4.80374e+19
Pixel 206, 351, 1, 1, 4.80374e+19
Pixel 206, 352, 1, 1, 4.80374e+19
Pixel 207, 352, 1, 1, 4.80374e+19
Pixel 207, 353, 1, 1, 4.80374e+19
Pixel 206, 353, 1, 1, 4.80374e+19
=== 1593831 ===
--- pALPIDEfs_3 ---
Pixel 798, 154, 1, 1, 4.80374e+19
Pixel 798, 155, 1, 1, 4.80374e+19
=== 1609653 ===
--- pALPIDEfs_1 ---
Pixel 787, 343, 1, 1, 4.80374e+19
--- pALPIDEfs_2 ---
Pixel 727, 22, 1, 1, 4.80374e+19
Pixel 727, 23, 1, 1, 4.80374e+19
=== 1625414 ===
--- pALPIDEfs_0 ---
Pixel 689, 10, 1, 1, 4.80374e+19
Pixel 691, 9, 1, 1, 4.80374e+19
Pixel 690, 9, 1, 1, 4.80374e+19
Pixel 690, 10, 1, 1, 4.80374e+19
=== 1647185 ===
--- pALPIDEfs_4 ---
Pixel 519, 369, 1, 1, 4.80374e+19
Pixel 519, 370, 1, 1, 4.80374e+19
=== 1648305 ===
--- pALPIDEfs_6 ---
Pixel 622, 336, 1, 1, 4.80374e+19
Pixel 623, 336, 1, 1, 4.80374e+19
Pixel 623, 337, 1, 1, 4.80374e+19
Pixel 622, 337, 1, 1, 4.80374e+19
=== 1657677 ===
--- pALPIDEfs_4 ---
Pixel 762, 231, 1, 1, 4.80374e+19
Pixel 762, 232, 1, 1, 4.80374e+19
=== 1678182 ===
--- pALPIDEfs_0 ---
Pixel 167, 499, 1, 1, 4.80374e+19
Pixel 168, 499, 1, 1, 4.80374e+19
=== 1697127 ===
--- pALPIDEfs_0 ---
Pixel 394, 342, 1, 1, 4.80374e+19
Pixel 395, 342, 1, 1, 4.80374e+19
Pixel 395, 343, 1, 1, 4.80374e+19
Pixel 394, 343, 1, 1, 4.80374e+19
Pixel 394, 344, 1, 1, 4.80374e+19
Pixel 395, 344, 1, 1, 4.80374e+19
Pixel 396, 342, 1, 1, 4.80374e+19
Pixel 397, 342, 1, 1, 4.80374e+19
Pixel 398, 342, 1, 1, 4.80374e+19
=== 1703818 ===
--- pALPIDEfs_2 ---
Pixel 846, 350, 1, 1, 4.80374e+19
--- pALPIDEfs_3 ---
Pixel 647, 443, 1, 1, 4.80374e+19
Pixel 648, 443, 1, 1, 4.80374e+19
Pixel 648, 444, 1, 1, 4.80374e+19
=== 1706350 ===
--- pALPIDEfs_5 ---
Pixel 590, 72, 1, 1, 4.80374e+19
Pixel 591, 72, 1, 1, 4.80374e+19
Pixel 591, 73, 1, 1, 4.80374e+19
Pixel 590, 73, 1, 1, 4.80374e+19
=== 1708793 ===
--- pALPIDEfs_6 ---
Pixel 826, 241, 1, 1, 4.80374e+19
=== 1709460 ===
--- pALPIDEfs_6 ---
Pixel 131, 510, 1, 1, 4.80374e+19
Pixel 131, 511, 1, 1, 4.80374e+19
Pixel 133, 504, 1, 1, 4.80374e+19
Pixel 133, 505, 1, 1, 4.80374e+19
Pixel 133, 506, 1, 1, 4.80374e+19
Pixel 133, 507, 1, 1, 4.80374e+19
Pixel 133, 508, 1, 1, 4.80374e+19
Pixel 133, 509, 1, 1, 4.80374e+19
Pixel 132, 509, 1, 1, 4.80374e+19
Pixel 132, 510, 1, 1, 4.80374e+19
Pixel 133, 510, 1, 1, 4.80374e+19
Pixel 132, 511, 1, 1, 4.80374e+19
Pixel 134, 503, 1, 1, 4.80374e+19
Pixel 134, 504, 1, 1, 4.80374e+19
Pixel 135, 505, 1, 1, 4.80374e+19
Pixel 134, 505, 1, 1, 4.80374e+19
Pixel 134, 506, 1, 1, 4.80374e+19
Pixel 135, 506, 1, 1, 4.80374e+19
Pixel 135, 507, 1, 1, 4.80374e+19
=== 1709484 ===
--- pALPIDEfs_1 ---
Pixel 513, 278, 1, 1, 4.80374e+19
Pixel 513, 279, 1, 1, 4.80374e+19
Pixel 514, 276, 1, 1, 4.80374e+19
Pixel 515, 276, 1, 1, 4.80374e+19
Pixel 515, 277, 1, 1, 4.80374e+19
Pixel 514, 277, 1, 1, 4.80374e+19
Pixel 514, 278, 1, 1, 4.80374e+19
Pixel 515, 278, 1, 1, 4.80374e+19
Pixel 514, 279, 1, 1, 4.80374e+19
Pixel 514, 280, 1, 1, 4.80374e+19
=== 1759930 ===
--- pALPIDEfs_2 ---
Pixel 657, 500, 1, 1, 4.80374e+19
Pixel 657, 501, 1, 1, 4.80374e+19
Pixel 658, 499, 1, 1, 4.80374e+19
Pixel 658, 500, 1, 1, 4.80374e+19
Pixel 659, 500, 1, 1, 4.80374e+19
Pixel 659, 501, 1, 1, 4.80374e+19
Pixel 658, 501, 1, 1, 4.80374e+19
=== 1782485 ===
--- pALPIDEfs_5 ---
Pixel 771, 202, 1, 1, 4.80374e+19
Pixel 771, 203, 1, 1, 4.80374e+19
=== 1824139 ===
--- pALPIDEfs_4 ---
Pixel 555, 407, 1, 1, 4.80374e+19
Pixel 555, 408, 1, 1, 4.80374e+19
Pixel 556, 408, 1, 1, 4.80374e+19
Pixel 556, 409, 1, 1, 4.80374e+19
=== 1826267 ===
--- pALPIDEfs_2 ---
Pixel 199, 490, 1, 1, 4.80374e+19
Pixel 200, 490, 1, 1, 4.80374e+19
=== 1846949 ===
--- pALPIDEfs_5 ---
Pixel 595, 182, 1, 1, 4.80374e+19
Pixel 596, 182, 1, 1, 4.80374e+19
Pixel 596, 183, 1, 1, 4.80374e+19
=== 1869778 ===
--- pALPIDEfs_0 ---
Pixel 917, 177, 1, 1, 4.80374e+19
Pixel 917, 178, 1, 1, 4.80374e+19
Pixel 918, 177, 1, 1, 4.80374e+19
Pixel 918, 178, 1, 1, 4.80374e+19
=== 1881578 ===
--- pALPIDEfs_4 ---
Pixel 103, 487, 1, 1, 4.80374e+19
Pixel 103, 488, 1, 1, 4.80374e+19
Pixel 103, 489, 1, 1, 4.80374e+19
Pixel 104, 487, 1, 1, 4.80374e+19
Pixel 104, 488, 1, 1, 4.80374e+19
Pixel 105, 488, 1, 1, 4.80374e+19
Pixel 105, 489, 1, 1, 4.80374e+19
Pixel 104, 489, 1, 1, 4.80374e+19
=== 1924447 ===
--- pALPIDEfs_5 ---
Pixel 755, 98, 1, 1, 4.80374e+19
Pixel 755, 99, 1, 1, 4.80374e+19
Pixel 754, 99, 1, 1, 4.80374e+19
Pixel 754, 100, 1, 1, 4.80374e+19
Pixel 755, 100, 1, 1, 4.80374e+19
=== 1926785 ===
--- pALPIDEfs_0 ---
Pixel 863, 345, 1, 1, 4.80374e+19
Pixel 863, 346, 1, 1, 4.80374e+19
Pixel 864, 346, 1, 1, 4.80374e+19
--- pALPIDEfs_1 ---
Pixel 783, 119, 1, 1, 4.80374e+19
Pixel 782, 119, 1, 1, 4.80374e+19
Pixel 782, 120, 1, 1, 4.80374e+19
=== 1963836 ===
--- pALPIDEfs_3 ---
Pixel 395, 299, 1, 1, 4.80374e+19
=== 1965156 ===
--- pALPIDEfs_3 ---
Pixel 985, 43, 1, 1, 4.80374e+19
Pixel 984, 43, 1, 1, 4.80374e+19
=== 1973973 ===
--- pALPIDEfs_3 ---
Pixel 303, 52, 1, 1, 4.80374e+19
=== 1980916 ===
--- pALPIDEfs_2 ---
Pixel 791, 509, 1, 1, 4.80374e+19
Pixel 790, 509, 1, 1, 4.80374e+19
Pixel 791, 510, 1, 1, 4.80374e+19
Pixel 792, 509, 1, 1, 4.80374e+19
Pixel 792, 510, 1, 1, 4.80374e+19
=== 1984162 ===
--- pALPIDEfs_3 ---
Pixel 413, 240, 1, 1, 4.80374e+19
=== 2024191 ===
--- pALPIDEfs_6 ---
Pixel 207, 54, 1, 1, 4.80374e+19
Pixel 207, 55, 1, 1, 4.80374e+19
Pixel 206, 55, 1, 1, 4.80374e+19
Pixel 207, 56, 1, 1, 4.80374e+19
Pixel 208, 54, 1, 1, 4.80374e+19
Pixel 208, 55, 1, 1, 4.80374e+19
=== 2024923 ===
--- pALPIDEfs_2 ---
Pixel 374, 182, 1, 1, 4.80374e+19
Pixel 375, 182, 1, 1, 4.80374e+19
Pixel 375, 183, 1, 1, 4.80374e+19
Pixel 374, 183, 1, 1, 4.80374e+19
=== 2032076 ===
--- pALPIDEfs_4 ---
Pixel 850, 467, 1, 1, 4.80374e+19
Pixel 850, 468, 1, 1, 4.80374e+19
Pixel 851, 468, 1, 1, 4.80374e+19
=== 2034775 ===
--- pALPIDEfs_2 ---
Pixel 781, 271, 1, 1, 4.80374e+19
Pixel 781, 272, 1, 1, 4.80374e+19
Pixel 781, 273, 1, 1, 4.80374e+19
Pixel 781, 274, 1, 1, 4.80374e+19
Pixel 782, 272, 1, 1, 4.80374e+19
Pixel 782, 273, 1, 1, 4.80374e+19
Pixel 782, 274, 1, 1, 4.80374e+19
Pixel 782, 275, 1, 1, 4.80374e+19
=== 2042377 ===
--- pALPIDEfs_4 ---
Pixel 443, 279, 1, 1, 4.80374e+19
Pixel 445, 279, 1, 1, 4.80374e+19
Pixel 444, 279, 1, 1, 4.80374e+19
Pixel 444, 280, 1, 1, 4.80374e+19
Pixel 445, 280, 1, 1, 4.80374e+19
Pixel 446, 280, 1, 1, 4.80374e+19
Pixel 447, 280, 1, 1, 4.80374e+19
Pixel 447, 281, 1, 1, 4.80374e+19
Pixel 447, 285, 1, 1, 4.80374e+19
Pixel 449, 281, 1, 1, 4.80374e+19
Pixel 448, 281, 1, 1, 4.80374e+19
Pixel 448, 282, 1, 1, 4.80374e+19
Pixel 449, 282, 1, 1, 4.80374e+19
Pixel 448, 283, 1, 1, 4.80374e+19
Pixel 448, 284, 1, 1, 4.80374e+19
Pixel 448, 285, 1, 1, 4.80374e+19
--- pALPIDEfs_5 ---
Pixel 297, 11, 1, 1, 4.80374e+19
Pixel 296, 11, 1, 1, 4.80374e+19
Pixel 296, 12, 1, 1, 4.80374e+19
Pixel 297, 12, 1, 1, 4.80374e+19
=== 2046395 ===
--- pALPIDEfs_3 ---
Pixel 0, 178, 1, 1, 4.80374e+19
Pixel 1, 178, 1, 1, 4.80374e+19
Pixel 1, 179, 1, 1, 4.80374e+19
Pixel 0, 179, 1, 1, 4.80374e+19
Pixel 1, 180, 1, 1, 4.80374e+19
--- pALPIDEfs_4 ---
Pixel 140, 232, 1, 1, 4.80374e+19
Pixel 140, 233, 1, 1, 4.80374e+19
--- pALPIDEfs_5 ---
Pixel 248, 332, 1, 1, 4.80374e+19
Pixel 249, 332, 1, 1, 4.80374e+19
Pixel 249, 333, 1, 1, 4.80374e+19
Pixel 248, 333, 1, 1, 4.80374e+19
Pixel 249, 334, 1, 1, 4.80374e+19
--- pALPIDEfs_6 ---
Pixel 413, 375, 1, 1, 4.80374e+19
Pixel 412, 375, 1, 1, 4.80374e+19
=== 2047176 ===
--- pALPIDEfs_3 ---
Pixel 188, 428, 1, 1, 4.80374e+19
Pixel 188, 429, 1, 1, 4.80374e+19
=== 2053693 ===
--- pALPIDEfs_0 ---
Pixel 724, 70, 1, 1, 4.80374e+19
Pixel 724, 71, 1, 1, 4.80374e+19
--- pALPIDEfs_1 ---
Pixel 533, 315, 1, 1, 4.80374e+19
Pixel 533, 316, 1, 1, 4.80374e+19
--- pALPIDEfs_2 ---
Pixel 392, 453, 1, 1, 4.80374e+19
=== 2054984 ===
--- pALPIDEfs_1 ---
Pixel 410, 210, 1, 1, 4.80374e+19
=== 2056844 ===
--- pALPIDEfs_4 ---
Pixel 27, 1, 1, 1, 4.80374e+19
Pixel 28, 1, 1, 1, 4.80374e+19
=== 2065859 ===
--- pALPIDEfs_1 ---
Pixel 210, 344, 1, 1, 4.80374e+19
Pixel 211, 345, 1, 1, 4.80374e+19
Pixel 210, 345, 1, 1, 4.80374e+19
=== 2070734 ===
--- pALPIDEfs_5 ---
Pixel 485, 387, 1, 1, 4.80374e+19
Pixel 484, 387, 1, 1, 4.80374e+19
Pixel 484, 388, 1, 1, 4.80374e+19
Pixel 485, 388, 1, 1, 4.80374e+19
=== 2075608 ===
--- pALPIDEfs_6 ---
Pixel 912, 4, 1, 1, 4.80374e+19
Pixel 913, 4, 1, 1, 4.80374e+19
Pixel 913, 5, 1, 1, 4.80374e+19
Pixel 912, 5, 1, 1, 4.80374e+19
=== 2077744 ===
--- pALPIDEfs_0 ---
Pixel 891, 47, 1, 1, 4.80374e+19
Pixel 891, 48, 1, 1, 4.80374e+19
Pixel 891, 49, 1, 1, 4.80374e+19
Pixel 890, 49, 1, 1, 4.80374e+19
Pixel 890, 50, 1, 1, 4.80374e+19
Pixel 892, 47, 1, 1, 4.80374e+19
Pixel 892, 48, 1, 1, 4.80374e+19
=== 2092091 ===
--- pALPIDEfs_4 ---
Pixel 21, 496, 1, 1, 4.80374e+19
Pixel 21, 497, 1, 1, 4.80374e+19
Pixel 22, 496, 1, 1, 4.80374e+19
Pixel 23, 497, 1, 1, 4.80374e+19
Pixel 22, 497, 1, 1, 4.80374e+19
Pixel 22, 498, 1, 1, 4.80374e+19
Pixel 23, 498, 1, 1, 4.80374e+19
Pixel 23, 499, 1, 1, 4.80374e+19
Pixel 22, 499, 1, 1, 4.80374e+19
Pixel 22, 500, 1, 1, 4.80374e+19
Pixel 23, 500, 1, 1, 4.80374e+19
=== 2102736 ===
--- pALPIDEfs_0 ---
Pixel 361, 363, 1, 1, 4.80374e+19
Pixel 361, 364, 1, 1, 4.80374e+19
Pixel 361, 365, 1, 1, 4.80374e+19
Pixel 361, 366, 1, 1, 4.80374e+19
Pixel 362, 365, 1, 1, 4.80374e+19
Pixel 362, 366, 1, 1, 4.80374e+19
=== 2108596 ===
--- pALPIDEfs_3 ---
Pixel 900, 4, 1, 1, 4.80374e+19
Pixel 901, 4, 1, 1, 4.80374e+19
Pixel 901, 5, 1, 1, 4.80374e+19
Pixel 902, 5, 1, 1, 4.80374e+19
=== 2139399 ===
--- pALPIDEfs_4 ---
Pixel 1020, 473, 1, 1, 4.80374e+19
=== 2147848 ===
--- pALPIDEfs_1 ---
Pixel 855, 129, 1, 1, 4.80374e+19
Pixel 855, 130, 1, 1, 4.80374e+19
Pixel 856, 129, 1, 1, 4.80374e+19
=== 2164476 ===
--- pALPIDEfs_3 ---
Pixel 199, 91, 1, 1, 4.80374e+19
Pixel 198, 91, 1, 1, 4.80374e+19
Pixel 198, 92, 1, 1, 4.80374e+19
Pixel 199, 92, 1, 1, 4.80374e+19
Pixel 200, 92, 1, 1, 4.80374e+19
=== 2170645 ===
--- pALPIDEfs_5 ---
Pixel 481, 169, 1, 1, 4.80374e+19
Pixel 481, 170, 1, 1, 4.80374e+19
Pixel 482, 170, 1, 1, 4.80374e+19
=== 2174260 ===
--- pALPIDEfs_4 ---
Pixel 555, 232, 1, 1, 4.80374e+19
=== 2208032 ===
--- pALPIDEfs_2 ---
Pixel 883, 475, 1, 1, 4.80374e+19
Pixel 883, 476, 1, 1, 4.80374e+19
=== 2208555 ===
--- pALPIDEfs_0 ---
Pixel 95, 496, 1, 1, 4.80374e+19
Pixel 95, 497, 1, 1, 4.80374e+19
=== 2227783 ===
--- pALPIDEfs_5 ---
Pixel 287, 471, 1, 1, 4.80374e+19
Pixel 288, 471, 1, 1, 4.80374e+19
=== 2252098 ===
--- pALPIDEfs_0 ---
Pixel 747, 58, 1, 1, 4.80374e+19
Pixel 747, 59, 1, 1, 4.80374e+19
=== 2256268 ===
--- pALPIDEfs_3 ---
Pixel 70, 234, 1, 1, 4.80374e+19
=== 2263431 ===
--- pALPIDEfs_5 ---
Pixel 190, 432, 1, 1, 4.80374e+19
Pixel 191, 432, 1, 1, 4.80374e+19
Pixel 191, 433, 1, 1, 4.80374e+19
Pixel 190, 433, 1, 1, 4.80374e+19
=== 2281316 ===
--- pALPIDEfs_5 ---
Pixel 687, 224, 1, 1, 4.80374e+19
Pixel 687, 225, 1, 1, 4.80374e+19
=== 2293645 ===
--- pALPIDEfs_3 ---
Pixel 1020, 236, 1, 1, 4.80374e+19
Pixel 1021, 236, 1, 1, 4.80374e+19
Pixel 1021, 237, 1, 1, 4.80374e+19
Pixel 1020, 237, 1, 1, 4.80374e+19
=== 2331361 ===
--- pALPIDEfs_2 ---
Pixel 891, 176, 1, 1, 4.80374e+19
Pixel 891, 177, 1, 1, 4.80374e+19
Pixel 892, 177, 1, 1, 4.80374e+19
=== 2370940 ===
--- pALPIDEfs_4 ---
Pixel 863, 265, 1, 1, 4.80374e+19
Pixel 863, 266, 1, 1, 4.80374e+19
--- pALPIDEfs_5 ---
Pixel 65, 202, 1, 1, 4.80374e+19
Pixel 65, 203, 1, 1, 4.80374e+19
Pixel 66, 202, 1, 1, 4.80374e+19
Pixel 66, 203, 1, 1, 4.80374e+19
=== 2390227 ===
--- pALPIDEfs_6 ---
Pixel 873, 160, 1, 1, 4.80374e+19
Pixel 875, 159, 1, 1, 4.80374e+19
Pixel 874, 159, 1, 1, 4.80374e+19
Pixel 874, 160, 1, 1, 4.80374e+19
Pixel 875, 160, 1, 1, 4.80374e+19
Pixel 875, 161, 1, 1, 4.80374e+19
Pixel 874, 161, 1, 1, 4.80374e+19
Pixel 876, 160, 1, 1, 4.80374e+19
=== 2401277 ===
--- pALPIDEfs_0 ---
Pixel 969, 317, 1, 1, 4.80374e+19
Pixel 968, 317, 1, 1, 4.80374e+19
Pixel 968, 318, 1, 1, 4.80374e+19
Pixel 969, 318, 1, 1, 4.80374e+19
Pixel 970, 318, 1, 1, 4.80374e+19
Pixel 971, 318, 1, 1, 4.80374e+19
Pixel 971, 319, 1, 1, 4.80374e+19
Pixel 970, 319, 1, 1, 4.80374e+19
Pixel 972, 318, 1, 1, 4.80374e+19
Pixel 973, 319, 1, 1, 4.80374e+19
Pixel 972, 319, 1, 1, 4.80374e+19
Pixel 973, 320, 1, 1, 4.80374e+19
Pixel 974, 319, 1, 1, 4.80374e+19
Pixel 974, 320, 1, 1, 4.80374e+19
Pixel 975, 320, 1, 1, 4.80374e+19
Pixel 975, 321, 1, 1, 4.80374e+19
Pixel 974, 321, 1, 1, 4.80374e+19
Pixel 974, 322, 1, 1, 4.80374e+19
Pixel 975, 322, 1, 1, 4.80374e+19
Pixel 975, 323, 1, 1, 4.80374e+19
Pixel 975, 324, 1, 1, 4.80374e+19
Pixel 974, 325, 1, 1, 4.80374e+19
=== 2439456 ===
--- pALPIDEfs_4 ---
Pixel 91, 397, 1, 1, 4.80374e+19
Pixel 91, 398, 1, 1, 4.80374e+19
Pixel 92, 397, 1, 1, 4.80374e+19
Pixel 92, 398, 1, 1, 4.80374e+19
--- pALPIDEfs_5 ---
Pixel 311, 73, 1, 1, 4.80374e+19
Pixel 310, 73, 1, 1, 4.80374e+19
--- pALPIDEfs_6 ---
Pixel 589, 50, 1, 1, 4.80374e+19
Pixel 589, 51, 1, 1, 4.80374e+19
=== 2444246 ===
--- pALPIDEfs_2 ---
Pixel 887, 162, 1, 1, 4.80374e+19
=== 2449534 ===
--- pALPIDEfs_3 ---
Pixel 305, 115, 1, 1, 4.80374e+19
Pixel 305, 116, 1, 1, 4.80374e+19
Pixel 306, 115, 1, 1, 4.80374e+19
Pixel 306, 116, 1, 1, 4.80374e+19
=== 2459907 ===
--- pALPIDEfs_2 ---
Pixel 329, 287, 1, 1, 4.80374e+19
Pixel 328, 287, 1, 1, 4.80374e+19
Pixel 328, 288, 1, 1, 4.80374e+19
Pixel 329, 288, 1, 1, 4.80374e+19
=== 2489155 ===
--- pALPIDEfs_2 ---
Pixel 489, 450, 1, 1, 4.80374e+19
=== 2546394 ===
--- pALPIDEfs_4 ---
Pixel 632, 260, 1, 1, 4.80374e+19
Pixel 633, 260, 1, 1, 4.80374e+19
Pixel 633, 261, 1, 1, 4.80374e+19
Pixel 634, 261, 1, 1, 4.80374e+19
=== 2573333 ===
--- pALPIDEfs_6 ---
Pixel 683, 354, 1, 1, 4.80374e+19
=== 2576452 ===
--- pALPIDEfs_5 ---
Pixel 789, 483, 1, 1, 4.80374e+19
=== 2577514 ===
--- pALPIDEfs_2 ---
Pixel 415, 220, 1, 1, 4.80374e+19
Pixel 415, 221, 1, 1, 4.80374e+19
Pixel 416, 216, 1, 1, 4.80374e+19
Pixel 416, 217, 1, 1, 4.80374e+19
Pixel 416, 218, 1, 1, 4.80374e+19
Pixel 417, 218, 1, 1, 4.80374e+19
Pixel 417, 219, 1, 1, 4.80374e+19
Pixel 416, 219, 1, 1, 4.80374e+19
Pixel 416, 220, 1, 1, 4.80374e+19
Pixel 416, 221, 1, 1, 4.80374e+19
Pixel 416, 222, 1, 1, 4.80374e+19
Pixel 416, 223, 1, 1, 4.80374e+19
Pixel 416, 224, 1, 1, 4.80374e+19
Pixel 417, 224, 1, 1, 4.80374e+19
Pixel 416, 225, 1, 1, 4.80374e+19
--- pALPIDEfs_3 ---
Pixel 555, 268, 1, 1, 4.80374e+19
Pixel 555, 269, 1, 1, 4.80374e+19
Pixel 557, 267, 1, 1, 4.80374e+19
Pixel 556, 267, 1, 1, 4.80374e+19
Pixel 556, 268, 1, 1, 4.80374e+19
Pixel 557, 268, 1, 1, 4.80374e+19
Pixel 557, 269, 1, 1, 4.80374e+19
Pixel 556, 269, 1, 1, 4.80374e+19
--- pALPIDEfs_4 ---
Pixel 343, 78, 1, 1, 4.80374e+19
Pixel 343, 79, 1, 1, 4.80374e+19
Pixel 344, 78, 1, 1, 4.80374e+19
Pixel 344, 79, 1, 1, 4.80374e+19
=== 2587353 ===
--- pALPIDEfs_4 ---
Pixel 276, 203, 1, 1, 4.80374e+19
--- pALPIDEfs_5 ---
Pixel 375, 321, 1, 1, 4.80374e+19
Pixel 374, 321, 1, 1, 4.80374e+19
Pixel 374, 322, 1, 1, 4.80374e+19
Pixel 375, 322, 1, 1, 4.80374e+19
Pixel 375, 323, 1, 1, 4.80374e+19
Pixel 376, 322, 1, 1, 4.80374e+19
Pixel 377, 322, 1, 1, 4.80374e+19
Pixel 377, 323, 1, 1, 4.80374e+19
Pixel 376, 323, 1, 1, 4.80374e+19
Pixel 379, 323, 1, 1, 4.80374e+19
Pixel 378, 323, 1, 1, 4.80374e+19
Pixel 379, 324, 1, 1, 4.80374e+19
Pixel 381, 323, 1, 1, 4.80374e+19
Pixel 380, 323, 1, 1, 4.80374e+19
Pixel 380, 324, 1, 1, 4.80374e+19
Pixel 381, 324, 1, 1, 4.80374e+19
Pixel 381, 325, 1, 1, 4.80374e+19
Pixel 380, 325, 1, 1, 4.80374e+19
Pixel 454, 468, 1, 1, 4.80374e+19
Pixel 454, 469, 1, 1, 4.80374e+19
--- pALPIDEfs_6 ---
Pixel 761, 413, 1, 1, 4.80374e+19
Pixel 760, 413, 1, 1, 4.80374e+19
Pixel 760, 414, 1, 1, 4.80374e+19
=== 2588124 ===
--- pALPIDEfs_4 ---
Pixel 510, 202, 1, 1, 4.80374e+19
Pixel 511, 202, 1, 1, 4.80374e+19
Pixel 511, 203, 1, 1, 4.80374e+19
Pixel 510, 203, 1, 1, 4.80374e+19
=== 2589018 ===
--- pALPIDEfs_4 ---
Pixel 921, 393, 1, 1, 4.80374e+19
Pixel 920, 393, 1, 1, 4.80374e+19
=== 2596820 ===
--- pALPIDEfs_2 ---
Pixel 643, 65, 1, 1, 4.80374e+19
Pixel 642, 65, 1, 1, 4.80374e+19
=== 2598656 ===
--- pALPIDEfs_3 ---
Pixel 106, 178, 1, 1, 4.80374e+19
=== 2602347 ===
--- pALPIDEfs_0 ---
Pixel 593, 297, 1, 1, 4.80374e+19
Pixel 592, 297, 1, 1, 4.80374e+19
=== 2608513 ===
--- pALPIDEfs_3 ---
Pixel 897, 452, 1, 1, 4.80374e+19
Pixel 897, 453, 1, 1, 4.80374e+19
Pixel 898, 452, 1, 1, 4.80374e+19
Pixel 898, 453, 1, 1, 4.80374e+19
--- pALPIDEfs_4 ---
Pixel 513, 253, 1, 1, 4.80374e+19
Pixel 512, 253, 1, 1, 4.80374e+19
--- pALPIDEfs_5 ---
Pixel 100, 100, 1, 1, 4.80374e+19
Pixel 101, 101, 1, 1, 4.80374e+19
Pixel 100, 101, 1, 1, 4.80374e+19
=== 2616029 ===
--- pALPIDEfs_5 ---
Pixel 659, 504, 1, 1, 4.80374e+19
Pixel 659, 505, 1, 1, 4.80374e+19
Pixel 660, 504, 1, 1, 4.80374e+19
Pixel 660, 505, 1, 1, 4.80374e+19
=== 2617155 ===
--- pALPIDEfs_6 ---
Pixel 587, 441, 1, 1, 4.80374e+19
Pixel 587, 442, 1, 1, 4.80374e+19
Pixel 588, 442, 1, 1, 4.80374e+19
=== 2617548 ===
--- pALPIDEfs_0 ---
Pixel 721, 321, 1, 1, 4.80374e+19
=== 2656057 ===
--- pALPIDEfs_6 ---
Pixel 993, 315, 1, 1, 4.80374e+19
Pixel 992, 315, 1, 1, 4.80374e+19
Pixel 993, 316, 1, 1, 4.80374e+19
=== 2721382 ===
--- pALPIDEfs_6 ---
Pixel 935, 223, 1, 1, 4.80374e+19
Pixel 935, 224, 1, 1, 4.80374e+19
Pixel 936, 224, 1, 1, 4.80374e+19
Pixel 936, 225, 1, 1, 4.80374e+19
=== 2728480 ===
--- pALPIDEfs_6 ---
Pixel 975, 22, 1, 1, 4.80374e+19
Pixel 975, 23, 1, 1, 4.80374e+19
Pixel 976, 23, 1, 1, 4.80374e+19
=== 2740149 ===
--- pALPIDEfs_3 ---
Pixel 806, 70, 1, 1, 4.80374e+19
Pixel 807, 70, 1, 1, 4.80374e+19
Pixel 807, 71, 1, 1, 4.80374e+19
Pixel 806, 71, 1, 1, 4.80374e+19
Pixel 806, 72, 1, 1, 4.80374e+19
=== 2741270 ===
--- pALPIDEfs_5 ---
Pixel 774, 51, 1, 1, 4.80374e+19
Pixel 774, 52, 1, 1, 4.80374e+19
=== 2751281 ===
--- pALPIDEfs_1 ---
Pixel 732, 338, 1, 1, 4.80374e+19
Pixel 733, 338, 1, 1, 4.80374e+19
Pixel 733, 339, 1, 1, 4.80374e+19
Pixel 732, 339, 1, 1, 4.80374e+19
=== 2758382 ===
--- pALPIDEfs_4 ---
Pixel 121, 402, 1, 1, 4.80374e+19
=== 2759655 ===
--- pALPIDEfs_2 ---
Pixel 245, 211, 1, 1, 4.80374e+19
Pixel 244, 212, 1, 1, 4.80374e+19
Pixel 245, 212, 1, 1, 4.80374e+19
Pixel 247, 211, 1, 1, 4.80374e+19
Pixel 246, 211, 1, 1, 4.80374e+19
Pixel 246, 212, 1, 1, 4.80374e+19
=== 2767614 ===
--- pALPIDEfs_2 ---
Pixel 219, 125, 1, 1, 4.80374e+19
Pixel 218, 125, 1, 1, 4.80374e+19
=== 2773505 ===
--- pALPIDEfs_6 ---
Pixel 577, 319, 1, 1, 4.80374e+19
Pixel 577, 320, 1, 1, 4.80374e+19
Pixel 578, 319, 1, 1, 4.80374e+19
Pixel 578, 320, 1, 1, 4.80374e+19
=== 2794644 ===
--- pALPIDEfs_0 ---
Pixel 669, 481, 1, 1, 4.80374e+19
Pixel 668, 481, 1, 1, 4.80374e+19
Pixel 668, 482, 1, 1, 4.80374e+19
Pixel 669, 482, 1, 1, 4.80374e+19
=== 2824405 ===
--- pALPIDEfs_2 ---
Pixel 781, 66, 1, 1, 4.80374e+19
Pixel 781, 67, 1, 1, 4.80374e+19
=== 2844384 ===
--- pALPIDEfs_5 ---
Pixel 636, 438, 1, 1, 4.80374e+19
Pixel 637, 438, 1, 1, 4.80374e+19
Pixel 637, 439, 1, 1, 4.80374e+19
Pixel 636, 439, 1, 1, 4.80374e+19
Pixel 638, 438, 1, 1, 4.80374e+19
Pixel 638, 439, 1, 1, 4.80374e+19
--- pALPIDEfs_6 ---
Pixel 537, 243, 1, 1, 4.80374e+19
Pixel 537, 244, 1, 1, 4.80374e+19
Pixel 538, 243, 1, 1, 4.80374e+19
Pixel 538, 244, 1, 1, 4.80374e+19
=== 2861581 ===
--- pALPIDEfs_5 ---
Pixel 100, 24, 1, 1, 4.80374e+19
Pixel 101, 24, 1, 1, 4.80374e+19
--- pALPIDEfs_6 ---
Pixel 604, 80, 1, 1, 4.80374e+19
Pixel 605, 80, 1, 1, 4.80374e+19
=== 2865533 ===
--- pALPIDEfs_4 ---
Pixel 635, 451, 1, 1, 4.80374e+19
Pixel 635, 452, 1, 1, 4.80374e+19
Pixel 636, 451, 1, 1, 4.80374e+19
Pixel 636, 452, 1, 1, 4.80374e+19
--- pALPIDEfs_5 ---
Pixel 613, 172, 1, 1, 4.80374e+19
Pixel 613, 173, 1, 1, 4.80374e+19
=== 2880714 ===
--- pALPIDEfs_0 ---
Pixel 871, 53, 1, 1, 4.80374e+19
Pixel 872, 53, 1, 1, 4.80374e+19
Pixel 872, 54, 1, 1, 4.80374e+19
=== 2919818 ===
--- pALPIDEfs_4 ---
Pixel 393, 470, 1, 1, 4.80374e+19
Pixel 393, 471, 1, 1, 4.80374e+19
Pixel 393, 472, 1, 1, 4.80374e+19
Pixel 394, 471, 1, 1, 4.80374e+19
Pixel 394, 472, 1, 1, 4.80374e+19
Pixel 394, 473, 1, 1, 4.80374e+19
=== 2922452 ===
--- pALPIDEfs_6 ---
Pixel 421, 369, 1, 1, 4.80374e+19
Pixel 421, 370, 1, 1, 4.80374e+19
Pixel 423, 368, 1, 1, 4.80374e+19
Pixel 423, 369, 1, 1, 4.80374e+19
Pixel 422, 369, 1, 1, 4.80374e+19
=== 2926235 ===
--- pALPIDEfs_0 ---
Pixel 553, 79, 1, 1, 4.80374e+19
=== 2936398 ===
--- pALPIDEfs_0 ---
Pixel 881, 346, 1, 1, 4.80374e+19
=== 2949858 ===
--- pALPIDEfs_4 ---
Pixel 671, 406, 1, 1, 4.80374e+19
Pixel 670, 407, 1, 1, 4.80374e+19
=== 2957475 ===
--- pALPIDEfs_3 ---
Pixel 402, 378, 1, 1, 4.80374e+19
Pixel 403, 378, 1, 1, 4.80374e+19
--- pALPIDEfs_4 ---
Pixel 736, 39, 1, 1, 4.80374e+19
=== 2973233 ===
--- pALPIDEfs_2 ---
Pixel 646, 329, 1, 1, 4.80374e+19
Pixel 646, 330, 1, 1, 4.80374e+19
Pixel 647, 330, 1, 1, 4.80374e+19
=== 2987944 ===
--- pALPIDEfs_3 ---
Pixel 949, 252, 1, 1, 4.80374e+19
Pixel 949, 253, 1, 1, 4.80374e+19
Pixel 950, 252, 1, 1, 4.80374e+19
Pixel 950, 253, 1, 1, 4.80374e+19
=== 2988930 ===
--- pALPIDEfs_2 ---
Pixel 153, 507, 1, 1, 4.80374e+19
Pixel 154, 506, 1, 1, 4.80374e+19
Pixel 154, 507, 1, 1, 4.80374e+19
Pixel 154, 508, 1, 1, 4.80374e+19
=== 2999161 ===
--- pALPIDEfs_3 ---
Pixel 866, 57, 1, 1, 4.80374e+19
--- pALPIDEfs_4 ---
Pixel 1004, 125, 1, 1, 4.80374e+19
Pixel 1004, 126, 1, 1, 4.80374e+19
=== 3009218 ===
--- pALPIDEfs_3 ---
Pixel 409, 18, 1, 1, 4.80374e+19
--- pALPIDEfs_4 ---
Pixel 405, 305, 1, 1, 4.80374e+19
Pixel 406, 305, 1, 1, 4.80374e+19
Pixel 406, 306, 1, 1, 4.80374e+19
--- pALPIDEfs_5 ---
Pixel 279, 457, 1, 1, 4.80374e+19
Pixel 279, 458, 1, 1, 4.80374e+19
Pixel 280, 457, 1, 1, 4.80374e+19
Pixel 280, 458, 1, 1, 4.80374e+19
=== 3024504 ===
--- pALPIDEfs_3 ---
Pixel 783, 293, 1, 1, 4.80374e+19
Pixel 784, 293, 1, 1, 4.80374e+19
Pixel 784, 294, 1, 1, 4.80374e+19
=== 3024879 ===
--- pALPIDEfs_1 ---
Pixel 835, 20, 1, 1, 4.80374e+19
=== 3042526 ===
--- pALPIDEfs_6 ---
Pixel 961, 35, 1, 1, 4.80374e+19
Pixel 960, 36, 1, 1, 4.80374e+19
Pixel 961, 36, 1, 1, 4.80374e+19
=== 3056543 ===
--- pALPIDEfs_6 ---
Pixel 487, 151, 1, 1, 4.80374e+19
Pixel 486, 152, 1, 1, 4.80374e+19
Pixel 487, 152, 1, 1, 4.80374e+19
Pixel 487, 153, 1, 1, 4.80374e+19
Pixel 486, 153, 1, 1, 4.80374e+19
Pixel 487, 154, 1, 1, 4.80374e+19
Pixel 488, 152, 1, 1, 4.80374e+19
Pixel 488, 153, 1, 1, 4.80374e+19
Pixel 488, 154, 1, 1, 4.80374e+19
=== 3061301 ===
--- pALPIDEfs_3 ---
Pixel 881, 417, 1, 1, 4.80374e+19
Pixel 881, 418, 1, 1, 4.80374e+19
Pixel 882, 417, 1, 1, 4.80374e+19
Pixel 882, 418, 1, 1, 4.80374e+19
=== 3065424 ===
--- pALPIDEfs_5 ---
Pixel 871, 481, 1, 1, 4.80374e+19
Pixel 870, 481, 1, 1, 4.80374e+19
Pixel 871, 482, 1, 1, 4.80374e+19
=== 3066023 ===
--- pALPIDEfs_6 ---
Pixel 219, 359, 1, 1, 4.80374e+19
Pixel 219, 360, 1, 1, 4.80374e+19
=== 3067771 ===
--- pALPIDEfs_0 ---
Pixel 769, 507, 1, 1, 4.80374e+19
Pixel 770, 507, 1, 1, 4.80374e+19
Pixel 773, 502, 1, 1, 4.80374e+19
Pixel 773, 503, 1, 1, 4.80374e+19
Pixel 774, 502, 1, 1, 4.80374e+19
Pixel 774, 503, 1, 1, 4.80374e+19
=== 3075387 ===
--- pALPIDEfs_3 ---
Pixel 446, 179, 1, 1, 4.80374e+19
--- pALPIDEfs_4 ---
Pixel 403, 355, 1, 1, 4.80374e+19
Pixel 403, 356, 1, 1, 4.80374e+19
=== 3088341 ===
--- pALPIDEfs_3 ---
Pixel 198, 358, 1, 1, 4.80374e+19
Pixel 199, 358, 1, 1, 4.80374e+19
=== 3098645 ===
--- pALPIDEfs_1 ---
Pixel 256, 504, 1, 1, 4.80374e+19
Pixel 264, 507, 1, 1, 4.80374e+19
Pixel 264, 508, 1, 1, 4.80374e+19
=== 3105470 ===
--- pALPIDEfs_1 ---
Pixel 491, 103, 1, 1, 4.80374e+19
Pixel 490, 103, 1, 1, 4.80374e+19
Pixel 490, 104, 1, 1, 4.80374e+19
Pixel 491, 104, 1, 1, 4.80374e+19
=== 3114396 ===
--- pALPIDEfs_3 ---
Pixel 615, 213, 1, 1, 4.80374e+19
Pixel 614, 214, 1, 1, 4.80374e+19
Pixel 615, 214, 1, 1, 4.80374e+19
Pixel 615, 215, 1, 1, 4.80374e+19
Pixel 614, 215, 1, 1, 4.80374e+19
=== 3117166 ===
--- pALPIDEfs_0 ---
Pixel 12, 119, 1, 1, 4.80374e+19
Pixel 12, 120, 1, 1, 4.80374e+19
=== 3117519 ===
--- pALPIDEfs_4 ---
Pixel 546, 14, 1, 1, 4.80374e+19
=== 3119667 ===
--- pALPIDEfs_0 ---
Pixel 799, 108, 1, 1, 4.80374e+19
Pixel 799, 109, 1, 1, 4.80374e+19
Pixel 800, 108, 1, 1, 4.80374e+19
=== 3120209 ===
--- pALPIDEfs_2 ---
Pixel 947, 330, 1, 1, 4.80374e+19
Pixel 947, 331, 1, 1, 4.80374e+19
Pixel 946, 331, 1, 1, 4.80374e+19
Pixel 948, 330, 1, 1, 4.80374e+19
Pixel 948, 331, 1, 1, 4.80374e+19
=== 3122515 ===
--- pALPIDEfs_5 ---
Pixel 1010, 504, 1, 1, 4.80374e+19
Pixel 1011, 504, 1, 1, 4.80374e+19
Pixel 1011, 505, 1, 1, 4.80374e+19
=== 3122523 ===
--- pALPIDEfs_4 ---
Pixel 917, 94, 1, 1, 4.80374e+19
Pixel 917, 95, 1, 1, 4.80374e+19
Pixel 916, 95, 1, 1, 4.80374e+19
Pixel 916, 96, 1, 1, 4.80374e+19
Pixel 918, 94, 1, 1, 4.80374e+19
=== 3190446 ===
--- pALPIDEfs_0 ---
Pixel 73, 261, 1, 1, 4.80374e+19
Pixel 73, 262, 1, 1, 4.80374e+19
Pixel 74, 261, 1, 1, 4.80374e+19
Pixel 74, 262, 1, 1, 4.80374e+19
Pixel 75, 262, 1, 1, 4.80374e+19
Pixel 75, 263, 1, 1, 4.80374e+19
Pixel 74, 263, 1, 1, 4.80374e+19
--- pALPIDEfs_1 ---
Pixel 251, 44, 1, 1, 4.80374e+19
Pixel 252, 44, 1, 1, 4.80374e+19
=== 3194874 ===
--- pALPIDEfs_3 ---
Pixel 586, 72, 1, 1, 4.80374e+19
=== 3219826 ===
--- pALPIDEfs_3 ---
Pixel 217, 18, 1, 1, 4.80374e+19
Pixel 219, 17, 1, 1, 4.80374e+19
Pixel 218, 17, 1, 1, 4.80374e+19
Pixel 218, 18, 1, 1, 4.80374e+19
Pixel 219, 18, 1, 1, 4.80374e+19
Pixel 219, 19, 1, 1, 4.80374e+19
Pixel 218, 19, 1, 1, 4.80374e+19
=== 3226710 ===
--- pALPIDEfs_0 ---
Pixel 23, 435, 1, 1, 4.80374e+19
Pixel 23, 436, 1, 1, 4.80374e+19
=== 3228501 ===
--- pALPIDEfs_5 ---
Pixel 761, 445, 1, 1, 4.80374e+19
Pixel 761, 446, 1, 1, 4.80374e+19
Pixel 762, 444, 1, 1, 4.80374e+19
Pixel 762, 445, 1, 1, 4.80374e+19
Pixel 762, 446, 1, 1, 4.80374e+19
=== 3231436 ===
--- pALPIDEfs_3 ---
Pixel 555, 331, 1, 1, 4.80374e+19
Pixel 555, 332, 1, 1, 4.80374e+19
=== 3241173 ===
--- pALPIDEfs_1 ---
Pixel 241, 1, 1, 1, 4.80374e+19
Pixel 241, 2, 1, 1, 4.80374e+19
=== 3241200 ===
--- pALPIDEfs_5 ---
Pixel 20, 307, 1, 1, 4.80374e+19
=== 3266755 ===
--- pALPIDEfs_6 ---
Pixel 544, 301, 1, 1, 4.80374e+19
=== 3276210 ===
--- pALPIDEfs_0 ---
Pixel 777, 197, 1, 1, 4.80374e+19
Pixel 777, 198, 1, 1, 4.80374e+19
Pixel 778, 197, 1, 1, 4.80374e+19
Pixel 778, 198, 1, 1, 4.80374e+19
=== 3295633 ===
--- pALPIDEfs_6 ---
Pixel 1000, 132, 1, 1, 4.80374e+19
Pixel 1000, 133, 1, 1, 4.80374e+19
Pixel 1000, 134, 1, 1, 4.80374e+19
Pixel 1000, 135, 1, 1, 4.80374e+19
=== 3298806 ===
--- pALPIDEfs_6 ---
Pixel 561, 301, 1, 1, 4.80374e+19
Pixel 561, 302, 1, 1, 4.80374e+19
Pixel 563, 301, 1, 1, 4.80374e+19
Pixel 562, 301, 1, 1, 4.80374e+19
Pixel 562, 302, 1, 1, 4.80374e+19
Pixel 563, 302, 1, 1, 4.80374e+19
=== 3335079 ===
--- pALPIDEfs_5 ---
Pixel 881, 241, 1, 1, 4.80374e+19
Pixel 881, 242, 1, 1, 4.80374e+19
Pixel 882, 241, 1, 1, 4.80374e+19
Pixel 882, 242, 1, 1, 4.80374e+19
=== 3359830 ===
--- pALPIDEfs_0 ---
Pixel 715, 169, 1, 1, 4.80374e+19
Pixel 715, 170, 1, 1, 4.80374e+19
--- pALPIDEfs_1 ---
Pixel 720, 384, 1, 1, 4.80374e+19
=== 3369853 ===
--- pALPIDEfs_0 ---
Pixel 71, 266, 1, 1, 4.80374e+19
Pixel 72, 266, 1, 1, 4.80374e+19
Pixel 72, 267, 1, 1, 4.80374e+19
--- pALPIDEfs_1 ---
Pixel 411, 415, 1, 1, 4.80374e+19
--- pALPIDEfs_2 ---
Pixel 773, 458, 1, 1, 4.80374e+19
Pixel 773, 459, 1, 1, 4.80374e+19
=== 3371046 ===
--- pALPIDEfs_1 ---
Pixel 110, 60, 1, 1, 4.80374e+19
=== 3376247 ===
--- pALPIDEfs_5 ---
Pixel 99, 156, 1, 1, 4.80374e+19
Pixel 100, 156, 1, 1, 4.80374e+19
Pixel 101, 157, 1, 1, 4.80374e+19
Pixel 100, 157, 1, 1, 4.80374e+19
=== 3404323 ===
--- pALPIDEfs_4 ---
Pixel 751, 506, 1, 1, 4.80374e+19
Pixel 751, 507, 1, 1, 4.80374e+19
=== 3411311 ===
--- pALPIDEfs_5 ---
Pixel 559, 489, 1, 1, 4.80374e+19
Pixel 559, 490, 1, 1, 4.80374e+19
Pixel 560, 489, 1, 1, 4.80374e+19
=== 3416027 ===
--- pALPIDEfs_6 ---
Pixel 744, 109, 1, 1, 4.80374e+19
=== 3421836 ===
--- pALPIDEfs_2 ---
Pixel 866, 442, 1, 1, 4.80374e+19
Pixel 867, 442, 1, 1, 4.80374e+19
Pixel 867, 443, 1, 1, 4.80374e+19
Pixel 866, 443, 1, 1, 4.80374e+19
Pixel 883, 448, 1, 1, 4.80374e+19
=== 3424081 ===
--- pALPIDEfs_0 ---
Pixel 299, 215, 1, 1, 4.80374e+19
Pixel 300, 215, 1, 1, 4.80374e+19
=== 3439075 ===
--- pALPIDEfs_3 ---
Pixel 195, 506, 1, 1, 4.80374e+19
Pixel 195, 507, 1, 1, 4.80374e+19
Pixel 197, 507, 1, 1, 4.80374e+19
Pixel 196, 507, 1, 1, 4.80374e+19
Pixel 197, 508, 1, 1, 4.80374e+19
Pixel 198, 508, 1, 1, 4.80374e+19
Pixel 199, 508, 1, 1, 4.80374e+19
Pixel 199, 509, 1, 1, 4.80374e+19
Pixel 201, 509, 1, 1, 4.80374e+19
Pixel 200, 509, 1, 1, 4.80374e+19
Pixel 202, 509, 1, 1, 4.80374e+19
Pixel 202, 510, 1, 1, 4.80374e+19
Pixel 203, 510, 1, 1, 4.80374e+19
Pixel 204, 510, 1, 1, 4.80374e+19
Pixel 205, 511, 1, 1, 4.80374e+19
Pixel 204, 511, 1, 1, 4.80374e+19
=== 3439076 ===
--- pALPIDEfs_3 ---
Pixel 195, 506, 1, 1, 4.80374e+19
Pixel 195, 507, 1, 1, 4.80374e+19
Pixel 197, 507, 1, 1, 4.80374e+19
Pixel 196, 507, 1, 1, 4.80374e+19
Pixel 197, 508, 1, 1, 4.80374e+19
Pixel 198, 508, 1, 1, 4.80374e+19
Pixel 199, 508, 1, 1, 4.80374e+19
Pixel 199, 509, 1, 1, 4.80374e+19
Pixel 201, 509, 1, 1, 4.80374e+19
Pixel 200, 509, 1, 1, 4.80374e+19
Pixel 201, 510, 1, 1, 4.80374e+19
Pixel 202, 509, 1, 1, 4.80374e+19
Pixel 202, 510, 1, 1, 4.80374e+19
Pixel 203, 510, 1, 1, 4.80374e+19
Pixel 204, 510, 1, 1, 4.80374e+19
Pixel 205, 511, 1, 1, 4.80374e+19
Pixel 204, 511, 1, 1, 4.80374e+19
=== 3440320 ===
--- pALPIDEfs_1 ---
Pixel 126, 36, 1, 1, 4.80374e+19
Pixel 126, 37, 1, 1, 4.80374e+19
=== 3472726 ===
--- pALPIDEfs_0 ---
Pixel 146, 238, 1, 1, 4.80374e+19
=== 3472847 ===
--- pALPIDEfs_0 ---
Pixel 994, 150, 1, 1, 4.80374e+19
Pixel 995, 150, 1, 1, 4.80374e+19
Pixel 995, 151, 1, 1, 4.80374e+19
Pixel 994, 151, 1, 1, 4.80374e+19
=== 3478524 ===
--- pALPIDEfs_3 ---
Pixel 413, 240, 1, 1, 4.80374e+19
=== 3480534 ===
--- pALPIDEfs_2 ---
Pixel 627, 256, 1, 1, 4.80374e+19
Pixel 627, 257, 1, 1, 4.80374e+19
Pixel 626, 257, 1, 1, 4.80374e+19
Pixel 628, 256, 1, 1, 4.80374e+19
Pixel 628, 257, 1, 1, 4.80374e+19
=== 3490221 ===
--- pALPIDEfs_3 ---
Pixel 190, 124, 1, 1, 4.80374e+19
Pixel 191, 124, 1, 1, 4.80374e+19
Pixel 191, 125, 1, 1, 4.80374e+19
Pixel 190, 125, 1, 1, 4.80374e+19
=== 3497181 ===
--- pALPIDEfs_3 ---
Pixel 879, 446, 1, 1, 4.80374e+19
Pixel 879, 447, 1, 1, 4.80374e+19
Pixel 879, 448, 1, 1, 4.80374e+19
Pixel 880, 447, 1, 1, 4.80374e+19
=== 3500731 ===
--- pALPIDEfs_5 ---
Pixel 920, 17, 1, 1, 4.80374e+19
=== 3524922 ===
--- pALPIDEfs_3 ---
Pixel 297, 393, 1, 1, 4.80374e+19
Pixel 296, 393, 1, 1, 4.80374e+19
Pixel 297, 394, 1, 1, 4.80374e+19
Pixel 298, 394, 1, 1, 4.80374e+19
=== 3528832 ===
--- pALPIDEfs_2 ---
Pixel 919, 11, 1, 1, 4.80374e+19
Pixel 919, 12, 1, 1, 4.80374e+19
Pixel 919, 13, 1, 1, 4.80374e+19
=== 3540185 ===
--- pALPIDEfs_2 ---
Pixel 677, 149, 1, 1, 4.80374e+19
Pixel 679, 149, 1, 1, 4.80374e+19
Pixel 678, 149, 1, 1, 4.80374e+19
Pixel 678, 150, 1, 1, 4.80374e+19
Pixel 679, 150, 1, 1, 4.80374e+19
=== 3542394 ===
--- pALPIDEfs_2 ---
Pixel 61, 308, 1, 1, 4.80374e+19
Pixel 61, 309, 1, 1, 4.80374e+19
Pixel 62, 308, 1, 1, 4.80374e+19
Pixel 63, 308, 1, 1, 4.80374e+19
Pixel 62, 309, 1, 1, 4.80374e+19
Pixel 65, 307, 1, 1, 4.80374e+19
Pixel 64, 307, 1, 1, 4.80374e+19
Pixel 64, 308, 1, 1, 4.80374e+19
Pixel 67, 306, 1, 1, 4.80374e+19
Pixel 67, 307, 1, 1, 4.80374e+19
Pixel 66, 307, 1, 1, 4.80374e+19
Pixel 68, 306, 1, 1, 4.80374e+19
Pixel 69, 306, 1, 1, 4.80374e+19
Pixel 69, 307, 1, 1, 4.80374e+19
Pixel 68, 307, 1, 1, 4.80374e+19
Pixel 70, 306, 1, 1, 4.80374e+19
=== 3548031 ===
--- pALPIDEfs_1 ---
Pixel 474, 452, 1, 1, 4.80374e+19
Pixel 475, 452, 1, 1, 4.80374e+19
Pixel 475, 453, 1, 1, 4.80374e+19
Pixel 479, 450, 1, 1, 4.80374e+19
Pixel 480, 448, 1, 1, 4.80374e+19
Pixel 481, 448, 1, 1, 4.80374e+19
Pixel 481, 449, 1, 1, 4.80374e+19
Pixel 480, 449, 1, 1, 4.80374e+19
Pixel 480, 450, 1, 1, 4.80374e+19
Pixel 481, 450, 1, 1, 4.80374e+19
Pixel 480, 451, 1, 1, 4.80374e+19
=== 3574810 ===
--- pALPIDEfs_0 ---
Pixel 548, 304, 1, 1, 4.80374e+19
Pixel 549, 304, 1, 1, 4.80374e+19
Pixel 548, 305, 1, 1, 4.80374e+19
--- pALPIDEfs_1 ---
Pixel 237, 495, 1, 1, 4.80374e+19
=== 3603684 ===
--- pALPIDEfs_5 ---
Pixel 206, 379, 1, 1, 4.80374e+19
--- pALPIDEfs_6 ---
Pixel 614, 268, 1, 1, 4.80374e+19
=== 3608342 ===
--- pALPIDEfs_0 ---
Pixel 298, 345, 1, 1, 4.80374e+19
Pixel 298, 346, 1, 1, 4.80374e+19
=== 3608501 ===
--- pALPIDEfs_4 ---
Pixel 937, 187, 1, 1, 4.80374e+19
Pixel 937, 188, 1, 1, 4.80374e+19
Pixel 938, 187, 1, 1, 4.80374e+19
=== 3621126 ===
--- pALPIDEfs_2 ---
Pixel 338, 490, 1, 1, 4.80374e+19
Pixel 339, 490, 1, 1, 4.80374e+19
Pixel 339, 491, 1, 1, 4.80374e+19
Pixel 338, 491, 1, 1, 4.80374e+19
Pixel 341, 489, 1, 1, 4.80374e+19
Pixel 340, 490, 1, 1, 4.80374e+19
Pixel 341, 490, 1, 1, 4.80374e+19
Pixel 340, 491, 1, 1, 4.80374e+19
Pixel 342, 489, 1, 1, 4.80374e+19
=== 3636218 ===
--- pALPIDEfs_0 ---
Pixel 49, 275, 1, 1, 4.80374e+19
Pixel 48, 275, 1, 1, 4.80374e+19
Pixel 48, 276, 1, 1, 4.80374e+19
Pixel 49, 276, 1, 1, 4.80374e+19
=== 3636746 ===
--- pALPIDEfs_3 ---
Pixel 459, 193, 1, 1, 4.80374e+19
Pixel 459, 194, 1, 1, 4.80374e+19
Pixel 460, 188, 1, 1, 4.80374e+19
Pixel 461, 188, 1, 1, 4.80374e+19
Pixel 461, 189, 1, 1, 4.80374e+19
Pixel 460, 189, 1, 1, 4.80374e+19
Pixel 460, 190, 1, 1, 4.80374e+19
Pixel 461, 190, 1, 1, 4.80374e+19
Pixel 461, 191, 1, 1, 4.80374e+19
Pixel 460, 191, 1, 1, 4.80374e+19
Pixel 460, 192, 1, 1, 4.80374e+19
Pixel 460, 193, 1, 1, 4.80374e+19
=== 3655932 ===
--- pALPIDEfs_3 ---
Pixel 181, 429, 1, 1, 4.80374e+19
Pixel 180, 429, 1, 1, 4.80374e+19
Pixel 180, 430, 1, 1, 4.80374e+19
Pixel 181, 430, 1, 1, 4.80374e+19
--- pALPIDEfs_6 ---
Pixel 317, 400, 1, 1, 4.80374e+19
Pixel 317, 401, 1, 1, 4.80374e+19
Pixel 318, 401, 1, 1, 4.80374e+19
=== 3686757 ===
--- pALPIDEfs_2 ---
Pixel 337, 377, 1, 1, 4.80374e+19
Pixel 336, 377, 1, 1, 4.80374e+19
Pixel 337, 378, 1, 1, 4.80374e+19
=== 3696329 ===
--- pALPIDEfs_1 ---
Pixel 163, 429, 1, 1, 4.80374e+19
Pixel 164, 429, 1, 1, 4.80374e+19
=== 3706409 ===
--- pALPIDEfs_1 ---
Pixel 75, 205, 1, 1, 4.80374e+19
=== 3707614 ===
--- pALPIDEfs_0 ---
Pixel 963, 395, 1, 1, 4.80374e+19
Pixel 962, 395, 1, 1, 4.80374e+19
Pixel 962, 396, 1, 1, 4.80374e+19
=== 3738378 ===
--- pALPIDEfs_4 ---
Pixel 232, 394, 1, 1, 4.80374e+19
Pixel 233, 394, 1, 1, 4.80374e+19
Pixel 232, 395, 1, 1, 4.80374e+19
=== 3742037 ===
--- pALPIDEfs_2 ---
Pixel 331, 132, 1, 1, 4.80374e+19
Pixel 331, 133, 1, 1, 4.80374e+19
Pixel 333, 131, 1, 1, 4.80374e+19
Pixel 332, 132, 1, 1, 4.80374e+19
Pixel 333, 132, 1, 1, 4.80374e+19
Pixel 332, 133, 1, 1, 4.80374e+19
Pixel 335, 130, 1, 1, 4.80374e+19
Pixel 335, 131, 1, 1, 4.80374e+19
Pixel 334, 131, 1, 1, 4.80374e+19
Pixel 334, 132, 1, 1, 4.80374e+19
Pixel 336, 130, 1, 1, 4.80374e+19
Pixel 336, 131, 1, 1, 4.80374e+19
=== 3748058 ===
--- pALPIDEfs_2 ---
Pixel 655, 462, 1, 1, 4.80374e+19
Pixel 655, 463, 1, 1, 4.80374e+19
Pixel 654, 463, 1, 1, 4.80374e+19
=== 3757440 ===
--- pALPIDEfs_3 ---
Pixel 390, 74, 1, 1, 4.80374e+19
Pixel 391, 74, 1, 1, 4.80374e+19
Pixel 391, 75, 1, 1, 4.80374e+19
Pixel 390, 75, 1, 1, 4.80374e+19
Pixel 392, 74, 1, 1, 4.80374e+19
Pixel 392, 75, 1, 1, 4.80374e+19
=== 3797994 ===
--- pALPIDEfs_2 ---
Pixel 659, 172, 1, 1, 4.80374e+19
Pixel 659, 173, 1, 1, 4.80374e+19
Pixel 660, 172, 1, 1, 4.80374e+19
=== 3804730 ===
--- pALPIDEfs_2 ---
Pixel 363, 334, 1, 1, 4.80374e+19
Pixel 363, 335, 1, 1, 4.80374e+19
--- pALPIDEfs_4 ---
Pixel 473, 418, 1, 1, 4.80374e+19
Pixel 474, 418, 1, 1, 4.80374e+19
Pixel 475, 418, 1, 1, 4.80374e+19
=== 3813399 ===
--- pALPIDEfs_0 ---
Pixel 626, 54, 1, 1, 4.80374e+19
Pixel 627, 54, 1, 1, 4.80374e+19
Pixel 627, 55, 1, 1, 4.80374e+19
Pixel 626, 55, 1, 1, 4.80374e+19
Pixel 628, 54, 1, 1, 4.80374e+19
Pixel 629, 54, 1, 1, 4.80374e+19
Pixel 628, 55, 1, 1, 4.80374e+19
Pixel 630, 54, 1, 1, 4.80374e+19
=== 3814538 ===
--- pALPIDEfs_4 ---
Pixel 187, 267, 1, 1, 4.80374e+19
Pixel 186, 267, 1, 1, 4.80374e+19
=== 3815786 ===
--- pALPIDEfs_6 ---
Pixel 440, 283, 1, 1, 4.80374e+19
Pixel 440, 284, 1, 1, 4.80374e+19
Pixel 441, 284, 1, 1, 4.80374e+19
=== 3825300 ===
--- pALPIDEfs_0 ---
Pixel 878, 296, 1, 1, 4.80374e+19
=== 3841218 ===
--- pALPIDEfs_6 ---
Pixel 349, 129, 1, 1, 4.80374e+19
Pixel 349, 130, 1, 1, 4.80374e+19
Pixel 349, 131, 1, 1, 4.80374e+19
Pixel 350, 130, 1, 1, 4.80374e+19
Pixel 350, 131, 1, 1, 4.80374e+19
=== 3872011 ===
--- pALPIDEfs_5 ---
Pixel 915, 277, 1, 1, 4.80374e+19
Pixel 916, 277, 1, 1, 4.80374e+19
--- pALPIDEfs_6 ---
Pixel 493, 362, 1, 1, 4.80374e+19
Pixel 493, 363, 1, 1, 4.80374e+19
Pixel 494, 362, 1, 1, 4.80374e+19
=== 3872747 ===
--- pALPIDEfs_0 ---
Pixel 633, 81, 1, 1, 4.80374e+19
Pixel 633, 82, 1, 1, 4.80374e+19
=== 3876000 ===
--- pALPIDEfs_0 ---
Pixel 642, 124, 1, 1, 4.80374e+19
Pixel 643, 125, 1, 1, 4.80374e+19
Pixel 642, 125, 1, 1, 4.80374e+19
--- pALPIDEfs_1 ---
Pixel 158, 19, 1, 1, 4.80374e+19
Pixel 158, 20, 1, 1, 4.80374e+19
=== 3883112 ===
--- pALPIDEfs_6 ---
Pixel 142, 136, 1, 1, 4.80374e+19
Pixel 143, 137, 1, 1, 4.80374e+19
Pixel 142, 137, 1, 1, 4.80374e+19
=== 3883630 ===
--- pALPIDEfs_3 ---
Pixel 361, 228, 1, 1, 4.80374e+19
Pixel 361, 229, 1, 1, 4.80374e+19
Pixel 360, 229, 1, 1, 4.80374e+19
Pixel 360, 230, 1, 1, 4.80374e+19
=== 3893103 ===
--- pALPIDEfs_3 ---
Pixel 509, 327, 1, 1, 4.80374e+19
Pixel 509, 328, 1, 1, 4.80374e+19
=== 3907521 ===
--- pALPIDEfs_2 ---
Pixel 595, 32, 1, 1, 4.80374e+19
Pixel 597, 29, 1, 1, 4.80374e+19
Pixel 597, 30, 1, 1, 4.80374e+19
Pixel 597, 31, 1, 1, 4.80374e+19
Pixel 596, 31, 1, 1, 4.80374e+19
Pixel 596, 32, 1, 1, 4.80374e+19
Pixel 597, 32, 1, 1, 4.80374e+19
Pixel 598, 30, 1, 1, 4.80374e+19
=== 3916558 ===
--- pALPIDEfs_0 ---
Pixel 0, 222, 1, 1, 4.80374e+19
Pixel 0, 223, 1, 1, 4.80374e+19
=== 3919707 ===
--- pALPIDEfs_2 ---
Pixel 313, 388, 1, 1, 4.80374e+19
Pixel 314, 388, 1, 1, 4.80374e+19
Pixel 315, 388, 1, 1, 4.80374e+19
=== 3928504 ===
--- pALPIDEfs_3 ---
Pixel 708, 410, 1, 1, 4.80374e+19
Pixel 709, 410, 1, 1, 4.80374e+19
Pixel 709, 411, 1, 1, 4.80374e+19
Pixel 708, 411, 1, 1, 4.80374e+19
=== 3935775 ===
--- pALPIDEfs_2 ---
Pixel 719, 460, 1, 1, 4.80374e+19
Pixel 719, 461, 1, 1, 4.80374e+19
Pixel 720, 460, 1, 1, 4.80374e+19
=== 3942791 ===
--- pALPIDEfs_0 ---
Pixel 160, 12, 1, 1, 4.80374e+19
Pixel 160, 13, 1, 1, 4.80374e+19
=== 3949021 ===
--- pALPIDEfs_5 ---
Pixel 431, 289, 1, 1, 4.80374e+19
Pixel 432, 289, 1, 1, 4.80374e+19
Pixel 432, 290, 1, 1, 4.80374e+19
=== 3949467 ===
--- pALPIDEfs_6 ---
Pixel 113, 461, 1, 1, 4.80374e+19
Pixel 113, 462, 1, 1, 4.80374e+19
Pixel 114, 461, 1, 1, 4.80374e+19
Pixel 114, 462, 1, 1, 4.80374e+19
=== 3973995 ===
--- pALPIDEfs_4 ---
Pixel 670, 440, 1, 1, 4.80374e+19
Pixel 671, 440, 1, 1, 4.80374e+19
Pixel 671, 441, 1, 1, 4.80374e+19
Pixel 673, 439, 1, 1, 4.80374e+19
Pixel 672, 439, 1, 1, 4.80374e+19
Pixel 672, 440, 1, 1, 4.80374e+19
Pixel 673, 440, 1, 1, 4.80374e+19
Pixel 672, 441, 1, 1, 4.80374e+19
Pixel 675, 438, 1, 1, 4.80374e+19
Pixel 675, 439, 1, 1, 4.80374e+19
Pixel 674, 439, 1, 1, 4.80374e+19
Pixel 676, 438, 1, 1, 4.80374e+19
Pixel 677, 438, 1, 1, 4.80374e+19
Pixel 677, 439, 1, 1, 4.80374e+19
Pixel 676, 439, 1, 1, 4.80374e+19
Pixel 678, 438, 1, 1, 4.80374e+19
Pixel 678, 439, 1, 1, 4.80374e+19
=== 3979906 ===
--- pALPIDEfs_5 ---
Pixel 387, 73, 1, 1, 4.80374e+19
Pixel 388, 73, 1, 1, 4.80374e+19
=== 4002114 ===
--- pALPIDEfs_5 ---
Pixel 45, 173, 1, 1, 4.80374e+19
Pixel 45, 174, 1, 1, 4.80374e+19
Pixel 45, 175, 1, 1, 4.80374e+19
Pixel 44, 175, 1, 1, 4.80374e+19
Pixel 44, 176, 1, 1, 4.80374e+19
Pixel 45, 176, 1, 1, 4.80374e+19
Pixel 45, 177, 1, 1, 4.80374e+19
Pixel 44, 177, 1, 1, 4.80374e+19
=== 4047603 ===
--- pALPIDEfs_4 ---
Pixel 165, 403, 1, 1, 4.80374e+19
Pixel 164, 403, 1, 1, 4.80374e+19
--- pALPIDEfs_5 ---
Pixel 157, 217, 1, 1, 4.80374e+19
=== 4050609 ===
--- pALPIDEfs_3 ---
Pixel 936, 447, 1, 1, 4.80374e+19
Pixel 936, 448, 1, 1, 4.80374e+19
Pixel 937, 448, 1, 1, 4.80374e+19
Pixel 936, 449, 1, 1, 4.80374e+19
=== 4054957 ===
--- pALPIDEfs_2 ---
Pixel 753, 185, 1, 1, 4.80374e+19
=== 4064037 ===
--- pALPIDEfs_5 ---
Pixel 700, 201, 1, 1, 4.80374e+19
--- pALPIDEfs_6 ---
Pixel 847, 367, 1, 1, 4.80374e+19
Pixel 847, 368, 1, 1, 4.80374e+19
=== 4071740 ===
--- pALPIDEfs_0 ---
Pixel 424, 320, 1, 1, 4.80374e+19
Pixel 425, 320, 1, 1, 4.80374e+19
Pixel 425, 321, 1, 1, 4.80374e+19
Pixel 424, 321, 1, 1, 4.80374e+19
=== 4089989 ===
--- pALPIDEfs_0 ---
Pixel 341, 454, 1, 1, 4.80374e+19
Pixel 342, 454, 1, 1, 4.80374e+19
Pixel 342, 455, 1, 1, 4.80374e+19
--- pALPIDEfs_1 ---
Pixel 482, 257, 1, 1, 4.80374e+19
=== 4118920 ===
--- pALPIDEfs_6 ---
Pixel 624, 467, 1, 1, 4.80374e+19
Pixel 624, 468, 1, 1, 4.80374e+19
=== 4121922 ===
--- pALPIDEfs_6 ---
Pixel 925, 31, 1, 1, 4.80374e+19
Pixel 924, 32, 1, 1, 4.80374e+19
Pixel 925, 32, 1, 1, 4.80374e+19
Pixel 926, 31, 1, 1, 4.80374e+19
=== 4140407 ===
--- pALPIDEfs_2 ---
Pixel 1021, 379, 1, 1, 4.80374e+19
Pixel 1020, 379, 1, 1, 4.80374e+19
Pixel 1020, 380, 1, 1, 4.80374e+19
Pixel 1021, 380, 1, 1, 4.80374e+19
=== 4150133 ===
--- pALPIDEfs_1 ---
Pixel 998, 339, 1, 1, 4.80374e+19
Pixel 998, 340, 1, 1, 4.80374e+19
--- pALPIDEfs_2 ---
Pixel 715, 494, 1, 1, 4.80374e+19
=== 4155908 ===
--- pALPIDEfs_0 ---
Pixel 98, 116, 1, 1, 4.80374e+19
Pixel 99, 116, 1, 1, 4.80374e+19
Pixel 99, 117, 1, 1, 4.80374e+19
Pixel 98, 117, 1, 1, 4.80374e+19
=== 4156633 ===
--- pALPIDEfs_2 ---
Pixel 639, 289, 1, 1, 4.80374e+19
Pixel 640, 289, 1, 1, 4.80374e+19
=== 4165556 ===
--- pALPIDEfs_0 ---
Pixel 320, 266, 1, 1, 4.80374e+19
Pixel 321, 266, 1, 1, 4.80374e+19
=== 4178498 ===
--- pALPIDEfs_1 ---
Pixel 733, 407, 1, 1, 4.80374e+19
Pixel 734, 407, 1, 1, 4.80374e+19
--- pALPIDEfs_2 ---
Pixel 124, 432, 1, 1, 4.80374e+19
Pixel 124, 433, 1, 1, 4.80374e+19
=== 4179269 ===
--- pALPIDEfs_5 ---
Pixel 501, 236, 1, 1, 4.80374e+19
Pixel 502, 236, 1, 1, 4.80374e+19
Pixel 502, 237, 1, 1, 4.80374e+19
=== 4182141 ===
--- pALPIDEfs_0 ---
Pixel 981, 223, 1, 1, 4.80374e+19
Pixel 980, 223, 1, 1, 4.80374e+19
Pixel 981, 224, 1, 1, 4.80374e+19
=== 4193486 ===
--- pALPIDEfs_6 ---
Pixel 323, 319, 1, 1, 4.80374e+19
Pixel 322, 320, 1, 1, 4.80374e+19
Pixel 323, 320, 1, 1, 4.80374e+19
=== 4223942 ===
--- pALPIDEfs_3 ---
Pixel 413, 240, 1, 1, 4.80374e+19
=== 4236559 ===
--- pALPIDEfs_3 ---
Pixel 314, 316, 1, 1, 4.80374e+19
Pixel 315, 316, 1, 1, 4.80374e+19
=== 4259851 ===
--- pALPIDEfs_1 ---
Pixel 594, 138, 1, 1, 4.80374e+19
Pixel 595, 138, 1, 1, 4.80374e+19
Pixel 595, 139, 1, 1, 4.80374e+19
Pixel 594, 139, 1, 1, 4.80374e+19
Pixel 595, 140, 1, 1, 4.80374e+19
Pixel 596, 140, 1, 1, 4.80374e+19
=== 4283147 ===
--- pALPIDEfs_2 ---
Pixel 497, 52, 1, 1, 4.80374e+19
Pixel 499, 48, 1, 1, 4.80374e+19
Pixel 499, 49, 1, 1, 4.80374e+19
Pixel 498, 50, 1, 1, 4.80374e+19
Pixel 499, 50, 1, 1, 4.80374e+19
Pixel 499, 51, 1, 1, 4.80374e+19
Pixel 498, 51, 1, 1, 4.80374e+19
Pixel 498, 52, 1, 1, 4.80374e+19
Pixel 499, 52, 1, 1, 4.80374e+19
Pixel 501, 46, 1, 1, 4.80374e+19
Pixel 501, 47, 1, 1, 4.80374e+19
Pixel 500, 47, 1, 1, 4.80374e+19
Pixel 500, 48, 1, 1, 4.80374e+19
Pixel 501, 48, 1, 1, 4.80374e+19
Pixel 500, 49, 1, 1, 4.80374e+19
Pixel 500, 50, 1, 1, 4.80374e+19
Pixel 502, 46, 1, 1, 4.80374e+19
Pixel 502, 47, 1, 1, 4.80374e+19
=== 4296647 ===
--- pALPIDEfs_1 ---
Pixel 516, 326, 1, 1, 4.80374e+19
Pixel 517, 326, 1, 1, 4.80374e+19
Pixel 517, 327, 1, 1, 4.80374e+19
Pixel 516, 327, 1, 1, 4.80374e+19
Pixel 516, 328, 1, 1, 4.80374e+19
=== 4304541 ===
--- pALPIDEfs_4 ---
Pixel 587, 82, 1, 1, 4.80374e+19
Pixel 588, 82, 1, 1, 4.80374e+19
=== 4313863 ===
--- pALPIDEfs_0 ---
Pixel 98, 38, 1, 1, 4.80374e+19
Pixel 98, 39, 1, 1, 4.80374e+19
=== 4316077 ===
--- pALPIDEfs_3 ---
Pixel 629, 207, 1, 1, 4.80374e+19
Pixel 629, 208, 1, 1, 4.80374e+19
--- pALPIDEfs_4 ---
Pixel 747, 265, 1, 1, 4.80374e+19
--- pALPIDEfs_5 ---
Pixel 895, 171, 1, 1, 4.80374e+19
=== 4348648 ===
--- pALPIDEfs_4 ---
Pixel 638, 210, 1, 1, 4.80374e+19
Pixel 638, 211, 1, 1, 4.80374e+19
Pixel 638, 212, 1, 1, 4.80374e+19
=== 4370372 ===
--- pALPIDEfs_5 ---
Pixel 273, 118, 1, 1, 4.80374e+19
Pixel 273, 119, 1, 1, 4.80374e+19
=== 4378243 ===
--- pALPIDEfs_1 ---
Pixel 436, 180, 1, 1, 4.80374e+19
Pixel 437, 180, 1, 1, 4.80374e+19
Pixel 437, 181, 1, 1, 4.80374e+19
Pixel 436, 181, 1, 1, 4.80374e+19
Pixel 436, 182, 1, 1, 4.80374e+19
Pixel 437, 182, 1, 1, 4.80374e+19
=== 4391550 ===
--- pALPIDEfs_5 ---
Pixel 788, 461, 1, 1, 4.80374e+19
=== 4415964 ===
--- pALPIDEfs_3 ---
Pixel 865, 305, 1, 1, 4.80374e+19
Pixel 865, 306, 1, 1, 4.80374e+19
Pixel 866, 306, 1, 1, 4.80374e+19
=== 4419437 ===
--- pALPIDEfs_3 ---
Pixel 29, 102, 1, 1, 4.80374e+19
Pixel 30, 102, 1, 1, 4.80374e+19
--- pALPIDEfs_4 ---
Pixel 192, 436, 1, 1, 4.80374e+19
Pixel 193, 436, 1, 1, 4.80374e+19
Pixel 193, 437, 1, 1, 4.80374e+19
Pixel 192, 437, 1, 1, 4.80374e+19
Pixel 195, 435, 1, 1, 4.80374e+19
Pixel 194, 435, 1, 1, 4.80374e+19
Pixel 194, 436, 1, 1, 4.80374e+19
Pixel 196, 435, 1, 1, 4.80374e+19
Pixel 198, 432, 1, 1, 4.80374e+19
Pixel 199, 432, 1, 1, 4.80374e+19
Pixel 199, 433, 1, 1, 4.80374e+19
Pixel 198, 433, 1, 1, 4.80374e+19
=== 4435621 ===
--- pALPIDEfs_4 ---
Pixel 73, 442, 1, 1, 4.80374e+19
Pixel 73, 443, 1, 1, 4.80374e+19
Pixel 72, 443, 1, 1, 4.80374e+19
Pixel 72, 444, 1, 1, 4.80374e+19
Pixel 73, 444, 1, 1, 4.80374e+19
Pixel 74, 443, 1, 1, 4.80374e+19
Pixel 74, 444, 1, 1, 4.80374e+19
Pixel 75, 444, 1, 1, 4.80374e+19
=== 4460347 ===
--- pALPIDEfs_6 ---
Pixel 104, 128, 1, 1, 4.80374e+19
Pixel 104, 129, 1, 1, 4.80374e+19
=== 4473701 ===
--- pALPIDEfs_2 ---
Pixel 503, 253, 1, 1, 4.80374e+19
Pixel 505, 249, 1, 1, 4.80374e+19
Pixel 505, 250, 1, 1, 4.80374e+19
Pixel 504, 252, 1, 1, 4.80374e+19
Pixel 505, 252, 1, 1, 4.80374e+19
Pixel 505, 253, 1, 1, 4.80374e+19
Pixel 504, 253, 1, 1, 4.80374e+19
Pixel 504, 254, 1, 1, 4.80374e+19
Pixel 506, 248, 1, 1, 4.80374e+19
Pixel 506, 249, 1, 1, 4.80374e+19
=== 4473709 ===
--- pALPIDEfs_0 ---
Pixel 69, 116, 1, 1, 4.80374e+19
Pixel 69, 117, 1, 1, 4.80374e+19
Pixel 69, 118, 1, 1, 4.80374e+19
=== 4479480 ===
--- pALPIDEfs_0 ---
Pixel 592, 317, 1, 1, 4.80374e+19
=== 4488808 ===
--- pALPIDEfs_1 ---
Pixel 638, 194, 1, 1, 4.80374e+19
Pixel 638, 195, 1, 1, 4.80374e+19
=== 4494855 ===
--- pALPIDEfs_1 ---
Pixel 146, 394, 1, 1, 4.80374e+19
=== 4516853 ===
--- pALPIDEfs_0 ---
Pixel 697, 371, 1, 1, 4.80374e+19
Pixel 698, 371, 1, 1, 4.80374e+19
Pixel 698, 372, 1, 1, 4.80374e+19
=== 4526130 ===
--- pALPIDEfs_6 ---
Pixel 80, 102, 1, 1, 4.80374e+19
Pixel 81, 102, 1, 1, 4.80374e+19
Pixel 81, 103, 1, 1, 4.80374e+19
Pixel 80, 103, 1, 1, 4.80374e+19
=== 4545755 ===
--- pALPIDEfs_5 ---
Pixel 15, 55, 1, 1, 4.80374e+19
Pixel 15, 56, 1, 1, 4.80374e+19
Pixel 17, 55, 1, 1, 4.80374e+19
Pixel 16, 55, 1, 1, 4.80374e+19
Pixel 16, 56, 1, 1, 4.80374e+19
Pixel 17, 56, 1, 1, 4.80374e+19
=== 4546590 ===
--- pALPIDEfs_0 ---
Pixel 883, 109, 1, 1, 4.80374e+19
=== 4550682 ===
--- pALPIDEfs_3 ---
Pixel 568, 347, 1, 1, 4.80374e+19
Pixel 568, 348, 1, 1, 4.80374e+19
Pixel 569, 348, 1, 1, 4.80374e+19
=== 4563151 ===
--- pALPIDEfs_5 ---
Pixel 17, 61, 1, 1, 4.80374e+19
Pixel 17, 62, 1, 1, 4.80374e+19
Pixel 17, 63, 1, 1, 4.80374e+19
Pixel 18, 62, 1, 1, 4.80374e+19
Pixel 19, 63, 1, 1, 4.80374e+19
Pixel 18, 63, 1, 1, 4.80374e+19
=== 4576512 ===
--- pALPIDEfs_5 ---
Pixel 606, 482, 1, 1, 4.80374e+19
Pixel 607, 482, 1, 1, 4.80374e+19
=== 4581407 ===
--- pALPIDEfs_6 ---
Pixel 18, 126, 1, 1, 4.80374e+19
Pixel 18, 127, 1, 1, 4.80374e+19
Pixel 18, 128, 1, 1, 4.80374e+19
=== 4590828 ===
--- pALPIDEfs_3 ---
Pixel 102, 134, 1, 1, 4.80374e+19
=== 4598682 ===
--- pALPIDEfs_3 ---
Pixel 10, 230, 1, 1, 4.80374e+19
Pixel 11, 230, 1, 1, 4.80374e+19
Pixel 11, 231, 1, 1, 4.80374e+19
Pixel 10, 231, 1, 1, 4.80374e+19
Pixel 10, 232, 1, 1, 4.80374e+19
=== 4625046 ===
--- pALPIDEfs_3 ---
Pixel 135, 511, 1, 1, 4.80374e+19
Pixel 134, 511, 1, 1, 4.80374e+19
--- pALPIDEfs_4 ---
Pixel 985, 284, 1, 1, 4.80374e+19
Pixel 985, 285, 1, 1, 4.80374e+19
Pixel 986, 284, 1, 1, 4.80374e+19
Pixel 986, 285, 1, 1, 4.80374e+19
=== 4640353 ===
--- pALPIDEfs_0 ---
Pixel 10, 353, 1, 1, 4.80374e+19
Pixel 10, 354, 1, 1, 4.80374e+19
Pixel 11, 354, 1, 1, 4.80374e+19
Pixel 11, 355, 1, 1, 4.80374e+19
Pixel 12, 355, 1, 1, 4.80374e+19
=== 4644755 ===
--- pALPIDEfs_4 ---
Pixel 733, 338, 1, 1, 4.80374e+19
=== 4689170 ===
--- pALPIDEfs_3 ---
Pixel 413, 240, 1, 1, 4.80374e+19
=== 4710097 ===
--- pALPIDEfs_4 ---
Pixel 1007, 308, 1, 1, 4.80374e+19
=== 4714984 ===
--- pALPIDEfs_6 ---
Pixel 793, 408, 1, 1, 4.80374e+19
Pixel 794, 408, 1, 1, 4.80374e+19
=== 4717955 ===
--- pALPIDEfs_1 ---
Pixel 173, 276, 1, 1, 4.80374e+19
Pixel 175, 275, 1, 1, 4.80374e+19
Pixel 174, 275, 1, 1, 4.80374e+19
Pixel 174, 276, 1, 1, 4.80374e+19
Pixel 175, 276, 1, 1, 4.80374e+19
Pixel 174, 277, 1, 1, 4.80374e+19
=== 4719088 ===
--- pALPIDEfs_5 ---
Pixel 229, 360, 1, 1, 4.80374e+19
Pixel 229, 361, 1, 1, 4.80374e+19
Pixel 230, 360, 1, 1, 4.80374e+19
Pixel 230, 361, 1, 1, 4.80374e+19
=== 4729166 ===
--- pALPIDEfs_6 ---
Pixel 182, 270, 1, 1, 4.80374e+19
Pixel 182, 271, 1, 1, 4.80374e+19
=== 4743600 ===
--- pALPIDEfs_4 ---
Pixel 746, 120, 1, 1, 4.80374e+19
Pixel 747, 120, 1, 1, 4.80374e+19
Pixel 747, 121, 1, 1, 4.80374e+19
=== 4749741 ===
--- pALPIDEfs_3 ---
Pixel 106, 178, 1, 1, 4.80374e+19
=== 4753892 ===
--- pALPIDEfs_6 ---
Pixel 733, 281, 1, 1, 4.80374e+19
Pixel 732, 281, 1, 1, 4.80374e+19
=== 4754074 ===
--- pALPIDEfs_1 ---
Pixel 287, 17, 1, 1, 4.80374e+19
Pixel 287, 18, 1, 1, 4.80374e+19
Pixel 288, 18, 1, 1, 4.80374e+19
--- pALPIDEfs_2 ---
Pixel 51, 480, 1, 1, 4.80374e+19
Pixel 52, 480, 1, 1, 4.80374e+19
=== 4790790 ===
--- pALPIDEfs_1 ---
Pixel 818, 27, 1, 1, 4.80374e+19
=== 4794633 ===
--- pALPIDEfs_4 ---
Pixel 186, 218, 1, 1, 4.80374e+19
Pixel 187, 218, 1, 1, 4.80374e+19
--- pALPIDEfs_5 ---
Pixel 357, 442, 1, 1, 4.80374e+19
Pixel 358, 442, 1, 1, 4.80374e+19
=== 4796633 ===
--- pALPIDEfs_4 ---
Pixel 992, 10, 1, 1, 4.80374e+19
Pixel 993, 10, 1, 1, 4.80374e+19
Pixel 992, 11, 1, 1, 4.80374e+19
Pixel 1003, 7, 1, 1, 4.80374e+19
Pixel 1002, 7, 1, 1, 4.80374e+19
Pixel 1002, 8, 1, 1, 4.80374e+19
Pixel 1003, 8, 1, 1, 4.80374e+19
=== 4830858 ===
--- pALPIDEfs_0 ---
Pixel 646, 250, 1, 1, 4.80374e+19
=== 4831032 ===
--- pALPIDEfs_5 ---
Pixel 854, 174, 1, 1, 4.80374e+19
Pixel 855, 174, 1, 1, 4.80374e+19
Pixel 855, 175, 1, 1, 4.80374e+19
Pixel 854, 175, 1, 1, 4.80374e+19
Pixel 854, 176, 1, 1, 4.80374e+19
Pixel 855, 176, 1, 1, 4.80374e+19
=== 4831842 ===
--- pALPIDEfs_1 ---
Pixel 849, 275, 1, 1, 4.80374e+19
Pixel 848, 275, 1, 1, 4.80374e+19
Pixel 855, 277, 1, 1, 4.80374e+19
Pixel 856, 278, 1, 1, 4.80374e+19
Pixel 857, 278, 1, 1, 4.80374e+19
Pixel 858, 278, 1, 1, 4.80374e+19
Pixel 859, 279, 1, 1, 4.80374e+19
Pixel 858, 279, 1, 1, 4.80374e+19
Pixel 861, 279, 1, 1, 4.80374e+19
Pixel 860, 279, 1, 1, 4.80374e+19
Pixel 860, 280, 1, 1, 4.80374e+19
Pixel 861, 280, 1, 1, 4.80374e+19
Pixel 862, 280, 1, 1, 4.80374e+19
Pixel 869, 282, 1, 1, 4.80374e+19
Pixel 870, 282, 1, 1, 4.80374e+19
Pixel 871, 283, 1, 1, 4.80374e+19
Pixel 870, 283, 1, 1, 4.80374e+19
=== 4852981 ===
--- pALPIDEfs_0 ---
Pixel 577, 92, 1, 1, 4.80374e+19
Pixel 577, 93, 1, 1, 4.80374e+19
Pixel 578, 92, 1, 1, 4.80374e+19
Pixel 578, 93, 1, 1, 4.80374e+19
--- pALPIDEfs_1 ---
Pixel 780, 58, 1, 1, 4.80374e+19
=== 4869270 ===
--- pALPIDEfs_4 ---
Pixel 10, 336, 1, 1, 4.80374e+19
Pixel 10, 337, 1, 1, 4.80374e+19
=== 4901510 ===
--- pALPIDEfs_0 ---
Pixel 248, 248, 1, 1, 4.80374e+19
Pixel 249, 248, 1, 1, 4.80374e+19
--- pALPIDEfs_1 ---
Pixel 44, 422, 1, 1, 4.80374e+19
Pixel 45, 422, 1, 1, 4.80374e+19
Pixel 44, 423, 1, 1, 4.80374e+19
=== 4907935 ===
--- pALPIDEfs_2 ---
Pixel 774, 64, 1, 1, 4.80374e+19
=== 4938010 ===
--- pALPIDEfs_1 ---
Pixel 168, 492, 1, 1, 4.80374e+19
--- pALPIDEfs_2 ---
Pixel 224, 254, 1, 1, 4.80374e+19
Pixel 225, 254, 1, 1, 4.80374e+19
Pixel 225, 255, 1, 1, 4.80374e+19
--- pALPIDEfs_3 ---
Pixel 285, 65, 1, 1, 4.80374e+19
Pixel 285, 66, 1, 1, 4.80374e+19
=== 4951250 ===
--- pALPIDEfs_0 ---
Pixel 917, 107, 1, 1, 4.80374e+19
Pixel 918, 107, 1, 1, 4.80374e+19
Pixel 918, 108, 1, 1, 4.80374e+19
=== 4953026 ===
--- pALPIDEfs_6 ---
Pixel 901, 393, 1, 1, 4.80374e+19
Pixel 900, 394, 1, 1, 4.80374e+19
Pixel 901, 394, 1, 1, 4.80374e+19
=== 4957534 ===
--- pALPIDEfs_5 ---
Pixel 366, 294, 1, 1, 4.80374e+19
Pixel 367, 294, 1, 1, 4.80374e+19
--- pALPIDEfs_6 ---
Pixel 744, 245, 1, 1, 4.80374e+19
=== 4997095 ===
--- pALPIDEfs_2 ---
Pixel 865, 103, 1, 1, 4.80374e+19
Pixel 864, 103, 1, 1, 4.80374e+19
Pixel 864, 104, 1, 1, 4.80374e+19
=== 4998253 ===
--- pALPIDEfs_6 ---
Pixel 768, 238, 1, 1, 4.80374e+19
Pixel 769, 238, 1, 1, 4.80374e+19
Pixel 769, 239, 1, 1, 4.80374e+19
Pixel 768, 239, 1, 1, 4.80374e+19
=== 5002404 ===
--- pALPIDEfs_5 ---
Pixel 304, 34, 1, 1, 4.80374e+19
Pixel 305, 35, 1, 1, 4.80374e+19
Pixel 304, 35, 1, 1, 4.80374e+19
=== 5002500 ===
--- pALPIDEfs_2 ---
Pixel 328, 170, 1, 1, 4.80374e+19
Pixel 329, 170, 1, 1, 4.80374e+19
=== 5004382 ===
--- pALPIDEfs_6 ---
Pixel 346, 372, 1, 1, 4.80374e+19
Pixel 346, 373, 1, 1, 4.80374e+19
