Run: Cosmics000502
=== 2 ===
--- pALPIDEfs_3 ---
Pixel 238, 320, 1, 1, 4.80374e+19
Pixel 238, 320, 1, 1, 4.80374e+19
=== 3 ===
--- pALPIDEfs_0 ---
Pixel 92, 0, 1, 1, 4.80374e+19
Pixel 93, 0, 1, 1, 4.80374e+19
Pixel 93, 1, 1, 1, 4.80374e+19
Pixel 92, 1, 1, 1, 4.80374e+19
Pixel 92, 2, 1, 1, 4.80374e+19
Pixel 93, 2, 1, 1, 4.80374e+19
Pixel 93, 3, 1, 1, 4.80374e+19
Pixel 92, 3, 1, 1, 4.80374e+19
Pixel 92, 4, 1, 1, 4.80374e+19
Pixel 93, 4, 1, 1, 4.80374e+19
Pixel 93, 5, 1, 1, 4.80374e+19
Pixel 92, 5, 1, 1, 4.80374e+19
Pixel 92, 6, 1, 1, 4.80374e+19
Pixel 93, 6, 1, 1, 4.80374e+19
Pixel 93, 7, 1, 1, 4.80374e+19
Pixel 92, 7, 1, 1, 4.80374e+19
Pixel 92, 8, 1, 1, 4.80374e+19
Pixel 93, 8, 1, 1, 4.80374e+19
Pixel 93, 9, 1, 1, 4.80374e+19
Pixel 92, 9, 1, 1, 4.80374e+19
Pixel 92, 10, 1, 1, 4.80374e+19
Pixel 93, 10, 1, 1, 4.80374e+19
Pixel 93, 11, 1, 1, 4.80374e+19
Pixel 92, 11, 1, 1, 4.80374e+19
Pixel 92, 12, 1, 1, 4.80374e+19
Pixel 93, 12, 1, 1, 4.80374e+19
Pixel 93, 13, 1, 1, 4.80374e+19
Pixel 92, 13, 1, 1, 4.80374e+19
Pixel 92, 14, 1, 1, 4.80374e+19
Pixel 93, 14, 1, 1, 4.80374e+19
Pixel 93, 15, 1, 1, 4.80374e+19
Pixel 92, 15, 1, 1, 4.80374e+19
Pixel 92, 16, 1, 1, 4.80374e+19
Pixel 93, 16, 1, 1, 4.80374e+19
Pixel 93, 17, 1, 1, 4.80374e+19
Pixel 92, 17, 1, 1, 4.80374e+19
Pixel 92, 18, 1, 1, 4.80374e+19
Pixel 93, 18, 1, 1, 4.80374e+19
Pixel 93, 19, 1, 1, 4.80374e+19
Pixel 92, 19, 1, 1, 4.80374e+19
Pixel 92, 20, 1, 1, 4.80374e+19
Pixel 93, 20, 1, 1, 4.80374e+19
Pixel 93, 21, 1, 1, 4.80374e+19
Pixel 92, 21, 1, 1, 4.80374e+19
Pixel 92, 22, 1, 1, 4.80374e+19
Pixel 93, 22, 1, 1, 4.80374e+19
Pixel 93, 23, 1, 1, 4.80374e+19
Pixel 92, 23, 1, 1, 4.80374e+19
Pixel 92, 24, 1, 1, 4.80374e+19
Pixel 93, 24, 1, 1, 4.80374e+19
Pixel 93, 25, 1, 1, 4.80374e+19
Pixel 92, 25, 1, 1, 4.80374e+19
Pixel 92, 26, 1, 1, 4.80374e+19
Pixel 93, 26, 1, 1, 4.80374e+19
Pixel 93, 27, 1, 1, 4.80374e+19
Pixel 92, 27, 1, 1, 4.80374e+19
Pixel 92, 28, 1, 1, 4.80374e+19
Pixel 93, 28, 1, 1, 4.80374e+19
Pixel 93, 29, 1, 1, 4.80374e+19
Pixel 92, 29, 1, 1, 4.80374e+19
Pixel 92, 30, 1, 1, 4.80374e+19
Pixel 93, 30, 1, 1, 4.80374e+19
Pixel 93, 31, 1, 1, 4.80374e+19
Pixel 92, 31, 1, 1, 4.80374e+19
Pixel 92, 32, 1, 1, 4.80374e+19
Pixel 93, 32, 1, 1, 4.80374e+19
Pixel 93, 33, 1, 1, 4.80374e+19
Pixel 92, 33, 1, 1, 4.80374e+19
Pixel 92, 34, 1, 1, 4.80374e+19
Pixel 93, 34, 1, 1, 4.80374e+19
Pixel 93, 35, 1, 1, 4.80374e+19
Pixel 92, 35, 1, 1, 4.80374e+19
Pixel 92, 36, 1, 1, 4.80374e+19
Pixel 93, 36, 1, 1, 4.80374e+19
Pixel 93, 37, 1, 1, 4.80374e+19
Pixel 92, 37, 1, 1, 4.80374e+19
Pixel 92, 38, 1, 1, 4.80374e+19
Pixel 93, 38, 1, 1, 4.80374e+19
Pixel 93, 39, 1, 1, 4.80374e+19
Pixel 92, 39, 1, 1, 4.80374e+19
Pixel 92, 40, 1, 1, 4.80374e+19
Pixel 93, 40, 1, 1, 4.80374e+19
Pixel 93, 41, 1, 1, 4.80374e+19
Pixel 92, 41, 1, 1, 4.80374e+19
Pixel 92, 42, 1, 1, 4.80374e+19
Pixel 93, 42, 1, 1, 4.80374e+19
Pixel 93, 43, 1, 1, 4.80374e+19
Pixel 92, 43, 1, 1, 4.80374e+19
Pixel 92, 44, 1, 1, 4.80374e+19
Pixel 93, 44, 1, 1, 4.80374e+19
Pixel 93, 45, 1, 1, 4.80374e+19
Pixel 92, 45, 1, 1, 4.80374e+19
Pixel 92, 46, 1, 1, 4.80374e+19
Pixel 93, 46, 1, 1, 4.80374e+19
Pixel 93, 47, 1, 1, 4.80374e+19
Pixel 92, 47, 1, 1, 4.80374e+19
Pixel 92, 48, 1, 1, 4.80374e+19
Pixel 93, 48, 1, 1, 4.80374e+19
Pixel 93, 49, 1, 1, 4.80374e+19
Pixel 92, 49, 1, 1, 4.80374e+19
Pixel 92, 50, 1, 1, 4.80374e+19
Pixel 93, 50, 1, 1, 4.80374e+19
Pixel 93, 51, 1, 1, 4.80374e+19
Pixel 92, 51, 1, 1, 4.80374e+19
Pixel 92, 52, 1, 1, 4.80374e+19
Pixel 93, 52, 1, 1, 4.80374e+19
Pixel 93, 53, 1, 1, 4.80374e+19
Pixel 92, 53, 1, 1, 4.80374e+19
Pixel 92, 54, 1, 1, 4.80374e+19
Pixel 93, 54, 1, 1, 4.80374e+19
Pixel 93, 55, 1, 1, 4.80374e+19
Pixel 92, 55, 1, 1, 4.80374e+19
Pixel 92, 56, 1, 1, 4.80374e+19
Pixel 93, 56, 1, 1, 4.80374e+19
Pixel 93, 57, 1, 1, 4.80374e+19
Pixel 92, 57, 1, 1, 4.80374e+19
Pixel 92, 58, 1, 1, 4.80374e+19
Pixel 93, 58, 1, 1, 4.80374e+19
Pixel 93, 59, 1, 1, 4.80374e+19
Pixel 92, 59, 1, 1, 4.80374e+19
Pixel 92, 60, 1, 1, 4.80374e+19
Pixel 93, 60, 1, 1, 4.80374e+19
Pixel 93, 61, 1, 1, 4.80374e+19
Pixel 92, 61, 1, 1, 4.80374e+19
Pixel 92, 62, 1, 1, 4.80374e+19
Pixel 93, 62, 1, 1, 4.80374e+19
Pixel 93, 63, 1, 1, 4.80374e+19
Pixel 92, 63, 1, 1, 4.80374e+19
Pixel 92, 64, 1, 1, 4.80374e+19
Pixel 93, 64, 1, 1, 4.80374e+19
Pixel 93, 65, 1, 1, 4.80374e+19
Pixel 92, 65, 1, 1, 4.80374e+19
Pixel 92, 66, 1, 1, 4.80374e+19
Pixel 93, 66, 1, 1, 4.80374e+19
Pixel 93, 67, 1, 1, 4.80374e+19
Pixel 92, 67, 1, 1, 4.80374e+19
Pixel 92, 68, 1, 1, 4.80374e+19
Pixel 93, 68, 1, 1, 4.80374e+19
Pixel 93, 69, 1, 1, 4.80374e+19
Pixel 92, 69, 1, 1, 4.80374e+19
Pixel 92, 70, 1, 1, 4.80374e+19
Pixel 93, 70, 1, 1, 4.80374e+19
Pixel 93, 71, 1, 1, 4.80374e+19
Pixel 92, 71, 1, 1, 4.80374e+19
Pixel 92, 72, 1, 1, 4.80374e+19
Pixel 93, 72, 1, 1, 4.80374e+19
Pixel 93, 73, 1, 1, 4.80374e+19
Pixel 92, 73, 1, 1, 4.80374e+19
Pixel 92, 74, 1, 1, 4.80374e+19
Pixel 93, 74, 1, 1, 4.80374e+19
Pixel 93, 75, 1, 1, 4.80374e+19
Pixel 92, 75, 1, 1, 4.80374e+19
Pixel 92, 76, 1, 1, 4.80374e+19
Pixel 93, 76, 1, 1, 4.80374e+19
Pixel 93, 77, 1, 1, 4.80374e+19
Pixel 92, 77, 1, 1, 4.80374e+19
Pixel 92, 78, 1, 1, 4.80374e+19
Pixel 93, 78, 1, 1, 4.80374e+19
Pixel 93, 79, 1, 1, 4.80374e+19
Pixel 92, 79, 1, 1, 4.80374e+19
Pixel 92, 80, 1, 1, 4.80374e+19
Pixel 93, 80, 1, 1, 4.80374e+19
Pixel 93, 81, 1, 1, 4.80374e+19
Pixel 92, 81, 1, 1, 4.80374e+19
Pixel 92, 82, 1, 1, 4.80374e+19
Pixel 93, 82, 1, 1, 4.80374e+19
Pixel 93, 83, 1, 1, 4.80374e+19
Pixel 92, 83, 1, 1, 4.80374e+19
Pixel 92, 84, 1, 1, 4.80374e+19
Pixel 93, 84, 1, 1, 4.80374e+19
Pixel 93, 85, 1, 1, 4.80374e+19
Pixel 92, 85, 1, 1, 4.80374e+19
Pixel 92, 86, 1, 1, 4.80374e+19
Pixel 93, 86, 1, 1, 4.80374e+19
Pixel 93, 87, 1, 1, 4.80374e+19
Pixel 92, 87, 1, 1, 4.80374e+19
Pixel 92, 88, 1, 1, 4.80374e+19
Pixel 93, 88, 1, 1, 4.80374e+19
Pixel 93, 89, 1, 1, 4.80374e+19
Pixel 92, 89, 1, 1, 4.80374e+19
Pixel 92, 90, 1, 1, 4.80374e+19
Pixel 93, 90, 1, 1, 4.80374e+19
Pixel 93, 91, 1, 1, 4.80374e+19
Pixel 92, 91, 1, 1, 4.80374e+19
Pixel 92, 92, 1, 1, 4.80374e+19
Pixel 93, 92, 1, 1, 4.80374e+19
Pixel 93, 93, 1, 1, 4.80374e+19
Pixel 92, 93, 1, 1, 4.80374e+19
Pixel 92, 94, 1, 1, 4.80374e+19
Pixel 93, 94, 1, 1, 4.80374e+19
Pixel 93, 95, 1, 1, 4.80374e+19
Pixel 92, 95, 1, 1, 4.80374e+19
Pixel 92, 96, 1, 1, 4.80374e+19
Pixel 93, 96, 1, 1, 4.80374e+19
Pixel 93, 97, 1, 1, 4.80374e+19
Pixel 92, 97, 1, 1, 4.80374e+19
Pixel 92, 98, 1, 1, 4.80374e+19
Pixel 93, 98, 1, 1, 4.80374e+19
Pixel 93, 99, 1, 1, 4.80374e+19
Pixel 92, 99, 1, 1, 4.80374e+19
Pixel 92, 100, 1, 1, 4.80374e+19
Pixel 93, 100, 1, 1, 4.80374e+19
Pixel 93, 101, 1, 1, 4.80374e+19
Pixel 92, 101, 1, 1, 4.80374e+19
Pixel 92, 102, 1, 1, 4.80374e+19
Pixel 93, 102, 1, 1, 4.80374e+19
Pixel 93, 103, 1, 1, 4.80374e+19
Pixel 92, 103, 1, 1, 4.80374e+19
Pixel 92, 104, 1, 1, 4.80374e+19
Pixel 93, 104, 1, 1, 4.80374e+19
Pixel 93, 105, 1, 1, 4.80374e+19
Pixel 92, 105, 1, 1, 4.80374e+19
Pixel 92, 106, 1, 1, 4.80374e+19
Pixel 93, 106, 1, 1, 4.80374e+19
Pixel 93, 107, 1, 1, 4.80374e+19
Pixel 92, 107, 1, 1, 4.80374e+19
Pixel 92, 108, 1, 1, 4.80374e+19
Pixel 93, 108, 1, 1, 4.80374e+19
Pixel 93, 109, 1, 1, 4.80374e+19
Pixel 92, 109, 1, 1, 4.80374e+19
Pixel 92, 110, 1, 1, 4.80374e+19
Pixel 93, 110, 1, 1, 4.80374e+19
Pixel 93, 111, 1, 1, 4.80374e+19
Pixel 92, 111, 1, 1, 4.80374e+19
Pixel 92, 112, 1, 1, 4.80374e+19
Pixel 93, 112, 1, 1, 4.80374e+19
Pixel 93, 113, 1, 1, 4.80374e+19
Pixel 92, 113, 1, 1, 4.80374e+19
Pixel 92, 114, 1, 1, 4.80374e+19
Pixel 93, 114, 1, 1, 4.80374e+19
Pixel 93, 115, 1, 1, 4.80374e+19
Pixel 92, 115, 1, 1, 4.80374e+19
Pixel 92, 116, 1, 1, 4.80374e+19
Pixel 93, 116, 1, 1, 4.80374e+19
Pixel 93, 117, 1, 1, 4.80374e+19
Pixel 92, 117, 1, 1, 4.80374e+19
Pixel 92, 118, 1, 1, 4.80374e+19
Pixel 93, 118, 1, 1, 4.80374e+19
Pixel 93, 119, 1, 1, 4.80374e+19
Pixel 92, 119, 1, 1, 4.80374e+19
Pixel 92, 120, 1, 1, 4.80374e+19
Pixel 93, 120, 1, 1, 4.80374e+19
Pixel 93, 121, 1, 1, 4.80374e+19
Pixel 92, 121, 1, 1, 4.80374e+19
Pixel 92, 122, 1, 1, 4.80374e+19
Pixel 93, 122, 1, 1, 4.80374e+19
Pixel 93, 123, 1, 1, 4.80374e+19
Pixel 92, 123, 1, 1, 4.80374e+19
Pixel 92, 124, 1, 1, 4.80374e+19
Pixel 93, 124, 1, 1, 4.80374e+19
Pixel 93, 125, 1, 1, 4.80374e+19
Pixel 92, 125, 1, 1, 4.80374e+19
Pixel 92, 126, 1, 1, 4.80374e+19
Pixel 93, 126, 1, 1, 4.80374e+19
Pixel 93, 127, 1, 1, 4.80374e+19
Pixel 92, 127, 1, 1, 4.80374e+19
Pixel 92, 128, 1, 1, 4.80374e+19
Pixel 93, 128, 1, 1, 4.80374e+19
Pixel 93, 129, 1, 1, 4.80374e+19
Pixel 92, 129, 1, 1, 4.80374e+19
Pixel 92, 130, 1, 1, 4.80374e+19
Pixel 93, 130, 1, 1, 4.80374e+19
Pixel 93, 131, 1, 1, 4.80374e+19
Pixel 92, 131, 1, 1, 4.80374e+19
Pixel 92, 132, 1, 1, 4.80374e+19
Pixel 93, 132, 1, 1, 4.80374e+19
Pixel 93, 133, 1, 1, 4.80374e+19
Pixel 92, 133, 1, 1, 4.80374e+19
Pixel 92, 134, 1, 1, 4.80374e+19
Pixel 93, 134, 1, 1, 4.80374e+19
Pixel 93, 135, 1, 1, 4.80374e+19
Pixel 92, 135, 1, 1, 4.80374e+19
Pixel 92, 136, 1, 1, 4.80374e+19
Pixel 93, 136, 1, 1, 4.80374e+19
Pixel 93, 137, 1, 1, 4.80374e+19
Pixel 92, 137, 1, 1, 4.80374e+19
Pixel 92, 138, 1, 1, 4.80374e+19
Pixel 93, 138, 1, 1, 4.80374e+19
Pixel 93, 139, 1, 1, 4.80374e+19
Pixel 92, 139, 1, 1, 4.80374e+19
Pixel 92, 140, 1, 1, 4.80374e+19
Pixel 93, 140, 1, 1, 4.80374e+19
Pixel 93, 141, 1, 1, 4.80374e+19
Pixel 92, 141, 1, 1, 4.80374e+19
Pixel 92, 142, 1, 1, 4.80374e+19
Pixel 93, 142, 1, 1, 4.80374e+19
Pixel 93, 143, 1, 1, 4.80374e+19
Pixel 92, 143, 1, 1, 4.80374e+19
Pixel 92, 144, 1, 1, 4.80374e+19
Pixel 93, 144, 1, 1, 4.80374e+19
Pixel 93, 145, 1, 1, 4.80374e+19
Pixel 92, 145, 1, 1, 4.80374e+19
Pixel 92, 146, 1, 1, 4.80374e+19
Pixel 93, 146, 1, 1, 4.80374e+19
Pixel 93, 147, 1, 1, 4.80374e+19
Pixel 92, 147, 1, 1, 4.80374e+19
Pixel 92, 148, 1, 1, 4.80374e+19
Pixel 93, 148, 1, 1, 4.80374e+19
Pixel 93, 149, 1, 1, 4.80374e+19
Pixel 92, 149, 1, 1, 4.80374e+19
Pixel 92, 150, 1, 1, 4.80374e+19
Pixel 93, 150, 1, 1, 4.80374e+19
Pixel 93, 151, 1, 1, 4.80374e+19
Pixel 92, 151, 1, 1, 4.80374e+19
Pixel 92, 152, 1, 1, 4.80374e+19
Pixel 93, 152, 1, 1, 4.80374e+19
Pixel 93, 153, 1, 1, 4.80374e+19
Pixel 92, 153, 1, 1, 4.80374e+19
Pixel 92, 154, 1, 1, 4.80374e+19
Pixel 93, 154, 1, 1, 4.80374e+19
Pixel 93, 155, 1, 1, 4.80374e+19
Pixel 92, 155, 1, 1, 4.80374e+19
Pixel 92, 156, 1, 1, 4.80374e+19
Pixel 93, 156, 1, 1, 4.80374e+19
Pixel 93, 157, 1, 1, 4.80374e+19
Pixel 92, 157, 1, 1, 4.80374e+19
Pixel 92, 158, 1, 1, 4.80374e+19
Pixel 93, 158, 1, 1, 4.80374e+19
Pixel 93, 159, 1, 1, 4.80374e+19
Pixel 92, 159, 1, 1, 4.80374e+19
Pixel 92, 160, 1, 1, 4.80374e+19
Pixel 93, 160, 1, 1, 4.80374e+19
Pixel 93, 161, 1, 1, 4.80374e+19
Pixel 92, 161, 1, 1, 4.80374e+19
Pixel 92, 162, 1, 1, 4.80374e+19
Pixel 93, 162, 1, 1, 4.80374e+19
Pixel 93, 163, 1, 1, 4.80374e+19
Pixel 92, 163, 1, 1, 4.80374e+19
Pixel 92, 164, 1, 1, 4.80374e+19
Pixel 93, 164, 1, 1, 4.80374e+19
Pixel 93, 165, 1, 1, 4.80374e+19
Pixel 92, 165, 1, 1, 4.80374e+19
Pixel 92, 166, 1, 1, 4.80374e+19
Pixel 93, 166, 1, 1, 4.80374e+19
Pixel 93, 167, 1, 1, 4.80374e+19
Pixel 92, 167, 1, 1, 4.80374e+19
Pixel 92, 168, 1, 1, 4.80374e+19
Pixel 93, 168, 1, 1, 4.80374e+19
Pixel 93, 169, 1, 1, 4.80374e+19
Pixel 92, 169, 1, 1, 4.80374e+19
Pixel 92, 170, 1, 1, 4.80374e+19
Pixel 93, 170, 1, 1, 4.80374e+19
Pixel 93, 171, 1, 1, 4.80374e+19
Pixel 92, 171, 1, 1, 4.80374e+19
Pixel 92, 172, 1, 1, 4.80374e+19
Pixel 93, 172, 1, 1, 4.80374e+19
Pixel 93, 173, 1, 1, 4.80374e+19
Pixel 92, 173, 1, 1, 4.80374e+19
Pixel 92, 174, 1, 1, 4.80374e+19
Pixel 93, 174, 1, 1, 4.80374e+19
Pixel 93, 175, 1, 1, 4.80374e+19
Pixel 92, 175, 1, 1, 4.80374e+19
Pixel 92, 176, 1, 1, 4.80374e+19
Pixel 93, 176, 1, 1, 4.80374e+19
Pixel 93, 177, 1, 1, 4.80374e+19
Pixel 92, 177, 1, 1, 4.80374e+19
Pixel 92, 178, 1, 1, 4.80374e+19
Pixel 93, 178, 1, 1, 4.80374e+19
Pixel 93, 179, 1, 1, 4.80374e+19
Pixel 92, 179, 1, 1, 4.80374e+19
Pixel 92, 180, 1, 1, 4.80374e+19
Pixel 93, 180, 1, 1, 4.80374e+19
Pixel 93, 181, 1, 1, 4.80374e+19
Pixel 92, 181, 1, 1, 4.80374e+19
Pixel 92, 182, 1, 1, 4.80374e+19
Pixel 93, 182, 1, 1, 4.80374e+19
Pixel 93, 183, 1, 1, 4.80374e+19
Pixel 92, 183, 1, 1, 4.80374e+19
Pixel 92, 184, 1, 1, 4.80374e+19
Pixel 93, 184, 1, 1, 4.80374e+19
Pixel 93, 185, 1, 1, 4.80374e+19
Pixel 92, 185, 1, 1, 4.80374e+19
Pixel 92, 186, 1, 1, 4.80374e+19
Pixel 93, 186, 1, 1, 4.80374e+19
Pixel 93, 187, 1, 1, 4.80374e+19
Pixel 92, 187, 1, 1, 4.80374e+19
Pixel 92, 188, 1, 1, 4.80374e+19
Pixel 93, 188, 1, 1, 4.80374e+19
Pixel 93, 189, 1, 1, 4.80374e+19
Pixel 92, 189, 1, 1, 4.80374e+19
Pixel 92, 190, 1, 1, 4.80374e+19
Pixel 93, 190, 1, 1, 4.80374e+19
Pixel 93, 191, 1, 1, 4.80374e+19
Pixel 92, 191, 1, 1, 4.80374e+19
Pixel 92, 192, 1, 1, 4.80374e+19
Pixel 93, 192, 1, 1, 4.80374e+19
Pixel 93, 193, 1, 1, 4.80374e+19
Pixel 92, 193, 1, 1, 4.80374e+19
Pixel 92, 194, 1, 1, 4.80374e+19
Pixel 93, 194, 1, 1, 4.80374e+19
Pixel 93, 195, 1, 1, 4.80374e+19
Pixel 92, 195, 1, 1, 4.80374e+19
Pixel 92, 196, 1, 1, 4.80374e+19
Pixel 93, 196, 1, 1, 4.80374e+19
Pixel 93, 197, 1, 1, 4.80374e+19
Pixel 92, 197, 1, 1, 4.80374e+19
Pixel 92, 198, 1, 1, 4.80374e+19
Pixel 93, 198, 1, 1, 4.80374e+19
Pixel 93, 199, 1, 1, 4.80374e+19
Pixel 92, 199, 1, 1, 4.80374e+19
Pixel 92, 200, 1, 1, 4.80374e+19
Pixel 93, 200, 1, 1, 4.80374e+19
Pixel 93, 201, 1, 1, 4.80374e+19
Pixel 92, 201, 1, 1, 4.80374e+19
Pixel 92, 202, 1, 1, 4.80374e+19
Pixel 93, 202, 1, 1, 4.80374e+19
Pixel 93, 203, 1, 1, 4.80374e+19
Pixel 92, 203, 1, 1, 4.80374e+19
Pixel 92, 204, 1, 1, 4.80374e+19
Pixel 93, 204, 1, 1, 4.80374e+19
Pixel 93, 205, 1, 1, 4.80374e+19
Pixel 92, 205, 1, 1, 4.80374e+19
Pixel 92, 206, 1, 1, 4.80374e+19
Pixel 93, 206, 1, 1, 4.80374e+19
Pixel 93, 207, 1, 1, 4.80374e+19
Pixel 92, 207, 1, 1, 4.80374e+19
Pixel 92, 208, 1, 1, 4.80374e+19
Pixel 93, 208, 1, 1, 4.80374e+19
Pixel 93, 209, 1, 1, 4.80374e+19
Pixel 92, 209, 1, 1, 4.80374e+19
Pixel 92, 210, 1, 1, 4.80374e+19
Pixel 93, 210, 1, 1, 4.80374e+19
Pixel 93, 211, 1, 1, 4.80374e+19
Pixel 92, 211, 1, 1, 4.80374e+19
Pixel 92, 212, 1, 1, 4.80374e+19
Pixel 93, 212, 1, 1, 4.80374e+19
Pixel 93, 213, 1, 1, 4.80374e+19
Pixel 92, 213, 1, 1, 4.80374e+19
Pixel 92, 214, 1, 1, 4.80374e+19
Pixel 93, 214, 1, 1, 4.80374e+19
Pixel 93, 215, 1, 1, 4.80374e+19
Pixel 92, 215, 1, 1, 4.80374e+19
Pixel 92, 216, 1, 1, 4.80374e+19
Pixel 93, 216, 1, 1, 4.80374e+19
Pixel 93, 217, 1, 1, 4.80374e+19
Pixel 92, 217, 1, 1, 4.80374e+19
Pixel 92, 218, 1, 1, 4.80374e+19
Pixel 93, 218, 1, 1, 4.80374e+19
Pixel 93, 219, 1, 1, 4.80374e+19
Pixel 92, 219, 1, 1, 4.80374e+19
Pixel 92, 220, 1, 1, 4.80374e+19
Pixel 93, 220, 1, 1, 4.80374e+19
Pixel 93, 221, 1, 1, 4.80374e+19
Pixel 92, 221, 1, 1, 4.80374e+19
Pixel 92, 222, 1, 1, 4.80374e+19
Pixel 93, 222, 1, 1, 4.80374e+19
Pixel 93, 223, 1, 1, 4.80374e+19
Pixel 92, 223, 1, 1, 4.80374e+19
Pixel 92, 224, 1, 1, 4.80374e+19
Pixel 93, 224, 1, 1, 4.80374e+19
Pixel 93, 225, 1, 1, 4.80374e+19
Pixel 92, 225, 1, 1, 4.80374e+19
Pixel 92, 226, 1, 1, 4.80374e+19
Pixel 93, 226, 1, 1, 4.80374e+19
Pixel 93, 227, 1, 1, 4.80374e+19
Pixel 92, 227, 1, 1, 4.80374e+19
Pixel 92, 228, 1, 1, 4.80374e+19
Pixel 93, 228, 1, 1, 4.80374e+19
Pixel 93, 229, 1, 1, 4.80374e+19
Pixel 92, 229, 1, 1, 4.80374e+19
Pixel 92, 230, 1, 1, 4.80374e+19
Pixel 93, 230, 1, 1, 4.80374e+19
Pixel 93, 231, 1, 1, 4.80374e+19
Pixel 92, 231, 1, 1, 4.80374e+19
Pixel 92, 232, 1, 1, 4.80374e+19
Pixel 93, 232, 1, 1, 4.80374e+19
Pixel 93, 233, 1, 1, 4.80374e+19
Pixel 92, 233, 1, 1, 4.80374e+19
Pixel 92, 234, 1, 1, 4.80374e+19
Pixel 93, 234, 1, 1, 4.80374e+19
Pixel 93, 235, 1, 1, 4.80374e+19
Pixel 92, 235, 1, 1, 4.80374e+19
Pixel 92, 236, 1, 1, 4.80374e+19
Pixel 93, 236, 1, 1, 4.80374e+19
Pixel 93, 237, 1, 1, 4.80374e+19
Pixel 92, 237, 1, 1, 4.80374e+19
Pixel 92, 238, 1, 1, 4.80374e+19
Pixel 93, 238, 1, 1, 4.80374e+19
Pixel 93, 239, 1, 1, 4.80374e+19
Pixel 92, 239, 1, 1, 4.80374e+19
Pixel 92, 240, 1, 1, 4.80374e+19
Pixel 93, 240, 1, 1, 4.80374e+19
Pixel 93, 241, 1, 1, 4.80374e+19
Pixel 92, 241, 1, 1, 4.80374e+19
Pixel 92, 242, 1, 1, 4.80374e+19
Pixel 93, 242, 1, 1, 4.80374e+19
Pixel 93, 243, 1, 1, 4.80374e+19
Pixel 92, 243, 1, 1, 4.80374e+19
Pixel 92, 244, 1, 1, 4.80374e+19
Pixel 93, 244, 1, 1, 4.80374e+19
Pixel 93, 245, 1, 1, 4.80374e+19
Pixel 92, 245, 1, 1, 4.80374e+19
Pixel 92, 246, 1, 1, 4.80374e+19
Pixel 93, 246, 1, 1, 4.80374e+19
Pixel 93, 247, 1, 1, 4.80374e+19
Pixel 92, 247, 1, 1, 4.80374e+19
Pixel 92, 248, 1, 1, 4.80374e+19
Pixel 93, 248, 1, 1, 4.80374e+19
Pixel 93, 249, 1, 1, 4.80374e+19
Pixel 92, 249, 1, 1, 4.80374e+19
Pixel 92, 250, 1, 1, 4.80374e+19
Pixel 93, 250, 1, 1, 4.80374e+19
Pixel 93, 251, 1, 1, 4.80374e+19
Pixel 92, 251, 1, 1, 4.80374e+19
Pixel 92, 252, 1, 1, 4.80374e+19
Pixel 93, 252, 1, 1, 4.80374e+19
Pixel 93, 253, 1, 1, 4.80374e+19
Pixel 92, 253, 1, 1, 4.80374e+19
Pixel 92, 254, 1, 1, 4.80374e+19
Pixel 93, 254, 1, 1, 4.80374e+19
Pixel 93, 255, 1, 1, 4.80374e+19
Pixel 92, 255, 1, 1, 4.80374e+19
=== 3714 ===
--- pALPIDEfs_3 ---
Pixel 927, 196, 1, 1, 4.80374e+19
Pixel 927, 197, 1, 1, 4.80374e+19
Pixel 928, 196, 1, 1, 4.80374e+19
Pixel 928, 197, 1, 1, 4.80374e+19
=== 27141 ===
--- pALPIDEfs_0 ---
Pixel 333, 49, 1, 1, 4.80374e+19
--- pALPIDEfs_1 ---
Pixel 61, 365, 1, 1, 4.80374e+19
Pixel 60, 365, 1, 1, 4.80374e+19
=== 42473 ===
--- pALPIDEfs_3 ---
Pixel 119, 469, 1, 1, 4.80374e+19
Pixel 119, 470, 1, 1, 4.80374e+19
Pixel 120, 470, 1, 1, 4.80374e+19
=== 55164 ===
--- pALPIDEfs_2 ---
Pixel 84, 49, 1, 1, 4.80374e+19
Pixel 84, 50, 1, 1, 4.80374e+19
=== 97018 ===
--- pALPIDEfs_3 ---
Pixel 564, 358, 1, 1, 4.80374e+19
Pixel 565, 359, 1, 1, 4.80374e+19
Pixel 564, 359, 1, 1, 4.80374e+19
=== 101081 ===
--- pALPIDEfs_3 ---
Pixel 784, 281, 1, 1, 4.80374e+19
Pixel 784, 282, 1, 1, 4.80374e+19
Pixel 785, 282, 1, 1, 4.80374e+19
=== 102744 ===
--- pALPIDEfs_2 ---
Pixel 933, 274, 1, 1, 4.80374e+19
Pixel 934, 274, 1, 1, 4.80374e+19
=== 115034 ===
--- pALPIDEfs_4 ---
Pixel 875, 99, 1, 1, 4.80374e+19
--- pALPIDEfs_5 ---
Pixel 650, 64, 1, 1, 4.80374e+19
Pixel 650, 65, 1, 1, 4.80374e+19
=== 126201 ===
--- pALPIDEfs_2 ---
Pixel 13, 184, 1, 1, 4.80374e+19
Pixel 13, 185, 1, 1, 4.80374e+19
Pixel 14, 184, 1, 1, 4.80374e+19
Pixel 14, 185, 1, 1, 4.80374e+19
=== 129341 ===
--- pALPIDEfs_6 ---
Pixel 720, 454, 1, 1, 4.80374e+19
Pixel 721, 454, 1, 1, 4.80374e+19
Pixel 721, 455, 1, 1, 4.80374e+19
Pixel 720, 455, 1, 1, 4.80374e+19
=== 131760 ===
--- pALPIDEfs_2 ---
Pixel 375, 345, 1, 1, 4.80374e+19
=== 134571 ===
--- pALPIDEfs_5 ---
Pixel 1012, 488, 1, 1, 4.80374e+19
Pixel 1013, 488, 1, 1, 4.80374e+19
Pixel 1013, 489, 1, 1, 4.80374e+19
Pixel 1012, 489, 1, 1, 4.80374e+19
Pixel 1012, 490, 1, 1, 4.80374e+19
=== 153701 ===
--- pALPIDEfs_6 ---
Pixel 143, 173, 1, 1, 4.80374e+19
Pixel 144, 173, 1, 1, 4.80374e+19
=== 154080 ===
--- pALPIDEfs_1 ---
Pixel 839, 147, 1, 1, 4.80374e+19
Pixel 839, 148, 1, 1, 4.80374e+19
Pixel 840, 147, 1, 1, 4.80374e+19
Pixel 840, 148, 1, 1, 4.80374e+19
=== 154378 ===
--- pALPIDEfs_6 ---
Pixel 750, 64, 1, 1, 4.80374e+19
Pixel 751, 64, 1, 1, 4.80374e+19
Pixel 751, 65, 1, 1, 4.80374e+19
Pixel 750, 65, 1, 1, 4.80374e+19
=== 167114 ===
--- pALPIDEfs_2 ---
Pixel 279, 421, 1, 1, 4.80374e+19
Pixel 279, 422, 1, 1, 4.80374e+19
Pixel 279, 423, 1, 1, 4.80374e+19
Pixel 280, 421, 1, 1, 4.80374e+19
Pixel 280, 422, 1, 1, 4.80374e+19
Pixel 280, 423, 1, 1, 4.80374e+19
=== 170961 ===
--- pALPIDEfs_1 ---
Pixel 811, 383, 1, 1, 4.80374e+19
Pixel 810, 383, 1, 1, 4.80374e+19
Pixel 810, 384, 1, 1, 4.80374e+19
Pixel 811, 384, 1, 1, 4.80374e+19
Pixel 813, 381, 1, 1, 4.80374e+19
Pixel 812, 381, 1, 1, 4.80374e+19
Pixel 812, 382, 1, 1, 4.80374e+19
Pixel 813, 382, 1, 1, 4.80374e+19
Pixel 813, 383, 1, 1, 4.80374e+19
Pixel 812, 383, 1, 1, 4.80374e+19
=== 231712 ===
--- pALPIDEfs_2 ---
Pixel 261, 447, 1, 1, 4.80374e+19
Pixel 260, 447, 1, 1, 4.80374e+19
Pixel 260, 448, 1, 1, 4.80374e+19
Pixel 261, 448, 1, 1, 4.80374e+19
=== 234239 ===
--- pALPIDEfs_6 ---
Pixel 724, 17, 1, 1, 4.80374e+19
Pixel 724, 18, 1, 1, 4.80374e+19
=== 248086 ===
--- pALPIDEfs_0 ---
Pixel 727, 241, 1, 1, 4.80374e+19
Pixel 727, 242, 1, 1, 4.80374e+19
Pixel 728, 242, 1, 1, 4.80374e+19
Pixel 729, 242, 1, 1, 4.80374e+19
=== 260233 ===
--- pALPIDEfs_2 ---
Pixel 789, 50, 1, 1, 4.80374e+19
Pixel 789, 51, 1, 1, 4.80374e+19
--- pALPIDEfs_3 ---
Pixel 584, 223, 1, 1, 4.80374e+19
Pixel 584, 224, 1, 1, 4.80374e+19
--- pALPIDEfs_4 ---
Pixel 300, 279, 1, 1, 4.80374e+19
Pixel 300, 280, 1, 1, 4.80374e+19
Pixel 301, 280, 1, 1, 4.80374e+19
=== 273040 ===
--- pALPIDEfs_5 ---
Pixel 700, 10, 1, 1, 4.80374e+19
Pixel 701, 10, 1, 1, 4.80374e+19
=== 291009 ===
--- pALPIDEfs_2 ---
Pixel 641, 318, 1, 1, 4.80374e+19
Pixel 641, 319, 1, 1, 4.80374e+19
Pixel 641, 320, 1, 1, 4.80374e+19
Pixel 642, 318, 1, 1, 4.80374e+19
Pixel 642, 319, 1, 1, 4.80374e+19
Pixel 642, 320, 1, 1, 4.80374e+19
Pixel 643, 320, 1, 1, 4.80374e+19
Pixel 643, 321, 1, 1, 4.80374e+19
Pixel 642, 321, 1, 1, 4.80374e+19
=== 292926 ===
--- pALPIDEfs_2 ---
Pixel 312, 511, 1, 1, 4.80374e+19
=== 308961 ===
--- pALPIDEfs_5 ---
Pixel 648, 367, 1, 1, 4.80374e+19
Pixel 648, 368, 1, 1, 4.80374e+19
--- pALPIDEfs_6 ---
Pixel 569, 137, 1, 1, 4.80374e+19
=== 319070 ===
--- pALPIDEfs_5 ---
Pixel 97, 32, 1, 1, 4.80374e+19
Pixel 97, 33, 1, 1, 4.80374e+19
Pixel 96, 33, 1, 1, 4.80374e+19
Pixel 97, 34, 1, 1, 4.80374e+19
=== 319182 ===
--- pALPIDEfs_0 ---
Pixel 535, 509, 1, 1, 4.80374e+19
Pixel 536, 509, 1, 1, 4.80374e+19
=== 323071 ===
--- pALPIDEfs_2 ---
Pixel 983, 491, 1, 1, 4.80374e+19
Pixel 984, 491, 1, 1, 4.80374e+19
=== 334393 ===
--- pALPIDEfs_3 ---
Pixel 106, 178, 1, 1, 4.80374e+19
=== 352464 ===
--- pALPIDEfs_2 ---
Pixel 474, 128, 1, 1, 4.80374e+19
Pixel 475, 128, 1, 1, 4.80374e+19
Pixel 475, 129, 1, 1, 4.80374e+19
Pixel 474, 129, 1, 1, 4.80374e+19
--- pALPIDEfs_6 ---
Pixel 614, 178, 1, 1, 4.80374e+19
=== 369301 ===
--- pALPIDEfs_6 ---
Pixel 271, 487, 1, 1, 4.80374e+19
Pixel 271, 488, 1, 1, 4.80374e+19
=== 375035 ===
--- pALPIDEfs_1 ---
Pixel 30, 398, 1, 1, 4.80374e+19
Pixel 30, 399, 1, 1, 4.80374e+19
=== 384812 ===
--- pALPIDEfs_2 ---
Pixel 448, 156, 1, 1, 4.80374e+19
Pixel 448, 157, 1, 1, 4.80374e+19
=== 394157 ===
--- pALPIDEfs_1 ---
Pixel 261, 452, 1, 1, 4.80374e+19
Pixel 261, 453, 1, 1, 4.80374e+19
Pixel 262, 452, 1, 1, 4.80374e+19
Pixel 262, 453, 1, 1, 4.80374e+19
=== 406047 ===
--- pALPIDEfs_5 ---
Pixel 300, 339, 1, 1, 4.80374e+19
Pixel 300, 340, 1, 1, 4.80374e+19
=== 419753 ===
--- pALPIDEfs_4 ---
Pixel 33, 412, 1, 1, 4.80374e+19
Pixel 33, 413, 1, 1, 4.80374e+19
=== 424470 ===
--- pALPIDEfs_5 ---
Pixel 93, 399, 1, 1, 4.80374e+19
Pixel 92, 399, 1, 1, 4.80374e+19
Pixel 93, 400, 1, 1, 4.80374e+19
--- pALPIDEfs_6 ---
Pixel 375, 245, 1, 1, 4.80374e+19
Pixel 374, 245, 1, 1, 4.80374e+19
=== 466260 ===
--- pALPIDEfs_5 ---
Pixel 179, 50, 1, 1, 4.80374e+19
Pixel 179, 51, 1, 1, 4.80374e+19
Pixel 180, 50, 1, 1, 4.80374e+19
Pixel 180, 51, 1, 1, 4.80374e+19
--- pALPIDEfs_6 ---
Pixel 411, 41, 1, 1, 4.80374e+19
=== 467119 ===
--- pALPIDEfs_2 ---
Pixel 715, 451, 1, 1, 4.80374e+19
Pixel 715, 452, 1, 1, 4.80374e+19
=== 469068 ===
--- pALPIDEfs_1 ---
Pixel 297, 36, 1, 1, 4.80374e+19
Pixel 298, 36, 1, 1, 4.80374e+19
=== 484734 ===
--- pALPIDEfs_4 ---
Pixel 136, 329, 1, 1, 4.80374e+19
Pixel 136, 330, 1, 1, 4.80374e+19
Pixel 136, 331, 1, 1, 4.80374e+19
=== 486442 ===
--- pALPIDEfs_4 ---
Pixel 610, 106, 1, 1, 4.80374e+19
Pixel 611, 106, 1, 1, 4.80374e+19
=== 488499 ===
--- pALPIDEfs_3 ---
Pixel 7, 457, 1, 1, 4.80374e+19
Pixel 6, 457, 1, 1, 4.80374e+19
Pixel 6, 458, 1, 1, 4.80374e+19
Pixel 7, 458, 1, 1, 4.80374e+19
=== 506272 ===
--- pALPIDEfs_1 ---
Pixel 871, 395, 1, 1, 4.80374e+19
Pixel 871, 396, 1, 1, 4.80374e+19
=== 511599 ===
--- pALPIDEfs_1 ---
Pixel 165, 82, 1, 1, 4.80374e+19
Pixel 165, 83, 1, 1, 4.80374e+19
Pixel 165, 84, 1, 1, 4.80374e+19
Pixel 165, 85, 1, 1, 4.80374e+19
Pixel 166, 82, 1, 1, 4.80374e+19
Pixel 166, 83, 1, 1, 4.80374e+19
Pixel 166, 84, 1, 1, 4.80374e+19
Pixel 166, 85, 1, 1, 4.80374e+19
=== 511600 ===
--- pALPIDEfs_1 ---
Pixel 166, 82, 1, 1, 4.80374e+19
=== 516255 ===
--- pALPIDEfs_0 ---
Pixel 131, 473, 1, 1, 4.80374e+19
Pixel 131, 474, 1, 1, 4.80374e+19
--- pALPIDEfs_1 ---
Pixel 609, 23, 1, 1, 4.80374e+19
Pixel 610, 23, 1, 1, 4.80374e+19
=== 598032 ===
--- pALPIDEfs_0 ---
Pixel 959, 193, 1, 1, 4.80374e+19
Pixel 959, 194, 1, 1, 4.80374e+19
Pixel 960, 193, 1, 1, 4.80374e+19
Pixel 960, 194, 1, 1, 4.80374e+19
Pixel 961, 194, 1, 1, 4.80374e+19
Pixel 960, 195, 1, 1, 4.80374e+19
=== 603157 ===
--- pALPIDEfs_3 ---
Pixel 106, 178, 1, 1, 4.80374e+19
=== 685870 ===
--- pALPIDEfs_2 ---
Pixel 194, 50, 1, 1, 4.80374e+19
Pixel 195, 50, 1, 1, 4.80374e+19
=== 686444 ===
--- pALPIDEfs_5 ---
Pixel 267, 431, 1, 1, 4.80374e+19
Pixel 266, 431, 1, 1, 4.80374e+19
Pixel 266, 432, 1, 1, 4.80374e+19
Pixel 267, 432, 1, 1, 4.80374e+19
Pixel 269, 431, 1, 1, 4.80374e+19
Pixel 268, 431, 1, 1, 4.80374e+19
Pixel 268, 432, 1, 1, 4.80374e+19
Pixel 271, 431, 1, 1, 4.80374e+19
Pixel 270, 431, 1, 1, 4.80374e+19
Pixel 270, 432, 1, 1, 4.80374e+19
Pixel 271, 432, 1, 1, 4.80374e+19
Pixel 273, 431, 1, 1, 4.80374e+19
Pixel 272, 431, 1, 1, 4.80374e+19
Pixel 278, 430, 1, 1, 4.80374e+19
Pixel 279, 430, 1, 1, 4.80374e+19
Pixel 279, 431, 1, 1, 4.80374e+19
Pixel 278, 431, 1, 1, 4.80374e+19
Pixel 278, 432, 1, 1, 4.80374e+19
Pixel 279, 432, 1, 1, 4.80374e+19
Pixel 281, 431, 1, 1, 4.80374e+19
Pixel 280, 431, 1, 1, 4.80374e+19
Pixel 283, 431, 1, 1, 4.80374e+19
Pixel 282, 431, 1, 1, 4.80374e+19
Pixel 284, 430, 1, 1, 4.80374e+19
Pixel 285, 430, 1, 1, 4.80374e+19
Pixel 285, 431, 1, 1, 4.80374e+19
Pixel 284, 431, 1, 1, 4.80374e+19
Pixel 286, 430, 1, 1, 4.80374e+19
Pixel 287, 430, 1, 1, 4.80374e+19
Pixel 286, 431, 1, 1, 4.80374e+19
=== 686850 ===
--- pALPIDEfs_0 ---
Pixel 841, 328, 1, 1, 4.80374e+19
Pixel 841, 329, 1, 1, 4.80374e+19
Pixel 842, 328, 1, 1, 4.80374e+19
Pixel 842, 329, 1, 1, 4.80374e+19
=== 702087 ===
--- pALPIDEfs_6 ---
Pixel 287, 424, 1, 1, 4.80374e+19
Pixel 289, 421, 1, 1, 4.80374e+19
Pixel 288, 422, 1, 1, 4.80374e+19
Pixel 289, 422, 1, 1, 4.80374e+19
Pixel 288, 423, 1, 1, 4.80374e+19
=== 703237 ===
--- pALPIDEfs_1 ---
Pixel 782, 319, 1, 1, 4.80374e+19
--- pALPIDEfs_2 ---
Pixel 776, 19, 1, 1, 4.80374e+19
=== 705956 ===
--- pALPIDEfs_4 ---
Pixel 327, 429, 1, 1, 4.80374e+19
Pixel 327, 430, 1, 1, 4.80374e+19
Pixel 328, 430, 1, 1, 4.80374e+19
--- pALPIDEfs_5 ---
Pixel 170, 255, 1, 1, 4.80374e+19
--- pALPIDEfs_6 ---
Pixel 64, 20, 1, 1, 4.80374e+19
Pixel 65, 20, 1, 1, 4.80374e+19
=== 719984 ===
--- pALPIDEfs_2 ---
Pixel 859, 106, 1, 1, 4.80374e+19
Pixel 860, 106, 1, 1, 4.80374e+19
Pixel 860, 107, 1, 1, 4.80374e+19
=== 732985 ===
--- pALPIDEfs_0 ---
Pixel 154, 422, 1, 1, 4.80374e+19
Pixel 155, 422, 1, 1, 4.80374e+19
=== 741043 ===
--- pALPIDEfs_2 ---
Pixel 837, 179, 1, 1, 4.80374e+19
=== 761140 ===
--- pALPIDEfs_3 ---
Pixel 906, 388, 1, 1, 4.80374e+19
Pixel 907, 388, 1, 1, 4.80374e+19
Pixel 907, 389, 1, 1, 4.80374e+19
Pixel 906, 389, 1, 1, 4.80374e+19
Pixel 909, 389, 1, 1, 4.80374e+19
Pixel 908, 389, 1, 1, 4.80374e+19
Pixel 910, 388, 1, 1, 4.80374e+19
Pixel 911, 388, 1, 1, 4.80374e+19
Pixel 911, 389, 1, 1, 4.80374e+19
Pixel 910, 389, 1, 1, 4.80374e+19
Pixel 910, 390, 1, 1, 4.80374e+19
Pixel 911, 390, 1, 1, 4.80374e+19
=== 774340 ===
--- pALPIDEfs_5 ---
Pixel 906, 103, 1, 1, 4.80374e+19
Pixel 906, 104, 1, 1, 4.80374e+19
=== 780994 ===
--- pALPIDEfs_0 ---
Pixel 322, 450, 1, 1, 4.80374e+19
Pixel 323, 450, 1, 1, 4.80374e+19
Pixel 323, 451, 1, 1, 4.80374e+19
Pixel 322, 451, 1, 1, 4.80374e+19
=== 782558 ===
--- pALPIDEfs_5 ---
Pixel 385, 473, 1, 1, 4.80374e+19
Pixel 386, 473, 1, 1, 4.80374e+19
=== 792278 ===
--- pALPIDEfs_3 ---
Pixel 253, 440, 1, 1, 4.80374e+19
Pixel 254, 440, 1, 1, 4.80374e+19
=== 794410 ===
--- pALPIDEfs_0 ---
Pixel 973, 169, 1, 1, 4.80374e+19
Pixel 972, 170, 1, 1, 4.80374e+19
Pixel 973, 170, 1, 1, 4.80374e+19
=== 797306 ===
--- pALPIDEfs_5 ---
Pixel 734, 372, 1, 1, 4.80374e+19
Pixel 735, 372, 1, 1, 4.80374e+19
Pixel 735, 373, 1, 1, 4.80374e+19
Pixel 734, 373, 1, 1, 4.80374e+19
Pixel 734, 374, 1, 1, 4.80374e+19
Pixel 735, 374, 1, 1, 4.80374e+19
Pixel 735, 375, 1, 1, 4.80374e+19
=== 798023 ===
--- pALPIDEfs_3 ---
Pixel 783, 487, 1, 1, 4.80374e+19
Pixel 784, 487, 1, 1, 4.80374e+19
=== 799248 ===
--- pALPIDEfs_6 ---
Pixel 567, 418, 1, 1, 4.80374e+19
Pixel 568, 418, 1, 1, 4.80374e+19
=== 811739 ===
--- pALPIDEfs_6 ---
Pixel 279, 108, 1, 1, 4.80374e+19
Pixel 279, 109, 1, 1, 4.80374e+19
Pixel 279, 110, 1, 1, 4.80374e+19
Pixel 280, 108, 1, 1, 4.80374e+19
Pixel 280, 109, 1, 1, 4.80374e+19
Pixel 280, 110, 1, 1, 4.80374e+19
=== 814174 ===
--- pALPIDEfs_3 ---
Pixel 557, 440, 1, 1, 4.80374e+19
Pixel 557, 441, 1, 1, 4.80374e+19
Pixel 556, 441, 1, 1, 4.80374e+19
=== 814564 ===
--- pALPIDEfs_4 ---
Pixel 142, 396, 1, 1, 4.80374e+19
Pixel 143, 396, 1, 1, 4.80374e+19
Pixel 143, 397, 1, 1, 4.80374e+19
Pixel 142, 397, 1, 1, 4.80374e+19
Pixel 142, 398, 1, 1, 4.80374e+19
Pixel 143, 398, 1, 1, 4.80374e+19
=== 824170 ===
--- pALPIDEfs_4 ---
Pixel 859, 301, 1, 1, 4.80374e+19
=== 828761 ===
--- pALPIDEfs_6 ---
Pixel 838, 330, 1, 1, 4.80374e+19
Pixel 839, 330, 1, 1, 4.80374e+19
Pixel 839, 331, 1, 1, 4.80374e+19
Pixel 838, 331, 1, 1, 4.80374e+19
Pixel 840, 330, 1, 1, 4.80374e+19
Pixel 840, 331, 1, 1, 4.80374e+19
=== 848397 ===
--- pALPIDEfs_1 ---
Pixel 999, 396, 1, 1, 4.80374e+19
=== 856565 ===
--- pALPIDEfs_3 ---
Pixel 625, 212, 1, 1, 4.80374e+19
Pixel 625, 213, 1, 1, 4.80374e+19
Pixel 626, 212, 1, 1, 4.80374e+19
Pixel 626, 213, 1, 1, 4.80374e+19
=== 867361 ===
--- pALPIDEfs_5 ---
Pixel 608, 106, 1, 1, 4.80374e+19
Pixel 609, 106, 1, 1, 4.80374e+19
Pixel 609, 107, 1, 1, 4.80374e+19
Pixel 608, 107, 1, 1, 4.80374e+19
=== 876678 ===
--- pALPIDEfs_1 ---
Pixel 999, 322, 1, 1, 4.80374e+19
Pixel 1000, 321, 1, 1, 4.80374e+19
Pixel 1000, 322, 1, 1, 4.80374e+19
=== 877289 ===
--- pALPIDEfs_1 ---
Pixel 537, 57, 1, 1, 4.80374e+19
Pixel 539, 55, 1, 1, 4.80374e+19
Pixel 538, 55, 1, 1, 4.80374e+19
Pixel 538, 56, 1, 1, 4.80374e+19
Pixel 539, 56, 1, 1, 4.80374e+19
Pixel 538, 57, 1, 1, 4.80374e+19
Pixel 538, 58, 1, 1, 4.80374e+19
=== 887531 ===
--- pALPIDEfs_3 ---
Pixel 823, 112, 1, 1, 4.80374e+19
Pixel 823, 113, 1, 1, 4.80374e+19
Pixel 824, 112, 1, 1, 4.80374e+19
Pixel 824, 113, 1, 1, 4.80374e+19
=== 897308 ===
--- pALPIDEfs_4 ---
Pixel 791, 490, 1, 1, 4.80374e+19
Pixel 791, 491, 1, 1, 4.80374e+19
Pixel 792, 490, 1, 1, 4.80374e+19
Pixel 792, 491, 1, 1, 4.80374e+19
=== 898319 ===
--- pALPIDEfs_1 ---
Pixel 979, 361, 1, 1, 4.80374e+19
Pixel 980, 361, 1, 1, 4.80374e+19
--- pALPIDEfs_2 ---
Pixel 566, 490, 1, 1, 4.80374e+19
Pixel 567, 490, 1, 1, 4.80374e+19
=== 921104 ===
--- pALPIDEfs_6 ---
Pixel 53, 122, 1, 1, 4.80374e+19
Pixel 54, 122, 1, 1, 4.80374e+19
Pixel 55, 122, 1, 1, 4.80374e+19
Pixel 55, 123, 1, 1, 4.80374e+19
Pixel 54, 123, 1, 1, 4.80374e+19
=== 930813 ===
--- pALPIDEfs_2 ---
Pixel 387, 133, 1, 1, 4.80374e+19
Pixel 387, 134, 1, 1, 4.80374e+19
Pixel 388, 134, 1, 1, 4.80374e+19
=== 939372 ===
--- pALPIDEfs_4 ---
Pixel 567, 229, 1, 1, 4.80374e+19
--- pALPIDEfs_5 ---
Pixel 969, 397, 1, 1, 4.80374e+19
Pixel 969, 398, 1, 1, 4.80374e+19
Pixel 970, 397, 1, 1, 4.80374e+19
Pixel 970, 398, 1, 1, 4.80374e+19
=== 958094 ===
--- pALPIDEfs_3 ---
Pixel 625, 55, 1, 1, 4.80374e+19
Pixel 625, 56, 1, 1, 4.80374e+19
--- pALPIDEfs_4 ---
Pixel 907, 337, 1, 1, 4.80374e+19
Pixel 906, 337, 1, 1, 4.80374e+19
=== 959924 ===
--- pALPIDEfs_3 ---
Pixel 86, 499, 1, 1, 4.80374e+19
=== 966942 ===
--- pALPIDEfs_0 ---
Pixel 940, 18, 1, 1, 4.80374e+19
Pixel 940, 19, 1, 1, 4.80374e+19
=== 978185 ===
--- pALPIDEfs_2 ---
Pixel 723, 425, 1, 1, 4.80374e+19
Pixel 724, 425, 1, 1, 4.80374e+19
=== 982764 ===
--- pALPIDEfs_3 ---
Pixel 929, 453, 1, 1, 4.80374e+19
Pixel 929, 454, 1, 1, 4.80374e+19
Pixel 930, 454, 1, 1, 4.80374e+19
=== 1043640 ===
--- pALPIDEfs_6 ---
Pixel 807, 232, 1, 1, 4.80374e+19
Pixel 807, 233, 1, 1, 4.80374e+19
Pixel 806, 233, 1, 1, 4.80374e+19
=== 1044630 ===
--- pALPIDEfs_0 ---
Pixel 189, 161, 1, 1, 4.80374e+19
=== 1049306 ===
--- pALPIDEfs_4 ---
Pixel 823, 177, 1, 1, 4.80374e+19
--- pALPIDEfs_5 ---
Pixel 544, 181, 1, 1, 4.80374e+19
--- pALPIDEfs_6 ---
Pixel 317, 129, 1, 1, 4.80374e+19
Pixel 316, 129, 1, 1, 4.80374e+19
=== 1066803 ===
--- pALPIDEfs_1 ---
Pixel 977, 360, 1, 1, 4.80374e+19
Pixel 977, 361, 1, 1, 4.80374e+19
=== 1086479 ===
--- pALPIDEfs_5 ---
Pixel 168, 474, 1, 1, 4.80374e+19
Pixel 169, 474, 1, 1, 4.80374e+19
Pixel 169, 475, 1, 1, 4.80374e+19
Pixel 168, 475, 1, 1, 4.80374e+19
Pixel 173, 491, 1, 1, 4.80374e+19
Pixel 172, 491, 1, 1, 4.80374e+19
Pixel 439, 368, 1, 1, 4.80374e+19
Pixel 439, 369, 1, 1, 4.80374e+19
Pixel 438, 369, 1, 1, 4.80374e+19
Pixel 438, 370, 1, 1, 4.80374e+19
Pixel 439, 370, 1, 1, 4.80374e+19
Pixel 440, 368, 1, 1, 4.80374e+19
Pixel 440, 369, 1, 1, 4.80374e+19
Pixel 440, 370, 1, 1, 4.80374e+19
=== 1088692 ===
--- pALPIDEfs_6 ---
Pixel 133, 112, 1, 1, 4.80374e+19
Pixel 134, 112, 1, 1, 4.80374e+19
Pixel 135, 112, 1, 1, 4.80374e+19
Pixel 134, 113, 1, 1, 4.80374e+19
=== 1098494 ===
--- pALPIDEfs_5 ---
Pixel 465, 61, 1, 1, 4.80374e+19
=== 1098841 ===
--- pALPIDEfs_0 ---
Pixel 441, 267, 1, 1, 4.80374e+19
Pixel 441, 268, 1, 1, 4.80374e+19
Pixel 442, 266, 1, 1, 4.80374e+19
Pixel 443, 266, 1, 1, 4.80374e+19
Pixel 443, 267, 1, 1, 4.80374e+19
Pixel 442, 267, 1, 1, 4.80374e+19
Pixel 442, 268, 1, 1, 4.80374e+19
Pixel 443, 268, 1, 1, 4.80374e+19
Pixel 443, 269, 1, 1, 4.80374e+19
Pixel 442, 269, 1, 1, 4.80374e+19
Pixel 444, 267, 1, 1, 4.80374e+19
Pixel 444, 268, 1, 1, 4.80374e+19
=== 1131914 ===
--- pALPIDEfs_5 ---
Pixel 617, 330, 1, 1, 4.80374e+19
=== 1134736 ===
--- pALPIDEfs_6 ---
Pixel 735, 244, 1, 1, 4.80374e+19
Pixel 735, 245, 1, 1, 4.80374e+19
Pixel 736, 244, 1, 1, 4.80374e+19
Pixel 736, 245, 1, 1, 4.80374e+19
=== 1166484 ===
--- pALPIDEfs_4 ---
Pixel 1004, 178, 1, 1, 4.80374e+19
Pixel 1005, 178, 1, 1, 4.80374e+19
Pixel 1005, 179, 1, 1, 4.80374e+19
Pixel 1004, 179, 1, 1, 4.80374e+19
=== 1173835 ===
--- pALPIDEfs_1 ---
Pixel 131, 131, 1, 1, 4.80374e+19
--- pALPIDEfs_2 ---
Pixel 146, 420, 1, 1, 4.80374e+19
=== 1191023 ===
--- pALPIDEfs_0 ---
Pixel 561, 13, 1, 1, 4.80374e+19
Pixel 560, 13, 1, 1, 4.80374e+19
=== 1191475 ===
--- pALPIDEfs_1 ---
Pixel 361, 172, 1, 1, 4.80374e+19
--- pALPIDEfs_2 ---
Pixel 649, 286, 1, 1, 4.80374e+19
Pixel 649, 287, 1, 1, 4.80374e+19
--- pALPIDEfs_3 ---
Pixel 940, 472, 1, 1, 4.80374e+19
Pixel 941, 472, 1, 1, 4.80374e+19
=== 1202185 ===
--- pALPIDEfs_6 ---
Pixel 45, 83, 1, 1, 4.80374e+19
Pixel 45, 84, 1, 1, 4.80374e+19
Pixel 46, 84, 1, 1, 4.80374e+19
=== 1207051 ===
--- pALPIDEfs_0 ---
Pixel 653, 27, 1, 1, 4.80374e+19
Pixel 653, 28, 1, 1, 4.80374e+19
Pixel 653, 29, 1, 1, 4.80374e+19
Pixel 654, 27, 1, 1, 4.80374e+19
Pixel 654, 28, 1, 1, 4.80374e+19
Pixel 654, 29, 1, 1, 4.80374e+19
=== 1209352 ===
--- pALPIDEfs_5 ---
Pixel 408, 221, 1, 1, 4.80374e+19
Pixel 408, 222, 1, 1, 4.80374e+19
Pixel 676, 82, 1, 1, 4.80374e+19
Pixel 677, 82, 1, 1, 4.80374e+19
Pixel 677, 83, 1, 1, 4.80374e+19
Pixel 676, 83, 1, 1, 4.80374e+19
=== 1213040 ===
--- pALPIDEfs_4 ---
Pixel 743, 56, 1, 1, 4.80374e+19
Pixel 743, 57, 1, 1, 4.80374e+19
--- pALPIDEfs_5 ---
Pixel 790, 170, 1, 1, 4.80374e+19
--- pALPIDEfs_6 ---
Pixel 892, 229, 1, 1, 4.80374e+19
=== 1213041 ===
--- pALPIDEfs_5 ---
Pixel 699, 202, 1, 1, 4.80374e+19
Pixel 699, 203, 1, 1, 4.80374e+19
Pixel 699, 204, 1, 1, 4.80374e+19
Pixel 700, 202, 1, 1, 4.80374e+19
Pixel 700, 203, 1, 1, 4.80374e+19
=== 1222250 ===
--- pALPIDEfs_6 ---
Pixel 291, 436, 1, 1, 4.80374e+19
Pixel 291, 437, 1, 1, 4.80374e+19
Pixel 290, 437, 1, 1, 4.80374e+19
Pixel 292, 436, 1, 1, 4.80374e+19
=== 1224273 ===
--- pALPIDEfs_2 ---
Pixel 712, 44, 1, 1, 4.80374e+19
Pixel 713, 44, 1, 1, 4.80374e+19
Pixel 712, 45, 1, 1, 4.80374e+19
=== 1234469 ===
--- pALPIDEfs_0 ---
Pixel 841, 414, 1, 1, 4.80374e+19
Pixel 841, 415, 1, 1, 4.80374e+19
Pixel 841, 416, 1, 1, 4.80374e+19
Pixel 842, 414, 1, 1, 4.80374e+19
Pixel 842, 415, 1, 1, 4.80374e+19
Pixel 842, 416, 1, 1, 4.80374e+19
=== 1247613 ===
--- pALPIDEfs_0 ---
Pixel 723, 213, 1, 1, 4.80374e+19
Pixel 722, 213, 1, 1, 4.80374e+19
Pixel 722, 214, 1, 1, 4.80374e+19
Pixel 723, 214, 1, 1, 4.80374e+19
Pixel 725, 212, 1, 1, 4.80374e+19
Pixel 725, 213, 1, 1, 4.80374e+19
Pixel 724, 213, 1, 1, 4.80374e+19
Pixel 726, 212, 1, 1, 4.80374e+19
Pixel 726, 213, 1, 1, 4.80374e+19
=== 1258231 ===
--- pALPIDEfs_0 ---
Pixel 123, 416, 1, 1, 4.80374e+19
Pixel 123, 417, 1, 1, 4.80374e+19
=== 1276877 ===
--- pALPIDEfs_4 ---
Pixel 701, 478, 1, 1, 4.80374e+19
=== 1280077 ===
--- pALPIDEfs_4 ---
Pixel 637, 204, 1, 1, 4.80374e+19
=== 1285676 ===
--- pALPIDEfs_0 ---
Pixel 812, 465, 1, 1, 4.80374e+19
Pixel 812, 466, 1, 1, 4.80374e+19
Pixel 813, 466, 1, 1, 4.80374e+19
Pixel 819, 460, 1, 1, 4.80374e+19
Pixel 819, 461, 1, 1, 4.80374e+19
Pixel 821, 459, 1, 1, 4.80374e+19
Pixel 820, 459, 1, 1, 4.80374e+19
Pixel 820, 460, 1, 1, 4.80374e+19
Pixel 821, 460, 1, 1, 4.80374e+19
Pixel 820, 461, 1, 1, 4.80374e+19
=== 1301593 ===
--- pALPIDEfs_1 ---
Pixel 138, 220, 1, 1, 4.80374e+19
=== 1308978 ===
--- pALPIDEfs_1 ---
Pixel 343, 32, 1, 1, 4.80374e+19
Pixel 343, 33, 1, 1, 4.80374e+19
Pixel 342, 33, 1, 1, 4.80374e+19
Pixel 343, 34, 1, 1, 4.80374e+19
Pixel 344, 33, 1, 1, 4.80374e+19
=== 1345746 ===
--- pALPIDEfs_5 ---
Pixel 1017, 67, 1, 1, 4.80374e+19
Pixel 1017, 68, 1, 1, 4.80374e+19
Pixel 1018, 67, 1, 1, 4.80374e+19
Pixel 1018, 68, 1, 1, 4.80374e+19
=== 1347553 ===
--- pALPIDEfs_5 ---
Pixel 873, 505, 1, 1, 4.80374e+19
Pixel 874, 505, 1, 1, 4.80374e+19
=== 1348992 ===
--- pALPIDEfs_0 ---
Pixel 635, 191, 1, 1, 4.80374e+19
Pixel 635, 192, 1, 1, 4.80374e+19
=== 1361846 ===
--- pALPIDEfs_0 ---
Pixel 27, 497, 1, 1, 4.80374e+19
Pixel 27, 498, 1, 1, 4.80374e+19
Pixel 29, 497, 1, 1, 4.80374e+19
Pixel 28, 497, 1, 1, 4.80374e+19
Pixel 28, 498, 1, 1, 4.80374e+19
Pixel 29, 498, 1, 1, 4.80374e+19
=== 1361930 ===
--- pALPIDEfs_4 ---
Pixel 976, 320, 1, 1, 4.80374e+19
Pixel 976, 321, 1, 1, 4.80374e+19
=== 1370326 ===
--- pALPIDEfs_2 ---
Pixel 957, 408, 1, 1, 4.80374e+19
Pixel 957, 409, 1, 1, 4.80374e+19
Pixel 958, 408, 1, 1, 4.80374e+19
Pixel 958, 409, 1, 1, 4.80374e+19
=== 1375620 ===
--- pALPIDEfs_3 ---
Pixel 745, 404, 1, 1, 4.80374e+19
Pixel 746, 404, 1, 1, 4.80374e+19
=== 1405005 ===
--- pALPIDEfs_2 ---
Pixel 160, 174, 1, 1, 4.80374e+19
--- pALPIDEfs_3 ---
Pixel 368, 220, 1, 1, 4.80374e+19
Pixel 369, 220, 1, 1, 4.80374e+19
=== 1408142 ===
--- pALPIDEfs_3 ---
Pixel 1001, 386, 1, 1, 4.80374e+19
Pixel 1001, 387, 1, 1, 4.80374e+19
Pixel 1002, 386, 1, 1, 4.80374e+19
Pixel 1003, 387, 1, 1, 4.80374e+19
Pixel 1002, 387, 1, 1, 4.80374e+19
Pixel 1002, 388, 1, 1, 4.80374e+19
Pixel 1003, 388, 1, 1, 4.80374e+19
Pixel 1002, 389, 1, 1, 4.80374e+19
Pixel 1002, 390, 1, 1, 4.80374e+19
=== 1426645 ===
--- pALPIDEfs_1 ---
Pixel 349, 306, 1, 1, 4.80374e+19
Pixel 349, 307, 1, 1, 4.80374e+19
Pixel 350, 307, 1, 1, 4.80374e+19
=== 1437651 ===
--- pALPIDEfs_2 ---
Pixel 517, 324, 1, 1, 4.80374e+19
=== 1438732 ===
--- pALPIDEfs_0 ---
Pixel 671, 422, 1, 1, 4.80374e+19
Pixel 671, 423, 1, 1, 4.80374e+19
Pixel 671, 424, 1, 1, 4.80374e+19
Pixel 671, 425, 1, 1, 4.80374e+19
Pixel 671, 426, 1, 1, 4.80374e+19
Pixel 672, 424, 1, 1, 4.80374e+19
Pixel 673, 425, 1, 1, 4.80374e+19
Pixel 672, 425, 1, 1, 4.80374e+19
Pixel 672, 426, 1, 1, 4.80374e+19
=== 1451804 ===
--- pALPIDEfs_1 ---
Pixel 787, 489, 1, 1, 4.80374e+19
Pixel 789, 487, 1, 1, 4.80374e+19
Pixel 788, 487, 1, 1, 4.80374e+19
Pixel 788, 488, 1, 1, 4.80374e+19
Pixel 789, 488, 1, 1, 4.80374e+19
Pixel 788, 489, 1, 1, 4.80374e+19
Pixel 792, 487, 1, 1, 4.80374e+19
Pixel 792, 488, 1, 1, 4.80374e+19
Pixel 793, 488, 1, 1, 4.80374e+19
Pixel 794, 488, 1, 1, 4.80374e+19
Pixel 795, 488, 1, 1, 4.80374e+19
Pixel 795, 489, 1, 1, 4.80374e+19
Pixel 796, 488, 1, 1, 4.80374e+19
Pixel 797, 489, 1, 1, 4.80374e+19
Pixel 796, 489, 1, 1, 4.80374e+19
Pixel 799, 489, 1, 1, 4.80374e+19
Pixel 798, 489, 1, 1, 4.80374e+19
Pixel 799, 490, 1, 1, 4.80374e+19
Pixel 801, 489, 1, 1, 4.80374e+19
Pixel 800, 489, 1, 1, 4.80374e+19
Pixel 800, 490, 1, 1, 4.80374e+19
=== 1463214 ===
--- pALPIDEfs_1 ---
Pixel 832, 354, 1, 1, 4.80374e+19
Pixel 832, 355, 1, 1, 4.80374e+19
=== 1469075 ===
--- pALPIDEfs_3 ---
Pixel 372, 91, 1, 1, 4.80374e+19
=== 1469203 ===
--- pALPIDEfs_3 ---
Pixel 901, 500, 1, 1, 4.80374e+19
Pixel 902, 500, 1, 1, 4.80374e+19
Pixel 902, 501, 1, 1, 4.80374e+19
=== 1476651 ===
--- pALPIDEfs_2 ---
Pixel 503, 386, 1, 1, 4.80374e+19
Pixel 504, 386, 1, 1, 4.80374e+19
=== 1481249 ===
--- pALPIDEfs_3 ---
Pixel 1007, 435, 1, 1, 4.80374e+19
Pixel 1007, 436, 1, 1, 4.80374e+19
Pixel 1008, 435, 1, 1, 4.80374e+19
Pixel 1008, 436, 1, 1, 4.80374e+19
=== 1483746 ===
--- pALPIDEfs_4 ---
Pixel 865, 3, 1, 1, 4.80374e+19
Pixel 867, 2, 1, 1, 4.80374e+19
Pixel 867, 3, 1, 1, 4.80374e+19
Pixel 866, 3, 1, 1, 4.80374e+19
Pixel 869, 1, 1, 1, 4.80374e+19
Pixel 868, 1, 1, 1, 4.80374e+19
Pixel 868, 2, 1, 1, 4.80374e+19
Pixel 869, 2, 1, 1, 4.80374e+19
Pixel 870, 1, 1, 1, 4.80374e+19
=== 1522725 ===
--- pALPIDEfs_0 ---
Pixel 787, 194, 1, 1, 4.80374e+19
--- pALPIDEfs_1 ---
Pixel 916, 276, 1, 1, 4.80374e+19
Pixel 917, 276, 1, 1, 4.80374e+19
=== 1531186 ===
--- pALPIDEfs_0 ---
Pixel 447, 17, 1, 1, 4.80374e+19
Pixel 446, 17, 1, 1, 4.80374e+19
--- pALPIDEfs_1 ---
Pixel 217, 282, 1, 1, 4.80374e+19
--- pALPIDEfs_2 ---
Pixel 11, 446, 1, 1, 4.80374e+19
=== 1533076 ===
--- pALPIDEfs_6 ---
Pixel 611, 210, 1, 1, 4.80374e+19
Pixel 611, 211, 1, 1, 4.80374e+19
Pixel 612, 210, 1, 1, 4.80374e+19
Pixel 613, 210, 1, 1, 4.80374e+19
Pixel 612, 211, 1, 1, 4.80374e+19
=== 1537199 ===
--- pALPIDEfs_3 ---
Pixel 11, 198, 1, 1, 4.80374e+19
Pixel 11, 199, 1, 1, 4.80374e+19
Pixel 12, 198, 1, 1, 4.80374e+19
Pixel 12, 199, 1, 1, 4.80374e+19
--- pALPIDEfs_4 ---
Pixel 502, 373, 1, 1, 4.80374e+19
Pixel 502, 374, 1, 1, 4.80374e+19
=== 1540386 ===
--- pALPIDEfs_2 ---
Pixel 1019, 419, 1, 1, 4.80374e+19
Pixel 1019, 420, 1, 1, 4.80374e+19
Pixel 1020, 419, 1, 1, 4.80374e+19
Pixel 1020, 420, 1, 1, 4.80374e+19
=== 1570327 ===
--- pALPIDEfs_5 ---
Pixel 477, 363, 1, 1, 4.80374e+19
Pixel 476, 363, 1, 1, 4.80374e+19
Pixel 476, 364, 1, 1, 4.80374e+19
Pixel 477, 364, 1, 1, 4.80374e+19
=== 1597018 ===
--- pALPIDEfs_0 ---
Pixel 576, 235, 1, 1, 4.80374e+19
--- pALPIDEfs_1 ---
Pixel 906, 348, 1, 1, 4.80374e+19
=== 1615252 ===
--- pALPIDEfs_6 ---
Pixel 815, 309, 1, 1, 4.80374e+19
Pixel 814, 309, 1, 1, 4.80374e+19
Pixel 814, 310, 1, 1, 4.80374e+19
Pixel 815, 310, 1, 1, 4.80374e+19
=== 1618854 ===
--- pALPIDEfs_2 ---
Pixel 1011, 199, 1, 1, 4.80374e+19
=== 1619593 ===
--- pALPIDEfs_5 ---
Pixel 815, 503, 1, 1, 4.80374e+19
=== 1624259 ===
--- pALPIDEfs_3 ---
Pixel 57, 289, 1, 1, 4.80374e+19
Pixel 56, 289, 1, 1, 4.80374e+19
Pixel 56, 290, 1, 1, 4.80374e+19
Pixel 57, 290, 1, 1, 4.80374e+19
Pixel 56, 291, 1, 1, 4.80374e+19
=== 1625412 ===
--- pALPIDEfs_0 ---
Pixel 409, 191, 1, 1, 4.80374e+19
Pixel 409, 192, 1, 1, 4.80374e+19
Pixel 410, 190, 1, 1, 4.80374e+19
Pixel 410, 191, 1, 1, 4.80374e+19
Pixel 410, 192, 1, 1, 4.80374e+19
=== 1644304 ===
--- pALPIDEfs_1 ---
Pixel 170, 352, 1, 1, 4.80374e+19
Pixel 171, 352, 1, 1, 4.80374e+19
=== 1650597 ===
--- pALPIDEfs_2 ---
Pixel 445, 242, 1, 1, 4.80374e+19
Pixel 446, 242, 1, 1, 4.80374e+19
Pixel 447, 242, 1, 1, 4.80374e+19
Pixel 447, 243, 1, 1, 4.80374e+19
Pixel 446, 243, 1, 1, 4.80374e+19
Pixel 448, 242, 1, 1, 4.80374e+19
Pixel 449, 242, 1, 1, 4.80374e+19
Pixel 449, 243, 1, 1, 4.80374e+19
Pixel 448, 243, 1, 1, 4.80374e+19
Pixel 451, 243, 1, 1, 4.80374e+19
Pixel 450, 243, 1, 1, 4.80374e+19
Pixel 451, 244, 1, 1, 4.80374e+19
=== 1669880 ===
--- pALPIDEfs_1 ---
Pixel 810, 301, 1, 1, 4.80374e+19
Pixel 810, 302, 1, 1, 4.80374e+19
Pixel 811, 302, 1, 1, 4.80374e+19
=== 1677832 ===
--- pALPIDEfs_4 ---
Pixel 613, 497, 1, 1, 4.80374e+19
Pixel 612, 497, 1, 1, 4.80374e+19
Pixel 612, 498, 1, 1, 4.80374e+19
Pixel 613, 498, 1, 1, 4.80374e+19
=== 1696399 ===
--- pALPIDEfs_4 ---
Pixel 645, 260, 1, 1, 4.80374e+19
Pixel 645, 261, 1, 1, 4.80374e+19
Pixel 644, 261, 1, 1, 4.80374e+19
=== 1698542 ===
--- pALPIDEfs_5 ---
Pixel 871, 17, 1, 1, 4.80374e+19
Pixel 872, 17, 1, 1, 4.80374e+19
Pixel 873, 18, 1, 1, 4.80374e+19
Pixel 874, 18, 1, 1, 4.80374e+19
Pixel 875, 18, 1, 1, 4.80374e+19
Pixel 875, 19, 1, 1, 4.80374e+19
Pixel 874, 19, 1, 1, 4.80374e+19
Pixel 877, 19, 1, 1, 4.80374e+19
Pixel 876, 19, 1, 1, 4.80374e+19
Pixel 877, 20, 1, 1, 4.80374e+19
Pixel 878, 20, 1, 1, 4.80374e+19
Pixel 878, 21, 1, 1, 4.80374e+19
=== 1700245 ===
--- pALPIDEfs_0 ---
Pixel 995, 435, 1, 1, 4.80374e+19
Pixel 994, 435, 1, 1, 4.80374e+19
=== 1720238 ===
--- pALPIDEfs_2 ---
Pixel 267, 349, 1, 1, 4.80374e+19
Pixel 266, 349, 1, 1, 4.80374e+19
Pixel 266, 350, 1, 1, 4.80374e+19
Pixel 267, 350, 1, 1, 4.80374e+19
=== 1721379 ===
--- pALPIDEfs_1 ---
Pixel 693, 273, 1, 1, 4.80374e+19
Pixel 692, 273, 1, 1, 4.80374e+19
--- pALPIDEfs_2 ---
Pixel 695, 339, 1, 1, 4.80374e+19
--- pALPIDEfs_3 ---
Pixel 695, 453, 1, 1, 4.80374e+19
Pixel 694, 453, 1, 1, 4.80374e+19
Pixel 694, 454, 1, 1, 4.80374e+19
Pixel 695, 454, 1, 1, 4.80374e+19
--- pALPIDEfs_4 ---
Pixel 964, 126, 1, 1, 4.80374e+19
Pixel 965, 126, 1, 1, 4.80374e+19
Pixel 964, 127, 1, 1, 4.80374e+19
=== 1729980 ===
--- pALPIDEfs_4 ---
Pixel 451, 331, 1, 1, 4.80374e+19
--- pALPIDEfs_5 ---
Pixel 1019, 80, 1, 1, 4.80374e+19
Pixel 1019, 81, 1, 1, 4.80374e+19
Pixel 1020, 80, 1, 1, 4.80374e+19
=== 1741785 ===
--- pALPIDEfs_2 ---
Pixel 822, 395, 1, 1, 4.80374e+19
--- pALPIDEfs_3 ---
Pixel 829, 232, 1, 1, 4.80374e+19
Pixel 829, 233, 1, 1, 4.80374e+19
Pixel 830, 232, 1, 1, 4.80374e+19
Pixel 830, 233, 1, 1, 4.80374e+19
--- pALPIDEfs_4 ---
Pixel 867, 50, 1, 1, 4.80374e+19
Pixel 868, 50, 1, 1, 4.80374e+19
=== 1747068 ===
--- pALPIDEfs_6 ---
Pixel 533, 451, 1, 1, 4.80374e+19
Pixel 533, 452, 1, 1, 4.80374e+19
Pixel 533, 453, 1, 1, 4.80374e+19
Pixel 533, 460, 1, 1, 4.80374e+19
Pixel 533, 461, 1, 1, 4.80374e+19
Pixel 534, 451, 1, 1, 4.80374e+19
Pixel 534, 452, 1, 1, 4.80374e+19
Pixel 534, 453, 1, 1, 4.80374e+19
Pixel 534, 454, 1, 1, 4.80374e+19
Pixel 534, 455, 1, 1, 4.80374e+19
Pixel 534, 456, 1, 1, 4.80374e+19
Pixel 534, 457, 1, 1, 4.80374e+19
Pixel 534, 458, 1, 1, 4.80374e+19
Pixel 534, 459, 1, 1, 4.80374e+19
Pixel 534, 460, 1, 1, 4.80374e+19
=== 1751814 ===
--- pALPIDEfs_0 ---
Pixel 252, 22, 1, 1, 4.80374e+19
Pixel 252, 23, 1, 1, 4.80374e+19
=== 1772949 ===
--- pALPIDEfs_3 ---
Pixel 973, 19, 1, 1, 4.80374e+19
Pixel 972, 19, 1, 1, 4.80374e+19
Pixel 972, 20, 1, 1, 4.80374e+19
Pixel 973, 20, 1, 1, 4.80374e+19
=== 1776809 ===
--- pALPIDEfs_6 ---
Pixel 646, 188, 1, 1, 4.80374e+19
Pixel 647, 188, 1, 1, 4.80374e+19
=== 1788315 ===
--- pALPIDEfs_0 ---
Pixel 337, 329, 1, 1, 4.80374e+19
Pixel 337, 330, 1, 1, 4.80374e+19
Pixel 338, 329, 1, 1, 4.80374e+19
Pixel 338, 330, 1, 1, 4.80374e+19
=== 1790330 ===
--- pALPIDEfs_0 ---
Pixel 782, 507, 1, 1, 4.80374e+19
Pixel 782, 508, 1, 1, 4.80374e+19
Pixel 783, 508, 1, 1, 4.80374e+19
Pixel 783, 509, 1, 1, 4.80374e+19
Pixel 783, 510, 1, 1, 4.80374e+19
Pixel 784, 509, 1, 1, 4.80374e+19
Pixel 784, 510, 1, 1, 4.80374e+19
Pixel 784, 511, 1, 1, 4.80374e+19
=== 1807296 ===
--- pALPIDEfs_2 ---
Pixel 253, 464, 1, 1, 4.80374e+19
Pixel 253, 465, 1, 1, 4.80374e+19
Pixel 254, 463, 1, 1, 4.80374e+19
Pixel 254, 464, 1, 1, 4.80374e+19
Pixel 255, 464, 1, 1, 4.80374e+19
Pixel 255, 465, 1, 1, 4.80374e+19
Pixel 254, 465, 1, 1, 4.80374e+19
=== 1821336 ===
--- pALPIDEfs_2 ---
Pixel 893, 163, 1, 1, 4.80374e+19
Pixel 893, 164, 1, 1, 4.80374e+19
Pixel 894, 163, 1, 1, 4.80374e+19
=== 1831065 ===
--- pALPIDEfs_0 ---
Pixel 191, 130, 1, 1, 4.80374e+19
=== 1831371 ===
--- pALPIDEfs_1 ---
Pixel 47, 4, 1, 1, 4.80374e+19
=== 1837793 ===
--- pALPIDEfs_4 ---
Pixel 144, 208, 1, 1, 4.80374e+19
Pixel 145, 208, 1, 1, 4.80374e+19
=== 1848960 ===
--- pALPIDEfs_4 ---
Pixel 436, 101, 1, 1, 4.80374e+19
Pixel 436, 102, 1, 1, 4.80374e+19
=== 1849362 ===
--- pALPIDEfs_5 ---
Pixel 644, 23, 1, 1, 4.80374e+19
--- pALPIDEfs_6 ---
Pixel 416, 473, 1, 1, 4.80374e+19
=== 1859014 ===
--- pALPIDEfs_4 ---
Pixel 809, 201, 1, 1, 4.80374e+19
Pixel 809, 202, 1, 1, 4.80374e+19
=== 1867255 ===
--- pALPIDEfs_3 ---
Pixel 660, 109, 1, 1, 4.80374e+19
Pixel 660, 110, 1, 1, 4.80374e+19
Pixel 661, 110, 1, 1, 4.80374e+19
Pixel 661, 111, 1, 1, 4.80374e+19
Pixel 662, 111, 1, 1, 4.80374e+19
--- pALPIDEfs_4 ---
Pixel 437, 26, 1, 1, 4.80374e+19
Pixel 437, 27, 1, 1, 4.80374e+19
Pixel 438, 26, 1, 1, 4.80374e+19
Pixel 438, 27, 1, 1, 4.80374e+19
--- pALPIDEfs_5 ---
Pixel 486, 396, 1, 1, 4.80374e+19
Pixel 487, 396, 1, 1, 4.80374e+19
Pixel 487, 397, 1, 1, 4.80374e+19
=== 1881790 ===
--- pALPIDEfs_0 ---
Pixel 536, 308, 1, 1, 4.80374e+19
Pixel 537, 309, 1, 1, 4.80374e+19
Pixel 536, 309, 1, 1, 4.80374e+19
--- pALPIDEfs_1 ---
Pixel 975, 437, 1, 1, 4.80374e+19
Pixel 976, 437, 1, 1, 4.80374e+19
=== 1922153 ===
--- pALPIDEfs_5 ---
Pixel 791, 282, 1, 1, 4.80374e+19
Pixel 791, 283, 1, 1, 4.80374e+19
Pixel 790, 283, 1, 1, 4.80374e+19
Pixel 790, 284, 1, 1, 4.80374e+19
=== 1927614 ===
--- pALPIDEfs_1 ---
Pixel 454, 148, 1, 1, 4.80374e+19
Pixel 454, 149, 1, 1, 4.80374e+19
=== 1971685 ===
--- pALPIDEfs_4 ---
Pixel 207, 443, 1, 1, 4.80374e+19
Pixel 206, 443, 1, 1, 4.80374e+19
Pixel 209, 442, 1, 1, 4.80374e+19
Pixel 209, 443, 1, 1, 4.80374e+19
Pixel 208, 443, 1, 1, 4.80374e+19
Pixel 210, 442, 1, 1, 4.80374e+19
Pixel 210, 443, 1, 1, 4.80374e+19
=== 1977915 ===
--- pALPIDEfs_1 ---
Pixel 1011, 100, 1, 1, 4.80374e+19
Pixel 1012, 100, 1, 1, 4.80374e+19
=== 1984795 ===
--- pALPIDEfs_0 ---
Pixel 387, 235, 1, 1, 4.80374e+19
Pixel 387, 236, 1, 1, 4.80374e+19
Pixel 798, 385, 1, 1, 4.80374e+19
=== 1992807 ===
--- pALPIDEfs_0 ---
Pixel 189, 43, 1, 1, 4.80374e+19
Pixel 189, 44, 1, 1, 4.80374e+19
Pixel 190, 44, 1, 1, 4.80374e+19
=== 1993768 ===
--- pALPIDEfs_1 ---
Pixel 560, 136, 1, 1, 4.80374e+19
Pixel 561, 136, 1, 1, 4.80374e+19
Pixel 561, 137, 1, 1, 4.80374e+19
Pixel 561, 138, 1, 1, 4.80374e+19
Pixel 562, 137, 1, 1, 4.80374e+19
Pixel 562, 138, 1, 1, 4.80374e+19
=== 2013538 ===
--- pALPIDEfs_0 ---
Pixel 670, 261, 1, 1, 4.80374e+19
--- pALPIDEfs_1 ---
Pixel 264, 442, 1, 1, 4.80374e+19
=== 2039210 ===
--- pALPIDEfs_4 ---
Pixel 877, 384, 1, 1, 4.80374e+19
Pixel 878, 384, 1, 1, 4.80374e+19
Pixel 878, 385, 1, 1, 4.80374e+19
=== 2047381 ===
--- pALPIDEfs_5 ---
Pixel 131, 488, 1, 1, 4.80374e+19
Pixel 131, 489, 1, 1, 4.80374e+19
Pixel 132, 488, 1, 1, 4.80374e+19
Pixel 133, 488, 1, 1, 4.80374e+19
Pixel 133, 489, 1, 1, 4.80374e+19
Pixel 132, 489, 1, 1, 4.80374e+19
=== 2062863 ===
--- pALPIDEfs_1 ---
Pixel 599, 217, 1, 1, 4.80374e+19
Pixel 599, 218, 1, 1, 4.80374e+19
Pixel 599, 219, 1, 1, 4.80374e+19
Pixel 600, 217, 1, 1, 4.80374e+19
Pixel 600, 218, 1, 1, 4.80374e+19
Pixel 600, 219, 1, 1, 4.80374e+19
=== 2118593 ===
--- pALPIDEfs_0 ---
Pixel 910, 219, 1, 1, 4.80374e+19
Pixel 910, 220, 1, 1, 4.80374e+19
--- pALPIDEfs_1 ---
Pixel 713, 250, 1, 1, 4.80374e+19
Pixel 713, 251, 1, 1, 4.80374e+19
=== 2125237 ===
--- pALPIDEfs_0 ---
Pixel 785, 99, 1, 1, 4.80374e+19
Pixel 786, 98, 1, 1, 4.80374e+19
Pixel 786, 99, 1, 1, 4.80374e+19
=== 2218560 ===
--- pALPIDEfs_0 ---
Pixel 960, 254, 1, 1, 4.80374e+19
Pixel 961, 254, 1, 1, 4.80374e+19
Pixel 961, 255, 1, 1, 4.80374e+19
Pixel 960, 255, 1, 1, 4.80374e+19
Pixel 1021, 255, 1, 1, 4.80374e+19
Pixel 1022, 255, 1, 1, 4.80374e+19
=== 2232898 ===
--- pALPIDEfs_6 ---
Pixel 330, 162, 1, 1, 4.80374e+19
Pixel 331, 162, 1, 1, 4.80374e+19
Pixel 331, 163, 1, 1, 4.80374e+19
Pixel 330, 163, 1, 1, 4.80374e+19
=== 2239018 ===
--- pALPIDEfs_0 ---
Pixel 19, 389, 1, 1, 4.80374e+19
=== 2257527 ===
--- pALPIDEfs_4 ---
Pixel 71, 364, 1, 1, 4.80374e+19
Pixel 71, 365, 1, 1, 4.80374e+19
Pixel 71, 366, 1, 1, 4.80374e+19
Pixel 72, 364, 1, 1, 4.80374e+19
Pixel 72, 365, 1, 1, 4.80374e+19
Pixel 72, 366, 1, 1, 4.80374e+19
=== 2274511 ===
--- pALPIDEfs_0 ---
Pixel 411, 509, 1, 1, 4.80374e+19
Pixel 411, 510, 1, 1, 4.80374e+19
Pixel 413, 491, 1, 1, 4.80374e+19
Pixel 413, 492, 1, 1, 4.80374e+19
Pixel 413, 493, 1, 1, 4.80374e+19
Pixel 413, 494, 1, 1, 4.80374e+19
Pixel 413, 495, 1, 1, 4.80374e+19
Pixel 412, 496, 1, 1, 4.80374e+19
Pixel 413, 496, 1, 1, 4.80374e+19
Pixel 413, 497, 1, 1, 4.80374e+19
Pixel 412, 497, 1, 1, 4.80374e+19
Pixel 412, 498, 1, 1, 4.80374e+19
Pixel 413, 498, 1, 1, 4.80374e+19
Pixel 412, 499, 1, 1, 4.80374e+19
Pixel 412, 500, 1, 1, 4.80374e+19
Pixel 412, 501, 1, 1, 4.80374e+19
Pixel 412, 502, 1, 1, 4.80374e+19
Pixel 412, 503, 1, 1, 4.80374e+19
Pixel 412, 504, 1, 1, 4.80374e+19
Pixel 412, 505, 1, 1, 4.80374e+19
Pixel 412, 506, 1, 1, 4.80374e+19
Pixel 412, 507, 1, 1, 4.80374e+19
Pixel 412, 508, 1, 1, 4.80374e+19
Pixel 412, 509, 1, 1, 4.80374e+19
Pixel 412, 510, 1, 1, 4.80374e+19
Pixel 412, 511, 1, 1, 4.80374e+19
=== 2274834 ===
--- pALPIDEfs_4 ---
Pixel 85, 20, 1, 1, 4.80374e+19
Pixel 85, 21, 1, 1, 4.80374e+19
Pixel 86, 20, 1, 1, 4.80374e+19
Pixel 86, 21, 1, 1, 4.80374e+19
=== 2277702 ===
--- pALPIDEfs_5 ---
Pixel 981, 7, 1, 1, 4.80374e+19
--- pALPIDEfs_6 ---
Pixel 986, 365, 1, 1, 4.80374e+19
=== 2280501 ===
--- pALPIDEfs_3 ---
Pixel 473, 163, 1, 1, 4.80374e+19
Pixel 472, 163, 1, 1, 4.80374e+19
Pixel 472, 164, 1, 1, 4.80374e+19
Pixel 473, 164, 1, 1, 4.80374e+19
=== 2286010 ===
--- pALPIDEfs_1 ---
Pixel 5, 272, 1, 1, 4.80374e+19
Pixel 5, 273, 1, 1, 4.80374e+19
Pixel 6, 272, 1, 1, 4.80374e+19
=== 2302921 ===
--- pALPIDEfs_0 ---
Pixel 795, 194, 1, 1, 4.80374e+19
Pixel 795, 195, 1, 1, 4.80374e+19
Pixel 795, 196, 1, 1, 4.80374e+19
Pixel 796, 195, 1, 1, 4.80374e+19
Pixel 801, 195, 1, 1, 4.80374e+19
Pixel 800, 196, 1, 1, 4.80374e+19
Pixel 801, 196, 1, 1, 4.80374e+19
Pixel 801, 197, 1, 1, 4.80374e+19
Pixel 800, 197, 1, 1, 4.80374e+19
Pixel 803, 192, 1, 1, 4.80374e+19
Pixel 803, 193, 1, 1, 4.80374e+19
Pixel 802, 193, 1, 1, 4.80374e+19
Pixel 802, 194, 1, 1, 4.80374e+19
Pixel 802, 195, 1, 1, 4.80374e+19
Pixel 802, 196, 1, 1, 4.80374e+19
=== 2308246 ===
--- pALPIDEfs_0 ---
Pixel 529, 181, 1, 1, 4.80374e+19
Pixel 528, 181, 1, 1, 4.80374e+19
=== 2310435 ===
--- pALPIDEfs_0 ---
Pixel 159, 342, 1, 1, 4.80374e+19
Pixel 159, 343, 1, 1, 4.80374e+19
Pixel 159, 344, 1, 1, 4.80374e+19
Pixel 161, 339, 1, 1, 4.80374e+19
Pixel 161, 340, 1, 1, 4.80374e+19
Pixel 160, 342, 1, 1, 4.80374e+19
Pixel 160, 343, 1, 1, 4.80374e+19
Pixel 162, 338, 1, 1, 4.80374e+19
Pixel 162, 339, 1, 1, 4.80374e+19
=== 2314616 ===
--- pALPIDEfs_2 ---
Pixel 447, 7, 1, 1, 4.80374e+19
Pixel 446, 7, 1, 1, 4.80374e+19
=== 2314906 ===
--- pALPIDEfs_4 ---
Pixel 197, 164, 1, 1, 4.80374e+19
Pixel 197, 165, 1, 1, 4.80374e+19
=== 2315729 ===
--- pALPIDEfs_1 ---
Pixel 584, 304, 1, 1, 4.80374e+19
Pixel 585, 305, 1, 1, 4.80374e+19
Pixel 584, 305, 1, 1, 4.80374e+19
Pixel 585, 306, 1, 1, 4.80374e+19
=== 2337024 ===
--- pALPIDEfs_2 ---
Pixel 868, 109, 1, 1, 4.80374e+19
=== 2345236 ===
--- pALPIDEfs_4 ---
Pixel 866, 142, 1, 1, 4.80374e+19
=== 2368078 ===
--- pALPIDEfs_3 ---
Pixel 395, 299, 1, 1, 4.80374e+19
=== 2370218 ===
--- pALPIDEfs_4 ---
Pixel 409, 275, 1, 1, 4.80374e+19
Pixel 409, 276, 1, 1, 4.80374e+19
Pixel 410, 275, 1, 1, 4.80374e+19
Pixel 410, 276, 1, 1, 4.80374e+19
=== 2393264 ===
--- pALPIDEfs_1 ---
Pixel 744, 384, 1, 1, 4.80374e+19
=== 2409734 ===
--- pALPIDEfs_6 ---
Pixel 959, 34, 1, 1, 4.80374e+19
Pixel 959, 35, 1, 1, 4.80374e+19
Pixel 960, 34, 1, 1, 4.80374e+19
=== 2413018 ===
--- pALPIDEfs_0 ---
Pixel 446, 128, 1, 1, 4.80374e+19
=== 2418915 ===
--- pALPIDEfs_1 ---
Pixel 47, 363, 1, 1, 4.80374e+19
Pixel 46, 364, 1, 1, 4.80374e+19
Pixel 47, 364, 1, 1, 4.80374e+19
=== 2444191 ===
--- pALPIDEfs_6 ---
Pixel 258, 440, 1, 1, 4.80374e+19
=== 2445678 ===
--- pALPIDEfs_2 ---
Pixel 47, 297, 1, 1, 4.80374e+19
Pixel 47, 298, 1, 1, 4.80374e+19
Pixel 48, 297, 1, 1, 4.80374e+19
Pixel 48, 298, 1, 1, 4.80374e+19
Pixel 48, 299, 1, 1, 4.80374e+19
=== 2455089 ===
--- pALPIDEfs_2 ---
Pixel 861, 406, 1, 1, 4.80374e+19
Pixel 861, 407, 1, 1, 4.80374e+19
Pixel 861, 408, 1, 1, 4.80374e+19
Pixel 862, 406, 1, 1, 4.80374e+19
Pixel 862, 407, 1, 1, 4.80374e+19
=== 2485021 ===
--- pALPIDEfs_2 ---
Pixel 339, 191, 1, 1, 4.80374e+19
Pixel 338, 191, 1, 1, 4.80374e+19
Pixel 339, 192, 1, 1, 4.80374e+19
Pixel 339, 193, 1, 1, 4.80374e+19
Pixel 340, 192, 1, 1, 4.80374e+19
Pixel 340, 193, 1, 1, 4.80374e+19
Pixel 340, 194, 1, 1, 4.80374e+19
=== 2487151 ===
--- pALPIDEfs_3 ---
Pixel 347, 14, 1, 1, 4.80374e+19
Pixel 347, 15, 1, 1, 4.80374e+19
Pixel 348, 14, 1, 1, 4.80374e+19
Pixel 348, 15, 1, 1, 4.80374e+19
--- pALPIDEfs_4 ---
Pixel 121, 336, 1, 1, 4.80374e+19
Pixel 121, 337, 1, 1, 4.80374e+19
Pixel 120, 337, 1, 1, 4.80374e+19
=== 2492942 ===
--- pALPIDEfs_5 ---
Pixel 1007, 8, 1, 1, 4.80374e+19
Pixel 1007, 9, 1, 1, 4.80374e+19
Pixel 1008, 8, 1, 1, 4.80374e+19
Pixel 1009, 8, 1, 1, 4.80374e+19
Pixel 1008, 9, 1, 1, 4.80374e+19
=== 2501232 ===
--- pALPIDEfs_3 ---
Pixel 219, 331, 1, 1, 4.80374e+19
Pixel 219, 332, 1, 1, 4.80374e+19
Pixel 220, 331, 1, 1, 4.80374e+19
=== 2507345 ===
--- pALPIDEfs_3 ---
Pixel 549, 392, 1, 1, 4.80374e+19
Pixel 550, 392, 1, 1, 4.80374e+19
--- pALPIDEfs_4 ---
Pixel 212, 418, 1, 1, 4.80374e+19
Pixel 213, 418, 1, 1, 4.80374e+19
--- pALPIDEfs_5 ---
Pixel 61, 418, 1, 1, 4.80374e+19
Pixel 61, 419, 1, 1, 4.80374e+19
Pixel 62, 418, 1, 1, 4.80374e+19
--- pALPIDEfs_6 ---
Pixel 1, 387, 1, 1, 4.80374e+19
Pixel 1, 388, 1, 1, 4.80374e+19
Pixel 2, 387, 1, 1, 4.80374e+19
Pixel 2, 388, 1, 1, 4.80374e+19
=== 2533987 ===
--- pALPIDEfs_4 ---
Pixel 945, 143, 1, 1, 4.80374e+19
Pixel 945, 144, 1, 1, 4.80374e+19
Pixel 946, 143, 1, 1, 4.80374e+19
Pixel 946, 144, 1, 1, 4.80374e+19
--- pALPIDEfs_5 ---
Pixel 499, 130, 1, 1, 4.80374e+19
Pixel 500, 130, 1, 1, 4.80374e+19
--- pALPIDEfs_6 ---
Pixel 103, 61, 1, 1, 4.80374e+19
=== 2537326 ===
--- pALPIDEfs_4 ---
Pixel 539, 117, 1, 1, 4.80374e+19
--- pALPIDEfs_5 ---
Pixel 718, 508, 1, 1, 4.80374e+19
=== 2540624 ===
--- pALPIDEfs_5 ---
Pixel 42, 367, 1, 1, 4.80374e+19
Pixel 42, 368, 1, 1, 4.80374e+19
Pixel 43, 368, 1, 1, 4.80374e+19
Pixel 43, 369, 1, 1, 4.80374e+19
Pixel 43, 370, 1, 1, 4.80374e+19
Pixel 44, 368, 1, 1, 4.80374e+19
Pixel 45, 369, 1, 1, 4.80374e+19
Pixel 44, 369, 1, 1, 4.80374e+19
Pixel 44, 370, 1, 1, 4.80374e+19
Pixel 45, 370, 1, 1, 4.80374e+19
=== 2548956 ===
--- pALPIDEfs_1 ---
Pixel 846, 248, 1, 1, 4.80374e+19
Pixel 847, 249, 1, 1, 4.80374e+19
Pixel 846, 249, 1, 1, 4.80374e+19
=== 2555694 ===
--- pALPIDEfs_0 ---
Pixel 415, 484, 1, 1, 4.80374e+19
Pixel 415, 485, 1, 1, 4.80374e+19
Pixel 415, 486, 1, 1, 4.80374e+19
Pixel 415, 487, 1, 1, 4.80374e+19
Pixel 416, 484, 1, 1, 4.80374e+19
Pixel 416, 485, 1, 1, 4.80374e+19
Pixel 416, 486, 1, 1, 4.80374e+19
Pixel 417, 486, 1, 1, 4.80374e+19
Pixel 417, 487, 1, 1, 4.80374e+19
Pixel 416, 487, 1, 1, 4.80374e+19
Pixel 416, 488, 1, 1, 4.80374e+19
=== 2580940 ===
--- pALPIDEfs_5 ---
Pixel 71, 14, 1, 1, 4.80374e+19
=== 2589927 ===
--- pALPIDEfs_0 ---
Pixel 469, 114, 1, 1, 4.80374e+19
Pixel 469, 115, 1, 1, 4.80374e+19
=== 2608264 ===
--- pALPIDEfs_4 ---
Pixel 689, 60, 1, 1, 4.80374e+19
Pixel 688, 61, 1, 1, 4.80374e+19
Pixel 691, 58, 1, 1, 4.80374e+19
Pixel 691, 59, 1, 1, 4.80374e+19
Pixel 690, 59, 1, 1, 4.80374e+19
Pixel 690, 60, 1, 1, 4.80374e+19
Pixel 693, 57, 1, 1, 4.80374e+19
Pixel 692, 58, 1, 1, 4.80374e+19
Pixel 693, 58, 1, 1, 4.80374e+19
=== 2616625 ===
--- pALPIDEfs_6 ---
Pixel 417, 365, 1, 1, 4.80374e+19
Pixel 416, 365, 1, 1, 4.80374e+19
Pixel 416, 366, 1, 1, 4.80374e+19
Pixel 417, 366, 1, 1, 4.80374e+19
=== 2618439 ===
--- pALPIDEfs_5 ---
Pixel 319, 43, 1, 1, 4.80374e+19
Pixel 318, 43, 1, 1, 4.80374e+19
Pixel 318, 44, 1, 1, 4.80374e+19
Pixel 319, 44, 1, 1, 4.80374e+19
Pixel 319, 45, 1, 1, 4.80374e+19
=== 2623617 ===
--- pALPIDEfs_4 ---
Pixel 800, 363, 1, 1, 4.80374e+19
Pixel 800, 364, 1, 1, 4.80374e+19
=== 2636488 ===
--- pALPIDEfs_1 ---
Pixel 495, 203, 1, 1, 4.80374e+19
Pixel 494, 203, 1, 1, 4.80374e+19
Pixel 494, 204, 1, 1, 4.80374e+19
=== 2648285 ===
--- pALPIDEfs_2 ---
Pixel 326, 208, 1, 1, 4.80374e+19
Pixel 327, 208, 1, 1, 4.80374e+19
Pixel 327, 209, 1, 1, 4.80374e+19
Pixel 327, 210, 1, 1, 4.80374e+19
Pixel 327, 211, 1, 1, 4.80374e+19
--- pALPIDEfs_3 ---
Pixel 983, 377, 1, 1, 4.80374e+19
Pixel 982, 378, 1, 1, 4.80374e+19
Pixel 983, 378, 1, 1, 4.80374e+19
=== 2648286 ===
--- pALPIDEfs_2 ---
Pixel 326, 208, 1, 1, 4.80374e+19
Pixel 327, 208, 1, 1, 4.80374e+19
Pixel 327, 209, 1, 1, 4.80374e+19
Pixel 326, 209, 1, 1, 4.80374e+19
Pixel 327, 210, 1, 1, 4.80374e+19
Pixel 327, 211, 1, 1, 4.80374e+19
Pixel 328, 211, 1, 1, 4.80374e+19
--- pALPIDEfs_3 ---
Pixel 983, 377, 1, 1, 4.80374e+19
Pixel 982, 377, 1, 1, 4.80374e+19
Pixel 982, 378, 1, 1, 4.80374e+19
Pixel 983, 378, 1, 1, 4.80374e+19
=== 2649724 ===
--- pALPIDEfs_4 ---
Pixel 186, 286, 1, 1, 4.80374e+19
Pixel 187, 286, 1, 1, 4.80374e+19
=== 2658195 ===
--- pALPIDEfs_1 ---
Pixel 331, 4, 1, 1, 4.80374e+19
=== 2663343 ===
--- pALPIDEfs_0 ---
Pixel 685, 496, 1, 1, 4.80374e+19
Pixel 685, 497, 1, 1, 4.80374e+19
--- pALPIDEfs_1 ---
Pixel 798, 490, 1, 1, 4.80374e+19
Pixel 799, 490, 1, 1, 4.80374e+19
=== 2666201 ===
--- pALPIDEfs_3 ---
Pixel 89, 432, 1, 1, 4.80374e+19
--- pALPIDEfs_4 ---
Pixel 711, 501, 1, 1, 4.80374e+19
Pixel 710, 501, 1, 1, 4.80374e+19
Pixel 710, 502, 1, 1, 4.80374e+19
Pixel 711, 502, 1, 1, 4.80374e+19
=== 2668421 ===
--- pALPIDEfs_3 ---
Pixel 556, 278, 1, 1, 4.80374e+19
=== 2674296 ===
--- pALPIDEfs_4 ---
Pixel 439, 40, 1, 1, 4.80374e+19
Pixel 439, 41, 1, 1, 4.80374e+19
=== 2690728 ===
--- pALPIDEfs_2 ---
Pixel 243, 473, 1, 1, 4.80374e+19
Pixel 243, 474, 1, 1, 4.80374e+19
=== 2690851 ===
--- pALPIDEfs_3 ---
Pixel 681, 299, 1, 1, 4.80374e+19
Pixel 680, 299, 1, 1, 4.80374e+19
Pixel 680, 300, 1, 1, 4.80374e+19
Pixel 681, 300, 1, 1, 4.80374e+19
=== 2700258 ===
--- pALPIDEfs_2 ---
Pixel 870, 318, 1, 1, 4.80374e+19
Pixel 871, 318, 1, 1, 4.80374e+19
Pixel 871, 319, 1, 1, 4.80374e+19
Pixel 872, 319, 1, 1, 4.80374e+19
--- pALPIDEfs_3 ---
Pixel 263, 25, 1, 1, 4.80374e+19
Pixel 263, 26, 1, 1, 4.80374e+19
Pixel 264, 25, 1, 1, 4.80374e+19
Pixel 264, 26, 1, 1, 4.80374e+19
=== 2707426 ===
--- pALPIDEfs_6 ---
Pixel 517, 329, 1, 1, 4.80374e+19
Pixel 517, 330, 1, 1, 4.80374e+19
Pixel 517, 331, 1, 1, 4.80374e+19
Pixel 519, 329, 1, 1, 4.80374e+19
Pixel 518, 329, 1, 1, 4.80374e+19
Pixel 518, 330, 1, 1, 4.80374e+19
Pixel 518, 331, 1, 1, 4.80374e+19
=== 2727075 ===
--- pALPIDEfs_2 ---
Pixel 715, 198, 1, 1, 4.80374e+19
=== 2727239 ===
--- pALPIDEfs_5 ---
Pixel 127, 323, 1, 1, 4.80374e+19
Pixel 126, 324, 1, 1, 4.80374e+19
Pixel 127, 324, 1, 1, 4.80374e+19
=== 2736832 ===
--- pALPIDEfs_0 ---
Pixel 477, 284, 1, 1, 4.80374e+19
Pixel 477, 285, 1, 1, 4.80374e+19
Pixel 478, 283, 1, 1, 4.80374e+19
Pixel 478, 284, 1, 1, 4.80374e+19
Pixel 478, 285, 1, 1, 4.80374e+19
=== 2751851 ===
--- pALPIDEfs_2 ---
Pixel 263, 7, 1, 1, 4.80374e+19
Pixel 263, 8, 1, 1, 4.80374e+19
Pixel 264, 8, 1, 1, 4.80374e+19
Pixel 265, 9, 1, 1, 4.80374e+19
Pixel 264, 9, 1, 1, 4.80374e+19
Pixel 264, 10, 1, 1, 4.80374e+19
Pixel 265, 10, 1, 1, 4.80374e+19
Pixel 265, 11, 1, 1, 4.80374e+19
Pixel 266, 10, 1, 1, 4.80374e+19
Pixel 267, 11, 1, 1, 4.80374e+19
Pixel 266, 11, 1, 1, 4.80374e+19
Pixel 266, 12, 1, 1, 4.80374e+19
Pixel 267, 12, 1, 1, 4.80374e+19
=== 2751936 ===
--- pALPIDEfs_2 ---
Pixel 49, 165, 1, 1, 4.80374e+19
Pixel 49, 166, 1, 1, 4.80374e+19
Pixel 50, 165, 1, 1, 4.80374e+19
Pixel 50, 166, 1, 1, 4.80374e+19
Pixel 51, 166, 1, 1, 4.80374e+19
=== 2777106 ===
--- pALPIDEfs_5 ---
Pixel 4, 50, 1, 1, 4.80374e+19
Pixel 5, 51, 1, 1, 4.80374e+19
Pixel 4, 51, 1, 1, 4.80374e+19
Pixel 8, 46, 1, 1, 4.80374e+19
Pixel 9, 46, 1, 1, 4.80374e+19
Pixel 9, 47, 1, 1, 4.80374e+19
Pixel 8, 47, 1, 1, 4.80374e+19
=== 2787813 ===
--- pALPIDEfs_3 ---
Pixel 247, 178, 1, 1, 4.80374e+19
Pixel 247, 179, 1, 1, 4.80374e+19
Pixel 247, 180, 1, 1, 4.80374e+19
Pixel 248, 178, 1, 1, 4.80374e+19
Pixel 248, 179, 1, 1, 4.80374e+19
Pixel 248, 180, 1, 1, 4.80374e+19
=== 2793689 ===
--- pALPIDEfs_3 ---
Pixel 478, 210, 1, 1, 4.80374e+19
Pixel 478, 211, 1, 1, 4.80374e+19
=== 2803675 ===
--- pALPIDEfs_4 ---
Pixel 498, 270, 1, 1, 4.80374e+19
Pixel 933, 146, 1, 1, 4.80374e+19
Pixel 933, 147, 1, 1, 4.80374e+19
Pixel 934, 146, 1, 1, 4.80374e+19
Pixel 934, 147, 1, 1, 4.80374e+19
=== 2813359 ===
--- pALPIDEfs_0 ---
Pixel 498, 102, 1, 1, 4.80374e+19
Pixel 499, 102, 1, 1, 4.80374e+19
=== 2816536 ===
--- pALPIDEfs_1 ---
Pixel 181, 146, 1, 1, 4.80374e+19
Pixel 181, 147, 1, 1, 4.80374e+19
Pixel 182, 147, 1, 1, 4.80374e+19
=== 2819036 ===
--- pALPIDEfs_2 ---
Pixel 757, 91, 1, 1, 4.80374e+19
Pixel 757, 92, 1, 1, 4.80374e+19
Pixel 759, 91, 1, 1, 4.80374e+19
Pixel 758, 91, 1, 1, 4.80374e+19
Pixel 758, 92, 1, 1, 4.80374e+19
=== 2849106 ===
--- pALPIDEfs_4 ---
Pixel 1011, 329, 1, 1, 4.80374e+19
=== 2851654 ===
--- pALPIDEfs_6 ---
Pixel 569, 336, 1, 1, 4.80374e+19
=== 2851655 ===
--- pALPIDEfs_6 ---
Pixel 569, 335, 1, 1, 4.80374e+19
Pixel 569, 336, 1, 1, 4.80374e+19
Pixel 570, 335, 1, 1, 4.80374e+19
Pixel 570, 336, 1, 1, 4.80374e+19
=== 2855061 ===
--- pALPIDEfs_0 ---
Pixel 156, 12, 1, 1, 4.80374e+19
Pixel 156, 13, 1, 1, 4.80374e+19
=== 2877435 ===
--- pALPIDEfs_5 ---
Pixel 745, 372, 1, 1, 4.80374e+19
Pixel 746, 372, 1, 1, 4.80374e+19
=== 2911442 ===
--- pALPIDEfs_3 ---
Pixel 41, 106, 1, 1, 4.80374e+19
Pixel 41, 107, 1, 1, 4.80374e+19
Pixel 42, 107, 1, 1, 4.80374e+19
=== 2919757 ===
--- pALPIDEfs_3 ---
Pixel 892, 156, 1, 1, 4.80374e+19
Pixel 893, 156, 1, 1, 4.80374e+19
Pixel 893, 157, 1, 1, 4.80374e+19
Pixel 892, 157, 1, 1, 4.80374e+19
Pixel 894, 156, 1, 1, 4.80374e+19
Pixel 894, 157, 1, 1, 4.80374e+19
=== 2921427 ===
--- pALPIDEfs_5 ---
Pixel 833, 243, 1, 1, 4.80374e+19
Pixel 834, 243, 1, 1, 4.80374e+19
=== 2933198 ===
--- pALPIDEfs_6 ---
Pixel 126, 350, 1, 1, 4.80374e+19
Pixel 126, 351, 1, 1, 4.80374e+19
=== 2943668 ===
--- pALPIDEfs_0 ---
Pixel 663, 12, 1, 1, 4.80374e+19
Pixel 663, 13, 1, 1, 4.80374e+19
--- pALPIDEfs_1 ---
Pixel 509, 217, 1, 1, 4.80374e+19
--- pALPIDEfs_2 ---
Pixel 377, 317, 1, 1, 4.80374e+19
--- pALPIDEfs_3 ---
Pixel 245, 487, 1, 1, 4.80374e+19
=== 2946000 ===
--- pALPIDEfs_0 ---
Pixel 673, 344, 1, 1, 4.80374e+19
Pixel 673, 345, 1, 1, 4.80374e+19
Pixel 672, 345, 1, 1, 4.80374e+19
=== 2971914 ===
--- pALPIDEfs_6 ---
Pixel 50, 28, 1, 1, 4.80374e+19
Pixel 51, 28, 1, 1, 4.80374e+19
Pixel 53, 27, 1, 1, 4.80374e+19
Pixel 52, 27, 1, 1, 4.80374e+19
Pixel 52, 28, 1, 1, 4.80374e+19
Pixel 53, 28, 1, 1, 4.80374e+19
Pixel 67, 19, 1, 1, 4.80374e+19
Pixel 67, 20, 1, 1, 4.80374e+19
Pixel 69, 17, 1, 1, 4.80374e+19
Pixel 68, 18, 1, 1, 4.80374e+19
Pixel 69, 18, 1, 1, 4.80374e+19
Pixel 68, 19, 1, 1, 4.80374e+19
