Run: Cosmics000386
=== 2 ===
--- pALPIDEfs_3 ---
Pixel 238, 320, 1, 1, 4.80374e+19
Pixel 238, 320, 1, 1, 4.80374e+19
=== 3 ===
--- pALPIDEfs_0 ---
Pixel 92, 0, 1, 1, 4.80374e+19
Pixel 93, 0, 1, 1, 4.80374e+19
Pixel 93, 1, 1, 1, 4.80374e+19
Pixel 92, 1, 1, 1, 4.80374e+19
Pixel 92, 2, 1, 1, 4.80374e+19
Pixel 93, 2, 1, 1, 4.80374e+19
Pixel 93, 3, 1, 1, 4.80374e+19
Pixel 92, 3, 1, 1, 4.80374e+19
Pixel 92, 4, 1, 1, 4.80374e+19
Pixel 93, 4, 1, 1, 4.80374e+19
Pixel 93, 5, 1, 1, 4.80374e+19
Pixel 92, 5, 1, 1, 4.80374e+19
Pixel 92, 6, 1, 1, 4.80374e+19
Pixel 93, 6, 1, 1, 4.80374e+19
Pixel 93, 7, 1, 1, 4.80374e+19
Pixel 92, 7, 1, 1, 4.80374e+19
Pixel 92, 8, 1, 1, 4.80374e+19
Pixel 93, 8, 1, 1, 4.80374e+19
Pixel 93, 9, 1, 1, 4.80374e+19
Pixel 92, 9, 1, 1, 4.80374e+19
Pixel 92, 10, 1, 1, 4.80374e+19
Pixel 93, 10, 1, 1, 4.80374e+19
Pixel 93, 11, 1, 1, 4.80374e+19
Pixel 92, 11, 1, 1, 4.80374e+19
Pixel 92, 12, 1, 1, 4.80374e+19
Pixel 93, 12, 1, 1, 4.80374e+19
Pixel 93, 13, 1, 1, 4.80374e+19
Pixel 92, 13, 1, 1, 4.80374e+19
Pixel 92, 14, 1, 1, 4.80374e+19
Pixel 93, 14, 1, 1, 4.80374e+19
Pixel 93, 15, 1, 1, 4.80374e+19
Pixel 92, 15, 1, 1, 4.80374e+19
Pixel 92, 16, 1, 1, 4.80374e+19
Pixel 93, 16, 1, 1, 4.80374e+19
Pixel 93, 17, 1, 1, 4.80374e+19
Pixel 92, 17, 1, 1, 4.80374e+19
Pixel 92, 18, 1, 1, 4.80374e+19
Pixel 93, 18, 1, 1, 4.80374e+19
Pixel 93, 19, 1, 1, 4.80374e+19
Pixel 92, 19, 1, 1, 4.80374e+19
Pixel 92, 20, 1, 1, 4.80374e+19
Pixel 93, 20, 1, 1, 4.80374e+19
Pixel 93, 21, 1, 1, 4.80374e+19
Pixel 92, 21, 1, 1, 4.80374e+19
Pixel 92, 22, 1, 1, 4.80374e+19
Pixel 93, 22, 1, 1, 4.80374e+19
Pixel 93, 23, 1, 1, 4.80374e+19
Pixel 92, 23, 1, 1, 4.80374e+19
Pixel 92, 24, 1, 1, 4.80374e+19
Pixel 93, 24, 1, 1, 4.80374e+19
Pixel 93, 25, 1, 1, 4.80374e+19
Pixel 92, 25, 1, 1, 4.80374e+19
Pixel 92, 26, 1, 1, 4.80374e+19
Pixel 93, 26, 1, 1, 4.80374e+19
Pixel 93, 27, 1, 1, 4.80374e+19
Pixel 92, 27, 1, 1, 4.80374e+19
Pixel 92, 28, 1, 1, 4.80374e+19
Pixel 93, 28, 1, 1, 4.80374e+19
Pixel 93, 29, 1, 1, 4.80374e+19
Pixel 92, 29, 1, 1, 4.80374e+19
Pixel 92, 30, 1, 1, 4.80374e+19
Pixel 93, 30, 1, 1, 4.80374e+19
Pixel 93, 31, 1, 1, 4.80374e+19
Pixel 92, 31, 1, 1, 4.80374e+19
Pixel 92, 32, 1, 1, 4.80374e+19
Pixel 93, 32, 1, 1, 4.80374e+19
Pixel 93, 33, 1, 1, 4.80374e+19
Pixel 92, 33, 1, 1, 4.80374e+19
Pixel 92, 34, 1, 1, 4.80374e+19
Pixel 93, 34, 1, 1, 4.80374e+19
Pixel 93, 35, 1, 1, 4.80374e+19
Pixel 92, 35, 1, 1, 4.80374e+19
Pixel 92, 36, 1, 1, 4.80374e+19
Pixel 93, 36, 1, 1, 4.80374e+19
Pixel 93, 37, 1, 1, 4.80374e+19
Pixel 92, 37, 1, 1, 4.80374e+19
Pixel 92, 38, 1, 1, 4.80374e+19
Pixel 93, 38, 1, 1, 4.80374e+19
Pixel 93, 39, 1, 1, 4.80374e+19
Pixel 92, 39, 1, 1, 4.80374e+19
Pixel 92, 40, 1, 1, 4.80374e+19
Pixel 93, 40, 1, 1, 4.80374e+19
Pixel 93, 41, 1, 1, 4.80374e+19
Pixel 92, 41, 1, 1, 4.80374e+19
Pixel 92, 42, 1, 1, 4.80374e+19
Pixel 93, 42, 1, 1, 4.80374e+19
Pixel 93, 43, 1, 1, 4.80374e+19
Pixel 92, 43, 1, 1, 4.80374e+19
Pixel 92, 44, 1, 1, 4.80374e+19
Pixel 93, 44, 1, 1, 4.80374e+19
Pixel 93, 45, 1, 1, 4.80374e+19
Pixel 92, 45, 1, 1, 4.80374e+19
Pixel 92, 46, 1, 1, 4.80374e+19
Pixel 93, 46, 1, 1, 4.80374e+19
Pixel 93, 47, 1, 1, 4.80374e+19
Pixel 92, 47, 1, 1, 4.80374e+19
Pixel 92, 48, 1, 1, 4.80374e+19
Pixel 93, 48, 1, 1, 4.80374e+19
Pixel 93, 49, 1, 1, 4.80374e+19
Pixel 92, 49, 1, 1, 4.80374e+19
Pixel 92, 50, 1, 1, 4.80374e+19
Pixel 93, 50, 1, 1, 4.80374e+19
Pixel 93, 51, 1, 1, 4.80374e+19
Pixel 92, 51, 1, 1, 4.80374e+19
Pixel 92, 52, 1, 1, 4.80374e+19
Pixel 93, 52, 1, 1, 4.80374e+19
Pixel 93, 53, 1, 1, 4.80374e+19
Pixel 92, 53, 1, 1, 4.80374e+19
Pixel 92, 54, 1, 1, 4.80374e+19
Pixel 93, 54, 1, 1, 4.80374e+19
Pixel 93, 55, 1, 1, 4.80374e+19
Pixel 92, 55, 1, 1, 4.80374e+19
Pixel 92, 56, 1, 1, 4.80374e+19
Pixel 93, 56, 1, 1, 4.80374e+19
Pixel 93, 57, 1, 1, 4.80374e+19
Pixel 92, 57, 1, 1, 4.80374e+19
Pixel 92, 58, 1, 1, 4.80374e+19
Pixel 93, 58, 1, 1, 4.80374e+19
Pixel 93, 59, 1, 1, 4.80374e+19
Pixel 92, 59, 1, 1, 4.80374e+19
Pixel 92, 60, 1, 1, 4.80374e+19
Pixel 93, 60, 1, 1, 4.80374e+19
Pixel 93, 61, 1, 1, 4.80374e+19
Pixel 92, 61, 1, 1, 4.80374e+19
Pixel 92, 62, 1, 1, 4.80374e+19
Pixel 93, 62, 1, 1, 4.80374e+19
Pixel 93, 63, 1, 1, 4.80374e+19
Pixel 92, 63, 1, 1, 4.80374e+19
Pixel 92, 64, 1, 1, 4.80374e+19
Pixel 93, 64, 1, 1, 4.80374e+19
Pixel 93, 65, 1, 1, 4.80374e+19
Pixel 92, 65, 1, 1, 4.80374e+19
Pixel 92, 66, 1, 1, 4.80374e+19
Pixel 93, 66, 1, 1, 4.80374e+19
Pixel 93, 67, 1, 1, 4.80374e+19
Pixel 92, 67, 1, 1, 4.80374e+19
Pixel 92, 68, 1, 1, 4.80374e+19
Pixel 93, 68, 1, 1, 4.80374e+19
Pixel 93, 69, 1, 1, 4.80374e+19
Pixel 92, 69, 1, 1, 4.80374e+19
Pixel 92, 70, 1, 1, 4.80374e+19
Pixel 93, 70, 1, 1, 4.80374e+19
Pixel 93, 71, 1, 1, 4.80374e+19
Pixel 92, 71, 1, 1, 4.80374e+19
Pixel 92, 72, 1, 1, 4.80374e+19
Pixel 93, 72, 1, 1, 4.80374e+19
Pixel 93, 73, 1, 1, 4.80374e+19
Pixel 92, 73, 1, 1, 4.80374e+19
Pixel 92, 74, 1, 1, 4.80374e+19
Pixel 93, 74, 1, 1, 4.80374e+19
Pixel 93, 75, 1, 1, 4.80374e+19
Pixel 92, 75, 1, 1, 4.80374e+19
Pixel 92, 76, 1, 1, 4.80374e+19
Pixel 93, 76, 1, 1, 4.80374e+19
Pixel 93, 77, 1, 1, 4.80374e+19
Pixel 92, 77, 1, 1, 4.80374e+19
Pixel 92, 78, 1, 1, 4.80374e+19
Pixel 93, 78, 1, 1, 4.80374e+19
Pixel 93, 79, 1, 1, 4.80374e+19
Pixel 92, 79, 1, 1, 4.80374e+19
Pixel 92, 80, 1, 1, 4.80374e+19
Pixel 93, 80, 1, 1, 4.80374e+19
Pixel 93, 81, 1, 1, 4.80374e+19
Pixel 92, 81, 1, 1, 4.80374e+19
Pixel 92, 82, 1, 1, 4.80374e+19
Pixel 93, 82, 1, 1, 4.80374e+19
Pixel 93, 83, 1, 1, 4.80374e+19
Pixel 92, 83, 1, 1, 4.80374e+19
Pixel 92, 84, 1, 1, 4.80374e+19
Pixel 93, 84, 1, 1, 4.80374e+19
Pixel 93, 85, 1, 1, 4.80374e+19
Pixel 92, 85, 1, 1, 4.80374e+19
Pixel 92, 86, 1, 1, 4.80374e+19
Pixel 93, 86, 1, 1, 4.80374e+19
Pixel 93, 87, 1, 1, 4.80374e+19
Pixel 92, 87, 1, 1, 4.80374e+19
Pixel 92, 88, 1, 1, 4.80374e+19
Pixel 93, 88, 1, 1, 4.80374e+19
Pixel 93, 89, 1, 1, 4.80374e+19
Pixel 92, 89, 1, 1, 4.80374e+19
Pixel 92, 90, 1, 1, 4.80374e+19
Pixel 93, 90, 1, 1, 4.80374e+19
Pixel 93, 91, 1, 1, 4.80374e+19
Pixel 92, 91, 1, 1, 4.80374e+19
Pixel 92, 92, 1, 1, 4.80374e+19
Pixel 93, 92, 1, 1, 4.80374e+19
Pixel 93, 93, 1, 1, 4.80374e+19
Pixel 92, 93, 1, 1, 4.80374e+19
Pixel 92, 94, 1, 1, 4.80374e+19
Pixel 93, 94, 1, 1, 4.80374e+19
Pixel 93, 95, 1, 1, 4.80374e+19
Pixel 92, 95, 1, 1, 4.80374e+19
Pixel 92, 96, 1, 1, 4.80374e+19
Pixel 93, 96, 1, 1, 4.80374e+19
Pixel 93, 97, 1, 1, 4.80374e+19
Pixel 92, 97, 1, 1, 4.80374e+19
Pixel 92, 98, 1, 1, 4.80374e+19
Pixel 93, 98, 1, 1, 4.80374e+19
Pixel 93, 99, 1, 1, 4.80374e+19
Pixel 92, 99, 1, 1, 4.80374e+19
Pixel 92, 100, 1, 1, 4.80374e+19
Pixel 93, 100, 1, 1, 4.80374e+19
Pixel 93, 101, 1, 1, 4.80374e+19
Pixel 92, 101, 1, 1, 4.80374e+19
Pixel 92, 102, 1, 1, 4.80374e+19
Pixel 93, 102, 1, 1, 4.80374e+19
Pixel 93, 103, 1, 1, 4.80374e+19
Pixel 92, 103, 1, 1, 4.80374e+19
Pixel 92, 104, 1, 1, 4.80374e+19
Pixel 93, 104, 1, 1, 4.80374e+19
Pixel 93, 105, 1, 1, 4.80374e+19
Pixel 92, 105, 1, 1, 4.80374e+19
Pixel 92, 106, 1, 1, 4.80374e+19
Pixel 93, 106, 1, 1, 4.80374e+19
Pixel 93, 107, 1, 1, 4.80374e+19
Pixel 92, 107, 1, 1, 4.80374e+19
Pixel 92, 108, 1, 1, 4.80374e+19
Pixel 93, 108, 1, 1, 4.80374e+19
Pixel 93, 109, 1, 1, 4.80374e+19
Pixel 92, 109, 1, 1, 4.80374e+19
Pixel 92, 110, 1, 1, 4.80374e+19
Pixel 93, 110, 1, 1, 4.80374e+19
Pixel 93, 111, 1, 1, 4.80374e+19
Pixel 92, 111, 1, 1, 4.80374e+19
Pixel 92, 112, 1, 1, 4.80374e+19
Pixel 93, 112, 1, 1, 4.80374e+19
Pixel 93, 113, 1, 1, 4.80374e+19
Pixel 92, 113, 1, 1, 4.80374e+19
Pixel 92, 114, 1, 1, 4.80374e+19
Pixel 93, 114, 1, 1, 4.80374e+19
Pixel 93, 115, 1, 1, 4.80374e+19
Pixel 92, 115, 1, 1, 4.80374e+19
Pixel 92, 116, 1, 1, 4.80374e+19
Pixel 93, 116, 1, 1, 4.80374e+19
Pixel 93, 117, 1, 1, 4.80374e+19
Pixel 92, 117, 1, 1, 4.80374e+19
Pixel 92, 118, 1, 1, 4.80374e+19
Pixel 93, 118, 1, 1, 4.80374e+19
Pixel 93, 119, 1, 1, 4.80374e+19
Pixel 92, 119, 1, 1, 4.80374e+19
Pixel 92, 120, 1, 1, 4.80374e+19
Pixel 93, 120, 1, 1, 4.80374e+19
Pixel 93, 121, 1, 1, 4.80374e+19
Pixel 92, 121, 1, 1, 4.80374e+19
Pixel 92, 122, 1, 1, 4.80374e+19
Pixel 93, 122, 1, 1, 4.80374e+19
Pixel 93, 123, 1, 1, 4.80374e+19
Pixel 92, 123, 1, 1, 4.80374e+19
Pixel 92, 124, 1, 1, 4.80374e+19
Pixel 93, 124, 1, 1, 4.80374e+19
Pixel 93, 125, 1, 1, 4.80374e+19
Pixel 92, 125, 1, 1, 4.80374e+19
Pixel 92, 126, 1, 1, 4.80374e+19
Pixel 93, 126, 1, 1, 4.80374e+19
Pixel 93, 127, 1, 1, 4.80374e+19
Pixel 92, 127, 1, 1, 4.80374e+19
Pixel 92, 128, 1, 1, 4.80374e+19
Pixel 93, 128, 1, 1, 4.80374e+19
Pixel 93, 129, 1, 1, 4.80374e+19
Pixel 92, 129, 1, 1, 4.80374e+19
Pixel 92, 130, 1, 1, 4.80374e+19
Pixel 93, 130, 1, 1, 4.80374e+19
Pixel 93, 131, 1, 1, 4.80374e+19
Pixel 92, 131, 1, 1, 4.80374e+19
Pixel 92, 132, 1, 1, 4.80374e+19
Pixel 93, 132, 1, 1, 4.80374e+19
Pixel 93, 133, 1, 1, 4.80374e+19
Pixel 92, 133, 1, 1, 4.80374e+19
Pixel 92, 134, 1, 1, 4.80374e+19
Pixel 93, 134, 1, 1, 4.80374e+19
Pixel 93, 135, 1, 1, 4.80374e+19
Pixel 92, 135, 1, 1, 4.80374e+19
Pixel 92, 136, 1, 1, 4.80374e+19
Pixel 93, 136, 1, 1, 4.80374e+19
Pixel 93, 137, 1, 1, 4.80374e+19
Pixel 92, 137, 1, 1, 4.80374e+19
Pixel 92, 138, 1, 1, 4.80374e+19
Pixel 93, 138, 1, 1, 4.80374e+19
Pixel 93, 139, 1, 1, 4.80374e+19
Pixel 92, 139, 1, 1, 4.80374e+19
Pixel 92, 140, 1, 1, 4.80374e+19
Pixel 93, 140, 1, 1, 4.80374e+19
Pixel 93, 141, 1, 1, 4.80374e+19
Pixel 92, 141, 1, 1, 4.80374e+19
Pixel 92, 142, 1, 1, 4.80374e+19
Pixel 93, 142, 1, 1, 4.80374e+19
Pixel 93, 143, 1, 1, 4.80374e+19
Pixel 92, 143, 1, 1, 4.80374e+19
Pixel 92, 144, 1, 1, 4.80374e+19
Pixel 93, 144, 1, 1, 4.80374e+19
Pixel 93, 145, 1, 1, 4.80374e+19
Pixel 92, 145, 1, 1, 4.80374e+19
Pixel 92, 146, 1, 1, 4.80374e+19
Pixel 93, 146, 1, 1, 4.80374e+19
Pixel 93, 147, 1, 1, 4.80374e+19
Pixel 92, 147, 1, 1, 4.80374e+19
Pixel 92, 148, 1, 1, 4.80374e+19
Pixel 93, 148, 1, 1, 4.80374e+19
Pixel 93, 149, 1, 1, 4.80374e+19
Pixel 92, 149, 1, 1, 4.80374e+19
Pixel 92, 150, 1, 1, 4.80374e+19
Pixel 93, 150, 1, 1, 4.80374e+19
Pixel 93, 151, 1, 1, 4.80374e+19
Pixel 92, 151, 1, 1, 4.80374e+19
Pixel 92, 152, 1, 1, 4.80374e+19
Pixel 93, 152, 1, 1, 4.80374e+19
Pixel 93, 153, 1, 1, 4.80374e+19
Pixel 92, 153, 1, 1, 4.80374e+19
Pixel 92, 154, 1, 1, 4.80374e+19
Pixel 93, 154, 1, 1, 4.80374e+19
Pixel 93, 155, 1, 1, 4.80374e+19
Pixel 92, 155, 1, 1, 4.80374e+19
Pixel 92, 156, 1, 1, 4.80374e+19
Pixel 93, 156, 1, 1, 4.80374e+19
Pixel 93, 157, 1, 1, 4.80374e+19
Pixel 92, 157, 1, 1, 4.80374e+19
Pixel 92, 158, 1, 1, 4.80374e+19
Pixel 93, 158, 1, 1, 4.80374e+19
Pixel 93, 159, 1, 1, 4.80374e+19
Pixel 92, 159, 1, 1, 4.80374e+19
Pixel 92, 160, 1, 1, 4.80374e+19
Pixel 93, 160, 1, 1, 4.80374e+19
Pixel 93, 161, 1, 1, 4.80374e+19
Pixel 92, 161, 1, 1, 4.80374e+19
Pixel 92, 162, 1, 1, 4.80374e+19
Pixel 93, 162, 1, 1, 4.80374e+19
Pixel 93, 163, 1, 1, 4.80374e+19
Pixel 92, 163, 1, 1, 4.80374e+19
Pixel 92, 164, 1, 1, 4.80374e+19
Pixel 93, 164, 1, 1, 4.80374e+19
Pixel 93, 165, 1, 1, 4.80374e+19
Pixel 92, 165, 1, 1, 4.80374e+19
Pixel 92, 166, 1, 1, 4.80374e+19
Pixel 93, 166, 1, 1, 4.80374e+19
Pixel 93, 167, 1, 1, 4.80374e+19
Pixel 92, 167, 1, 1, 4.80374e+19
Pixel 92, 168, 1, 1, 4.80374e+19
Pixel 93, 168, 1, 1, 4.80374e+19
Pixel 93, 169, 1, 1, 4.80374e+19
Pixel 92, 169, 1, 1, 4.80374e+19
Pixel 92, 170, 1, 1, 4.80374e+19
Pixel 93, 170, 1, 1, 4.80374e+19
Pixel 93, 171, 1, 1, 4.80374e+19
Pixel 92, 171, 1, 1, 4.80374e+19
Pixel 92, 172, 1, 1, 4.80374e+19
Pixel 93, 172, 1, 1, 4.80374e+19
Pixel 93, 173, 1, 1, 4.80374e+19
Pixel 92, 173, 1, 1, 4.80374e+19
Pixel 92, 174, 1, 1, 4.80374e+19
Pixel 93, 174, 1, 1, 4.80374e+19
Pixel 93, 175, 1, 1, 4.80374e+19
Pixel 92, 175, 1, 1, 4.80374e+19
Pixel 92, 176, 1, 1, 4.80374e+19
Pixel 93, 176, 1, 1, 4.80374e+19
Pixel 93, 177, 1, 1, 4.80374e+19
Pixel 92, 177, 1, 1, 4.80374e+19
Pixel 92, 178, 1, 1, 4.80374e+19
Pixel 93, 178, 1, 1, 4.80374e+19
Pixel 93, 179, 1, 1, 4.80374e+19
Pixel 92, 179, 1, 1, 4.80374e+19
Pixel 92, 180, 1, 1, 4.80374e+19
Pixel 93, 180, 1, 1, 4.80374e+19
Pixel 93, 181, 1, 1, 4.80374e+19
Pixel 92, 181, 1, 1, 4.80374e+19
Pixel 92, 182, 1, 1, 4.80374e+19
Pixel 93, 182, 1, 1, 4.80374e+19
Pixel 93, 183, 1, 1, 4.80374e+19
Pixel 92, 183, 1, 1, 4.80374e+19
Pixel 92, 184, 1, 1, 4.80374e+19
Pixel 93, 184, 1, 1, 4.80374e+19
Pixel 93, 185, 1, 1, 4.80374e+19
Pixel 92, 185, 1, 1, 4.80374e+19
Pixel 92, 186, 1, 1, 4.80374e+19
Pixel 93, 186, 1, 1, 4.80374e+19
Pixel 93, 187, 1, 1, 4.80374e+19
Pixel 92, 187, 1, 1, 4.80374e+19
Pixel 92, 188, 1, 1, 4.80374e+19
Pixel 93, 188, 1, 1, 4.80374e+19
Pixel 93, 189, 1, 1, 4.80374e+19
Pixel 92, 189, 1, 1, 4.80374e+19
Pixel 92, 190, 1, 1, 4.80374e+19
Pixel 93, 190, 1, 1, 4.80374e+19
Pixel 93, 191, 1, 1, 4.80374e+19
Pixel 92, 191, 1, 1, 4.80374e+19
Pixel 92, 192, 1, 1, 4.80374e+19
Pixel 93, 192, 1, 1, 4.80374e+19
Pixel 93, 193, 1, 1, 4.80374e+19
Pixel 92, 193, 1, 1, 4.80374e+19
Pixel 92, 194, 1, 1, 4.80374e+19
Pixel 93, 194, 1, 1, 4.80374e+19
Pixel 93, 195, 1, 1, 4.80374e+19
Pixel 92, 195, 1, 1, 4.80374e+19
Pixel 92, 196, 1, 1, 4.80374e+19
Pixel 93, 196, 1, 1, 4.80374e+19
Pixel 93, 197, 1, 1, 4.80374e+19
Pixel 92, 197, 1, 1, 4.80374e+19
Pixel 92, 198, 1, 1, 4.80374e+19
Pixel 93, 198, 1, 1, 4.80374e+19
Pixel 93, 199, 1, 1, 4.80374e+19
Pixel 92, 199, 1, 1, 4.80374e+19
Pixel 92, 200, 1, 1, 4.80374e+19
Pixel 93, 200, 1, 1, 4.80374e+19
Pixel 93, 201, 1, 1, 4.80374e+19
Pixel 92, 201, 1, 1, 4.80374e+19
Pixel 92, 202, 1, 1, 4.80374e+19
Pixel 93, 202, 1, 1, 4.80374e+19
Pixel 93, 203, 1, 1, 4.80374e+19
Pixel 92, 203, 1, 1, 4.80374e+19
Pixel 92, 204, 1, 1, 4.80374e+19
Pixel 93, 204, 1, 1, 4.80374e+19
Pixel 93, 205, 1, 1, 4.80374e+19
Pixel 92, 205, 1, 1, 4.80374e+19
Pixel 92, 206, 1, 1, 4.80374e+19
Pixel 93, 206, 1, 1, 4.80374e+19
Pixel 93, 207, 1, 1, 4.80374e+19
Pixel 92, 207, 1, 1, 4.80374e+19
Pixel 92, 208, 1, 1, 4.80374e+19
Pixel 93, 208, 1, 1, 4.80374e+19
Pixel 93, 209, 1, 1, 4.80374e+19
Pixel 92, 209, 1, 1, 4.80374e+19
Pixel 92, 210, 1, 1, 4.80374e+19
Pixel 93, 210, 1, 1, 4.80374e+19
Pixel 93, 211, 1, 1, 4.80374e+19
Pixel 92, 211, 1, 1, 4.80374e+19
Pixel 92, 212, 1, 1, 4.80374e+19
Pixel 93, 212, 1, 1, 4.80374e+19
Pixel 93, 213, 1, 1, 4.80374e+19
Pixel 92, 213, 1, 1, 4.80374e+19
Pixel 92, 214, 1, 1, 4.80374e+19
Pixel 93, 214, 1, 1, 4.80374e+19
Pixel 93, 215, 1, 1, 4.80374e+19
Pixel 92, 215, 1, 1, 4.80374e+19
Pixel 92, 216, 1, 1, 4.80374e+19
Pixel 93, 216, 1, 1, 4.80374e+19
Pixel 93, 217, 1, 1, 4.80374e+19
Pixel 92, 217, 1, 1, 4.80374e+19
Pixel 92, 218, 1, 1, 4.80374e+19
Pixel 93, 218, 1, 1, 4.80374e+19
Pixel 93, 219, 1, 1, 4.80374e+19
Pixel 92, 219, 1, 1, 4.80374e+19
Pixel 92, 220, 1, 1, 4.80374e+19
Pixel 93, 220, 1, 1, 4.80374e+19
Pixel 93, 221, 1, 1, 4.80374e+19
Pixel 92, 221, 1, 1, 4.80374e+19
Pixel 92, 222, 1, 1, 4.80374e+19
Pixel 93, 222, 1, 1, 4.80374e+19
Pixel 93, 223, 1, 1, 4.80374e+19
Pixel 92, 223, 1, 1, 4.80374e+19
Pixel 92, 224, 1, 1, 4.80374e+19
Pixel 93, 224, 1, 1, 4.80374e+19
Pixel 93, 225, 1, 1, 4.80374e+19
Pixel 92, 225, 1, 1, 4.80374e+19
Pixel 92, 226, 1, 1, 4.80374e+19
Pixel 93, 226, 1, 1, 4.80374e+19
Pixel 93, 227, 1, 1, 4.80374e+19
Pixel 92, 227, 1, 1, 4.80374e+19
Pixel 92, 228, 1, 1, 4.80374e+19
Pixel 93, 228, 1, 1, 4.80374e+19
Pixel 93, 229, 1, 1, 4.80374e+19
Pixel 92, 229, 1, 1, 4.80374e+19
Pixel 92, 230, 1, 1, 4.80374e+19
Pixel 93, 230, 1, 1, 4.80374e+19
Pixel 93, 231, 1, 1, 4.80374e+19
Pixel 92, 231, 1, 1, 4.80374e+19
Pixel 92, 232, 1, 1, 4.80374e+19
Pixel 93, 232, 1, 1, 4.80374e+19
Pixel 93, 233, 1, 1, 4.80374e+19
Pixel 92, 233, 1, 1, 4.80374e+19
Pixel 92, 234, 1, 1, 4.80374e+19
Pixel 93, 234, 1, 1, 4.80374e+19
Pixel 93, 235, 1, 1, 4.80374e+19
Pixel 92, 235, 1, 1, 4.80374e+19
Pixel 92, 236, 1, 1, 4.80374e+19
Pixel 93, 236, 1, 1, 4.80374e+19
Pixel 93, 237, 1, 1, 4.80374e+19
Pixel 92, 237, 1, 1, 4.80374e+19
Pixel 92, 238, 1, 1, 4.80374e+19
Pixel 93, 238, 1, 1, 4.80374e+19
Pixel 93, 239, 1, 1, 4.80374e+19
Pixel 92, 239, 1, 1, 4.80374e+19
Pixel 92, 240, 1, 1, 4.80374e+19
Pixel 93, 240, 1, 1, 4.80374e+19
Pixel 93, 241, 1, 1, 4.80374e+19
Pixel 92, 241, 1, 1, 4.80374e+19
Pixel 92, 242, 1, 1, 4.80374e+19
Pixel 93, 242, 1, 1, 4.80374e+19
Pixel 93, 243, 1, 1, 4.80374e+19
Pixel 92, 243, 1, 1, 4.80374e+19
Pixel 92, 244, 1, 1, 4.80374e+19
Pixel 93, 244, 1, 1, 4.80374e+19
Pixel 93, 245, 1, 1, 4.80374e+19
Pixel 92, 245, 1, 1, 4.80374e+19
Pixel 92, 246, 1, 1, 4.80374e+19
Pixel 93, 246, 1, 1, 4.80374e+19
Pixel 93, 247, 1, 1, 4.80374e+19
Pixel 92, 247, 1, 1, 4.80374e+19
Pixel 92, 248, 1, 1, 4.80374e+19
Pixel 93, 248, 1, 1, 4.80374e+19
Pixel 93, 249, 1, 1, 4.80374e+19
Pixel 92, 249, 1, 1, 4.80374e+19
Pixel 92, 250, 1, 1, 4.80374e+19
Pixel 93, 250, 1, 1, 4.80374e+19
Pixel 93, 251, 1, 1, 4.80374e+19
Pixel 92, 251, 1, 1, 4.80374e+19
Pixel 92, 252, 1, 1, 4.80374e+19
Pixel 93, 252, 1, 1, 4.80374e+19
Pixel 93, 253, 1, 1, 4.80374e+19
Pixel 92, 253, 1, 1, 4.80374e+19
Pixel 92, 254, 1, 1, 4.80374e+19
Pixel 93, 254, 1, 1, 4.80374e+19
Pixel 93, 255, 1, 1, 4.80374e+19
Pixel 92, 255, 1, 1, 4.80374e+19
=== 64 ===
--- pALPIDEfs_1 ---
Pixel 87, 201, 1, 1, 4.80374e+19
Pixel 88, 200, 1, 1, 4.80374e+19
Pixel 88, 201, 1, 1, 4.80374e+19
--- pALPIDEfs_3 ---
Pixel 385, 50, 1, 1, 4.80374e+19
Pixel 385, 51, 1, 1, 4.80374e+19
=== 9588 ===
--- pALPIDEfs_3 ---
Pixel 182, 338, 1, 1, 4.80374e+19
Pixel 183, 338, 1, 1, 4.80374e+19
=== 21470 ===
--- pALPIDEfs_4 ---
Pixel 963, 497, 1, 1, 4.80374e+19
Pixel 963, 498, 1, 1, 4.80374e+19
Pixel 964, 497, 1, 1, 4.80374e+19
=== 27759 ===
--- pALPIDEfs_4 ---
Pixel 203, 405, 1, 1, 4.80374e+19
Pixel 203, 406, 1, 1, 4.80374e+19
=== 34360 ===
--- pALPIDEfs_1 ---
Pixel 765, 415, 1, 1, 4.80374e+19
=== 42874 ===
--- pALPIDEfs_2 ---
Pixel 209, 469, 1, 1, 4.80374e+19
Pixel 209, 470, 1, 1, 4.80374e+19
=== 48991 ===
--- pALPIDEfs_3 ---
Pixel 557, 180, 1, 1, 4.80374e+19
=== 55137 ===
--- pALPIDEfs_3 ---
Pixel 867, 459, 1, 1, 4.80374e+19
Pixel 866, 460, 1, 1, 4.80374e+19
Pixel 867, 460, 1, 1, 4.80374e+19
Pixel 873, 468, 1, 1, 4.80374e+19
Pixel 873, 469, 1, 1, 4.80374e+19
Pixel 873, 470, 1, 1, 4.80374e+19
Pixel 875, 469, 1, 1, 4.80374e+19
Pixel 874, 469, 1, 1, 4.80374e+19
Pixel 874, 470, 1, 1, 4.80374e+19
Pixel 875, 470, 1, 1, 4.80374e+19
=== 64814 ===
--- pALPIDEfs_0 ---
Pixel 954, 384, 1, 1, 4.80374e+19
Pixel 954, 385, 1, 1, 4.80374e+19
=== 73409 ===
--- pALPIDEfs_6 ---
Pixel 167, 314, 1, 1, 4.80374e+19
=== 74725 ===
--- pALPIDEfs_4 ---
Pixel 301, 346, 1, 1, 4.80374e+19
Pixel 301, 347, 1, 1, 4.80374e+19
Pixel 300, 347, 1, 1, 4.80374e+19
Pixel 303, 347, 1, 1, 4.80374e+19
Pixel 302, 347, 1, 1, 4.80374e+19
=== 103226 ===
--- pALPIDEfs_0 ---
Pixel 82, 19, 1, 1, 4.80374e+19
Pixel 82, 20, 1, 1, 4.80374e+19
Pixel 83, 21, 1, 1, 4.80374e+19
Pixel 82, 21, 1, 1, 4.80374e+19
Pixel 82, 22, 1, 1, 4.80374e+19
Pixel 83, 22, 1, 1, 4.80374e+19
Pixel 83, 23, 1, 1, 4.80374e+19
Pixel 83, 24, 1, 1, 4.80374e+19
Pixel 84, 24, 1, 1, 4.80374e+19
Pixel 84, 25, 1, 1, 4.80374e+19
Pixel 84, 26, 1, 1, 4.80374e+19
Pixel 85, 26, 1, 1, 4.80374e+19
Pixel 85, 27, 1, 1, 4.80374e+19
Pixel 84, 27, 1, 1, 4.80374e+19
Pixel 85, 28, 1, 1, 4.80374e+19
Pixel 85, 29, 1, 1, 4.80374e+19
Pixel 86, 29, 1, 1, 4.80374e+19
Pixel 86, 30, 1, 1, 4.80374e+19
Pixel 87, 31, 1, 1, 4.80374e+19
Pixel 86, 31, 1, 1, 4.80374e+19
Pixel 87, 32, 1, 1, 4.80374e+19
Pixel 87, 33, 1, 1, 4.80374e+19
Pixel 88, 33, 1, 1, 4.80374e+19
Pixel 88, 34, 1, 1, 4.80374e+19
Pixel 89, 34, 1, 1, 4.80374e+19
Pixel 89, 35, 1, 1, 4.80374e+19
Pixel 95, 41, 1, 1, 4.80374e+19
Pixel 94, 41, 1, 1, 4.80374e+19
Pixel 95, 42, 1, 1, 4.80374e+19
Pixel 96, 42, 1, 1, 4.80374e+19
Pixel 97, 43, 1, 1, 4.80374e+19
Pixel 96, 43, 1, 1, 4.80374e+19
Pixel 97, 44, 1, 1, 4.80374e+19
Pixel 98, 44, 1, 1, 4.80374e+19
Pixel 99, 45, 1, 1, 4.80374e+19
Pixel 100, 46, 1, 1, 4.80374e+19
Pixel 101, 47, 1, 1, 4.80374e+19
Pixel 100, 47, 1, 1, 4.80374e+19
=== 116758 ===
--- pALPIDEfs_0 ---
Pixel 57, 37, 1, 1, 4.80374e+19
Pixel 58, 37, 1, 1, 4.80374e+19
=== 121149 ===
--- pALPIDEfs_2 ---
Pixel 888, 165, 1, 1, 4.80374e+19
Pixel 888, 166, 1, 1, 4.80374e+19
Pixel 889, 166, 1, 1, 4.80374e+19
Pixel 888, 167, 1, 1, 4.80374e+19
=== 129379 ===
--- pALPIDEfs_3 ---
Pixel 557, 180, 1, 1, 4.80374e+19
=== 150213 ===
--- pALPIDEfs_0 ---
Pixel 751, 498, 1, 1, 4.80374e+19
Pixel 751, 499, 1, 1, 4.80374e+19
=== 168092 ===
--- pALPIDEfs_1 ---
Pixel 1005, 17, 1, 1, 4.80374e+19
Pixel 1004, 17, 1, 1, 4.80374e+19
=== 168093 ===
--- pALPIDEfs_1 ---
Pixel 1005, 17, 1, 1, 4.80374e+19
Pixel 1004, 17, 1, 1, 4.80374e+19
=== 170560 ===
--- pALPIDEfs_0 ---
Pixel 641, 409, 1, 1, 4.80374e+19
--- pALPIDEfs_1 ---
Pixel 806, 314, 1, 1, 4.80374e+19
--- pALPIDEfs_2 ---
Pixel 992, 111, 1, 1, 4.80374e+19
=== 184570 ===
--- pALPIDEfs_5 ---
Pixel 753, 345, 1, 1, 4.80374e+19
Pixel 752, 345, 1, 1, 4.80374e+19
Pixel 754, 345, 1, 1, 4.80374e+19
=== 207592 ===
--- pALPIDEfs_3 ---
Pixel 770, 276, 1, 1, 4.80374e+19
Pixel 771, 276, 1, 1, 4.80374e+19
--- pALPIDEfs_4 ---
Pixel 504, 49, 1, 1, 4.80374e+19
Pixel 504, 50, 1, 1, 4.80374e+19
=== 209173 ===
--- pALPIDEfs_4 ---
Pixel 931, 271, 1, 1, 4.80374e+19
Pixel 930, 271, 1, 1, 4.80374e+19
Pixel 930, 272, 1, 1, 4.80374e+19
Pixel 931, 272, 1, 1, 4.80374e+19
Pixel 931, 273, 1, 1, 4.80374e+19
Pixel 932, 272, 1, 1, 4.80374e+19
Pixel 933, 272, 1, 1, 4.80374e+19
Pixel 933, 273, 1, 1, 4.80374e+19
Pixel 932, 273, 1, 1, 4.80374e+19
Pixel 934, 272, 1, 1, 4.80374e+19
Pixel 934, 273, 1, 1, 4.80374e+19
=== 216533 ===
--- pALPIDEfs_3 ---
Pixel 557, 180, 1, 1, 4.80374e+19
=== 223884 ===
--- pALPIDEfs_0 ---
Pixel 657, 315, 1, 1, 4.80374e+19
Pixel 656, 315, 1, 1, 4.80374e+19
Pixel 656, 316, 1, 1, 4.80374e+19
Pixel 657, 316, 1, 1, 4.80374e+19
=== 227287 ===
--- pALPIDEfs_1 ---
Pixel 577, 270, 1, 1, 4.80374e+19
Pixel 577, 271, 1, 1, 4.80374e+19
=== 228345 ===
--- pALPIDEfs_3 ---
Pixel 557, 180, 1, 1, 4.80374e+19
=== 245203 ===
--- pALPIDEfs_4 ---
Pixel 770, 184, 1, 1, 4.80374e+19
Pixel 771, 184, 1, 1, 4.80374e+19
Pixel 771, 185, 1, 1, 4.80374e+19
Pixel 770, 185, 1, 1, 4.80374e+19
=== 246973 ===
--- pALPIDEfs_5 ---
Pixel 815, 419, 1, 1, 4.80374e+19
Pixel 814, 419, 1, 1, 4.80374e+19
Pixel 815, 420, 1, 1, 4.80374e+19
Pixel 816, 419, 1, 1, 4.80374e+19
Pixel 816, 420, 1, 1, 4.80374e+19
Pixel 817, 420, 1, 1, 4.80374e+19
Pixel 817, 421, 1, 1, 4.80374e+19
Pixel 816, 421, 1, 1, 4.80374e+19
Pixel 817, 422, 1, 1, 4.80374e+19
Pixel 818, 421, 1, 1, 4.80374e+19
Pixel 818, 422, 1, 1, 4.80374e+19
Pixel 819, 422, 1, 1, 4.80374e+19
Pixel 819, 423, 1, 1, 4.80374e+19
Pixel 818, 423, 1, 1, 4.80374e+19
Pixel 820, 422, 1, 1, 4.80374e+19
Pixel 821, 422, 1, 1, 4.80374e+19
Pixel 821, 423, 1, 1, 4.80374e+19
Pixel 820, 423, 1, 1, 4.80374e+19
Pixel 822, 422, 1, 1, 4.80374e+19
=== 261894 ===
--- pALPIDEfs_3 ---
Pixel 557, 180, 1, 1, 4.80374e+19
=== 266484 ===
--- pALPIDEfs_6 ---
Pixel 583, 234, 1, 1, 4.80374e+19
Pixel 583, 235, 1, 1, 4.80374e+19
Pixel 584, 234, 1, 1, 4.80374e+19
=== 288561 ===
--- pALPIDEfs_1 ---
Pixel 628, 71, 1, 1, 4.80374e+19
Pixel 628, 72, 1, 1, 4.80374e+19
--- pALPIDEfs_2 ---
Pixel 612, 462, 1, 1, 4.80374e+19
Pixel 612, 463, 1, 1, 4.80374e+19
=== 305097 ===
--- pALPIDEfs_6 ---
Pixel 103, 503, 1, 1, 4.80374e+19
Pixel 105, 503, 1, 1, 4.80374e+19
Pixel 104, 503, 1, 1, 4.80374e+19
Pixel 105, 504, 1, 1, 4.80374e+19
Pixel 105, 505, 1, 1, 4.80374e+19
Pixel 105, 506, 1, 1, 4.80374e+19
Pixel 105, 507, 1, 1, 4.80374e+19
Pixel 106, 504, 1, 1, 4.80374e+19
Pixel 106, 505, 1, 1, 4.80374e+19
Pixel 106, 506, 1, 1, 4.80374e+19
Pixel 106, 507, 1, 1, 4.80374e+19
Pixel 107, 511, 1, 1, 4.80374e+19
=== 309307 ===
--- pALPIDEfs_3 ---
Pixel 199, 108, 1, 1, 4.80374e+19
Pixel 199, 109, 1, 1, 4.80374e+19
Pixel 200, 108, 1, 1, 4.80374e+19
Pixel 200, 109, 1, 1, 4.80374e+19
=== 330427 ===
--- pALPIDEfs_3 ---
Pixel 841, 23, 1, 1, 4.80374e+19
Pixel 841, 24, 1, 1, 4.80374e+19
=== 343657 ===
--- pALPIDEfs_3 ---
Pixel 557, 180, 1, 1, 4.80374e+19
=== 353760 ===
--- pALPIDEfs_2 ---
Pixel 397, 262, 1, 1, 4.80374e+19
Pixel 397, 263, 1, 1, 4.80374e+19
Pixel 399, 261, 1, 1, 4.80374e+19
Pixel 398, 261, 1, 1, 4.80374e+19
Pixel 398, 262, 1, 1, 4.80374e+19
Pixel 399, 262, 1, 1, 4.80374e+19
Pixel 398, 263, 1, 1, 4.80374e+19
Pixel 401, 258, 1, 1, 4.80374e+19
Pixel 401, 259, 1, 1, 4.80374e+19
Pixel 400, 259, 1, 1, 4.80374e+19
Pixel 400, 260, 1, 1, 4.80374e+19
Pixel 401, 260, 1, 1, 4.80374e+19
Pixel 401, 261, 1, 1, 4.80374e+19
Pixel 400, 261, 1, 1, 4.80374e+19
Pixel 402, 259, 1, 1, 4.80374e+19
Pixel 402, 260, 1, 1, 4.80374e+19
=== 371700 ===
--- pALPIDEfs_3 ---
Pixel 37, 458, 1, 1, 4.80374e+19
Pixel 37, 459, 1, 1, 4.80374e+19
Pixel 38, 458, 1, 1, 4.80374e+19
Pixel 38, 459, 1, 1, 4.80374e+19
Pixel 41, 459, 1, 1, 4.80374e+19
Pixel 40, 459, 1, 1, 4.80374e+19
Pixel 40, 460, 1, 1, 4.80374e+19
Pixel 41, 460, 1, 1, 4.80374e+19
Pixel 41, 461, 1, 1, 4.80374e+19
Pixel 42, 460, 1, 1, 4.80374e+19
Pixel 42, 461, 1, 1, 4.80374e+19
Pixel 44, 456, 1, 1, 4.80374e+19
Pixel 45, 456, 1, 1, 4.80374e+19
Pixel 45, 457, 1, 1, 4.80374e+19
Pixel 44, 457, 1, 1, 4.80374e+19
Pixel 44, 458, 1, 1, 4.80374e+19
Pixel 45, 458, 1, 1, 4.80374e+19
=== 373044 ===
--- pALPIDEfs_3 ---
Pixel 557, 180, 1, 1, 4.80374e+19
=== 393886 ===
--- pALPIDEfs_3 ---
Pixel 557, 180, 1, 1, 4.80374e+19
=== 413925 ===
--- pALPIDEfs_3 ---
Pixel 903, 44, 1, 1, 4.80374e+19
Pixel 903, 45, 1, 1, 4.80374e+19
=== 437699 ===
--- pALPIDEfs_1 ---
Pixel 711, 388, 1, 1, 4.80374e+19
Pixel 711, 389, 1, 1, 4.80374e+19
Pixel 712, 388, 1, 1, 4.80374e+19
Pixel 712, 389, 1, 1, 4.80374e+19
=== 446807 ===
--- pALPIDEfs_4 ---
Pixel 105, 511, 1, 1, 4.80374e+19
Pixel 106, 510, 1, 1, 4.80374e+19
Pixel 106, 511, 1, 1, 4.80374e+19
=== 448180 ===
--- pALPIDEfs_0 ---
Pixel 509, 172, 1, 1, 4.80374e+19
Pixel 510, 172, 1, 1, 4.80374e+19
Pixel 511, 173, 1, 1, 4.80374e+19
Pixel 510, 173, 1, 1, 4.80374e+19
=== 473996 ===
--- pALPIDEfs_4 ---
Pixel 783, 216, 1, 1, 4.80374e+19
Pixel 785, 215, 1, 1, 4.80374e+19
Pixel 784, 215, 1, 1, 4.80374e+19
Pixel 784, 216, 1, 1, 4.80374e+19
Pixel 785, 216, 1, 1, 4.80374e+19
Pixel 786, 215, 1, 1, 4.80374e+19
--- pALPIDEfs_5 ---
Pixel 485, 488, 1, 1, 4.80374e+19
Pixel 485, 489, 1, 1, 4.80374e+19
=== 496229 ===
--- pALPIDEfs_4 ---
Pixel 561, 61, 1, 1, 4.80374e+19
Pixel 561, 62, 1, 1, 4.80374e+19
Pixel 561, 63, 1, 1, 4.80374e+19
Pixel 562, 62, 1, 1, 4.80374e+19
Pixel 562, 63, 1, 1, 4.80374e+19
=== 505986 ===
--- pALPIDEfs_0 ---
Pixel 322, 62, 1, 1, 4.80374e+19
Pixel 323, 62, 1, 1, 4.80374e+19
Pixel 323, 63, 1, 1, 4.80374e+19
=== 517283 ===
--- pALPIDEfs_3 ---
Pixel 413, 240, 1, 1, 4.80374e+19
=== 545975 ===
--- pALPIDEfs_3 ---
Pixel 571, 332, 1, 1, 4.80374e+19
Pixel 571, 333, 1, 1, 4.80374e+19
--- pALPIDEfs_4 ---
Pixel 634, 9, 1, 1, 4.80374e+19
Pixel 634, 10, 1, 1, 4.80374e+19
=== 547674 ===
--- pALPIDEfs_4 ---
Pixel 166, 336, 1, 1, 4.80374e+19
Pixel 166, 337, 1, 1, 4.80374e+19
=== 548820 ===
--- pALPIDEfs_0 ---
Pixel 793, 433, 1, 1, 4.80374e+19
Pixel 792, 434, 1, 1, 4.80374e+19
Pixel 793, 434, 1, 1, 4.80374e+19
=== 549360 ===
--- pALPIDEfs_6 ---
Pixel 64, 48, 1, 1, 4.80374e+19
Pixel 65, 48, 1, 1, 4.80374e+19
=== 549851 ===
--- pALPIDEfs_2 ---
Pixel 457, 172, 1, 1, 4.80374e+19
Pixel 457, 173, 1, 1, 4.80374e+19
Pixel 458, 172, 1, 1, 4.80374e+19
Pixel 458, 173, 1, 1, 4.80374e+19
=== 552825 ===
--- pALPIDEfs_2 ---
Pixel 603, 365, 1, 1, 4.80374e+19
Pixel 604, 365, 1, 1, 4.80374e+19
--- pALPIDEfs_3 ---
Pixel 564, 182, 1, 1, 4.80374e+19
Pixel 564, 183, 1, 1, 4.80374e+19
=== 562076 ===
--- pALPIDEfs_3 ---
Pixel 236, 100, 1, 1, 4.80374e+19
Pixel 237, 100, 1, 1, 4.80374e+19
=== 579594 ===
--- pALPIDEfs_6 ---
Pixel 995, 426, 1, 1, 4.80374e+19
Pixel 996, 426, 1, 1, 4.80374e+19
=== 580513 ===
--- pALPIDEfs_2 ---
Pixel 925, 130, 1, 1, 4.80374e+19
=== 580800 ===
--- pALPIDEfs_1 ---
Pixel 15, 339, 1, 1, 4.80374e+19
Pixel 15, 340, 1, 1, 4.80374e+19
Pixel 16, 338, 1, 1, 4.80374e+19
Pixel 16, 339, 1, 1, 4.80374e+19
Pixel 16, 340, 1, 1, 4.80374e+19
=== 581580 ===
--- pALPIDEfs_0 ---
Pixel 878, 462, 1, 1, 4.80374e+19
=== 582737 ===
--- pALPIDEfs_2 ---
Pixel 19, 232, 1, 1, 4.80374e+19
--- pALPIDEfs_3 ---
Pixel 55, 255, 1, 1, 4.80374e+19
Pixel 55, 256, 1, 1, 4.80374e+19
Pixel 56, 256, 1, 1, 4.80374e+19
--- pALPIDEfs_4 ---
Pixel 114, 267, 1, 1, 4.80374e+19
Pixel 114, 268, 1, 1, 4.80374e+19
--- pALPIDEfs_5 ---
Pixel 142, 326, 1, 1, 4.80374e+19
Pixel 143, 326, 1, 1, 4.80374e+19
--- pALPIDEfs_6 ---
Pixel 225, 327, 1, 1, 4.80374e+19
=== 596440 ===
--- pALPIDEfs_3 ---
Pixel 557, 180, 1, 1, 4.80374e+19
=== 598428 ===
--- pALPIDEfs_3 ---
Pixel 557, 180, 1, 1, 4.80374e+19
=== 598969 ===
--- pALPIDEfs_5 ---
Pixel 597, 351, 1, 1, 4.80374e+19
Pixel 596, 352, 1, 1, 4.80374e+19
Pixel 597, 352, 1, 1, 4.80374e+19
Pixel 598, 351, 1, 1, 4.80374e+19
Pixel 598, 352, 1, 1, 4.80374e+19
=== 604260 ===
--- pALPIDEfs_3 ---
Pixel 344, 302, 1, 1, 4.80374e+19
Pixel 345, 302, 1, 1, 4.80374e+19
Pixel 345, 303, 1, 1, 4.80374e+19
Pixel 344, 303, 1, 1, 4.80374e+19
=== 617288 ===
--- pALPIDEfs_3 ---
Pixel 515, 205, 1, 1, 4.80374e+19
Pixel 515, 206, 1, 1, 4.80374e+19
--- pALPIDEfs_4 ---
Pixel 737, 474, 1, 1, 4.80374e+19
Pixel 738, 474, 1, 1, 4.80374e+19
=== 624574 ===
--- pALPIDEfs_1 ---
Pixel 526, 16, 1, 1, 4.80374e+19
Pixel 527, 16, 1, 1, 4.80374e+19
Pixel 527, 17, 1, 1, 4.80374e+19
Pixel 526, 17, 1, 1, 4.80374e+19
Pixel 526, 18, 1, 1, 4.80374e+19
Pixel 527, 18, 1, 1, 4.80374e+19
=== 629753 ===
--- pALPIDEfs_5 ---
Pixel 205, 19, 1, 1, 4.80374e+19
Pixel 204, 20, 1, 1, 4.80374e+19
Pixel 205, 20, 1, 1, 4.80374e+19
=== 646130 ===
--- pALPIDEfs_3 ---
Pixel 557, 180, 1, 1, 4.80374e+19
=== 662231 ===
--- pALPIDEfs_0 ---
Pixel 288, 388, 1, 1, 4.80374e+19
Pixel 289, 388, 1, 1, 4.80374e+19
Pixel 289, 389, 1, 1, 4.80374e+19
--- pALPIDEfs_1 ---
Pixel 11, 117, 1, 1, 4.80374e+19
Pixel 12, 117, 1, 1, 4.80374e+19
=== 663546 ===
--- pALPIDEfs_6 ---
Pixel 953, 137, 1, 1, 4.80374e+19
Pixel 953, 138, 1, 1, 4.80374e+19
Pixel 955, 137, 1, 1, 4.80374e+19
Pixel 954, 137, 1, 1, 4.80374e+19
=== 663801 ===
--- pALPIDEfs_2 ---
Pixel 738, 440, 1, 1, 4.80374e+19
Pixel 738, 441, 1, 1, 4.80374e+19
=== 664785 ===
--- pALPIDEfs_6 ---
Pixel 796, 268, 1, 1, 4.80374e+19
=== 672430 ===
--- pALPIDEfs_6 ---
Pixel 966, 184, 1, 1, 4.80374e+19
Pixel 966, 185, 1, 1, 4.80374e+19
=== 681978 ===
--- pALPIDEfs_2 ---
Pixel 137, 235, 1, 1, 4.80374e+19
Pixel 137, 236, 1, 1, 4.80374e+19
Pixel 138, 236, 1, 1, 4.80374e+19
=== 690947 ===
--- pALPIDEfs_0 ---
Pixel 890, 335, 1, 1, 4.80374e+19
--- pALPIDEfs_1 ---
Pixel 790, 281, 1, 1, 4.80374e+19
Pixel 790, 282, 1, 1, 4.80374e+19
--- pALPIDEfs_2 ---
Pixel 710, 122, 1, 1, 4.80374e+19
--- pALPIDEfs_3 ---
Pixel 633, 33, 1, 1, 4.80374e+19
Pixel 632, 33, 1, 1, 4.80374e+19
Pixel 632, 34, 1, 1, 4.80374e+19
Pixel 633, 34, 1, 1, 4.80374e+19
=== 701976 ===
--- pALPIDEfs_3 ---
Pixel 101, 184, 1, 1, 4.80374e+19
Pixel 101, 185, 1, 1, 4.80374e+19
Pixel 101, 186, 1, 1, 4.80374e+19
Pixel 102, 186, 1, 1, 4.80374e+19
=== 713414 ===
--- pALPIDEfs_3 ---
Pixel 937, 3, 1, 1, 4.80374e+19
Pixel 936, 4, 1, 1, 4.80374e+19
Pixel 937, 4, 1, 1, 4.80374e+19
=== 730469 ===
--- pALPIDEfs_6 ---
Pixel 713, 349, 1, 1, 4.80374e+19
Pixel 712, 349, 1, 1, 4.80374e+19
Pixel 712, 350, 1, 1, 4.80374e+19
Pixel 713, 350, 1, 1, 4.80374e+19
=== 744884 ===
--- pALPIDEfs_1 ---
Pixel 306, 256, 1, 1, 4.80374e+19
Pixel 307, 256, 1, 1, 4.80374e+19
Pixel 306, 257, 1, 1, 4.80374e+19
Pixel 308, 257, 1, 1, 4.80374e+19
Pixel 308, 258, 1, 1, 4.80374e+19
=== 764885 ===
--- pALPIDEfs_5 ---
Pixel 396, 413, 1, 1, 4.80374e+19
Pixel 396, 414, 1, 1, 4.80374e+19
Pixel 397, 414, 1, 1, 4.80374e+19
Pixel 397, 415, 1, 1, 4.80374e+19
Pixel 396, 415, 1, 1, 4.80374e+19
=== 765490 ===
--- pALPIDEfs_6 ---
Pixel 47, 355, 1, 1, 4.80374e+19
Pixel 48, 355, 1, 1, 4.80374e+19
=== 766439 ===
--- pALPIDEfs_1 ---
Pixel 637, 341, 1, 1, 4.80374e+19
Pixel 637, 342, 1, 1, 4.80374e+19
=== 772962 ===
--- pALPIDEfs_3 ---
Pixel 827, 507, 1, 1, 4.80374e+19
Pixel 827, 508, 1, 1, 4.80374e+19
--- pALPIDEfs_4 ---
Pixel 295, 286, 1, 1, 4.80374e+19
Pixel 296, 286, 1, 1, 4.80374e+19
Pixel 296, 287, 1, 1, 4.80374e+19
Pixel 635, 265, 1, 1, 4.80374e+19
Pixel 634, 265, 1, 1, 4.80374e+19
--- pALPIDEfs_5 ---
Pixel 410, 66, 1, 1, 4.80374e+19
Pixel 411, 66, 1, 1, 4.80374e+19
=== 773241 ===
--- pALPIDEfs_5 ---
Pixel 301, 64, 1, 1, 4.80374e+19
Pixel 301, 65, 1, 1, 4.80374e+19
Pixel 302, 64, 1, 1, 4.80374e+19
Pixel 302, 65, 1, 1, 4.80374e+19
=== 774129 ===
--- pALPIDEfs_0 ---
Pixel 893, 42, 1, 1, 4.80374e+19
--- pALPIDEfs_1 ---
Pixel 852, 137, 1, 1, 4.80374e+19
=== 813431 ===
--- pALPIDEfs_5 ---
Pixel 983, 38, 1, 1, 4.80374e+19
=== 842867 ===
--- pALPIDEfs_5 ---
Pixel 323, 325, 1, 1, 4.80374e+19
=== 845786 ===
--- pALPIDEfs_3 ---
Pixel 557, 180, 1, 1, 4.80374e+19
=== 864828 ===
--- pALPIDEfs_6 ---
Pixel 839, 177, 1, 1, 4.80374e+19
Pixel 838, 177, 1, 1, 4.80374e+19
=== 885870 ===
--- pALPIDEfs_6 ---
Pixel 877, 395, 1, 1, 4.80374e+19
Pixel 877, 396, 1, 1, 4.80374e+19
Pixel 877, 397, 1, 1, 4.80374e+19
Pixel 876, 397, 1, 1, 4.80374e+19
Pixel 876, 398, 1, 1, 4.80374e+19
Pixel 877, 398, 1, 1, 4.80374e+19
Pixel 877, 399, 1, 1, 4.80374e+19
Pixel 876, 399, 1, 1, 4.80374e+19
Pixel 876, 400, 1, 1, 4.80374e+19
Pixel 876, 401, 1, 1, 4.80374e+19
Pixel 876, 402, 1, 1, 4.80374e+19
=== 896008 ===
--- pALPIDEfs_3 ---
Pixel 413, 240, 1, 1, 4.80374e+19
=== 921865 ===
--- pALPIDEfs_0 ---
Pixel 895, 118, 1, 1, 4.80374e+19
Pixel 895, 119, 1, 1, 4.80374e+19
=== 924666 ===
--- pALPIDEfs_4 ---
Pixel 375, 60, 1, 1, 4.80374e+19
Pixel 375, 61, 1, 1, 4.80374e+19
Pixel 376, 60, 1, 1, 4.80374e+19
Pixel 376, 61, 1, 1, 4.80374e+19
Pixel 376, 62, 1, 1, 4.80374e+19
=== 936612 ===
--- pALPIDEfs_3 ---
Pixel 557, 180, 1, 1, 4.80374e+19
=== 957717 ===
--- pALPIDEfs_3 ---
Pixel 557, 180, 1, 1, 4.80374e+19
=== 963782 ===
--- pALPIDEfs_2 ---
Pixel 132, 452, 1, 1, 4.80374e+19
Pixel 133, 452, 1, 1, 4.80374e+19
Pixel 133, 453, 1, 1, 4.80374e+19
Pixel 132, 453, 1, 1, 4.80374e+19
=== 983791 ===
--- pALPIDEfs_3 ---
Pixel 557, 180, 1, 1, 4.80374e+19
=== 999618 ===
--- pALPIDEfs_5 ---
Pixel 244, 465, 1, 1, 4.80374e+19
=== 1007348 ===
--- pALPIDEfs_1 ---
Pixel 783, 511, 1, 1, 4.80374e+19
Pixel 785, 508, 1, 1, 4.80374e+19
Pixel 785, 509, 1, 1, 4.80374e+19
Pixel 784, 509, 1, 1, 4.80374e+19
Pixel 784, 510, 1, 1, 4.80374e+19
Pixel 784, 511, 1, 1, 4.80374e+19
=== 1016562 ===
--- pALPIDEfs_2 ---
Pixel 173, 266, 1, 1, 4.80374e+19
Pixel 173, 267, 1, 1, 4.80374e+19
=== 1016563 ===
--- pALPIDEfs_2 ---
Pixel 173, 267, 1, 1, 4.80374e+19
=== 1025267 ===
--- pALPIDEfs_0 ---
Pixel 404, 314, 1, 1, 4.80374e+19
Pixel 405, 314, 1, 1, 4.80374e+19
Pixel 405, 315, 1, 1, 4.80374e+19
--- pALPIDEfs_1 ---
Pixel 137, 421, 1, 1, 4.80374e+19
=== 1034254 ===
--- pALPIDEfs_1 ---
Pixel 786, 86, 1, 1, 4.80374e+19
Pixel 786, 87, 1, 1, 4.80374e+19
=== 1042367 ===
--- pALPIDEfs_3 ---
Pixel 915, 297, 1, 1, 4.80374e+19
Pixel 914, 297, 1, 1, 4.80374e+19
Pixel 914, 298, 1, 1, 4.80374e+19
Pixel 915, 298, 1, 1, 4.80374e+19
=== 1050179 ===
--- pALPIDEfs_2 ---
Pixel 660, 174, 1, 1, 4.80374e+19
Pixel 661, 174, 1, 1, 4.80374e+19
Pixel 661, 175, 1, 1, 4.80374e+19
Pixel 660, 175, 1, 1, 4.80374e+19
=== 1052103 ===
--- pALPIDEfs_1 ---
Pixel 923, 303, 1, 1, 4.80374e+19
=== 1054676 ===
--- pALPIDEfs_6 ---
Pixel 557, 335, 1, 1, 4.80374e+19
Pixel 556, 335, 1, 1, 4.80374e+19
Pixel 556, 336, 1, 1, 4.80374e+19
Pixel 557, 336, 1, 1, 4.80374e+19
=== 1054798 ===
--- pALPIDEfs_6 ---
Pixel 61, 8, 1, 1, 4.80374e+19
Pixel 62, 8, 1, 1, 4.80374e+19
Pixel 62, 9, 1, 1, 4.80374e+19
=== 1056774 ===
--- pALPIDEfs_6 ---
Pixel 769, 367, 1, 1, 4.80374e+19
Pixel 768, 368, 1, 1, 4.80374e+19
Pixel 769, 368, 1, 1, 4.80374e+19
Pixel 769, 369, 1, 1, 4.80374e+19
Pixel 768, 369, 1, 1, 4.80374e+19
Pixel 770, 367, 1, 1, 4.80374e+19
=== 1064308 ===
--- pALPIDEfs_4 ---
Pixel 961, 163, 1, 1, 4.80374e+19
Pixel 960, 163, 1, 1, 4.80374e+19
=== 1073341 ===
--- pALPIDEfs_5 ---
Pixel 964, 300, 1, 1, 4.80374e+19
=== 1075042 ===
--- pALPIDEfs_5 ---
Pixel 918, 131, 1, 1, 4.80374e+19
Pixel 918, 132, 1, 1, 4.80374e+19
=== 1080487 ===
--- pALPIDEfs_2 ---
Pixel 623, 129, 1, 1, 4.80374e+19
Pixel 624, 128, 1, 1, 4.80374e+19
Pixel 624, 129, 1, 1, 4.80374e+19
=== 1084119 ===
--- pALPIDEfs_3 ---
Pixel 52, 195, 1, 1, 4.80374e+19
=== 1084120 ===
--- pALPIDEfs_3 ---
Pixel 52, 195, 1, 1, 4.80374e+19
=== 1097059 ===
--- pALPIDEfs_4 ---
Pixel 93, 473, 1, 1, 4.80374e+19
Pixel 95, 473, 1, 1, 4.80374e+19
Pixel 94, 473, 1, 1, 4.80374e+19
Pixel 96, 473, 1, 1, 4.80374e+19
=== 1102772 ===
--- pALPIDEfs_6 ---
Pixel 327, 108, 1, 1, 4.80374e+19
=== 1108901 ===
--- pALPIDEfs_0 ---
Pixel 655, 105, 1, 1, 4.80374e+19
Pixel 654, 105, 1, 1, 4.80374e+19
Pixel 654, 106, 1, 1, 4.80374e+19
Pixel 655, 106, 1, 1, 4.80374e+19
Pixel 655, 107, 1, 1, 4.80374e+19
Pixel 656, 106, 1, 1, 4.80374e+19
Pixel 656, 107, 1, 1, 4.80374e+19
=== 1128319 ===
--- pALPIDEfs_3 ---
Pixel 557, 180, 1, 1, 4.80374e+19
=== 1139187 ===
--- pALPIDEfs_1 ---
Pixel 184, 6, 1, 1, 4.80374e+19
=== 1141119 ===
--- pALPIDEfs_3 ---
Pixel 557, 180, 1, 1, 4.80374e+19
=== 1161017 ===
--- pALPIDEfs_3 ---
Pixel 214, 182, 1, 1, 4.80374e+19
=== 1169173 ===
--- pALPIDEfs_4 ---
Pixel 688, 348, 1, 1, 4.80374e+19
Pixel 689, 348, 1, 1, 4.80374e+19
Pixel 689, 349, 1, 1, 4.80374e+19
=== 1211131 ===
--- pALPIDEfs_0 ---
Pixel 784, 475, 1, 1, 4.80374e+19
=== 1212751 ===
--- pALPIDEfs_1 ---
Pixel 103, 66, 1, 1, 4.80374e+19
Pixel 103, 67, 1, 1, 4.80374e+19
Pixel 104, 66, 1, 1, 4.80374e+19
Pixel 104, 67, 1, 1, 4.80374e+19
--- pALPIDEfs_2 ---
Pixel 752, 408, 1, 1, 4.80374e+19
=== 1212752 ===
--- pALPIDEfs_1 ---
Pixel 103, 66, 1, 1, 4.80374e+19
Pixel 103, 67, 1, 1, 4.80374e+19
Pixel 104, 66, 1, 1, 4.80374e+19
Pixel 104, 67, 1, 1, 4.80374e+19
--- pALPIDEfs_2 ---
Pixel 751, 408, 1, 1, 4.80374e+19
Pixel 752, 408, 1, 1, 4.80374e+19
=== 1213688 ===
--- pALPIDEfs_3 ---
Pixel 796, 317, 1, 1, 4.80374e+19
Pixel 796, 318, 1, 1, 4.80374e+19
=== 1223581 ===
--- pALPIDEfs_5 ---
Pixel 1020, 135, 1, 1, 4.80374e+19
=== 1229808 ===
--- pALPIDEfs_2 ---
Pixel 313, 156, 1, 1, 4.80374e+19
Pixel 313, 157, 1, 1, 4.80374e+19
Pixel 313, 158, 1, 1, 4.80374e+19
Pixel 313, 159, 1, 1, 4.80374e+19
Pixel 314, 157, 1, 1, 4.80374e+19
Pixel 314, 158, 1, 1, 4.80374e+19
Pixel 314, 159, 1, 1, 4.80374e+19
Pixel 314, 160, 1, 1, 4.80374e+19
Pixel 315, 161, 1, 1, 4.80374e+19
Pixel 314, 161, 1, 1, 4.80374e+19
Pixel 315, 162, 1, 1, 4.80374e+19
=== 1243102 ===
--- pALPIDEfs_4 ---
Pixel 273, 284, 1, 1, 4.80374e+19
Pixel 274, 284, 1, 1, 4.80374e+19
=== 1277744 ===
--- pALPIDEfs_0 ---
Pixel 765, 76, 1, 1, 4.80374e+19
=== 1292719 ===
--- pALPIDEfs_3 ---
Pixel 557, 180, 1, 1, 4.80374e+19
=== 1295204 ===
--- pALPIDEfs_6 ---
Pixel 497, 212, 1, 1, 4.80374e+19
Pixel 498, 211, 1, 1, 4.80374e+19
Pixel 498, 212, 1, 1, 4.80374e+19
Pixel 545, 414, 1, 1, 4.80374e+19
Pixel 545, 415, 1, 1, 4.80374e+19
=== 1312769 ===
--- pALPIDEfs_3 ---
Pixel 557, 180, 1, 1, 4.80374e+19
=== 1328614 ===
--- pALPIDEfs_1 ---
Pixel 763, 152, 1, 1, 4.80374e+19
Pixel 764, 152, 1, 1, 4.80374e+19
Pixel 764, 153, 1, 1, 4.80374e+19
=== 1345805 ===
--- pALPIDEfs_1 ---
Pixel 205, 463, 1, 1, 4.80374e+19
=== 1351066 ===
--- pALPIDEfs_1 ---
Pixel 969, 363, 1, 1, 4.80374e+19
--- pALPIDEfs_2 ---
Pixel 493, 315, 1, 1, 4.80374e+19
--- pALPIDEfs_3 ---
Pixel 15, 338, 1, 1, 4.80374e+19
Pixel 16, 338, 1, 1, 4.80374e+19
=== 1355458 ===
--- pALPIDEfs_5 ---
Pixel 193, 61, 1, 1, 4.80374e+19
Pixel 192, 61, 1, 1, 4.80374e+19
Pixel 193, 62, 1, 1, 4.80374e+19
=== 1359293 ===
--- pALPIDEfs_5 ---
Pixel 784, 317, 1, 1, 4.80374e+19
Pixel 784, 318, 1, 1, 4.80374e+19
=== 1359773 ===
--- pALPIDEfs_5 ---
Pixel 293, 305, 1, 1, 4.80374e+19
Pixel 293, 306, 1, 1, 4.80374e+19
=== 1364095 ===
--- pALPIDEfs_4 ---
Pixel 815, 99, 1, 1, 4.80374e+19
Pixel 814, 99, 1, 1, 4.80374e+19
Pixel 814, 100, 1, 1, 4.80374e+19
Pixel 815, 100, 1, 1, 4.80374e+19
=== 1365827 ===
--- pALPIDEfs_4 ---
Pixel 1019, 29, 1, 1, 4.80374e+19
Pixel 1019, 30, 1, 1, 4.80374e+19
=== 1383665 ===
--- pALPIDEfs_3 ---
Pixel 175, 115, 1, 1, 4.80374e+19
Pixel 175, 116, 1, 1, 4.80374e+19
Pixel 176, 115, 1, 1, 4.80374e+19
Pixel 176, 116, 1, 1, 4.80374e+19
--- pALPIDEfs_4 ---
Pixel 575, 341, 1, 1, 4.80374e+19
Pixel 576, 341, 1, 1, 4.80374e+19
=== 1395437 ===
--- pALPIDEfs_5 ---
Pixel 661, 387, 1, 1, 4.80374e+19
Pixel 660, 387, 1, 1, 4.80374e+19
=== 1418183 ===
--- pALPIDEfs_6 ---
Pixel 990, 92, 1, 1, 4.80374e+19
Pixel 991, 92, 1, 1, 4.80374e+19
=== 1421305 ===
--- pALPIDEfs_0 ---
Pixel 259, 441, 1, 1, 4.80374e+19
Pixel 258, 441, 1, 1, 4.80374e+19
=== 1421786 ===
--- pALPIDEfs_3 ---
Pixel 183, 196, 1, 1, 4.80374e+19
Pixel 183, 197, 1, 1, 4.80374e+19
Pixel 184, 196, 1, 1, 4.80374e+19
Pixel 184, 197, 1, 1, 4.80374e+19
=== 1429892 ===
--- pALPIDEfs_6 ---
Pixel 534, 159, 1, 1, 4.80374e+19
Pixel 534, 160, 1, 1, 4.80374e+19
=== 1437867 ===
--- pALPIDEfs_0 ---
Pixel 635, 271, 1, 1, 4.80374e+19
Pixel 634, 271, 1, 1, 4.80374e+19
Pixel 634, 272, 1, 1, 4.80374e+19
Pixel 635, 272, 1, 1, 4.80374e+19
--- pALPIDEfs_1 ---
Pixel 228, 88, 1, 1, 4.80374e+19
Pixel 229, 88, 1, 1, 4.80374e+19
=== 1451970 ===
--- pALPIDEfs_0 ---
Pixel 189, 366, 1, 1, 4.80374e+19
Pixel 189, 367, 1, 1, 4.80374e+19
=== 1466504 ===
--- pALPIDEfs_5 ---
Pixel 663, 208, 1, 1, 4.80374e+19
Pixel 663, 209, 1, 1, 4.80374e+19
Pixel 664, 208, 1, 1, 4.80374e+19
=== 1477173 ===
--- pALPIDEfs_5 ---
Pixel 453, 442, 1, 1, 4.80374e+19
Pixel 453, 443, 1, 1, 4.80374e+19
Pixel 452, 443, 1, 1, 4.80374e+19
Pixel 452, 444, 1, 1, 4.80374e+19
Pixel 453, 444, 1, 1, 4.80374e+19
=== 1478012 ===
--- pALPIDEfs_4 ---
Pixel 836, 134, 1, 1, 4.80374e+19
Pixel 837, 135, 1, 1, 4.80374e+19
Pixel 836, 135, 1, 1, 4.80374e+19
--- pALPIDEfs_5 ---
Pixel 45, 2, 1, 1, 4.80374e+19
Pixel 45, 3, 1, 1, 4.80374e+19
Pixel 46, 3, 1, 1, 4.80374e+19
=== 1486348 ===
--- pALPIDEfs_3 ---
Pixel 465, 428, 1, 1, 4.80374e+19
Pixel 466, 427, 1, 1, 4.80374e+19
Pixel 466, 428, 1, 1, 4.80374e+19
Pixel 466, 429, 1, 1, 4.80374e+19
=== 1494372 ===
--- pALPIDEfs_3 ---
Pixel 557, 180, 1, 1, 4.80374e+19
=== 1521745 ===
--- pALPIDEfs_4 ---
Pixel 259, 298, 1, 1, 4.80374e+19
=== 1532649 ===
--- pALPIDEfs_4 ---
Pixel 105, 135, 1, 1, 4.80374e+19
Pixel 106, 135, 1, 1, 4.80374e+19
=== 1532923 ===
--- pALPIDEfs_1 ---
Pixel 197, 488, 1, 1, 4.80374e+19
=== 1537438 ===
--- pALPIDEfs_3 ---
Pixel 861, 171, 1, 1, 4.80374e+19
Pixel 861, 172, 1, 1, 4.80374e+19
Pixel 861, 173, 1, 1, 4.80374e+19
Pixel 860, 173, 1, 1, 4.80374e+19
Pixel 862, 171, 1, 1, 4.80374e+19
Pixel 862, 172, 1, 1, 4.80374e+19
Pixel 862, 173, 1, 1, 4.80374e+19
=== 1540380 ===
--- pALPIDEfs_6 ---
Pixel 929, 444, 1, 1, 4.80374e+19
Pixel 929, 445, 1, 1, 4.80374e+19
Pixel 929, 446, 1, 1, 4.80374e+19
Pixel 930, 444, 1, 1, 4.80374e+19
Pixel 930, 445, 1, 1, 4.80374e+19
Pixel 930, 446, 1, 1, 4.80374e+19
=== 1546879 ===
--- pALPIDEfs_4 ---
Pixel 839, 292, 1, 1, 4.80374e+19
Pixel 839, 293, 1, 1, 4.80374e+19
Pixel 841, 291, 1, 1, 4.80374e+19
Pixel 840, 292, 1, 1, 4.80374e+19
Pixel 841, 292, 1, 1, 4.80374e+19
=== 1561345 ===
--- pALPIDEfs_3 ---
Pixel 557, 180, 1, 1, 4.80374e+19
=== 1579208 ===
--- pALPIDEfs_2 ---
Pixel 169, 58, 1, 1, 4.80374e+19
Pixel 170, 58, 1, 1, 4.80374e+19
Pixel 171, 58, 1, 1, 4.80374e+19
Pixel 170, 59, 1, 1, 4.80374e+19
=== 1633463 ===
--- pALPIDEfs_3 ---
Pixel 557, 180, 1, 1, 4.80374e+19
=== 1652193 ===
--- pALPIDEfs_2 ---
Pixel 1009, 460, 1, 1, 4.80374e+19
Pixel 1009, 461, 1, 1, 4.80374e+19
Pixel 1008, 461, 1, 1, 4.80374e+19
=== 1662362 ===
--- pALPIDEfs_0 ---
Pixel 15, 78, 1, 1, 4.80374e+19
Pixel 16, 78, 1, 1, 4.80374e+19
=== 1664044 ===
--- pALPIDEfs_5 ---
Pixel 292, 40, 1, 1, 4.80374e+19
Pixel 293, 41, 1, 1, 4.80374e+19
Pixel 292, 41, 1, 1, 4.80374e+19
Pixel 292, 42, 1, 1, 4.80374e+19
Pixel 293, 42, 1, 1, 4.80374e+19
Pixel 293, 43, 1, 1, 4.80374e+19
Pixel 292, 43, 1, 1, 4.80374e+19
--- pALPIDEfs_6 ---
Pixel 401, 99, 1, 1, 4.80374e+19
=== 1668032 ===
--- pALPIDEfs_1 ---
Pixel 74, 414, 1, 1, 4.80374e+19
Pixel 75, 414, 1, 1, 4.80374e+19
Pixel 75, 415, 1, 1, 4.80374e+19
Pixel 74, 415, 1, 1, 4.80374e+19
=== 1673904 ===
--- pALPIDEfs_1 ---
Pixel 966, 92, 1, 1, 4.80374e+19
Pixel 967, 92, 1, 1, 4.80374e+19
Pixel 967, 93, 1, 1, 4.80374e+19
Pixel 966, 93, 1, 1, 4.80374e+19
--- pALPIDEfs_2 ---
Pixel 523, 179, 1, 1, 4.80374e+19
Pixel 523, 180, 1, 1, 4.80374e+19
Pixel 524, 179, 1, 1, 4.80374e+19
Pixel 524, 180, 1, 1, 4.80374e+19
--- pALPIDEfs_3 ---
Pixel 72, 132, 1, 1, 4.80374e+19
=== 1696349 ===
--- pALPIDEfs_2 ---
Pixel 741, 138, 1, 1, 4.80374e+19
Pixel 741, 139, 1, 1, 4.80374e+19
Pixel 742, 138, 1, 1, 4.80374e+19
Pixel 743, 139, 1, 1, 4.80374e+19
Pixel 742, 139, 1, 1, 4.80374e+19
Pixel 742, 140, 1, 1, 4.80374e+19
Pixel 743, 140, 1, 1, 4.80374e+19
=== 1710253 ===
--- pALPIDEfs_3 ---
Pixel 557, 180, 1, 1, 4.80374e+19
=== 1713641 ===
--- pALPIDEfs_0 ---
Pixel 967, 203, 1, 1, 4.80374e+19
Pixel 967, 204, 1, 1, 4.80374e+19
=== 1714202 ===
--- pALPIDEfs_0 ---
Pixel 918, 386, 1, 1, 4.80374e+19
Pixel 919, 386, 1, 1, 4.80374e+19
Pixel 919, 387, 1, 1, 4.80374e+19
Pixel 918, 387, 1, 1, 4.80374e+19
Pixel 919, 388, 1, 1, 4.80374e+19
Pixel 920, 387, 1, 1, 4.80374e+19
=== 1718670 ===
--- pALPIDEfs_3 ---
Pixel 913, 291, 1, 1, 4.80374e+19
Pixel 912, 291, 1, 1, 4.80374e+19
Pixel 912, 292, 1, 1, 4.80374e+19
=== 1725041 ===
--- pALPIDEfs_3 ---
Pixel 215, 433, 1, 1, 4.80374e+19
Pixel 215, 434, 1, 1, 4.80374e+19
=== 1740512 ===
--- pALPIDEfs_0 ---
Pixel 24, 252, 1, 1, 4.80374e+19
=== 1740586 ===
--- pALPIDEfs_3 ---
Pixel 711, 69, 1, 1, 4.80374e+19
Pixel 710, 69, 1, 1, 4.80374e+19
Pixel 710, 70, 1, 1, 4.80374e+19
Pixel 711, 70, 1, 1, 4.80374e+19
Pixel 711, 71, 1, 1, 4.80374e+19
Pixel 710, 71, 1, 1, 4.80374e+19
Pixel 710, 72, 1, 1, 4.80374e+19
Pixel 711, 72, 1, 1, 4.80374e+19
=== 1743133 ===
--- pALPIDEfs_2 ---
Pixel 292, 503, 1, 1, 4.80374e+19
--- pALPIDEfs_3 ---
Pixel 756, 154, 1, 1, 4.80374e+19
Pixel 756, 155, 1, 1, 4.80374e+19
=== 1772771 ===
--- pALPIDEfs_6 ---
Pixel 263, 134, 1, 1, 4.80374e+19
Pixel 263, 135, 1, 1, 4.80374e+19
Pixel 264, 134, 1, 1, 4.80374e+19
Pixel 264, 135, 1, 1, 4.80374e+19
=== 1775910 ===
--- pALPIDEfs_5 ---
Pixel 753, 77, 1, 1, 4.80374e+19
=== 1787960 ===
--- pALPIDEfs_3 ---
Pixel 85, 104, 1, 1, 4.80374e+19
Pixel 85, 105, 1, 1, 4.80374e+19
=== 1822529 ===
--- pALPIDEfs_2 ---
Pixel 710, 396, 1, 1, 4.80374e+19
Pixel 710, 397, 1, 1, 4.80374e+19
--- pALPIDEfs_3 ---
Pixel 915, 139, 1, 1, 4.80374e+19
Pixel 914, 139, 1, 1, 4.80374e+19
Pixel 915, 140, 1, 1, 4.80374e+19
--- pALPIDEfs_4 ---
Pixel 161, 19, 1, 1, 4.80374e+19
Pixel 160, 19, 1, 1, 4.80374e+19
Pixel 160, 20, 1, 1, 4.80374e+19
Pixel 161, 20, 1, 1, 4.80374e+19
=== 1832949 ===
--- pALPIDEfs_3 ---
Pixel 395, 299, 1, 1, 4.80374e+19
=== 1846627 ===
--- pALPIDEfs_2 ---
Pixel 478, 152, 1, 1, 4.80374e+19
Pixel 478, 153, 1, 1, 4.80374e+19
Pixel 478, 154, 1, 1, 4.80374e+19
Pixel 479, 154, 1, 1, 4.80374e+19
Pixel 479, 155, 1, 1, 4.80374e+19
=== 1858748 ===
--- pALPIDEfs_5 ---
Pixel 187, 354, 1, 1, 4.80374e+19
Pixel 187, 355, 1, 1, 4.80374e+19
Pixel 188, 354, 1, 1, 4.80374e+19
=== 1869676 ===
--- pALPIDEfs_3 ---
Pixel 557, 180, 1, 1, 4.80374e+19
=== 1882941 ===
--- pALPIDEfs_5 ---
Pixel 400, 81, 1, 1, 4.80374e+19
Pixel 400, 82, 1, 1, 4.80374e+19
=== 1893982 ===
--- pALPIDEfs_6 ---
Pixel 285, 383, 1, 1, 4.80374e+19
Pixel 285, 384, 1, 1, 4.80374e+19
Pixel 286, 383, 1, 1, 4.80374e+19
=== 1900507 ===
--- pALPIDEfs_6 ---
Pixel 213, 199, 1, 1, 4.80374e+19
Pixel 212, 199, 1, 1, 4.80374e+19
=== 1901952 ===
--- pALPIDEfs_2 ---
Pixel 765, 435, 1, 1, 4.80374e+19
=== 1913588 ===
--- pALPIDEfs_3 ---
Pixel 557, 180, 1, 1, 4.80374e+19
=== 1917185 ===
--- pALPIDEfs_6 ---
Pixel 251, 239, 1, 1, 4.80374e+19
Pixel 251, 240, 1, 1, 4.80374e+19
Pixel 252, 239, 1, 1, 4.80374e+19
Pixel 252, 240, 1, 1, 4.80374e+19
=== 1917186 ===
--- pALPIDEfs_6 ---
Pixel 251, 239, 1, 1, 4.80374e+19
Pixel 251, 240, 1, 1, 4.80374e+19
Pixel 252, 239, 1, 1, 4.80374e+19
Pixel 252, 240, 1, 1, 4.80374e+19
=== 1920847 ===
--- pALPIDEfs_0 ---
Pixel 801, 117, 1, 1, 4.80374e+19
=== 1925245 ===
--- pALPIDEfs_1 ---
Pixel 298, 177, 1, 1, 4.80374e+19
Pixel 298, 178, 1, 1, 4.80374e+19
=== 1950543 ===
--- pALPIDEfs_4 ---
Pixel 876, 344, 1, 1, 4.80374e+19
--- pALPIDEfs_5 ---
Pixel 494, 48, 1, 1, 4.80374e+19
Pixel 495, 48, 1, 1, 4.80374e+19
Pixel 566, 160, 1, 1, 4.80374e+19
Pixel 567, 161, 1, 1, 4.80374e+19
Pixel 566, 161, 1, 1, 4.80374e+19
=== 1959169 ===
--- pALPIDEfs_5 ---
Pixel 245, 103, 1, 1, 4.80374e+19
Pixel 245, 104, 1, 1, 4.80374e+19
Pixel 246, 103, 1, 1, 4.80374e+19
Pixel 246, 104, 1, 1, 4.80374e+19
=== 1959706 ===
--- pALPIDEfs_3 ---
Pixel 557, 180, 1, 1, 4.80374e+19
=== 1969041 ===
--- pALPIDEfs_2 ---
Pixel 765, 39, 1, 1, 4.80374e+19
=== 1984891 ===
--- pALPIDEfs_4 ---
Pixel 597, 371, 1, 1, 4.80374e+19
Pixel 596, 371, 1, 1, 4.80374e+19
Pixel 596, 372, 1, 1, 4.80374e+19
Pixel 597, 372, 1, 1, 4.80374e+19
=== 1988118 ===
--- pALPIDEfs_3 ---
Pixel 413, 240, 1, 1, 4.80374e+19
=== 1992500 ===
--- pALPIDEfs_0 ---
Pixel 310, 117, 1, 1, 4.80374e+19
=== 1992585 ===
--- pALPIDEfs_5 ---
Pixel 420, 285, 1, 1, 4.80374e+19
Pixel 420, 286, 1, 1, 4.80374e+19
Pixel 421, 286, 1, 1, 4.80374e+19
=== 2003724 ===
--- pALPIDEfs_3 ---
Pixel 557, 180, 1, 1, 4.80374e+19
=== 2016205 ===
--- pALPIDEfs_3 ---
Pixel 557, 180, 1, 1, 4.80374e+19
=== 2049649 ===
--- pALPIDEfs_6 ---
Pixel 411, 446, 1, 1, 4.80374e+19
Pixel 411, 447, 1, 1, 4.80374e+19
Pixel 412, 446, 1, 1, 4.80374e+19
=== 2070509 ===
--- pALPIDEfs_3 ---
Pixel 130, 491, 1, 1, 4.80374e+19
Pixel 130, 492, 1, 1, 4.80374e+19
=== 2103421 ===
--- pALPIDEfs_5 ---
Pixel 103, 66, 1, 1, 4.80374e+19
Pixel 103, 67, 1, 1, 4.80374e+19
Pixel 104, 66, 1, 1, 4.80374e+19
=== 2106806 ===
--- pALPIDEfs_4 ---
Pixel 858, 498, 1, 1, 4.80374e+19
Pixel 859, 498, 1, 1, 4.80374e+19
Pixel 859, 499, 1, 1, 4.80374e+19
Pixel 858, 499, 1, 1, 4.80374e+19
=== 2117330 ===
--- pALPIDEfs_1 ---
Pixel 251, 112, 1, 1, 4.80374e+19
Pixel 251, 113, 1, 1, 4.80374e+19
Pixel 252, 112, 1, 1, 4.80374e+19
Pixel 252, 113, 1, 1, 4.80374e+19
=== 2117930 ===
--- pALPIDEfs_2 ---
Pixel 264, 174, 1, 1, 4.80374e+19
Pixel 265, 174, 1, 1, 4.80374e+19
Pixel 265, 175, 1, 1, 4.80374e+19
Pixel 264, 175, 1, 1, 4.80374e+19
=== 2117941 ===
--- pALPIDEfs_1 ---
Pixel 523, 69, 1, 1, 4.80374e+19
Pixel 522, 69, 1, 1, 4.80374e+19
Pixel 522, 70, 1, 1, 4.80374e+19
=== 2120806 ===
--- pALPIDEfs_3 ---
Pixel 557, 180, 1, 1, 4.80374e+19
=== 2186658 ===
--- pALPIDEfs_1 ---
Pixel 739, 507, 1, 1, 4.80374e+19
Pixel 740, 505, 1, 1, 4.80374e+19
Pixel 740, 506, 1, 1, 4.80374e+19
=== 2192206 ===
--- pALPIDEfs_0 ---
Pixel 203, 277, 1, 1, 4.80374e+19
--- pALPIDEfs_1 ---
Pixel 27, 384, 1, 1, 4.80374e+19
=== 2193033 ===
--- pALPIDEfs_3 ---
Pixel 323, 35, 1, 1, 4.80374e+19
=== 2202746 ===
--- pALPIDEfs_1 ---
Pixel 789, 175, 1, 1, 4.80374e+19
Pixel 788, 176, 1, 1, 4.80374e+19
Pixel 789, 176, 1, 1, 4.80374e+19
Pixel 790, 175, 1, 1, 4.80374e+19
=== 2234173 ===
--- pALPIDEfs_3 ---
Pixel 937, 377, 1, 1, 4.80374e+19
Pixel 936, 377, 1, 1, 4.80374e+19
=== 2257526 ===
--- pALPIDEfs_2 ---
Pixel 483, 392, 1, 1, 4.80374e+19
Pixel 484, 391, 1, 1, 4.80374e+19
Pixel 484, 392, 1, 1, 4.80374e+19
=== 2262483 ===
--- pALPIDEfs_3 ---
Pixel 557, 180, 1, 1, 4.80374e+19
=== 2270651 ===
--- pALPIDEfs_5 ---
Pixel 296, 476, 1, 1, 4.80374e+19
=== 2276386 ===
--- pALPIDEfs_2 ---
Pixel 740, 388, 1, 1, 4.80374e+19
Pixel 741, 388, 1, 1, 4.80374e+19
Pixel 740, 389, 1, 1, 4.80374e+19
=== 2280369 ===
--- pALPIDEfs_5 ---
Pixel 230, 381, 1, 1, 4.80374e+19
Pixel 230, 382, 1, 1, 4.80374e+19
=== 2281379 ===
--- pALPIDEfs_1 ---
Pixel 345, 324, 1, 1, 4.80374e+19
Pixel 345, 325, 1, 1, 4.80374e+19
=== 2289245 ===
--- pALPIDEfs_6 ---
Pixel 55, 363, 1, 1, 4.80374e+19
Pixel 55, 364, 1, 1, 4.80374e+19
Pixel 58, 369, 1, 1, 4.80374e+19
Pixel 58, 370, 1, 1, 4.80374e+19
=== 2289559 ===
--- pALPIDEfs_6 ---
Pixel 1017, 463, 1, 1, 4.80374e+19
Pixel 1017, 464, 1, 1, 4.80374e+19
Pixel 1018, 463, 1, 1, 4.80374e+19
=== 2291375 ===
--- pALPIDEfs_2 ---
Pixel 558, 145, 1, 1, 4.80374e+19
Pixel 558, 146, 1, 1, 4.80374e+19
=== 2298639 ===
--- pALPIDEfs_4 ---
Pixel 306, 10, 1, 1, 4.80374e+19
Pixel 307, 10, 1, 1, 4.80374e+19
Pixel 307, 11, 1, 1, 4.80374e+19
Pixel 306, 11, 1, 1, 4.80374e+19
=== 2307540 ===
--- pALPIDEfs_3 ---
Pixel 557, 180, 1, 1, 4.80374e+19
=== 2319512 ===
--- pALPIDEfs_0 ---
Pixel 129, 168, 1, 1, 4.80374e+19
Pixel 129, 169, 1, 1, 4.80374e+19
=== 2323175 ===
--- pALPIDEfs_3 ---
Pixel 368, 258, 1, 1, 4.80374e+19
Pixel 369, 258, 1, 1, 4.80374e+19
Pixel 369, 259, 1, 1, 4.80374e+19
Pixel 368, 259, 1, 1, 4.80374e+19
=== 2331073 ===
--- pALPIDEfs_6 ---
Pixel 483, 204, 1, 1, 4.80374e+19
=== 2363715 ===
--- pALPIDEfs_0 ---
Pixel 355, 158, 1, 1, 4.80374e+19
Pixel 356, 157, 1, 1, 4.80374e+19
Pixel 356, 158, 1, 1, 4.80374e+19
--- pALPIDEfs_1 ---
Pixel 437, 61, 1, 1, 4.80374e+19
Pixel 437, 62, 1, 1, 4.80374e+19
Pixel 438, 61, 1, 1, 4.80374e+19
=== 2363881 ===
--- pALPIDEfs_3 ---
Pixel 557, 180, 1, 1, 4.80374e+19
=== 2371110 ===
--- pALPIDEfs_5 ---
Pixel 34, 460, 1, 1, 4.80374e+19
Pixel 35, 460, 1, 1, 4.80374e+19
Pixel 35, 461, 1, 1, 4.80374e+19
Pixel 34, 461, 1, 1, 4.80374e+19
=== 2390367 ===
--- pALPIDEfs_3 ---
Pixel 557, 180, 1, 1, 4.80374e+19
=== 2407932 ===
--- pALPIDEfs_4 ---
Pixel 835, 20, 1, 1, 4.80374e+19
Pixel 836, 19, 1, 1, 4.80374e+19
Pixel 836, 20, 1, 1, 4.80374e+19
=== 2427559 ===
--- pALPIDEfs_3 ---
Pixel 557, 180, 1, 1, 4.80374e+19
=== 2445647 ===
--- pALPIDEfs_3 ---
Pixel 557, 180, 1, 1, 4.80374e+19
=== 2448734 ===
--- pALPIDEfs_4 ---
Pixel 753, 63, 1, 1, 4.80374e+19
Pixel 754, 63, 1, 1, 4.80374e+19
=== 2463299 ===
--- pALPIDEfs_0 ---
Pixel 851, 305, 1, 1, 4.80374e+19
Pixel 851, 306, 1, 1, 4.80374e+19
Pixel 852, 305, 1, 1, 4.80374e+19
Pixel 852, 306, 1, 1, 4.80374e+19
Pixel 852, 307, 1, 1, 4.80374e+19
=== 2468441 ===
--- pALPIDEfs_0 ---
Pixel 819, 370, 1, 1, 4.80374e+19
Pixel 819, 371, 1, 1, 4.80374e+19
Pixel 818, 371, 1, 1, 4.80374e+19
Pixel 820, 370, 1, 1, 4.80374e+19
=== 2481315 ===
--- pALPIDEfs_1 ---
Pixel 248, 223, 1, 1, 4.80374e+19
=== 2493894 ===
--- pALPIDEfs_3 ---
Pixel 557, 180, 1, 1, 4.80374e+19
=== 2514658 ===
--- pALPIDEfs_3 ---
Pixel 557, 180, 1, 1, 4.80374e+19
=== 2534785 ===
--- pALPIDEfs_0 ---
Pixel 71, 237, 1, 1, 4.80374e+19
Pixel 71, 238, 1, 1, 4.80374e+19
=== 2535455 ===
--- pALPIDEfs_1 ---
Pixel 653, 305, 1, 1, 4.80374e+19
Pixel 652, 305, 1, 1, 4.80374e+19
Pixel 652, 306, 1, 1, 4.80374e+19
Pixel 653, 306, 1, 1, 4.80374e+19
Pixel 655, 307, 1, 1, 4.80374e+19
Pixel 655, 308, 1, 1, 4.80374e+19
=== 2553744 ===
--- pALPIDEfs_4 ---
Pixel 99, 53, 1, 1, 4.80374e+19
Pixel 98, 53, 1, 1, 4.80374e+19
Pixel 98, 54, 1, 1, 4.80374e+19
Pixel 99, 54, 1, 1, 4.80374e+19
=== 2556882 ===
--- pALPIDEfs_3 ---
Pixel 557, 180, 1, 1, 4.80374e+19
=== 2586236 ===
--- pALPIDEfs_1 ---
Pixel 705, 167, 1, 1, 4.80374e+19
Pixel 704, 167, 1, 1, 4.80374e+19
Pixel 705, 168, 1, 1, 4.80374e+19
=== 2590400 ===
--- pALPIDEfs_6 ---
Pixel 620, 232, 1, 1, 4.80374e+19
Pixel 620, 233, 1, 1, 4.80374e+19
=== 2604812 ===
--- pALPIDEfs_1 ---
Pixel 177, 117, 1, 1, 4.80374e+19
Pixel 176, 117, 1, 1, 4.80374e+19
Pixel 176, 118, 1, 1, 4.80374e+19
Pixel 177, 118, 1, 1, 4.80374e+19
=== 2625996 ===
--- pALPIDEfs_4 ---
Pixel 862, 62, 1, 1, 4.80374e+19
Pixel 863, 62, 1, 1, 4.80374e+19
Pixel 863, 63, 1, 1, 4.80374e+19
=== 2638456 ===
--- pALPIDEfs_1 ---
Pixel 962, 80, 1, 1, 4.80374e+19
Pixel 963, 80, 1, 1, 4.80374e+19
Pixel 962, 81, 1, 1, 4.80374e+19
=== 2639028 ===
--- pALPIDEfs_0 ---
Pixel 770, 295, 1, 1, 4.80374e+19
Pixel 770, 296, 1, 1, 4.80374e+19
Pixel 771, 296, 1, 1, 4.80374e+19
Pixel 771, 297, 1, 1, 4.80374e+19
Pixel 770, 297, 1, 1, 4.80374e+19
=== 2641656 ===
--- pALPIDEfs_1 ---
Pixel 721, 264, 1, 1, 4.80374e+19
Pixel 721, 265, 1, 1, 4.80374e+19
=== 2643650 ===
--- pALPIDEfs_5 ---
Pixel 681, 148, 1, 1, 4.80374e+19
Pixel 681, 149, 1, 1, 4.80374e+19
Pixel 682, 148, 1, 1, 4.80374e+19
Pixel 682, 149, 1, 1, 4.80374e+19
=== 2652850 ===
--- pALPIDEfs_3 ---
Pixel 859, 251, 1, 1, 4.80374e+19
Pixel 858, 252, 1, 1, 4.80374e+19
Pixel 859, 252, 1, 1, 4.80374e+19
Pixel 861, 251, 1, 1, 4.80374e+19
Pixel 860, 251, 1, 1, 4.80374e+19
Pixel 860, 252, 1, 1, 4.80374e+19
Pixel 861, 252, 1, 1, 4.80374e+19
Pixel 862, 251, 1, 1, 4.80374e+19
=== 2663308 ===
--- pALPIDEfs_3 ---
Pixel 704, 6, 1, 1, 4.80374e+19
Pixel 705, 6, 1, 1, 4.80374e+19
Pixel 704, 7, 1, 1, 4.80374e+19
--- pALPIDEfs_4 ---
Pixel 561, 105, 1, 1, 4.80374e+19
--- pALPIDEfs_5 ---
Pixel 453, 267, 1, 1, 4.80374e+19
--- pALPIDEfs_6 ---
Pixel 420, 388, 1, 1, 4.80374e+19
Pixel 421, 388, 1, 1, 4.80374e+19
=== 2689503 ===
--- pALPIDEfs_1 ---
Pixel 425, 409, 1, 1, 4.80374e+19
Pixel 425, 410, 1, 1, 4.80374e+19
Pixel 427, 409, 1, 1, 4.80374e+19
Pixel 426, 409, 1, 1, 4.80374e+19
Pixel 426, 410, 1, 1, 4.80374e+19
Pixel 427, 410, 1, 1, 4.80374e+19
=== 2698888 ===
--- pALPIDEfs_4 ---
Pixel 51, 410, 1, 1, 4.80374e+19
=== 2701812 ===
--- pALPIDEfs_6 ---
Pixel 684, 298, 1, 1, 4.80374e+19
Pixel 684, 299, 1, 1, 4.80374e+19
=== 2708651 ===
--- pALPIDEfs_0 ---
Pixel 631, 147, 1, 1, 4.80374e+19
Pixel 630, 147, 1, 1, 4.80374e+19
Pixel 630, 148, 1, 1, 4.80374e+19
Pixel 631, 148, 1, 1, 4.80374e+19
=== 2715671 ===
--- pALPIDEfs_3 ---
Pixel 557, 180, 1, 1, 4.80374e+19
=== 2735581 ===
--- pALPIDEfs_2 ---
Pixel 15, 365, 1, 1, 4.80374e+19
Pixel 16, 365, 1, 1, 4.80374e+19
Pixel 16, 366, 1, 1, 4.80374e+19
=== 2751308 ===
--- pALPIDEfs_3 ---
Pixel 376, 386, 1, 1, 4.80374e+19
Pixel 376, 387, 1, 1, 4.80374e+19
--- pALPIDEfs_4 ---
Pixel 183, 191, 1, 1, 4.80374e+19
Pixel 183, 192, 1, 1, 4.80374e+19
=== 2758015 ===
--- pALPIDEfs_2 ---
Pixel 247, 276, 1, 1, 4.80374e+19
Pixel 248, 276, 1, 1, 4.80374e+19
Pixel 249, 276, 1, 1, 4.80374e+19
Pixel 249, 277, 1, 1, 4.80374e+19
Pixel 248, 277, 1, 1, 4.80374e+19
Pixel 250, 276, 1, 1, 4.80374e+19
Pixel 251, 276, 1, 1, 4.80374e+19
Pixel 251, 277, 1, 1, 4.80374e+19
Pixel 250, 277, 1, 1, 4.80374e+19
=== 2758191 ===
--- pALPIDEfs_4 ---
Pixel 963, 270, 1, 1, 4.80374e+19
Pixel 963, 271, 1, 1, 4.80374e+19
=== 2767209 ===
--- pALPIDEfs_3 ---
Pixel 557, 180, 1, 1, 4.80374e+19
=== 2774324 ===
--- pALPIDEfs_1 ---
Pixel 879, 170, 1, 1, 4.80374e+19
Pixel 879, 171, 1, 1, 4.80374e+19
Pixel 878, 171, 1, 1, 4.80374e+19
Pixel 879, 172, 1, 1, 4.80374e+19
Pixel 881, 171, 1, 1, 4.80374e+19
Pixel 880, 171, 1, 1, 4.80374e+19
Pixel 880, 172, 1, 1, 4.80374e+19
Pixel 881, 172, 1, 1, 4.80374e+19
Pixel 882, 171, 1, 1, 4.80374e+19
Pixel 882, 172, 1, 1, 4.80374e+19
Pixel 883, 172, 1, 1, 4.80374e+19
=== 2799946 ===
--- pALPIDEfs_1 ---
Pixel 1013, 202, 1, 1, 4.80374e+19
Pixel 1014, 202, 1, 1, 4.80374e+19
--- pALPIDEfs_2 ---
Pixel 743, 267, 1, 1, 4.80374e+19
--- pALPIDEfs_3 ---
Pixel 472, 405, 1, 1, 4.80374e+19
=== 2810152 ===
--- pALPIDEfs_2 ---
Pixel 352, 424, 1, 1, 4.80374e+19
--- pALPIDEfs_3 ---
Pixel 459, 277, 1, 1, 4.80374e+19
Pixel 458, 277, 1, 1, 4.80374e+19
--- pALPIDEfs_4 ---
Pixel 587, 119, 1, 1, 4.80374e+19
Pixel 588, 119, 1, 1, 4.80374e+19
--- pALPIDEfs_5 ---
Pixel 685, 6, 1, 1, 4.80374e+19
Pixel 685, 7, 1, 1, 4.80374e+19
Pixel 686, 6, 1, 1, 4.80374e+19
=== 2824765 ===
--- pALPIDEfs_5 ---
Pixel 595, 403, 1, 1, 4.80374e+19
Pixel 594, 403, 1, 1, 4.80374e+19
Pixel 594, 404, 1, 1, 4.80374e+19
Pixel 595, 404, 1, 1, 4.80374e+19
Pixel 597, 403, 1, 1, 4.80374e+19
Pixel 596, 403, 1, 1, 4.80374e+19
Pixel 596, 404, 1, 1, 4.80374e+19
Pixel 597, 404, 1, 1, 4.80374e+19
Pixel 599, 403, 1, 1, 4.80374e+19
Pixel 598, 403, 1, 1, 4.80374e+19
Pixel 598, 404, 1, 1, 4.80374e+19
--- pALPIDEfs_6 ---
Pixel 98, 360, 1, 1, 4.80374e+19
=== 2840605 ===
--- pALPIDEfs_4 ---
Pixel 190, 316, 1, 1, 4.80374e+19
Pixel 191, 316, 1, 1, 4.80374e+19
Pixel 190, 317, 1, 1, 4.80374e+19
=== 2878074 ===
--- pALPIDEfs_1 ---
Pixel 95, 486, 1, 1, 4.80374e+19
Pixel 96, 486, 1, 1, 4.80374e+19
Pixel 96, 487, 1, 1, 4.80374e+19
--- pALPIDEfs_2 ---
Pixel 66, 170, 1, 1, 4.80374e+19
=== 2882133 ===
--- pALPIDEfs_3 ---
Pixel 929, 35, 1, 1, 4.80374e+19
Pixel 929, 36, 1, 1, 4.80374e+19
Pixel 930, 35, 1, 1, 4.80374e+19
=== 2891129 ===
--- pALPIDEfs_0 ---
Pixel 613, 367, 1, 1, 4.80374e+19
Pixel 613, 368, 1, 1, 4.80374e+19
Pixel 613, 369, 1, 1, 4.80374e+19
Pixel 612, 369, 1, 1, 4.80374e+19
Pixel 614, 367, 1, 1, 4.80374e+19
Pixel 614, 368, 1, 1, 4.80374e+19
Pixel 614, 369, 1, 1, 4.80374e+19
=== 2902849 ===
--- pALPIDEfs_2 ---
Pixel 870, 296, 1, 1, 4.80374e+19
Pixel 870, 297, 1, 1, 4.80374e+19
--- pALPIDEfs_3 ---
Pixel 604, 55, 1, 1, 4.80374e+19
=== 2905542 ===
--- pALPIDEfs_0 ---
Pixel 130, 106, 1, 1, 4.80374e+19
=== 2906564 ===
--- pALPIDEfs_3 ---
Pixel 714, 22, 1, 1, 4.80374e+19
Pixel 715, 22, 1, 1, 4.80374e+19
=== 2908917 ===
--- pALPIDEfs_4 ---
Pixel 919, 412, 1, 1, 4.80374e+19
Pixel 920, 411, 1, 1, 4.80374e+19
Pixel 920, 412, 1, 1, 4.80374e+19
=== 2918626 ===
--- pALPIDEfs_2 ---
Pixel 681, 74, 1, 1, 4.80374e+19
Pixel 681, 75, 1, 1, 4.80374e+19
Pixel 681, 76, 1, 1, 4.80374e+19
=== 2923577 ===
--- pALPIDEfs_0 ---
Pixel 531, 16, 1, 1, 4.80374e+19
--- pALPIDEfs_1 ---
Pixel 202, 204, 1, 1, 4.80374e+19
Pixel 202, 205, 1, 1, 4.80374e+19
=== 2931272 ===
--- pALPIDEfs_6 ---
Pixel 259, 253, 1, 1, 4.80374e+19
Pixel 260, 253, 1, 1, 4.80374e+19
=== 2944580 ===
--- pALPIDEfs_2 ---
Pixel 684, 202, 1, 1, 4.80374e+19
Pixel 685, 202, 1, 1, 4.80374e+19
Pixel 685, 203, 1, 1, 4.80374e+19
Pixel 684, 203, 1, 1, 4.80374e+19
=== 2950037 ===
--- pALPIDEfs_0 ---
Pixel 427, 258, 1, 1, 4.80374e+19
Pixel 428, 258, 1, 1, 4.80374e+19
=== 2959858 ===
--- pALPIDEfs_5 ---
Pixel 799, 246, 1, 1, 4.80374e+19
Pixel 799, 247, 1, 1, 4.80374e+19
Pixel 800, 246, 1, 1, 4.80374e+19
Pixel 800, 247, 1, 1, 4.80374e+19
=== 2962587 ===
--- pALPIDEfs_5 ---
Pixel 629, 485, 1, 1, 4.80374e+19
Pixel 629, 486, 1, 1, 4.80374e+19
Pixel 629, 487, 1, 1, 4.80374e+19
Pixel 630, 485, 1, 1, 4.80374e+19
Pixel 630, 486, 1, 1, 4.80374e+19
Pixel 630, 487, 1, 1, 4.80374e+19
=== 2965189 ===
--- pALPIDEfs_3 ---
Pixel 557, 180, 1, 1, 4.80374e+19
=== 2985660 ===
--- pALPIDEfs_2 ---
Pixel 970, 472, 1, 1, 4.80374e+19
Pixel 970, 473, 1, 1, 4.80374e+19
--- pALPIDEfs_3 ---
Pixel 1004, 134, 1, 1, 4.80374e+19
=== 2992342 ===
--- pALPIDEfs_3 ---
Pixel 96, 444, 1, 1, 4.80374e+19
Pixel 97, 445, 1, 1, 4.80374e+19
Pixel 96, 445, 1, 1, 4.80374e+19
Pixel 96, 446, 1, 1, 4.80374e+19
Pixel 97, 446, 1, 1, 4.80374e+19
Pixel 97, 447, 1, 1, 4.80374e+19
Pixel 96, 447, 1, 1, 4.80374e+19
=== 2993307 ===
--- pALPIDEfs_2 ---
Pixel 766, 367, 1, 1, 4.80374e+19
--- pALPIDEfs_3 ---
Pixel 668, 352, 1, 1, 4.80374e+19
Pixel 669, 352, 1, 1, 4.80374e+19
--- pALPIDEfs_4 ---
Pixel 642, 302, 1, 1, 4.80374e+19
--- pALPIDEfs_5 ---
Pixel 69, 167, 1, 1, 4.80374e+19
Pixel 68, 167, 1, 1, 4.80374e+19
Pixel 68, 168, 1, 1, 4.80374e+19
Pixel 69, 168, 1, 1, 4.80374e+19
=== 2996785 ===
--- pALPIDEfs_4 ---
Pixel 27, 390, 1, 1, 4.80374e+19
Pixel 28, 390, 1, 1, 4.80374e+19
Pixel 28, 391, 1, 1, 4.80374e+19
--- pALPIDEfs_5 ---
Pixel 252, 273, 1, 1, 4.80374e+19
Pixel 252, 274, 1, 1, 4.80374e+19
=== 3003295 ===
--- pALPIDEfs_0 ---
Pixel 445, 400, 1, 1, 4.80374e+19
Pixel 446, 400, 1, 1, 4.80374e+19
=== 3007581 ===
--- pALPIDEfs_0 ---
Pixel 140, 118, 1, 1, 4.80374e+19
=== 3020529 ===
--- pALPIDEfs_0 ---
Pixel 206, 282, 1, 1, 4.80374e+19
Pixel 206, 283, 1, 1, 4.80374e+19
=== 3028894 ===
--- pALPIDEfs_6 ---
Pixel 467, 271, 1, 1, 4.80374e+19
Pixel 467, 272, 1, 1, 4.80374e+19
Pixel 468, 271, 1, 1, 4.80374e+19
Pixel 468, 272, 1, 1, 4.80374e+19
Pixel 469, 272, 1, 1, 4.80374e+19
Pixel 469, 273, 1, 1, 4.80374e+19
=== 3034488 ===
--- pALPIDEfs_0 ---
Pixel 19, 319, 1, 1, 4.80374e+19
Pixel 18, 319, 1, 1, 4.80374e+19
--- pALPIDEfs_1 ---
Pixel 332, 30, 1, 1, 4.80374e+19
=== 3037287 ===
--- pALPIDEfs_5 ---
Pixel 487, 80, 1, 1, 4.80374e+19
Pixel 489, 79, 1, 1, 4.80374e+19
Pixel 488, 79, 1, 1, 4.80374e+19
Pixel 488, 80, 1, 1, 4.80374e+19
Pixel 489, 80, 1, 1, 4.80374e+19
Pixel 488, 81, 1, 1, 4.80374e+19
=== 3059103 ===
--- pALPIDEfs_5 ---
Pixel 717, 230, 1, 1, 4.80374e+19
Pixel 718, 230, 1, 1, 4.80374e+19
=== 3060738 ===
--- pALPIDEfs_0 ---
Pixel 173, 115, 1, 1, 4.80374e+19
Pixel 172, 115, 1, 1, 4.80374e+19
--- pALPIDEfs_1 ---
Pixel 151, 336, 1, 1, 4.80374e+19
--- pALPIDEfs_2 ---
Pixel 155, 456, 1, 1, 4.80374e+19
Pixel 155, 457, 1, 1, 4.80374e+19
Pixel 156, 457, 1, 1, 4.80374e+19
=== 3080466 ===
--- pALPIDEfs_4 ---
Pixel 676, 228, 1, 1, 4.80374e+19
Pixel 677, 228, 1, 1, 4.80374e+19
Pixel 677, 229, 1, 1, 4.80374e+19
Pixel 678, 229, 1, 1, 4.80374e+19
=== 3105614 ===
--- pALPIDEfs_6 ---
Pixel 1009, 486, 1, 1, 4.80374e+19
Pixel 1009, 487, 1, 1, 4.80374e+19
Pixel 1008, 487, 1, 1, 4.80374e+19
Pixel 1008, 488, 1, 1, 4.80374e+19
Pixel 1009, 488, 1, 1, 4.80374e+19
=== 3122642 ===
--- pALPIDEfs_3 ---
Pixel 985, 84, 1, 1, 4.80374e+19
Pixel 985, 85, 1, 1, 4.80374e+19
Pixel 986, 84, 1, 1, 4.80374e+19
=== 3129994 ===
--- pALPIDEfs_1 ---
Pixel 885, 151, 1, 1, 4.80374e+19
Pixel 885, 152, 1, 1, 4.80374e+19
=== 3136836 ===
--- pALPIDEfs_3 ---
Pixel 557, 180, 1, 1, 4.80374e+19
=== 3137720 ===
--- pALPIDEfs_1 ---
Pixel 1003, 43, 1, 1, 4.80374e+19
Pixel 1003, 44, 1, 1, 4.80374e+19
Pixel 1004, 42, 1, 1, 4.80374e+19
Pixel 1004, 43, 1, 1, 4.80374e+19
Pixel 1004, 44, 1, 1, 4.80374e+19
=== 3161652 ===
--- pALPIDEfs_1 ---
Pixel 688, 450, 1, 1, 4.80374e+19
Pixel 689, 450, 1, 1, 4.80374e+19
Pixel 689, 451, 1, 1, 4.80374e+19
Pixel 688, 451, 1, 1, 4.80374e+19
=== 3164582 ===
--- pALPIDEfs_6 ---
Pixel 783, 7, 1, 1, 4.80374e+19
Pixel 782, 7, 1, 1, 4.80374e+19
=== 3164679 ===
--- pALPIDEfs_0 ---
Pixel 252, 125, 1, 1, 4.80374e+19
=== 3170621 ===
--- pALPIDEfs_1 ---
Pixel 753, 179, 1, 1, 4.80374e+19
Pixel 753, 180, 1, 1, 4.80374e+19
=== 3180596 ===
--- pALPIDEfs_0 ---
Pixel 129, 148, 1, 1, 4.80374e+19
Pixel 130, 148, 1, 1, 4.80374e+19
--- pALPIDEfs_1 ---
Pixel 142, 166, 1, 1, 4.80374e+19
Pixel 143, 166, 1, 1, 4.80374e+19
--- pALPIDEfs_2 ---
Pixel 211, 181, 1, 1, 4.80374e+19
Pixel 210, 181, 1, 1, 4.80374e+19
--- pALPIDEfs_3 ---
Pixel 245, 215, 1, 1, 4.80374e+19
Pixel 245, 216, 1, 1, 4.80374e+19
--- pALPIDEfs_4 ---
Pixel 162, 176, 1, 1, 4.80374e+19
=== 3196794 ===
--- pALPIDEfs_1 ---
Pixel 970, 132, 1, 1, 4.80374e+19
Pixel 971, 132, 1, 1, 4.80374e+19
Pixel 971, 133, 1, 1, 4.80374e+19
Pixel 970, 133, 1, 1, 4.80374e+19
=== 3201814 ===
--- pALPIDEfs_0 ---
Pixel 63, 141, 1, 1, 4.80374e+19
--- pALPIDEfs_1 ---
Pixel 181, 474, 1, 1, 4.80374e+19
Pixel 181, 475, 1, 1, 4.80374e+19
=== 3219674 ===
--- pALPIDEfs_2 ---
Pixel 699, 473, 1, 1, 4.80374e+19
Pixel 698, 474, 1, 1, 4.80374e+19
Pixel 699, 474, 1, 1, 4.80374e+19
Pixel 699, 475, 1, 1, 4.80374e+19
Pixel 698, 475, 1, 1, 4.80374e+19
Pixel 700, 470, 1, 1, 4.80374e+19
Pixel 701, 470, 1, 1, 4.80374e+19
Pixel 701, 471, 1, 1, 4.80374e+19
Pixel 700, 471, 1, 1, 4.80374e+19
Pixel 700, 472, 1, 1, 4.80374e+19
Pixel 701, 472, 1, 1, 4.80374e+19
Pixel 701, 473, 1, 1, 4.80374e+19
Pixel 700, 473, 1, 1, 4.80374e+19
Pixel 700, 474, 1, 1, 4.80374e+19
=== 3220470 ===
--- pALPIDEfs_3 ---
Pixel 557, 180, 1, 1, 4.80374e+19
=== 3223641 ===
--- pALPIDEfs_1 ---
Pixel 287, 314, 1, 1, 4.80374e+19
Pixel 287, 315, 1, 1, 4.80374e+19
Pixel 288, 315, 1, 1, 4.80374e+19
=== 3230496 ===
--- pALPIDEfs_6 ---
Pixel 193, 32, 1, 1, 4.80374e+19
Pixel 194, 32, 1, 1, 4.80374e+19
=== 3232125 ===
--- pALPIDEfs_0 ---
Pixel 816, 174, 1, 1, 4.80374e+19
Pixel 817, 174, 1, 1, 4.80374e+19
Pixel 817, 175, 1, 1, 4.80374e+19
Pixel 816, 175, 1, 1, 4.80374e+19
Pixel 818, 174, 1, 1, 4.80374e+19
Pixel 819, 174, 1, 1, 4.80374e+19
Pixel 819, 175, 1, 1, 4.80374e+19
Pixel 818, 175, 1, 1, 4.80374e+19
=== 3251084 ===
--- pALPIDEfs_0 ---
Pixel 738, 226, 1, 1, 4.80374e+19
--- pALPIDEfs_1 ---
Pixel 332, 80, 1, 1, 4.80374e+19
Pixel 333, 80, 1, 1, 4.80374e+19
=== 3257934 ===
--- pALPIDEfs_2 ---
Pixel 683, 75, 1, 1, 4.80374e+19
Pixel 682, 75, 1, 1, 4.80374e+19
Pixel 682, 76, 1, 1, 4.80374e+19
Pixel 683, 76, 1, 1, 4.80374e+19
=== 3260748 ===
--- pALPIDEfs_6 ---
Pixel 664, 76, 1, 1, 4.80374e+19
Pixel 665, 77, 1, 1, 4.80374e+19
Pixel 664, 77, 1, 1, 4.80374e+19
=== 3264590 ===
--- pALPIDEfs_6 ---
Pixel 87, 213, 1, 1, 4.80374e+19
Pixel 86, 213, 1, 1, 4.80374e+19
Pixel 86, 214, 1, 1, 4.80374e+19
Pixel 87, 214, 1, 1, 4.80374e+19
=== 3267082 ===
--- pALPIDEfs_3 ---
Pixel 557, 180, 1, 1, 4.80374e+19
=== 3268586 ===
--- pALPIDEfs_3 ---
Pixel 863, 158, 1, 1, 4.80374e+19
Pixel 863, 159, 1, 1, 4.80374e+19
=== 3277565 ===
--- pALPIDEfs_4 ---
Pixel 357, 179, 1, 1, 4.80374e+19
Pixel 357, 180, 1, 1, 4.80374e+19
Pixel 359, 179, 1, 1, 4.80374e+19
Pixel 358, 179, 1, 1, 4.80374e+19
Pixel 358, 180, 1, 1, 4.80374e+19
=== 3279223 ===
--- pALPIDEfs_3 ---
Pixel 557, 180, 1, 1, 4.80374e+19
=== 3283377 ===
--- pALPIDEfs_6 ---
Pixel 153, 325, 1, 1, 4.80374e+19
Pixel 152, 326, 1, 1, 4.80374e+19
Pixel 153, 326, 1, 1, 4.80374e+19
Pixel 153, 327, 1, 1, 4.80374e+19
Pixel 152, 327, 1, 1, 4.80374e+19
Pixel 152, 328, 1, 1, 4.80374e+19
Pixel 155, 324, 1, 1, 4.80374e+19
Pixel 155, 325, 1, 1, 4.80374e+19
Pixel 154, 325, 1, 1, 4.80374e+19
Pixel 154, 326, 1, 1, 4.80374e+19
Pixel 156, 324, 1, 1, 4.80374e+19
=== 3289785 ===
--- pALPIDEfs_2 ---
Pixel 873, 87, 1, 1, 4.80374e+19
Pixel 873, 88, 1, 1, 4.80374e+19
Pixel 874, 87, 1, 1, 4.80374e+19
Pixel 874, 88, 1, 1, 4.80374e+19
=== 3296735 ===
--- pALPIDEfs_3 ---
Pixel 13, 305, 1, 1, 4.80374e+19
Pixel 14, 305, 1, 1, 4.80374e+19
--- pALPIDEfs_4 ---
Pixel 689, 418, 1, 1, 4.80374e+19
Pixel 690, 418, 1, 1, 4.80374e+19
=== 3299137 ===
--- pALPIDEfs_3 ---
Pixel 265, 300, 1, 1, 4.80374e+19
Pixel 266, 300, 1, 1, 4.80374e+19
Pixel 266, 301, 1, 1, 4.80374e+19
=== 3307690 ===
--- pALPIDEfs_6 ---
Pixel 931, 267, 1, 1, 4.80374e+19
Pixel 931, 268, 1, 1, 4.80374e+19
Pixel 933, 267, 1, 1, 4.80374e+19
Pixel 932, 267, 1, 1, 4.80374e+19
Pixel 932, 268, 1, 1, 4.80374e+19
Pixel 933, 268, 1, 1, 4.80374e+19
Pixel 934, 267, 1, 1, 4.80374e+19
Pixel 934, 268, 1, 1, 4.80374e+19
=== 3309503 ===
--- pALPIDEfs_5 ---
Pixel 469, 34, 1, 1, 4.80374e+19
Pixel 470, 34, 1, 1, 4.80374e+19
Pixel 470, 35, 1, 1, 4.80374e+19
=== 3318316 ===
--- pALPIDEfs_1 ---
Pixel 417, 284, 1, 1, 4.80374e+19
=== 3332367 ===
--- pALPIDEfs_4 ---
Pixel 634, 323, 1, 1, 4.80374e+19
--- pALPIDEfs_5 ---
Pixel 941, 350, 1, 1, 4.80374e+19
Pixel 941, 351, 1, 1, 4.80374e+19
=== 3335139 ===
--- pALPIDEfs_4 ---
Pixel 376, 488, 1, 1, 4.80374e+19
Pixel 377, 488, 1, 1, 4.80374e+19
Pixel 377, 489, 1, 1, 4.80374e+19
Pixel 376, 489, 1, 1, 4.80374e+19
--- pALPIDEfs_5 ---
Pixel 147, 473, 1, 1, 4.80374e+19
Pixel 147, 474, 1, 1, 4.80374e+19
=== 3335488 ===
--- pALPIDEfs_2 ---
Pixel 989, 413, 1, 1, 4.80374e+19
Pixel 988, 413, 1, 1, 4.80374e+19
--- pALPIDEfs_3 ---
Pixel 119, 15, 1, 1, 4.80374e+19
Pixel 119, 16, 1, 1, 4.80374e+19
Pixel 121, 10, 1, 1, 4.80374e+19
Pixel 121, 11, 1, 1, 4.80374e+19
Pixel 121, 12, 1, 1, 4.80374e+19
Pixel 121, 13, 1, 1, 4.80374e+19
Pixel 120, 13, 1, 1, 4.80374e+19
Pixel 120, 14, 1, 1, 4.80374e+19
Pixel 121, 14, 1, 1, 4.80374e+19
Pixel 121, 15, 1, 1, 4.80374e+19
Pixel 120, 15, 1, 1, 4.80374e+19
Pixel 120, 16, 1, 1, 4.80374e+19
Pixel 121, 16, 1, 1, 4.80374e+19
Pixel 122, 10, 1, 1, 4.80374e+19
Pixel 122, 11, 1, 1, 4.80374e+19
=== 3348699 ===
--- pALPIDEfs_3 ---
Pixel 266, 258, 1, 1, 4.80374e+19
Pixel 266, 259, 1, 1, 4.80374e+19
=== 3351148 ===
--- pALPIDEfs_1 ---
Pixel 768, 233, 1, 1, 4.80374e+19
Pixel 768, 234, 1, 1, 4.80374e+19
Pixel 769, 234, 1, 1, 4.80374e+19
Pixel 769, 235, 1, 1, 4.80374e+19
Pixel 768, 235, 1, 1, 4.80374e+19
--- pALPIDEfs_2 ---
Pixel 1014, 350, 1, 1, 4.80374e+19
Pixel 1015, 351, 1, 1, 4.80374e+19
Pixel 1014, 351, 1, 1, 4.80374e+19
=== 3360414 ===
--- pALPIDEfs_5 ---
Pixel 827, 154, 1, 1, 4.80374e+19
Pixel 827, 155, 1, 1, 4.80374e+19
Pixel 827, 156, 1, 1, 4.80374e+19
Pixel 828, 154, 1, 1, 4.80374e+19
Pixel 828, 155, 1, 1, 4.80374e+19
Pixel 828, 156, 1, 1, 4.80374e+19
=== 3372678 ===
--- pALPIDEfs_1 ---
Pixel 867, 195, 1, 1, 4.80374e+19
Pixel 867, 196, 1, 1, 4.80374e+19
Pixel 868, 195, 1, 1, 4.80374e+19
--- pALPIDEfs_2 ---
Pixel 822, 368, 1, 1, 4.80374e+19
Pixel 822, 369, 1, 1, 4.80374e+19
=== 3421018 ===
--- pALPIDEfs_2 ---
Pixel 907, 324, 1, 1, 4.80374e+19
Pixel 907, 325, 1, 1, 4.80374e+19
Pixel 906, 325, 1, 1, 4.80374e+19
=== 3428148 ===
--- pALPIDEfs_3 ---
Pixel 557, 180, 1, 1, 4.80374e+19
=== 3443157 ===
--- pALPIDEfs_4 ---
Pixel 487, 107, 1, 1, 4.80374e+19
Pixel 487, 108, 1, 1, 4.80374e+19
Pixel 488, 108, 1, 1, 4.80374e+19
Pixel 489, 108, 1, 1, 4.80374e+19
Pixel 490, 108, 1, 1, 4.80374e+19
=== 3454531 ===
--- pALPIDEfs_4 ---
Pixel 253, 504, 1, 1, 4.80374e+19
Pixel 253, 505, 1, 1, 4.80374e+19
=== 3459429 ===
--- pALPIDEfs_3 ---
Pixel 496, 82, 1, 1, 4.80374e+19
Pixel 497, 82, 1, 1, 4.80374e+19
Pixel 497, 83, 1, 1, 4.80374e+19
Pixel 496, 83, 1, 1, 4.80374e+19
=== 3463097 ===
--- pALPIDEfs_5 ---
Pixel 741, 229, 1, 1, 4.80374e+19
=== 3465201 ===
--- pALPIDEfs_1 ---
Pixel 905, 394, 1, 1, 4.80374e+19
Pixel 905, 395, 1, 1, 4.80374e+19
Pixel 905, 396, 1, 1, 4.80374e+19
Pixel 905, 397, 1, 1, 4.80374e+19
Pixel 906, 394, 1, 1, 4.80374e+19
Pixel 906, 395, 1, 1, 4.80374e+19
Pixel 906, 396, 1, 1, 4.80374e+19
Pixel 906, 397, 1, 1, 4.80374e+19
Pixel 906, 398, 1, 1, 4.80374e+19
=== 3471667 ===
--- pALPIDEfs_1 ---
Pixel 3, 102, 1, 1, 4.80374e+19
Pixel 3, 103, 1, 1, 4.80374e+19
--- pALPIDEfs_2 ---
Pixel 105, 115, 1, 1, 4.80374e+19
=== 3471668 ===
--- pALPIDEfs_2 ---
Pixel 105, 115, 1, 1, 4.80374e+19
=== 3474121 ===
--- pALPIDEfs_3 ---
Pixel 88, 80, 1, 1, 4.80374e+19
=== 3475381 ===
--- pALPIDEfs_6 ---
Pixel 926, 62, 1, 1, 4.80374e+19
Pixel 927, 63, 1, 1, 4.80374e+19
Pixel 926, 63, 1, 1, 4.80374e+19
Pixel 926, 64, 1, 1, 4.80374e+19
Pixel 927, 64, 1, 1, 4.80374e+19
Pixel 928, 64, 1, 1, 4.80374e+19
Pixel 928, 65, 1, 1, 4.80374e+19
=== 3483851 ===
--- pALPIDEfs_3 ---
Pixel 557, 180, 1, 1, 4.80374e+19
=== 3496505 ===
--- pALPIDEfs_6 ---
Pixel 109, 37, 1, 1, 4.80374e+19
Pixel 108, 38, 1, 1, 4.80374e+19
Pixel 109, 38, 1, 1, 4.80374e+19
Pixel 109, 39, 1, 1, 4.80374e+19
Pixel 108, 39, 1, 1, 4.80374e+19
=== 3497968 ===
--- pALPIDEfs_3 ---
Pixel 58, 11, 1, 1, 4.80374e+19
=== 3499385 ===
--- pALPIDEfs_3 ---
Pixel 557, 180, 1, 1, 4.80374e+19
=== 3538356 ===
--- pALPIDEfs_4 ---
Pixel 525, 370, 1, 1, 4.80374e+19
=== 3541389 ===
--- pALPIDEfs_5 ---
Pixel 853, 233, 1, 1, 4.80374e+19
Pixel 854, 233, 1, 1, 4.80374e+19
=== 3545635 ===
--- pALPIDEfs_3 ---
Pixel 557, 180, 1, 1, 4.80374e+19
=== 3552235 ===
--- pALPIDEfs_1 ---
Pixel 745, 27, 1, 1, 4.80374e+19
Pixel 745, 28, 1, 1, 4.80374e+19
=== 3557847 ===
--- pALPIDEfs_3 ---
Pixel 557, 180, 1, 1, 4.80374e+19
=== 3584213 ===
--- pALPIDEfs_0 ---
Pixel 696, 169, 1, 1, 4.80374e+19
--- pALPIDEfs_1 ---
Pixel 21, 493, 1, 1, 4.80374e+19
Pixel 20, 493, 1, 1, 4.80374e+19
Pixel 20, 494, 1, 1, 4.80374e+19
Pixel 21, 494, 1, 1, 4.80374e+19
=== 3604317 ===
--- pALPIDEfs_4 ---
Pixel 468, 92, 1, 1, 4.80374e+19
Pixel 469, 93, 1, 1, 4.80374e+19
Pixel 468, 93, 1, 1, 4.80374e+19
Pixel 468, 94, 1, 1, 4.80374e+19
Pixel 722, 6, 1, 1, 4.80374e+19
Pixel 722, 7, 1, 1, 4.80374e+19
=== 3627342 ===
--- pALPIDEfs_0 ---
Pixel 365, 456, 1, 1, 4.80374e+19
=== 3638661 ===
--- pALPIDEfs_1 ---
Pixel 395, 272, 1, 1, 4.80374e+19
Pixel 395, 273, 1, 1, 4.80374e+19
=== 3645754 ===
--- pALPIDEfs_3 ---
Pixel 736, 174, 1, 1, 4.80374e+19
Pixel 736, 175, 1, 1, 4.80374e+19
=== 3645755 ===
--- pALPIDEfs_3 ---
Pixel 736, 174, 1, 1, 4.80374e+19
=== 3651105 ===
--- pALPIDEfs_0 ---
Pixel 635, 82, 1, 1, 4.80374e+19
--- pALPIDEfs_1 ---
Pixel 37, 107, 1, 1, 4.80374e+19
Pixel 38, 106, 1, 1, 4.80374e+19
Pixel 39, 106, 1, 1, 4.80374e+19
Pixel 38, 107, 1, 1, 4.80374e+19
Pixel 40, 106, 1, 1, 4.80374e+19
=== 3653136 ===
--- pALPIDEfs_0 ---
Pixel 807, 69, 1, 1, 4.80374e+19
Pixel 807, 70, 1, 1, 4.80374e+19
Pixel 808, 68, 1, 1, 4.80374e+19
Pixel 809, 68, 1, 1, 4.80374e+19
Pixel 809, 69, 1, 1, 4.80374e+19
Pixel 808, 69, 1, 1, 4.80374e+19
Pixel 808, 70, 1, 1, 4.80374e+19
=== 3661100 ===
--- pALPIDEfs_6 ---
Pixel 690, 306, 1, 1, 4.80374e+19
Pixel 691, 306, 1, 1, 4.80374e+19
Pixel 691, 307, 1, 1, 4.80374e+19
Pixel 690, 307, 1, 1, 4.80374e+19
Pixel 690, 308, 1, 1, 4.80374e+19
Pixel 691, 308, 1, 1, 4.80374e+19
=== 3666152 ===
--- pALPIDEfs_2 ---
Pixel 728, 186, 1, 1, 4.80374e+19
Pixel 729, 186, 1, 1, 4.80374e+19
=== 3676780 ===
--- pALPIDEfs_1 ---
Pixel 925, 224, 1, 1, 4.80374e+19
=== 3686336 ===
--- pALPIDEfs_2 ---
Pixel 199, 445, 1, 1, 4.80374e+19
Pixel 199, 446, 1, 1, 4.80374e+19
Pixel 358, 284, 1, 1, 4.80374e+19
Pixel 359, 284, 1, 1, 4.80374e+19
=== 3692269 ===
--- pALPIDEfs_1 ---
Pixel 156, 232, 1, 1, 4.80374e+19
Pixel 157, 232, 1, 1, 4.80374e+19
=== 3707054 ===
--- pALPIDEfs_0 ---
Pixel 538, 106, 1, 1, 4.80374e+19
Pixel 538, 107, 1, 1, 4.80374e+19
--- pALPIDEfs_1 ---
Pixel 619, 54, 1, 1, 4.80374e+19
Pixel 620, 54, 1, 1, 4.80374e+19
Pixel 620, 55, 1, 1, 4.80374e+19
=== 3730313 ===
--- pALPIDEfs_2 ---
Pixel 380, 376, 1, 1, 4.80374e+19
Pixel 381, 377, 1, 1, 4.80374e+19
Pixel 380, 377, 1, 1, 4.80374e+19
Pixel 380, 378, 1, 1, 4.80374e+19
Pixel 381, 378, 1, 1, 4.80374e+19
Pixel 381, 379, 1, 1, 4.80374e+19
Pixel 380, 379, 1, 1, 4.80374e+19
Pixel 380, 380, 1, 1, 4.80374e+19
Pixel 381, 380, 1, 1, 4.80374e+19
Pixel 381, 381, 1, 1, 4.80374e+19
Pixel 380, 381, 1, 1, 4.80374e+19
Pixel 381, 382, 1, 1, 4.80374e+19
=== 3733090 ===
--- pALPIDEfs_4 ---
Pixel 659, 110, 1, 1, 4.80374e+19
=== 3734214 ===
--- pALPIDEfs_3 ---
Pixel 557, 180, 1, 1, 4.80374e+19
=== 3750635 ===
--- pALPIDEfs_1 ---
Pixel 708, 117, 1, 1, 4.80374e+19
Pixel 708, 118, 1, 1, 4.80374e+19
--- pALPIDEfs_2 ---
Pixel 995, 495, 1, 1, 4.80374e+19
Pixel 994, 495, 1, 1, 4.80374e+19
Pixel 994, 496, 1, 1, 4.80374e+19
Pixel 995, 496, 1, 1, 4.80374e+19
=== 3755156 ===
--- pALPIDEfs_1 ---
Pixel 465, 19, 1, 1, 4.80374e+19
Pixel 464, 19, 1, 1, 4.80374e+19
Pixel 464, 20, 1, 1, 4.80374e+19
Pixel 465, 20, 1, 1, 4.80374e+19
=== 3755157 ===
--- pALPIDEfs_1 ---
Pixel 464, 19, 1, 1, 4.80374e+19
Pixel 464, 20, 1, 1, 4.80374e+19
Pixel 465, 20, 1, 1, 4.80374e+19
=== 3756081 ===
--- pALPIDEfs_1 ---
Pixel 20, 120, 1, 1, 4.80374e+19
Pixel 20, 121, 1, 1, 4.80374e+19
Pixel 20, 122, 1, 1, 4.80374e+19
Pixel 21, 123, 1, 1, 4.80374e+19
=== 3775594 ===
--- pALPIDEfs_3 ---
Pixel 555, 390, 1, 1, 4.80374e+19
Pixel 555, 391, 1, 1, 4.80374e+19
--- pALPIDEfs_4 ---
Pixel 609, 25, 1, 1, 4.80374e+19
Pixel 609, 26, 1, 1, 4.80374e+19
=== 3783884 ===
--- pALPIDEfs_0 ---
Pixel 291, 90, 1, 1, 4.80374e+19
Pixel 292, 90, 1, 1, 4.80374e+19
--- pALPIDEfs_2 ---
Pixel 45, 126, 1, 1, 4.80374e+19
=== 3794705 ===
--- pALPIDEfs_2 ---
Pixel 513, 63, 1, 1, 4.80374e+19
Pixel 513, 64, 1, 1, 4.80374e+19
Pixel 515, 63, 1, 1, 4.80374e+19
Pixel 514, 63, 1, 1, 4.80374e+19
Pixel 514, 64, 1, 1, 4.80374e+19
=== 3797937 ===
--- pALPIDEfs_1 ---
Pixel 659, 257, 1, 1, 4.80374e+19
Pixel 659, 258, 1, 1, 4.80374e+19
Pixel 660, 257, 1, 1, 4.80374e+19
Pixel 660, 258, 1, 1, 4.80374e+19
=== 3805004 ===
--- pALPIDEfs_6 ---
Pixel 807, 187, 1, 1, 4.80374e+19
Pixel 807, 188, 1, 1, 4.80374e+19
Pixel 808, 187, 1, 1, 4.80374e+19
Pixel 808, 188, 1, 1, 4.80374e+19
=== 3808784 ===
--- pALPIDEfs_2 ---
Pixel 183, 166, 1, 1, 4.80374e+19
Pixel 183, 167, 1, 1, 4.80374e+19
--- pALPIDEfs_3 ---
Pixel 822, 496, 1, 1, 4.80374e+19
=== 3821218 ===
--- pALPIDEfs_3 ---
Pixel 957, 469, 1, 1, 4.80374e+19
=== 3823869 ===
--- pALPIDEfs_5 ---
Pixel 889, 494, 1, 1, 4.80374e+19
Pixel 889, 495, 1, 1, 4.80374e+19
Pixel 890, 494, 1, 1, 4.80374e+19
Pixel 890, 495, 1, 1, 4.80374e+19
=== 3838681 ===
--- pALPIDEfs_1 ---
Pixel 741, 297, 1, 1, 4.80374e+19
=== 3839949 ===
--- pALPIDEfs_3 ---
Pixel 283, 19, 1, 1, 4.80374e+19
Pixel 283, 20, 1, 1, 4.80374e+19
Pixel 284, 19, 1, 1, 4.80374e+19
Pixel 284, 20, 1, 1, 4.80374e+19
=== 3843273 ===
--- pALPIDEfs_1 ---
Pixel 615, 98, 1, 1, 4.80374e+19
Pixel 615, 99, 1, 1, 4.80374e+19
Pixel 616, 98, 1, 1, 4.80374e+19
Pixel 616, 99, 1, 1, 4.80374e+19
=== 3857912 ===
--- pALPIDEfs_6 ---
Pixel 898, 300, 1, 1, 4.80374e+19
Pixel 899, 300, 1, 1, 4.80374e+19
Pixel 899, 301, 1, 1, 4.80374e+19
=== 3861153 ===
--- pALPIDEfs_3 ---
Pixel 632, 113, 1, 1, 4.80374e+19
Pixel 632, 114, 1, 1, 4.80374e+19
Pixel 633, 114, 1, 1, 4.80374e+19
Pixel 633, 115, 1, 1, 4.80374e+19
Pixel 634, 114, 1, 1, 4.80374e+19
Pixel 635, 115, 1, 1, 4.80374e+19
Pixel 634, 115, 1, 1, 4.80374e+19
=== 3863339 ===
--- pALPIDEfs_1 ---
Pixel 587, 241, 1, 1, 4.80374e+19
Pixel 586, 241, 1, 1, 4.80374e+19
Pixel 586, 242, 1, 1, 4.80374e+19
Pixel 587, 242, 1, 1, 4.80374e+19
Pixel 588, 240, 1, 1, 4.80374e+19
Pixel 589, 240, 1, 1, 4.80374e+19
Pixel 588, 241, 1, 1, 4.80374e+19
=== 3866967 ===
--- pALPIDEfs_3 ---
Pixel 557, 180, 1, 1, 4.80374e+19
=== 3878972 ===
--- pALPIDEfs_2 ---
Pixel 473, 201, 1, 1, 4.80374e+19
Pixel 472, 202, 1, 1, 4.80374e+19
Pixel 473, 202, 1, 1, 4.80374e+19
Pixel 473, 203, 1, 1, 4.80374e+19
=== 3879007 ===
--- pALPIDEfs_0 ---
Pixel 721, 425, 1, 1, 4.80374e+19
Pixel 720, 425, 1, 1, 4.80374e+19
Pixel 720, 426, 1, 1, 4.80374e+19
Pixel 721, 426, 1, 1, 4.80374e+19
=== 3884243 ===
--- pALPIDEfs_0 ---
Pixel 561, 299, 1, 1, 4.80374e+19
Pixel 560, 299, 1, 1, 4.80374e+19
=== 3908421 ===
--- pALPIDEfs_2 ---
Pixel 155, 125, 1, 1, 4.80374e+19
Pixel 156, 125, 1, 1, 4.80374e+19
--- pALPIDEfs_3 ---
Pixel 579, 35, 1, 1, 4.80374e+19
Pixel 579, 36, 1, 1, 4.80374e+19
Pixel 580, 35, 1, 1, 4.80374e+19
Pixel 580, 36, 1, 1, 4.80374e+19
=== 3908491 ===
--- pALPIDEfs_4 ---
Pixel 515, 189, 1, 1, 4.80374e+19
Pixel 516, 189, 1, 1, 4.80374e+19
=== 3910550 ===
--- pALPIDEfs_5 ---
Pixel 853, 225, 1, 1, 4.80374e+19
=== 3916136 ===
--- pALPIDEfs_0 ---
Pixel 539, 94, 1, 1, 4.80374e+19
Pixel 540, 94, 1, 1, 4.80374e+19
=== 3928675 ===
--- pALPIDEfs_1 ---
Pixel 417, 17, 1, 1, 4.80374e+19
Pixel 416, 17, 1, 1, 4.80374e+19
Pixel 416, 18, 1, 1, 4.80374e+19
Pixel 417, 18, 1, 1, 4.80374e+19
=== 3932657 ===
--- pALPIDEfs_4 ---
Pixel 69, 408, 1, 1, 4.80374e+19
Pixel 70, 408, 1, 1, 4.80374e+19
Pixel 70, 409, 1, 1, 4.80374e+19
=== 3960585 ===
--- pALPIDEfs_3 ---
Pixel 734, 258, 1, 1, 4.80374e+19
Pixel 735, 258, 1, 1, 4.80374e+19
Pixel 735, 259, 1, 1, 4.80374e+19
Pixel 734, 259, 1, 1, 4.80374e+19
--- pALPIDEfs_4 ---
Pixel 551, 32, 1, 1, 4.80374e+19
Pixel 551, 33, 1, 1, 4.80374e+19
Pixel 552, 32, 1, 1, 4.80374e+19
=== 3967707 ===
--- pALPIDEfs_4 ---
Pixel 701, 456, 1, 1, 4.80374e+19
=== 3968280 ===
--- pALPIDEfs_1 ---
Pixel 525, 230, 1, 1, 4.80374e+19
Pixel 526, 230, 1, 1, 4.80374e+19
=== 4007489 ===
--- pALPIDEfs_3 ---
Pixel 535, 305, 1, 1, 4.80374e+19
Pixel 535, 306, 1, 1, 4.80374e+19
Pixel 535, 307, 1, 1, 4.80374e+19
Pixel 536, 306, 1, 1, 4.80374e+19
Pixel 536, 307, 1, 1, 4.80374e+19
Pixel 536, 308, 1, 1, 4.80374e+19
Pixel 537, 308, 1, 1, 4.80374e+19
Pixel 537, 309, 1, 1, 4.80374e+19
=== 4032772 ===
--- pALPIDEfs_6 ---
Pixel 640, 412, 1, 1, 4.80374e+19
=== 4037312 ===
--- pALPIDEfs_2 ---
Pixel 39, 207, 1, 1, 4.80374e+19
Pixel 38, 207, 1, 1, 4.80374e+19
Pixel 38, 208, 1, 1, 4.80374e+19
Pixel 39, 208, 1, 1, 4.80374e+19
=== 4049160 ===
--- pALPIDEfs_2 ---
Pixel 421, 427, 1, 1, 4.80374e+19
Pixel 421, 428, 1, 1, 4.80374e+19
Pixel 422, 427, 1, 1, 4.80374e+19
Pixel 422, 428, 1, 1, 4.80374e+19
=== 4056455 ===
--- pALPIDEfs_3 ---
Pixel 557, 180, 1, 1, 4.80374e+19
=== 4082985 ===
--- pALPIDEfs_1 ---
Pixel 452, 273, 1, 1, 4.80374e+19
--- pALPIDEfs_2 ---
Pixel 374, 446, 1, 1, 4.80374e+19
=== 4086102 ===
--- pALPIDEfs_1 ---
Pixel 5, 35, 1, 1, 4.80374e+19
Pixel 6, 35, 1, 1, 4.80374e+19
Pixel 6, 36, 1, 1, 4.80374e+19
--- pALPIDEfs_2 ---
Pixel 505, 501, 1, 1, 4.80374e+19
Pixel 504, 501, 1, 1, 4.80374e+19
Pixel 504, 502, 1, 1, 4.80374e+19
Pixel 505, 502, 1, 1, 4.80374e+19
=== 4087729 ===
--- pALPIDEfs_2 ---
Pixel 141, 75, 1, 1, 4.80374e+19
Pixel 141, 76, 1, 1, 4.80374e+19
=== 4087730 ===
--- pALPIDEfs_2 ---
Pixel 141, 75, 1, 1, 4.80374e+19
Pixel 140, 75, 1, 1, 4.80374e+19
Pixel 141, 76, 1, 1, 4.80374e+19
=== 4093904 ===
--- pALPIDEfs_0 ---
Pixel 413, 267, 1, 1, 4.80374e+19
Pixel 412, 267, 1, 1, 4.80374e+19
Pixel 413, 268, 1, 1, 4.80374e+19
Pixel 414, 267, 1, 1, 4.80374e+19
=== 4104626 ===
--- pALPIDEfs_4 ---
Pixel 504, 463, 1, 1, 4.80374e+19
Pixel 504, 464, 1, 1, 4.80374e+19
--- pALPIDEfs_5 ---
Pixel 558, 262, 1, 1, 4.80374e+19
Pixel 559, 262, 1, 1, 4.80374e+19
Pixel 558, 263, 1, 1, 4.80374e+19
--- pALPIDEfs_6 ---
Pixel 667, 3, 1, 1, 4.80374e+19
Pixel 667, 4, 1, 1, 4.80374e+19
=== 4116054 ===
--- pALPIDEfs_1 ---
Pixel 807, 405, 1, 1, 4.80374e+19
Pixel 807, 406, 1, 1, 4.80374e+19
=== 4128841 ===
--- pALPIDEfs_6 ---
Pixel 855, 86, 1, 1, 4.80374e+19
Pixel 855, 87, 1, 1, 4.80374e+19
Pixel 856, 87, 1, 1, 4.80374e+19
=== 4155396 ===
--- pALPIDEfs_0 ---
Pixel 847, 100, 1, 1, 4.80374e+19
Pixel 847, 101, 1, 1, 4.80374e+19
Pixel 846, 101, 1, 1, 4.80374e+19
Pixel 846, 102, 1, 1, 4.80374e+19
=== 4170871 ===
--- pALPIDEfs_3 ---
Pixel 685, 460, 1, 1, 4.80374e+19
Pixel 685, 461, 1, 1, 4.80374e+19
Pixel 684, 461, 1, 1, 4.80374e+19
Pixel 684, 462, 1, 1, 4.80374e+19
Pixel 685, 462, 1, 1, 4.80374e+19
Pixel 686, 461, 1, 1, 4.80374e+19
Pixel 686, 462, 1, 1, 4.80374e+19
=== 4180126 ===
--- pALPIDEfs_6 ---
Pixel 471, 302, 1, 1, 4.80374e+19
Pixel 471, 303, 1, 1, 4.80374e+19
Pixel 472, 302, 1, 1, 4.80374e+19
Pixel 472, 303, 1, 1, 4.80374e+19
=== 4183943 ===
--- pALPIDEfs_3 ---
Pixel 557, 180, 1, 1, 4.80374e+19
=== 4184439 ===
--- pALPIDEfs_1 ---
Pixel 87, 388, 1, 1, 4.80374e+19
Pixel 88, 388, 1, 1, 4.80374e+19
=== 4187779 ===
--- pALPIDEfs_4 ---
Pixel 978, 324, 1, 1, 4.80374e+19
--- pALPIDEfs_5 ---
Pixel 660, 509, 1, 1, 4.80374e+19
=== 4188727 ===
--- pALPIDEfs_0 ---
Pixel 642, 313, 1, 1, 4.80374e+19
Pixel 642, 314, 1, 1, 4.80374e+19
Pixel 643, 314, 1, 1, 4.80374e+19
Pixel 643, 315, 1, 1, 4.80374e+19
--- pALPIDEfs_1 ---
Pixel 299, 183, 1, 1, 4.80374e+19
Pixel 299, 184, 1, 1, 4.80374e+19
=== 4209422 ===
--- pALPIDEfs_4 ---
Pixel 357, 159, 1, 1, 4.80374e+19
Pixel 358, 159, 1, 1, 4.80374e+19
Pixel 358, 160, 1, 1, 4.80374e+19
=== 4235637 ===
--- pALPIDEfs_1 ---
Pixel 415, 432, 1, 1, 4.80374e+19
Pixel 415, 433, 1, 1, 4.80374e+19
Pixel 416, 432, 1, 1, 4.80374e+19
Pixel 416, 433, 1, 1, 4.80374e+19
=== 4249256 ===
--- pALPIDEfs_0 ---
Pixel 423, 111, 1, 1, 4.80374e+19
=== 4264165 ===
--- pALPIDEfs_5 ---
Pixel 207, 389, 1, 1, 4.80374e+19
Pixel 206, 389, 1, 1, 4.80374e+19
Pixel 206, 390, 1, 1, 4.80374e+19
Pixel 207, 390, 1, 1, 4.80374e+19
=== 4267089 ===
--- pALPIDEfs_0 ---
Pixel 61, 456, 1, 1, 4.80374e+19
Pixel 61, 457, 1, 1, 4.80374e+19
Pixel 62, 457, 1, 1, 4.80374e+19
Pixel 62, 458, 1, 1, 4.80374e+19
=== 4289367 ===
--- pALPIDEfs_3 ---
Pixel 557, 180, 1, 1, 4.80374e+19
=== 4297253 ===
--- pALPIDEfs_2 ---
Pixel 595, 172, 1, 1, 4.80374e+19
Pixel 597, 171, 1, 1, 4.80374e+19
Pixel 596, 171, 1, 1, 4.80374e+19
Pixel 596, 172, 1, 1, 4.80374e+19
Pixel 597, 172, 1, 1, 4.80374e+19
=== 4308686 ===
--- pALPIDEfs_0 ---
Pixel 521, 430, 1, 1, 4.80374e+19
Pixel 521, 431, 1, 1, 4.80374e+19
=== 4319055 ===
--- pALPIDEfs_2 ---
Pixel 538, 106, 1, 1, 4.80374e+19
Pixel 538, 107, 1, 1, 4.80374e+19
Pixel 538, 108, 1, 1, 4.80374e+19
=== 4325593 ===
--- pALPIDEfs_1 ---
Pixel 354, 167, 1, 1, 4.80374e+19
Pixel 354, 168, 1, 1, 4.80374e+19
=== 4335497 ===
--- pALPIDEfs_3 ---
Pixel 557, 180, 1, 1, 4.80374e+19
=== 4338638 ===
--- pALPIDEfs_5 ---
Pixel 284, 160, 1, 1, 4.80374e+19
Pixel 285, 160, 1, 1, 4.80374e+19
Pixel 285, 161, 1, 1, 4.80374e+19
Pixel 284, 161, 1, 1, 4.80374e+19
=== 4339300 ===
--- pALPIDEfs_6 ---
Pixel 1013, 128, 1, 1, 4.80374e+19
Pixel 1014, 128, 1, 1, 4.80374e+19
=== 4359499 ===
--- pALPIDEfs_3 ---
Pixel 557, 180, 1, 1, 4.80374e+19
=== 4368986 ===
--- pALPIDEfs_5 ---
Pixel 5, 301, 1, 1, 4.80374e+19
Pixel 5, 302, 1, 1, 4.80374e+19
Pixel 7, 301, 1, 1, 4.80374e+19
Pixel 6, 301, 1, 1, 4.80374e+19
Pixel 6, 302, 1, 1, 4.80374e+19
Pixel 7, 302, 1, 1, 4.80374e+19
=== 4377360 ===
--- pALPIDEfs_4 ---
Pixel 615, 422, 1, 1, 4.80374e+19
Pixel 615, 423, 1, 1, 4.80374e+19
Pixel 616, 423, 1, 1, 4.80374e+19
=== 4380829 ===
--- pALPIDEfs_2 ---
Pixel 795, 469, 1, 1, 4.80374e+19
Pixel 795, 470, 1, 1, 4.80374e+19
=== 4415805 ===
--- pALPIDEfs_5 ---
Pixel 179, 231, 1, 1, 4.80374e+19
Pixel 178, 232, 1, 1, 4.80374e+19
Pixel 179, 232, 1, 1, 4.80374e+19
--- pALPIDEfs_6 ---
Pixel 583, 41, 1, 1, 4.80374e+19
=== 4420419 ===
--- pALPIDEfs_5 ---
Pixel 396, 148, 1, 1, 4.80374e+19
Pixel 397, 148, 1, 1, 4.80374e+19
Pixel 397, 149, 1, 1, 4.80374e+19
Pixel 396, 149, 1, 1, 4.80374e+19
--- pALPIDEfs_6 ---
Pixel 107, 339, 1, 1, 4.80374e+19
Pixel 108, 339, 1, 1, 4.80374e+19
=== 4427736 ===
--- pALPIDEfs_0 ---
Pixel 63, 147, 1, 1, 4.80374e+19
Pixel 65, 147, 1, 1, 4.80374e+19
Pixel 64, 147, 1, 1, 4.80374e+19
Pixel 64, 148, 1, 1, 4.80374e+19
Pixel 65, 148, 1, 1, 4.80374e+19
Pixel 66, 147, 1, 1, 4.80374e+19
Pixel 66, 148, 1, 1, 4.80374e+19
=== 4436744 ===
--- pALPIDEfs_6 ---
Pixel 281, 367, 1, 1, 4.80374e+19
Pixel 280, 367, 1, 1, 4.80374e+19
=== 4441893 ===
--- pALPIDEfs_0 ---
Pixel 659, 7, 1, 1, 4.80374e+19
Pixel 659, 8, 1, 1, 4.80374e+19
=== 4455551 ===
--- pALPIDEfs_4 ---
Pixel 925, 154, 1, 1, 4.80374e+19
Pixel 926, 154, 1, 1, 4.80374e+19
=== 4456572 ===
--- pALPIDEfs_1 ---
Pixel 753, 270, 1, 1, 4.80374e+19
Pixel 753, 271, 1, 1, 4.80374e+19
=== 4460736 ===
--- pALPIDEfs_4 ---
Pixel 388, 498, 1, 1, 4.80374e+19
=== 4470645 ===
--- pALPIDEfs_3 ---
Pixel 557, 180, 1, 1, 4.80374e+19
=== 4476182 ===
--- pALPIDEfs_2 ---
Pixel 248, 200, 1, 1, 4.80374e+19
=== 4478741 ===
--- pALPIDEfs_0 ---
Pixel 1004, 50, 1, 1, 4.80374e+19
Pixel 1005, 50, 1, 1, 4.80374e+19
Pixel 1005, 51, 1, 1, 4.80374e+19
Pixel 1004, 51, 1, 1, 4.80374e+19
Pixel 1004, 52, 1, 1, 4.80374e+19
Pixel 1005, 52, 1, 1, 4.80374e+19
Pixel 1005, 53, 1, 1, 4.80374e+19
Pixel 1004, 53, 1, 1, 4.80374e+19
=== 4481263 ===
--- pALPIDEfs_0 ---
Pixel 548, 95, 1, 1, 4.80374e+19
Pixel 548, 96, 1, 1, 4.80374e+19
=== 4486236 ===
--- pALPIDEfs_4 ---
Pixel 153, 24, 1, 1, 4.80374e+19
Pixel 153, 25, 1, 1, 4.80374e+19
Pixel 154, 24, 1, 1, 4.80374e+19
Pixel 154, 25, 1, 1, 4.80374e+19
=== 4497820 ===
--- pALPIDEfs_0 ---
Pixel 598, 355, 1, 1, 4.80374e+19
Pixel 598, 356, 1, 1, 4.80374e+19
Pixel 599, 356, 1, 1, 4.80374e+19
--- pALPIDEfs_1 ---
Pixel 612, 152, 1, 1, 4.80374e+19
=== 4498467 ===
--- pALPIDEfs_1 ---
Pixel 911, 243, 1, 1, 4.80374e+19
Pixel 911, 244, 1, 1, 4.80374e+19
Pixel 912, 243, 1, 1, 4.80374e+19
Pixel 912, 244, 1, 1, 4.80374e+19
=== 4529528 ===
--- pALPIDEfs_3 ---
Pixel 456, 418, 1, 1, 4.80374e+19
Pixel 456, 419, 1, 1, 4.80374e+19
=== 4540396 ===
--- pALPIDEfs_3 ---
Pixel 557, 180, 1, 1, 4.80374e+19
=== 4550169 ===
--- pALPIDEfs_0 ---
Pixel 957, 196, 1, 1, 4.80374e+19
Pixel 957, 197, 1, 1, 4.80374e+19
Pixel 957, 198, 1, 1, 4.80374e+19
Pixel 958, 194, 1, 1, 4.80374e+19
Pixel 958, 195, 1, 1, 4.80374e+19
Pixel 958, 196, 1, 1, 4.80374e+19
Pixel 958, 197, 1, 1, 4.80374e+19
=== 4552207 ===
--- pALPIDEfs_5 ---
Pixel 601, 50, 1, 1, 4.80374e+19
Pixel 602, 49, 1, 1, 4.80374e+19
Pixel 602, 50, 1, 1, 4.80374e+19
=== 4564231 ===
--- pALPIDEfs_1 ---
Pixel 274, 296, 1, 1, 4.80374e+19
Pixel 275, 296, 1, 1, 4.80374e+19
=== 4564493 ===
--- pALPIDEfs_2 ---
Pixel 746, 476, 1, 1, 4.80374e+19
Pixel 746, 477, 1, 1, 4.80374e+19
--- pALPIDEfs_3 ---
Pixel 533, 379, 1, 1, 4.80374e+19
--- pALPIDEfs_4 ---
Pixel 343, 268, 1, 1, 4.80374e+19
--- pALPIDEfs_5 ---
Pixel 125, 204, 1, 1, 4.80374e+19
Pixel 125, 205, 1, 1, 4.80374e+19
=== 4592724 ===
--- pALPIDEfs_6 ---
Pixel 318, 72, 1, 1, 4.80374e+19
Pixel 319, 72, 1, 1, 4.80374e+19
Pixel 319, 73, 1, 1, 4.80374e+19
Pixel 319, 74, 1, 1, 4.80374e+19
Pixel 319, 75, 1, 1, 4.80374e+19
Pixel 319, 76, 1, 1, 4.80374e+19
Pixel 319, 77, 1, 1, 4.80374e+19
Pixel 320, 75, 1, 1, 4.80374e+19
Pixel 320, 76, 1, 1, 4.80374e+19
Pixel 320, 77, 1, 1, 4.80374e+19
Pixel 321, 78, 1, 1, 4.80374e+19
Pixel 322, 78, 1, 1, 4.80374e+19
Pixel 323, 79, 1, 1, 4.80374e+19
Pixel 322, 79, 1, 1, 4.80374e+19
Pixel 322, 80, 1, 1, 4.80374e+19
Pixel 323, 80, 1, 1, 4.80374e+19
=== 4599757 ===
--- pALPIDEfs_3 ---
Pixel 59, 358, 1, 1, 4.80374e+19
Pixel 59, 359, 1, 1, 4.80374e+19
Pixel 60, 358, 1, 1, 4.80374e+19
Pixel 60, 359, 1, 1, 4.80374e+19
Pixel 60, 360, 1, 1, 4.80374e+19
Pixel 61, 360, 1, 1, 4.80374e+19
Pixel 61, 361, 1, 1, 4.80374e+19
--- pALPIDEfs_4 ---
Pixel 529, 482, 1, 1, 4.80374e+19
Pixel 530, 482, 1, 1, 4.80374e+19
Pixel 530, 483, 1, 1, 4.80374e+19
=== 4604270 ===
--- pALPIDEfs_3 ---
Pixel 395, 299, 1, 1, 4.80374e+19
=== 4614318 ===
--- pALPIDEfs_0 ---
Pixel 809, 86, 1, 1, 4.80374e+19
Pixel 809, 87, 1, 1, 4.80374e+19
Pixel 811, 83, 1, 1, 4.80374e+19
Pixel 810, 84, 1, 1, 4.80374e+19
Pixel 811, 84, 1, 1, 4.80374e+19
Pixel 810, 85, 1, 1, 4.80374e+19
Pixel 810, 86, 1, 1, 4.80374e+19
=== 4652939 ===
--- pALPIDEfs_1 ---
Pixel 92, 471, 1, 1, 4.80374e+19
Pixel 92, 472, 1, 1, 4.80374e+19
=== 4669471 ===
--- pALPIDEfs_4 ---
Pixel 779, 11, 1, 1, 4.80374e+19
Pixel 779, 12, 1, 1, 4.80374e+19
Pixel 781, 11, 1, 1, 4.80374e+19
Pixel 780, 11, 1, 1, 4.80374e+19
Pixel 780, 12, 1, 1, 4.80374e+19
Pixel 781, 12, 1, 1, 4.80374e+19
--- pALPIDEfs_5 ---
Pixel 745, 4, 1, 1, 4.80374e+19
Pixel 746, 4, 1, 1, 4.80374e+19
=== 4682275 ===
--- pALPIDEfs_6 ---
Pixel 382, 434, 1, 1, 4.80374e+19
Pixel 382, 435, 1, 1, 4.80374e+19
=== 4690402 ===
--- pALPIDEfs_3 ---
Pixel 574, 96, 1, 1, 4.80374e+19
Pixel 575, 96, 1, 1, 4.80374e+19
Pixel 575, 97, 1, 1, 4.80374e+19
Pixel 574, 97, 1, 1, 4.80374e+19
=== 4696406 ===
--- pALPIDEfs_3 ---
Pixel 557, 180, 1, 1, 4.80374e+19
=== 4732093 ===
--- pALPIDEfs_1 ---
Pixel 647, 424, 1, 1, 4.80374e+19
Pixel 647, 425, 1, 1, 4.80374e+19
Pixel 648, 424, 1, 1, 4.80374e+19
Pixel 648, 425, 1, 1, 4.80374e+19
=== 4732825 ===
--- pALPIDEfs_1 ---
Pixel 599, 200, 1, 1, 4.80374e+19
=== 4737502 ===
--- pALPIDEfs_5 ---
Pixel 775, 225, 1, 1, 4.80374e+19
Pixel 774, 226, 1, 1, 4.80374e+19
Pixel 775, 226, 1, 1, 4.80374e+19
=== 4741559 ===
--- pALPIDEfs_0 ---
Pixel 437, 411, 1, 1, 4.80374e+19
Pixel 436, 411, 1, 1, 4.80374e+19
=== 4752421 ===
--- pALPIDEfs_0 ---
Pixel 693, 16, 1, 1, 4.80374e+19
--- pALPIDEfs_1 ---
Pixel 248, 141, 1, 1, 4.80374e+19
=== 4755905 ===
--- pALPIDEfs_0 ---
Pixel 797, 356, 1, 1, 4.80374e+19
Pixel 798, 356, 1, 1, 4.80374e+19
=== 4759958 ===
--- pALPIDEfs_6 ---
Pixel 964, 213, 1, 1, 4.80374e+19
Pixel 964, 214, 1, 1, 4.80374e+19
=== 4762568 ===
--- pALPIDEfs_1 ---
Pixel 686, 331, 1, 1, 4.80374e+19
=== 4764849 ===
--- pALPIDEfs_1 ---
Pixel 943, 229, 1, 1, 4.80374e+19
Pixel 943, 230, 1, 1, 4.80374e+19
Pixel 944, 229, 1, 1, 4.80374e+19
Pixel 944, 230, 1, 1, 4.80374e+19
--- pALPIDEfs_2 ---
Pixel 117, 497, 1, 1, 4.80374e+19
Pixel 117, 498, 1, 1, 4.80374e+19
Pixel 118, 497, 1, 1, 4.80374e+19
=== 4770843 ===
--- pALPIDEfs_4 ---
Pixel 45, 60, 1, 1, 4.80374e+19
Pixel 45, 61, 1, 1, 4.80374e+19
Pixel 46, 59, 1, 1, 4.80374e+19
Pixel 46, 60, 1, 1, 4.80374e+19
=== 4778581 ===
--- pALPIDEfs_3 ---
Pixel 525, 131, 1, 1, 4.80374e+19
Pixel 525, 132, 1, 1, 4.80374e+19
Pixel 525, 133, 1, 1, 4.80374e+19
Pixel 526, 131, 1, 1, 4.80374e+19
Pixel 526, 132, 1, 1, 4.80374e+19
Pixel 527, 133, 1, 1, 4.80374e+19
Pixel 526, 133, 1, 1, 4.80374e+19
Pixel 526, 134, 1, 1, 4.80374e+19
=== 4784003 ===
--- pALPIDEfs_2 ---
Pixel 965, 29, 1, 1, 4.80374e+19
=== 4790284 ===
--- pALPIDEfs_1 ---
Pixel 160, 218, 1, 1, 4.80374e+19
=== 4805993 ===
--- pALPIDEfs_2 ---
Pixel 457, 199, 1, 1, 4.80374e+19
Pixel 457, 200, 1, 1, 4.80374e+19
=== 4811279 ===
--- pALPIDEfs_3 ---
Pixel 557, 180, 1, 1, 4.80374e+19
=== 4811984 ===
--- pALPIDEfs_3 ---
Pixel 222, 324, 1, 1, 4.80374e+19
Pixel 223, 324, 1, 1, 4.80374e+19
Pixel 223, 325, 1, 1, 4.80374e+19
Pixel 222, 325, 1, 1, 4.80374e+19
--- pALPIDEfs_4 ---
Pixel 866, 254, 1, 1, 4.80374e+19
Pixel 866, 255, 1, 1, 4.80374e+19
=== 4826420 ===
--- pALPIDEfs_4 ---
Pixel 635, 405, 1, 1, 4.80374e+19
Pixel 635, 410, 1, 1, 4.80374e+19
Pixel 635, 411, 1, 1, 4.80374e+19
Pixel 636, 405, 1, 1, 4.80374e+19
Pixel 636, 406, 1, 1, 4.80374e+19
Pixel 636, 410, 1, 1, 4.80374e+19
=== 4849945 ===
--- pALPIDEfs_3 ---
Pixel 289, 48, 1, 1, 4.80374e+19
Pixel 289, 49, 1, 1, 4.80374e+19
Pixel 290, 46, 1, 1, 4.80374e+19
Pixel 291, 46, 1, 1, 4.80374e+19
Pixel 290, 47, 1, 1, 4.80374e+19
Pixel 290, 48, 1, 1, 4.80374e+19
=== 4858808 ===
--- pALPIDEfs_3 ---
Pixel 557, 180, 1, 1, 4.80374e+19
=== 4863063 ===
--- pALPIDEfs_4 ---
Pixel 391, 254, 1, 1, 4.80374e+19
Pixel 391, 255, 1, 1, 4.80374e+19
Pixel 392, 254, 1, 1, 4.80374e+19
Pixel 392, 255, 1, 1, 4.80374e+19
Pixel 392, 256, 1, 1, 4.80374e+19
=== 4884032 ===
--- pALPIDEfs_3 ---
Pixel 398, 162, 1, 1, 4.80374e+19
Pixel 399, 162, 1, 1, 4.80374e+19
--- pALPIDEfs_4 ---
Pixel 616, 371, 1, 1, 4.80374e+19
Pixel 616, 372, 1, 1, 4.80374e+19
=== 4917537 ===
--- pALPIDEfs_5 ---
Pixel 709, 125, 1, 1, 4.80374e+19
Pixel 709, 126, 1, 1, 4.80374e+19
Pixel 710, 122, 1, 1, 4.80374e+19
Pixel 711, 122, 1, 1, 4.80374e+19
Pixel 711, 123, 1, 1, 4.80374e+19
Pixel 710, 123, 1, 1, 4.80374e+19
Pixel 710, 124, 1, 1, 4.80374e+19
Pixel 711, 124, 1, 1, 4.80374e+19
Pixel 711, 125, 1, 1, 4.80374e+19
Pixel 710, 125, 1, 1, 4.80374e+19
Pixel 710, 126, 1, 1, 4.80374e+19
=== 4968185 ===
--- pALPIDEfs_3 ---
Pixel 557, 180, 1, 1, 4.80374e+19
=== 4968866 ===
--- pALPIDEfs_1 ---
Pixel 401, 223, 1, 1, 4.80374e+19
Pixel 400, 223, 1, 1, 4.80374e+19
Pixel 400, 224, 1, 1, 4.80374e+19
Pixel 401, 224, 1, 1, 4.80374e+19
=== 4973670 ===
--- pALPIDEfs_3 ---
Pixel 23, 268, 1, 1, 4.80374e+19
Pixel 23, 269, 1, 1, 4.80374e+19
Pixel 22, 269, 1, 1, 4.80374e+19
=== 4987314 ===
--- pALPIDEfs_3 ---
Pixel 557, 180, 1, 1, 4.80374e+19
=== 4988756 ===
--- pALPIDEfs_3 ---
Pixel 557, 180, 1, 1, 4.80374e+19
=== 5016174 ===
--- pALPIDEfs_1 ---
Pixel 447, 33, 1, 1, 4.80374e+19
Pixel 448, 32, 1, 1, 4.80374e+19
Pixel 448, 33, 1, 1, 4.80374e+19
