Run: Cosmics000407
=== 2 ===
--- pALPIDEfs_3 ---
Pixel 238, 320, 1, 1, 4.80374e+19
Pixel 238, 320, 1, 1, 4.80374e+19
=== 3 ===
--- pALPIDEfs_0 ---
Pixel 92, 0, 1, 1, 4.80374e+19
Pixel 93, 0, 1, 1, 4.80374e+19
Pixel 93, 1, 1, 1, 4.80374e+19
Pixel 92, 1, 1, 1, 4.80374e+19
Pixel 92, 2, 1, 1, 4.80374e+19
Pixel 93, 2, 1, 1, 4.80374e+19
Pixel 93, 3, 1, 1, 4.80374e+19
Pixel 92, 3, 1, 1, 4.80374e+19
Pixel 92, 4, 1, 1, 4.80374e+19
Pixel 93, 4, 1, 1, 4.80374e+19
Pixel 93, 5, 1, 1, 4.80374e+19
Pixel 92, 5, 1, 1, 4.80374e+19
Pixel 92, 6, 1, 1, 4.80374e+19
Pixel 93, 6, 1, 1, 4.80374e+19
Pixel 93, 7, 1, 1, 4.80374e+19
Pixel 92, 7, 1, 1, 4.80374e+19
Pixel 92, 8, 1, 1, 4.80374e+19
Pixel 93, 8, 1, 1, 4.80374e+19
Pixel 93, 9, 1, 1, 4.80374e+19
Pixel 92, 9, 1, 1, 4.80374e+19
Pixel 92, 10, 1, 1, 4.80374e+19
Pixel 93, 10, 1, 1, 4.80374e+19
Pixel 93, 11, 1, 1, 4.80374e+19
Pixel 92, 11, 1, 1, 4.80374e+19
Pixel 92, 12, 1, 1, 4.80374e+19
Pixel 93, 12, 1, 1, 4.80374e+19
Pixel 93, 13, 1, 1, 4.80374e+19
Pixel 92, 13, 1, 1, 4.80374e+19
Pixel 92, 14, 1, 1, 4.80374e+19
Pixel 93, 14, 1, 1, 4.80374e+19
Pixel 93, 15, 1, 1, 4.80374e+19
Pixel 92, 15, 1, 1, 4.80374e+19
Pixel 92, 16, 1, 1, 4.80374e+19
Pixel 93, 16, 1, 1, 4.80374e+19
Pixel 93, 17, 1, 1, 4.80374e+19
Pixel 92, 17, 1, 1, 4.80374e+19
Pixel 92, 18, 1, 1, 4.80374e+19
Pixel 93, 18, 1, 1, 4.80374e+19
Pixel 93, 19, 1, 1, 4.80374e+19
Pixel 92, 19, 1, 1, 4.80374e+19
Pixel 92, 20, 1, 1, 4.80374e+19
Pixel 93, 20, 1, 1, 4.80374e+19
Pixel 93, 21, 1, 1, 4.80374e+19
Pixel 92, 21, 1, 1, 4.80374e+19
Pixel 92, 22, 1, 1, 4.80374e+19
Pixel 93, 22, 1, 1, 4.80374e+19
Pixel 93, 23, 1, 1, 4.80374e+19
Pixel 92, 23, 1, 1, 4.80374e+19
Pixel 92, 24, 1, 1, 4.80374e+19
Pixel 93, 24, 1, 1, 4.80374e+19
Pixel 93, 25, 1, 1, 4.80374e+19
Pixel 92, 25, 1, 1, 4.80374e+19
Pixel 92, 26, 1, 1, 4.80374e+19
Pixel 93, 26, 1, 1, 4.80374e+19
Pixel 93, 27, 1, 1, 4.80374e+19
Pixel 92, 27, 1, 1, 4.80374e+19
Pixel 92, 28, 1, 1, 4.80374e+19
Pixel 93, 28, 1, 1, 4.80374e+19
Pixel 93, 29, 1, 1, 4.80374e+19
Pixel 92, 29, 1, 1, 4.80374e+19
Pixel 92, 30, 1, 1, 4.80374e+19
Pixel 93, 30, 1, 1, 4.80374e+19
Pixel 93, 31, 1, 1, 4.80374e+19
Pixel 92, 31, 1, 1, 4.80374e+19
Pixel 92, 32, 1, 1, 4.80374e+19
Pixel 93, 32, 1, 1, 4.80374e+19
Pixel 93, 33, 1, 1, 4.80374e+19
Pixel 92, 33, 1, 1, 4.80374e+19
Pixel 92, 34, 1, 1, 4.80374e+19
Pixel 93, 34, 1, 1, 4.80374e+19
Pixel 93, 35, 1, 1, 4.80374e+19
Pixel 92, 35, 1, 1, 4.80374e+19
Pixel 92, 36, 1, 1, 4.80374e+19
Pixel 93, 36, 1, 1, 4.80374e+19
Pixel 93, 37, 1, 1, 4.80374e+19
Pixel 92, 37, 1, 1, 4.80374e+19
Pixel 92, 38, 1, 1, 4.80374e+19
Pixel 93, 38, 1, 1, 4.80374e+19
Pixel 93, 39, 1, 1, 4.80374e+19
Pixel 92, 39, 1, 1, 4.80374e+19
Pixel 92, 40, 1, 1, 4.80374e+19
Pixel 93, 40, 1, 1, 4.80374e+19
Pixel 93, 41, 1, 1, 4.80374e+19
Pixel 92, 41, 1, 1, 4.80374e+19
Pixel 92, 42, 1, 1, 4.80374e+19
Pixel 93, 42, 1, 1, 4.80374e+19
Pixel 93, 43, 1, 1, 4.80374e+19
Pixel 92, 43, 1, 1, 4.80374e+19
Pixel 92, 44, 1, 1, 4.80374e+19
Pixel 93, 44, 1, 1, 4.80374e+19
Pixel 93, 45, 1, 1, 4.80374e+19
Pixel 92, 45, 1, 1, 4.80374e+19
Pixel 92, 46, 1, 1, 4.80374e+19
Pixel 93, 46, 1, 1, 4.80374e+19
Pixel 93, 47, 1, 1, 4.80374e+19
Pixel 92, 47, 1, 1, 4.80374e+19
Pixel 92, 48, 1, 1, 4.80374e+19
Pixel 93, 48, 1, 1, 4.80374e+19
Pixel 93, 49, 1, 1, 4.80374e+19
Pixel 92, 49, 1, 1, 4.80374e+19
Pixel 92, 50, 1, 1, 4.80374e+19
Pixel 93, 50, 1, 1, 4.80374e+19
Pixel 93, 51, 1, 1, 4.80374e+19
Pixel 92, 51, 1, 1, 4.80374e+19
Pixel 92, 52, 1, 1, 4.80374e+19
Pixel 93, 52, 1, 1, 4.80374e+19
Pixel 93, 53, 1, 1, 4.80374e+19
Pixel 92, 53, 1, 1, 4.80374e+19
Pixel 92, 54, 1, 1, 4.80374e+19
Pixel 93, 54, 1, 1, 4.80374e+19
Pixel 93, 55, 1, 1, 4.80374e+19
Pixel 92, 55, 1, 1, 4.80374e+19
Pixel 92, 56, 1, 1, 4.80374e+19
Pixel 93, 56, 1, 1, 4.80374e+19
Pixel 93, 57, 1, 1, 4.80374e+19
Pixel 92, 57, 1, 1, 4.80374e+19
Pixel 92, 58, 1, 1, 4.80374e+19
Pixel 93, 58, 1, 1, 4.80374e+19
Pixel 93, 59, 1, 1, 4.80374e+19
Pixel 92, 59, 1, 1, 4.80374e+19
Pixel 92, 60, 1, 1, 4.80374e+19
Pixel 93, 60, 1, 1, 4.80374e+19
Pixel 93, 61, 1, 1, 4.80374e+19
Pixel 92, 61, 1, 1, 4.80374e+19
Pixel 92, 62, 1, 1, 4.80374e+19
Pixel 93, 62, 1, 1, 4.80374e+19
Pixel 93, 63, 1, 1, 4.80374e+19
Pixel 92, 63, 1, 1, 4.80374e+19
Pixel 92, 64, 1, 1, 4.80374e+19
Pixel 93, 64, 1, 1, 4.80374e+19
Pixel 93, 65, 1, 1, 4.80374e+19
Pixel 92, 65, 1, 1, 4.80374e+19
Pixel 92, 66, 1, 1, 4.80374e+19
Pixel 93, 66, 1, 1, 4.80374e+19
Pixel 93, 67, 1, 1, 4.80374e+19
Pixel 92, 67, 1, 1, 4.80374e+19
Pixel 92, 68, 1, 1, 4.80374e+19
Pixel 93, 68, 1, 1, 4.80374e+19
Pixel 93, 69, 1, 1, 4.80374e+19
Pixel 92, 69, 1, 1, 4.80374e+19
Pixel 92, 70, 1, 1, 4.80374e+19
Pixel 93, 70, 1, 1, 4.80374e+19
Pixel 93, 71, 1, 1, 4.80374e+19
Pixel 92, 71, 1, 1, 4.80374e+19
Pixel 92, 72, 1, 1, 4.80374e+19
Pixel 93, 72, 1, 1, 4.80374e+19
Pixel 93, 73, 1, 1, 4.80374e+19
Pixel 92, 73, 1, 1, 4.80374e+19
Pixel 92, 74, 1, 1, 4.80374e+19
Pixel 93, 74, 1, 1, 4.80374e+19
Pixel 93, 75, 1, 1, 4.80374e+19
Pixel 92, 75, 1, 1, 4.80374e+19
Pixel 92, 76, 1, 1, 4.80374e+19
Pixel 93, 76, 1, 1, 4.80374e+19
Pixel 93, 77, 1, 1, 4.80374e+19
Pixel 92, 77, 1, 1, 4.80374e+19
Pixel 92, 78, 1, 1, 4.80374e+19
Pixel 93, 78, 1, 1, 4.80374e+19
Pixel 93, 79, 1, 1, 4.80374e+19
Pixel 92, 79, 1, 1, 4.80374e+19
Pixel 92, 80, 1, 1, 4.80374e+19
Pixel 93, 80, 1, 1, 4.80374e+19
Pixel 93, 81, 1, 1, 4.80374e+19
Pixel 92, 81, 1, 1, 4.80374e+19
Pixel 92, 82, 1, 1, 4.80374e+19
Pixel 93, 82, 1, 1, 4.80374e+19
Pixel 93, 83, 1, 1, 4.80374e+19
Pixel 92, 83, 1, 1, 4.80374e+19
Pixel 92, 84, 1, 1, 4.80374e+19
Pixel 93, 84, 1, 1, 4.80374e+19
Pixel 93, 85, 1, 1, 4.80374e+19
Pixel 92, 85, 1, 1, 4.80374e+19
Pixel 92, 86, 1, 1, 4.80374e+19
Pixel 93, 86, 1, 1, 4.80374e+19
Pixel 93, 87, 1, 1, 4.80374e+19
Pixel 92, 87, 1, 1, 4.80374e+19
Pixel 92, 88, 1, 1, 4.80374e+19
Pixel 93, 88, 1, 1, 4.80374e+19
Pixel 93, 89, 1, 1, 4.80374e+19
Pixel 92, 89, 1, 1, 4.80374e+19
Pixel 92, 90, 1, 1, 4.80374e+19
Pixel 93, 90, 1, 1, 4.80374e+19
Pixel 93, 91, 1, 1, 4.80374e+19
Pixel 92, 91, 1, 1, 4.80374e+19
Pixel 92, 92, 1, 1, 4.80374e+19
Pixel 93, 92, 1, 1, 4.80374e+19
Pixel 93, 93, 1, 1, 4.80374e+19
Pixel 92, 93, 1, 1, 4.80374e+19
Pixel 92, 94, 1, 1, 4.80374e+19
Pixel 93, 94, 1, 1, 4.80374e+19
Pixel 93, 95, 1, 1, 4.80374e+19
Pixel 92, 95, 1, 1, 4.80374e+19
Pixel 92, 96, 1, 1, 4.80374e+19
Pixel 93, 96, 1, 1, 4.80374e+19
Pixel 93, 97, 1, 1, 4.80374e+19
Pixel 92, 97, 1, 1, 4.80374e+19
Pixel 92, 98, 1, 1, 4.80374e+19
Pixel 93, 98, 1, 1, 4.80374e+19
Pixel 93, 99, 1, 1, 4.80374e+19
Pixel 92, 99, 1, 1, 4.80374e+19
Pixel 92, 100, 1, 1, 4.80374e+19
Pixel 93, 100, 1, 1, 4.80374e+19
Pixel 93, 101, 1, 1, 4.80374e+19
Pixel 92, 101, 1, 1, 4.80374e+19
Pixel 92, 102, 1, 1, 4.80374e+19
Pixel 93, 102, 1, 1, 4.80374e+19
Pixel 93, 103, 1, 1, 4.80374e+19
Pixel 92, 103, 1, 1, 4.80374e+19
Pixel 92, 104, 1, 1, 4.80374e+19
Pixel 93, 104, 1, 1, 4.80374e+19
Pixel 93, 105, 1, 1, 4.80374e+19
Pixel 92, 105, 1, 1, 4.80374e+19
Pixel 92, 106, 1, 1, 4.80374e+19
Pixel 93, 106, 1, 1, 4.80374e+19
Pixel 93, 107, 1, 1, 4.80374e+19
Pixel 92, 107, 1, 1, 4.80374e+19
Pixel 92, 108, 1, 1, 4.80374e+19
Pixel 93, 108, 1, 1, 4.80374e+19
Pixel 93, 109, 1, 1, 4.80374e+19
Pixel 92, 109, 1, 1, 4.80374e+19
Pixel 92, 110, 1, 1, 4.80374e+19
Pixel 93, 110, 1, 1, 4.80374e+19
Pixel 93, 111, 1, 1, 4.80374e+19
Pixel 92, 111, 1, 1, 4.80374e+19
Pixel 92, 112, 1, 1, 4.80374e+19
Pixel 93, 112, 1, 1, 4.80374e+19
Pixel 93, 113, 1, 1, 4.80374e+19
Pixel 92, 113, 1, 1, 4.80374e+19
Pixel 92, 114, 1, 1, 4.80374e+19
Pixel 93, 114, 1, 1, 4.80374e+19
Pixel 93, 115, 1, 1, 4.80374e+19
Pixel 92, 115, 1, 1, 4.80374e+19
Pixel 92, 116, 1, 1, 4.80374e+19
Pixel 93, 116, 1, 1, 4.80374e+19
Pixel 93, 117, 1, 1, 4.80374e+19
Pixel 92, 117, 1, 1, 4.80374e+19
Pixel 92, 118, 1, 1, 4.80374e+19
Pixel 93, 118, 1, 1, 4.80374e+19
Pixel 93, 119, 1, 1, 4.80374e+19
Pixel 92, 119, 1, 1, 4.80374e+19
Pixel 92, 120, 1, 1, 4.80374e+19
Pixel 93, 120, 1, 1, 4.80374e+19
Pixel 93, 121, 1, 1, 4.80374e+19
Pixel 92, 121, 1, 1, 4.80374e+19
Pixel 92, 122, 1, 1, 4.80374e+19
Pixel 93, 122, 1, 1, 4.80374e+19
Pixel 93, 123, 1, 1, 4.80374e+19
Pixel 92, 123, 1, 1, 4.80374e+19
Pixel 92, 124, 1, 1, 4.80374e+19
Pixel 93, 124, 1, 1, 4.80374e+19
Pixel 93, 125, 1, 1, 4.80374e+19
Pixel 92, 125, 1, 1, 4.80374e+19
Pixel 92, 126, 1, 1, 4.80374e+19
Pixel 93, 126, 1, 1, 4.80374e+19
Pixel 93, 127, 1, 1, 4.80374e+19
Pixel 92, 127, 1, 1, 4.80374e+19
Pixel 92, 128, 1, 1, 4.80374e+19
Pixel 93, 128, 1, 1, 4.80374e+19
Pixel 93, 129, 1, 1, 4.80374e+19
Pixel 92, 129, 1, 1, 4.80374e+19
Pixel 92, 130, 1, 1, 4.80374e+19
Pixel 93, 130, 1, 1, 4.80374e+19
Pixel 93, 131, 1, 1, 4.80374e+19
Pixel 92, 131, 1, 1, 4.80374e+19
Pixel 92, 132, 1, 1, 4.80374e+19
Pixel 93, 132, 1, 1, 4.80374e+19
Pixel 93, 133, 1, 1, 4.80374e+19
Pixel 92, 133, 1, 1, 4.80374e+19
Pixel 92, 134, 1, 1, 4.80374e+19
Pixel 93, 134, 1, 1, 4.80374e+19
Pixel 93, 135, 1, 1, 4.80374e+19
Pixel 92, 135, 1, 1, 4.80374e+19
Pixel 92, 136, 1, 1, 4.80374e+19
Pixel 93, 136, 1, 1, 4.80374e+19
Pixel 93, 137, 1, 1, 4.80374e+19
Pixel 92, 137, 1, 1, 4.80374e+19
Pixel 92, 138, 1, 1, 4.80374e+19
Pixel 93, 138, 1, 1, 4.80374e+19
Pixel 93, 139, 1, 1, 4.80374e+19
Pixel 92, 139, 1, 1, 4.80374e+19
Pixel 92, 140, 1, 1, 4.80374e+19
Pixel 93, 140, 1, 1, 4.80374e+19
Pixel 93, 141, 1, 1, 4.80374e+19
Pixel 92, 141, 1, 1, 4.80374e+19
Pixel 92, 142, 1, 1, 4.80374e+19
Pixel 93, 142, 1, 1, 4.80374e+19
Pixel 93, 143, 1, 1, 4.80374e+19
Pixel 92, 143, 1, 1, 4.80374e+19
Pixel 92, 144, 1, 1, 4.80374e+19
Pixel 93, 144, 1, 1, 4.80374e+19
Pixel 93, 145, 1, 1, 4.80374e+19
Pixel 92, 145, 1, 1, 4.80374e+19
Pixel 92, 146, 1, 1, 4.80374e+19
Pixel 93, 146, 1, 1, 4.80374e+19
Pixel 93, 147, 1, 1, 4.80374e+19
Pixel 92, 147, 1, 1, 4.80374e+19
Pixel 92, 148, 1, 1, 4.80374e+19
Pixel 93, 148, 1, 1, 4.80374e+19
Pixel 93, 149, 1, 1, 4.80374e+19
Pixel 92, 149, 1, 1, 4.80374e+19
Pixel 92, 150, 1, 1, 4.80374e+19
Pixel 93, 150, 1, 1, 4.80374e+19
Pixel 93, 151, 1, 1, 4.80374e+19
Pixel 92, 151, 1, 1, 4.80374e+19
Pixel 92, 152, 1, 1, 4.80374e+19
Pixel 93, 152, 1, 1, 4.80374e+19
Pixel 93, 153, 1, 1, 4.80374e+19
Pixel 92, 153, 1, 1, 4.80374e+19
Pixel 92, 154, 1, 1, 4.80374e+19
Pixel 93, 154, 1, 1, 4.80374e+19
Pixel 93, 155, 1, 1, 4.80374e+19
Pixel 92, 155, 1, 1, 4.80374e+19
Pixel 92, 156, 1, 1, 4.80374e+19
Pixel 93, 156, 1, 1, 4.80374e+19
Pixel 93, 157, 1, 1, 4.80374e+19
Pixel 92, 157, 1, 1, 4.80374e+19
Pixel 92, 158, 1, 1, 4.80374e+19
Pixel 93, 158, 1, 1, 4.80374e+19
Pixel 93, 159, 1, 1, 4.80374e+19
Pixel 92, 159, 1, 1, 4.80374e+19
Pixel 92, 160, 1, 1, 4.80374e+19
Pixel 93, 160, 1, 1, 4.80374e+19
Pixel 93, 161, 1, 1, 4.80374e+19
Pixel 92, 161, 1, 1, 4.80374e+19
Pixel 92, 162, 1, 1, 4.80374e+19
Pixel 93, 162, 1, 1, 4.80374e+19
Pixel 93, 163, 1, 1, 4.80374e+19
Pixel 92, 163, 1, 1, 4.80374e+19
Pixel 92, 164, 1, 1, 4.80374e+19
Pixel 93, 164, 1, 1, 4.80374e+19
Pixel 93, 165, 1, 1, 4.80374e+19
Pixel 92, 165, 1, 1, 4.80374e+19
Pixel 92, 166, 1, 1, 4.80374e+19
Pixel 93, 166, 1, 1, 4.80374e+19
Pixel 93, 167, 1, 1, 4.80374e+19
Pixel 92, 167, 1, 1, 4.80374e+19
Pixel 92, 168, 1, 1, 4.80374e+19
Pixel 93, 168, 1, 1, 4.80374e+19
Pixel 93, 169, 1, 1, 4.80374e+19
Pixel 92, 169, 1, 1, 4.80374e+19
Pixel 92, 170, 1, 1, 4.80374e+19
Pixel 93, 170, 1, 1, 4.80374e+19
Pixel 93, 171, 1, 1, 4.80374e+19
Pixel 92, 171, 1, 1, 4.80374e+19
Pixel 92, 172, 1, 1, 4.80374e+19
Pixel 93, 172, 1, 1, 4.80374e+19
Pixel 93, 173, 1, 1, 4.80374e+19
Pixel 92, 173, 1, 1, 4.80374e+19
Pixel 92, 174, 1, 1, 4.80374e+19
Pixel 93, 174, 1, 1, 4.80374e+19
Pixel 93, 175, 1, 1, 4.80374e+19
Pixel 92, 175, 1, 1, 4.80374e+19
Pixel 92, 176, 1, 1, 4.80374e+19
Pixel 93, 176, 1, 1, 4.80374e+19
Pixel 93, 177, 1, 1, 4.80374e+19
Pixel 92, 177, 1, 1, 4.80374e+19
Pixel 92, 178, 1, 1, 4.80374e+19
Pixel 93, 178, 1, 1, 4.80374e+19
Pixel 93, 179, 1, 1, 4.80374e+19
Pixel 92, 179, 1, 1, 4.80374e+19
Pixel 92, 180, 1, 1, 4.80374e+19
Pixel 93, 180, 1, 1, 4.80374e+19
Pixel 93, 181, 1, 1, 4.80374e+19
Pixel 92, 181, 1, 1, 4.80374e+19
Pixel 92, 182, 1, 1, 4.80374e+19
Pixel 93, 182, 1, 1, 4.80374e+19
Pixel 93, 183, 1, 1, 4.80374e+19
Pixel 92, 183, 1, 1, 4.80374e+19
Pixel 92, 184, 1, 1, 4.80374e+19
Pixel 93, 184, 1, 1, 4.80374e+19
Pixel 93, 185, 1, 1, 4.80374e+19
Pixel 92, 185, 1, 1, 4.80374e+19
Pixel 92, 186, 1, 1, 4.80374e+19
Pixel 93, 186, 1, 1, 4.80374e+19
Pixel 93, 187, 1, 1, 4.80374e+19
Pixel 92, 187, 1, 1, 4.80374e+19
Pixel 92, 188, 1, 1, 4.80374e+19
Pixel 93, 188, 1, 1, 4.80374e+19
Pixel 93, 189, 1, 1, 4.80374e+19
Pixel 92, 189, 1, 1, 4.80374e+19
Pixel 92, 190, 1, 1, 4.80374e+19
Pixel 93, 190, 1, 1, 4.80374e+19
Pixel 93, 191, 1, 1, 4.80374e+19
Pixel 92, 191, 1, 1, 4.80374e+19
Pixel 92, 192, 1, 1, 4.80374e+19
Pixel 93, 192, 1, 1, 4.80374e+19
Pixel 93, 193, 1, 1, 4.80374e+19
Pixel 92, 193, 1, 1, 4.80374e+19
Pixel 92, 194, 1, 1, 4.80374e+19
Pixel 93, 194, 1, 1, 4.80374e+19
Pixel 93, 195, 1, 1, 4.80374e+19
Pixel 92, 195, 1, 1, 4.80374e+19
Pixel 92, 196, 1, 1, 4.80374e+19
Pixel 93, 196, 1, 1, 4.80374e+19
Pixel 93, 197, 1, 1, 4.80374e+19
Pixel 92, 197, 1, 1, 4.80374e+19
Pixel 92, 198, 1, 1, 4.80374e+19
Pixel 93, 198, 1, 1, 4.80374e+19
Pixel 93, 199, 1, 1, 4.80374e+19
Pixel 92, 199, 1, 1, 4.80374e+19
Pixel 92, 200, 1, 1, 4.80374e+19
Pixel 93, 200, 1, 1, 4.80374e+19
Pixel 93, 201, 1, 1, 4.80374e+19
Pixel 92, 201, 1, 1, 4.80374e+19
Pixel 92, 202, 1, 1, 4.80374e+19
Pixel 93, 202, 1, 1, 4.80374e+19
Pixel 93, 203, 1, 1, 4.80374e+19
Pixel 92, 203, 1, 1, 4.80374e+19
Pixel 92, 204, 1, 1, 4.80374e+19
Pixel 93, 204, 1, 1, 4.80374e+19
Pixel 93, 205, 1, 1, 4.80374e+19
Pixel 92, 205, 1, 1, 4.80374e+19
Pixel 92, 206, 1, 1, 4.80374e+19
Pixel 93, 206, 1, 1, 4.80374e+19
Pixel 93, 207, 1, 1, 4.80374e+19
Pixel 92, 207, 1, 1, 4.80374e+19
Pixel 92, 208, 1, 1, 4.80374e+19
Pixel 93, 208, 1, 1, 4.80374e+19
Pixel 93, 209, 1, 1, 4.80374e+19
Pixel 92, 209, 1, 1, 4.80374e+19
Pixel 92, 210, 1, 1, 4.80374e+19
Pixel 93, 210, 1, 1, 4.80374e+19
Pixel 93, 211, 1, 1, 4.80374e+19
Pixel 92, 211, 1, 1, 4.80374e+19
Pixel 92, 212, 1, 1, 4.80374e+19
Pixel 93, 212, 1, 1, 4.80374e+19
Pixel 93, 213, 1, 1, 4.80374e+19
Pixel 92, 213, 1, 1, 4.80374e+19
Pixel 92, 214, 1, 1, 4.80374e+19
Pixel 93, 214, 1, 1, 4.80374e+19
Pixel 93, 215, 1, 1, 4.80374e+19
Pixel 92, 215, 1, 1, 4.80374e+19
Pixel 92, 216, 1, 1, 4.80374e+19
Pixel 93, 216, 1, 1, 4.80374e+19
Pixel 93, 217, 1, 1, 4.80374e+19
Pixel 92, 217, 1, 1, 4.80374e+19
Pixel 92, 218, 1, 1, 4.80374e+19
Pixel 93, 218, 1, 1, 4.80374e+19
Pixel 93, 219, 1, 1, 4.80374e+19
Pixel 92, 219, 1, 1, 4.80374e+19
Pixel 92, 220, 1, 1, 4.80374e+19
Pixel 93, 220, 1, 1, 4.80374e+19
Pixel 93, 221, 1, 1, 4.80374e+19
Pixel 92, 221, 1, 1, 4.80374e+19
Pixel 92, 222, 1, 1, 4.80374e+19
Pixel 93, 222, 1, 1, 4.80374e+19
Pixel 93, 223, 1, 1, 4.80374e+19
Pixel 92, 223, 1, 1, 4.80374e+19
Pixel 92, 224, 1, 1, 4.80374e+19
Pixel 93, 224, 1, 1, 4.80374e+19
Pixel 93, 225, 1, 1, 4.80374e+19
Pixel 92, 225, 1, 1, 4.80374e+19
Pixel 92, 226, 1, 1, 4.80374e+19
Pixel 93, 226, 1, 1, 4.80374e+19
Pixel 93, 227, 1, 1, 4.80374e+19
Pixel 92, 227, 1, 1, 4.80374e+19
Pixel 92, 228, 1, 1, 4.80374e+19
Pixel 93, 228, 1, 1, 4.80374e+19
Pixel 93, 229, 1, 1, 4.80374e+19
Pixel 92, 229, 1, 1, 4.80374e+19
Pixel 92, 230, 1, 1, 4.80374e+19
Pixel 93, 230, 1, 1, 4.80374e+19
Pixel 93, 231, 1, 1, 4.80374e+19
Pixel 92, 231, 1, 1, 4.80374e+19
Pixel 92, 232, 1, 1, 4.80374e+19
Pixel 93, 232, 1, 1, 4.80374e+19
Pixel 93, 233, 1, 1, 4.80374e+19
Pixel 92, 233, 1, 1, 4.80374e+19
Pixel 92, 234, 1, 1, 4.80374e+19
Pixel 93, 234, 1, 1, 4.80374e+19
Pixel 93, 235, 1, 1, 4.80374e+19
Pixel 92, 235, 1, 1, 4.80374e+19
Pixel 92, 236, 1, 1, 4.80374e+19
Pixel 93, 236, 1, 1, 4.80374e+19
Pixel 93, 237, 1, 1, 4.80374e+19
Pixel 92, 237, 1, 1, 4.80374e+19
Pixel 92, 238, 1, 1, 4.80374e+19
Pixel 93, 238, 1, 1, 4.80374e+19
Pixel 93, 239, 1, 1, 4.80374e+19
Pixel 92, 239, 1, 1, 4.80374e+19
Pixel 92, 240, 1, 1, 4.80374e+19
Pixel 93, 240, 1, 1, 4.80374e+19
Pixel 93, 241, 1, 1, 4.80374e+19
Pixel 92, 241, 1, 1, 4.80374e+19
Pixel 92, 242, 1, 1, 4.80374e+19
Pixel 93, 242, 1, 1, 4.80374e+19
Pixel 93, 243, 1, 1, 4.80374e+19
Pixel 92, 243, 1, 1, 4.80374e+19
Pixel 92, 244, 1, 1, 4.80374e+19
Pixel 93, 244, 1, 1, 4.80374e+19
Pixel 93, 245, 1, 1, 4.80374e+19
Pixel 92, 245, 1, 1, 4.80374e+19
Pixel 92, 246, 1, 1, 4.80374e+19
Pixel 93, 246, 1, 1, 4.80374e+19
Pixel 93, 247, 1, 1, 4.80374e+19
Pixel 92, 247, 1, 1, 4.80374e+19
Pixel 92, 248, 1, 1, 4.80374e+19
Pixel 93, 248, 1, 1, 4.80374e+19
Pixel 93, 249, 1, 1, 4.80374e+19
Pixel 92, 249, 1, 1, 4.80374e+19
Pixel 92, 250, 1, 1, 4.80374e+19
Pixel 93, 250, 1, 1, 4.80374e+19
Pixel 93, 251, 1, 1, 4.80374e+19
Pixel 92, 251, 1, 1, 4.80374e+19
Pixel 92, 252, 1, 1, 4.80374e+19
Pixel 93, 252, 1, 1, 4.80374e+19
Pixel 93, 253, 1, 1, 4.80374e+19
Pixel 92, 253, 1, 1, 4.80374e+19
Pixel 92, 254, 1, 1, 4.80374e+19
Pixel 93, 254, 1, 1, 4.80374e+19
Pixel 93, 255, 1, 1, 4.80374e+19
Pixel 92, 255, 1, 1, 4.80374e+19
=== 6667 ===
--- pALPIDEfs_4 ---
Pixel 113, 86, 1, 1, 4.80374e+19
Pixel 113, 87, 1, 1, 4.80374e+19
Pixel 114, 86, 1, 1, 4.80374e+19
Pixel 114, 87, 1, 1, 4.80374e+19
=== 8075 ===
--- pALPIDEfs_0 ---
Pixel 239, 93, 1, 1, 4.80374e+19
Pixel 238, 93, 1, 1, 4.80374e+19
Pixel 238, 94, 1, 1, 4.80374e+19
Pixel 239, 94, 1, 1, 4.80374e+19
=== 11304 ===
--- pALPIDEfs_5 ---
Pixel 261, 62, 1, 1, 4.80374e+19
Pixel 261, 63, 1, 1, 4.80374e+19
Pixel 262, 63, 1, 1, 4.80374e+19
=== 11633 ===
--- pALPIDEfs_4 ---
Pixel 699, 408, 1, 1, 4.80374e+19
Pixel 699, 409, 1, 1, 4.80374e+19
Pixel 700, 408, 1, 1, 4.80374e+19
Pixel 700, 409, 1, 1, 4.80374e+19
Pixel 701, 411, 1, 1, 4.80374e+19
Pixel 702, 410, 1, 1, 4.80374e+19
Pixel 702, 411, 1, 1, 4.80374e+19
Pixel 702, 412, 1, 1, 4.80374e+19
Pixel 717, 486, 1, 1, 4.80374e+19
Pixel 717, 487, 1, 1, 4.80374e+19
Pixel 716, 487, 1, 1, 4.80374e+19
Pixel 716, 488, 1, 1, 4.80374e+19
Pixel 717, 488, 1, 1, 4.80374e+19
Pixel 716, 489, 1, 1, 4.80374e+19
--- pALPIDEfs_5 ---
Pixel 415, 324, 1, 1, 4.80374e+19
Pixel 415, 325, 1, 1, 4.80374e+19
=== 14350 ===
--- pALPIDEfs_0 ---
Pixel 598, 133, 1, 1, 4.80374e+19
Pixel 598, 134, 1, 1, 4.80374e+19
=== 79902 ===
--- pALPIDEfs_4 ---
Pixel 745, 233, 1, 1, 4.80374e+19
Pixel 745, 234, 1, 1, 4.80374e+19
Pixel 746, 233, 1, 1, 4.80374e+19
Pixel 746, 234, 1, 1, 4.80374e+19
--- pALPIDEfs_5 ---
Pixel 183, 476, 1, 1, 4.80374e+19
Pixel 183, 477, 1, 1, 4.80374e+19
Pixel 182, 477, 1, 1, 4.80374e+19
Pixel 183, 478, 1, 1, 4.80374e+19
Pixel 185, 475, 1, 1, 4.80374e+19
Pixel 184, 475, 1, 1, 4.80374e+19
Pixel 184, 476, 1, 1, 4.80374e+19
Pixel 185, 476, 1, 1, 4.80374e+19
Pixel 184, 477, 1, 1, 4.80374e+19
=== 81621 ===
--- pALPIDEfs_4 ---
Pixel 151, 283, 1, 1, 4.80374e+19
Pixel 150, 283, 1, 1, 4.80374e+19
=== 86774 ===
--- pALPIDEfs_0 ---
Pixel 860, 196, 1, 1, 4.80374e+19
Pixel 861, 196, 1, 1, 4.80374e+19
Pixel 861, 197, 1, 1, 4.80374e+19
Pixel 860, 197, 1, 1, 4.80374e+19
Pixel 861, 198, 1, 1, 4.80374e+19
Pixel 862, 196, 1, 1, 4.80374e+19
Pixel 862, 197, 1, 1, 4.80374e+19
Pixel 862, 198, 1, 1, 4.80374e+19
=== 100501 ===
--- pALPIDEfs_3 ---
Pixel 163, 80, 1, 1, 4.80374e+19
Pixel 164, 80, 1, 1, 4.80374e+19
=== 106145 ===
--- pALPIDEfs_4 ---
Pixel 111, 114, 1, 1, 4.80374e+19
Pixel 112, 114, 1, 1, 4.80374e+19
=== 110427 ===
--- pALPIDEfs_2 ---
Pixel 321, 233, 1, 1, 4.80374e+19
=== 120576 ===
--- pALPIDEfs_1 ---
Pixel 103, 34, 1, 1, 4.80374e+19
Pixel 103, 35, 1, 1, 4.80374e+19
Pixel 104, 34, 1, 1, 4.80374e+19
Pixel 105, 34, 1, 1, 4.80374e+19
Pixel 105, 35, 1, 1, 4.80374e+19
Pixel 104, 35, 1, 1, 4.80374e+19
=== 130914 ===
--- pALPIDEfs_4 ---
Pixel 961, 138, 1, 1, 4.80374e+19
Pixel 961, 139, 1, 1, 4.80374e+19
Pixel 960, 139, 1, 1, 4.80374e+19
Pixel 960, 140, 1, 1, 4.80374e+19
Pixel 961, 140, 1, 1, 4.80374e+19
=== 148309 ===
--- pALPIDEfs_2 ---
Pixel 991, 426, 1, 1, 4.80374e+19
Pixel 991, 427, 1, 1, 4.80374e+19
Pixel 991, 428, 1, 1, 4.80374e+19
Pixel 991, 429, 1, 1, 4.80374e+19
Pixel 991, 430, 1, 1, 4.80374e+19
Pixel 991, 431, 1, 1, 4.80374e+19
Pixel 992, 423, 1, 1, 4.80374e+19
Pixel 992, 424, 1, 1, 4.80374e+19
Pixel 992, 425, 1, 1, 4.80374e+19
Pixel 992, 426, 1, 1, 4.80374e+19
Pixel 992, 427, 1, 1, 4.80374e+19
Pixel 992, 428, 1, 1, 4.80374e+19
Pixel 992, 429, 1, 1, 4.80374e+19
Pixel 992, 430, 1, 1, 4.80374e+19
Pixel 992, 431, 1, 1, 4.80374e+19
--- pALPIDEfs_3 ---
Pixel 389, 142, 1, 1, 4.80374e+19
Pixel 389, 143, 1, 1, 4.80374e+19
Pixel 390, 143, 1, 1, 4.80374e+19
=== 159139 ===
--- pALPIDEfs_2 ---
Pixel 434, 192, 1, 1, 4.80374e+19
Pixel 435, 192, 1, 1, 4.80374e+19
=== 160164 ===
--- pALPIDEfs_0 ---
Pixel 395, 208, 1, 1, 4.80374e+19
Pixel 395, 209, 1, 1, 4.80374e+19
=== 163644 ===
--- pALPIDEfs_0 ---
Pixel 47, 399, 1, 1, 4.80374e+19
Pixel 47, 400, 1, 1, 4.80374e+19
Pixel 397, 191, 1, 1, 4.80374e+19
Pixel 396, 192, 1, 1, 4.80374e+19
Pixel 397, 192, 1, 1, 4.80374e+19
Pixel 398, 192, 1, 1, 4.80374e+19
=== 168416 ===
--- pALPIDEfs_3 ---
Pixel 936, 250, 1, 1, 4.80374e+19
Pixel 937, 250, 1, 1, 4.80374e+19
--- pALPIDEfs_4 ---
Pixel 517, 468, 1, 1, 4.80374e+19
Pixel 518, 468, 1, 1, 4.80374e+19
=== 191262 ===
--- pALPIDEfs_5 ---
Pixel 463, 69, 1, 1, 4.80374e+19
Pixel 463, 70, 1, 1, 4.80374e+19
Pixel 463, 71, 1, 1, 4.80374e+19
Pixel 463, 72, 1, 1, 4.80374e+19
Pixel 464, 69, 1, 1, 4.80374e+19
Pixel 464, 70, 1, 1, 4.80374e+19
Pixel 464, 71, 1, 1, 4.80374e+19
Pixel 464, 72, 1, 1, 4.80374e+19
=== 231275 ===
--- pALPIDEfs_5 ---
Pixel 695, 290, 1, 1, 4.80374e+19
Pixel 695, 291, 1, 1, 4.80374e+19
Pixel 697, 289, 1, 1, 4.80374e+19
Pixel 696, 289, 1, 1, 4.80374e+19
Pixel 696, 290, 1, 1, 4.80374e+19
Pixel 697, 290, 1, 1, 4.80374e+19
Pixel 697, 291, 1, 1, 4.80374e+19
Pixel 696, 291, 1, 1, 4.80374e+19
=== 237307 ===
--- pALPIDEfs_5 ---
Pixel 364, 507, 1, 1, 4.80374e+19
Pixel 364, 508, 1, 1, 4.80374e+19
--- pALPIDEfs_6 ---
Pixel 420, 436, 1, 1, 4.80374e+19
Pixel 420, 437, 1, 1, 4.80374e+19
=== 242589 ===
--- pALPIDEfs_2 ---
Pixel 333, 238, 1, 1, 4.80374e+19
Pixel 334, 238, 1, 1, 4.80374e+19
=== 264344 ===
--- pALPIDEfs_4 ---
Pixel 733, 505, 1, 1, 4.80374e+19
Pixel 732, 505, 1, 1, 4.80374e+19
Pixel 733, 506, 1, 1, 4.80374e+19
=== 273279 ===
--- pALPIDEfs_0 ---
Pixel 272, 77, 1, 1, 4.80374e+19
Pixel 272, 78, 1, 1, 4.80374e+19
Pixel 273, 78, 1, 1, 4.80374e+19
Pixel 273, 79, 1, 1, 4.80374e+19
Pixel 272, 79, 1, 1, 4.80374e+19
=== 280638 ===
--- pALPIDEfs_0 ---
Pixel 843, 63, 1, 1, 4.80374e+19
Pixel 843, 64, 1, 1, 4.80374e+19
Pixel 844, 64, 1, 1, 4.80374e+19
=== 285484 ===
--- pALPIDEfs_2 ---
Pixel 157, 177, 1, 1, 4.80374e+19
Pixel 158, 176, 1, 1, 4.80374e+19
Pixel 158, 177, 1, 1, 4.80374e+19
--- pALPIDEfs_3 ---
Pixel 535, 165, 1, 1, 4.80374e+19
Pixel 535, 166, 1, 1, 4.80374e+19
--- pALPIDEfs_4 ---
Pixel 935, 144, 1, 1, 4.80374e+19
Pixel 936, 144, 1, 1, 4.80374e+19
=== 309787 ===
--- pALPIDEfs_5 ---
Pixel 970, 387, 1, 1, 4.80374e+19
Pixel 971, 388, 1, 1, 4.80374e+19
Pixel 972, 389, 1, 1, 4.80374e+19
Pixel 973, 390, 1, 1, 4.80374e+19
Pixel 973, 391, 1, 1, 4.80374e+19
Pixel 974, 391, 1, 1, 4.80374e+19
Pixel 974, 392, 1, 1, 4.80374e+19
Pixel 975, 392, 1, 1, 4.80374e+19
Pixel 975, 393, 1, 1, 4.80374e+19
Pixel 976, 393, 1, 1, 4.80374e+19
Pixel 976, 394, 1, 1, 4.80374e+19
Pixel 977, 394, 1, 1, 4.80374e+19
Pixel 977, 395, 1, 1, 4.80374e+19
Pixel 978, 395, 1, 1, 4.80374e+19
=== 326763 ===
--- pALPIDEfs_3 ---
Pixel 939, 205, 1, 1, 4.80374e+19
Pixel 939, 206, 1, 1, 4.80374e+19
=== 327072 ===
--- pALPIDEfs_4 ---
Pixel 737, 361, 1, 1, 4.80374e+19
Pixel 737, 362, 1, 1, 4.80374e+19
Pixel 738, 359, 1, 1, 4.80374e+19
Pixel 738, 360, 1, 1, 4.80374e+19
Pixel 738, 361, 1, 1, 4.80374e+19
=== 357373 ===
--- pALPIDEfs_1 ---
Pixel 511, 99, 1, 1, 4.80374e+19
Pixel 511, 100, 1, 1, 4.80374e+19
=== 359428 ===
--- pALPIDEfs_3 ---
Pixel 141, 318, 1, 1, 4.80374e+19
=== 377063 ===
--- pALPIDEfs_5 ---
Pixel 645, 456, 1, 1, 4.80374e+19
Pixel 645, 457, 1, 1, 4.80374e+19
Pixel 646, 457, 1, 1, 4.80374e+19
=== 384762 ===
--- pALPIDEfs_3 ---
Pixel 43, 161, 1, 1, 4.80374e+19
Pixel 43, 162, 1, 1, 4.80374e+19
Pixel 43, 163, 1, 1, 4.80374e+19
Pixel 45, 159, 1, 1, 4.80374e+19
Pixel 44, 160, 1, 1, 4.80374e+19
Pixel 45, 160, 1, 1, 4.80374e+19
Pixel 45, 161, 1, 1, 4.80374e+19
Pixel 44, 161, 1, 1, 4.80374e+19
Pixel 44, 162, 1, 1, 4.80374e+19
=== 387676 ===
--- pALPIDEfs_1 ---
Pixel 282, 172, 1, 1, 4.80374e+19
Pixel 282, 173, 1, 1, 4.80374e+19
=== 397419 ===
--- pALPIDEfs_5 ---
Pixel 917, 15, 1, 1, 4.80374e+19
Pixel 917, 16, 1, 1, 4.80374e+19
Pixel 918, 15, 1, 1, 4.80374e+19
Pixel 918, 16, 1, 1, 4.80374e+19
=== 407316 ===
--- pALPIDEfs_5 ---
Pixel 163, 17, 1, 1, 4.80374e+19
Pixel 163, 18, 1, 1, 4.80374e+19
=== 408326 ===
--- pALPIDEfs_1 ---
Pixel 477, 504, 1, 1, 4.80374e+19
=== 417068 ===
--- pALPIDEfs_3 ---
Pixel 106, 178, 1, 1, 4.80374e+19
=== 440856 ===
--- pALPIDEfs_6 ---
Pixel 999, 74, 1, 1, 4.80374e+19
Pixel 1000, 74, 1, 1, 4.80374e+19
Pixel 1000, 75, 1, 1, 4.80374e+19
=== 481593 ===
--- pALPIDEfs_2 ---
Pixel 67, 382, 1, 1, 4.80374e+19
Pixel 67, 383, 1, 1, 4.80374e+19
Pixel 68, 382, 1, 1, 4.80374e+19
Pixel 68, 383, 1, 1, 4.80374e+19
=== 484902 ===
--- pALPIDEfs_4 ---
Pixel 133, 212, 1, 1, 4.80374e+19
Pixel 133, 213, 1, 1, 4.80374e+19
Pixel 134, 212, 1, 1, 4.80374e+19
Pixel 134, 213, 1, 1, 4.80374e+19
=== 495196 ===
--- pALPIDEfs_4 ---
Pixel 363, 438, 1, 1, 4.80374e+19
Pixel 363, 439, 1, 1, 4.80374e+19
=== 499799 ===
--- pALPIDEfs_1 ---
Pixel 547, 102, 1, 1, 4.80374e+19
Pixel 547, 103, 1, 1, 4.80374e+19
Pixel 548, 102, 1, 1, 4.80374e+19
Pixel 549, 103, 1, 1, 4.80374e+19
Pixel 548, 103, 1, 1, 4.80374e+19
Pixel 550, 103, 1, 1, 4.80374e+19
Pixel 550, 104, 1, 1, 4.80374e+19
Pixel 739, 141, 1, 1, 4.80374e+19
=== 522305 ===
--- pALPIDEfs_0 ---
Pixel 439, 312, 1, 1, 4.80374e+19
Pixel 439, 313, 1, 1, 4.80374e+19
Pixel 438, 313, 1, 1, 4.80374e+19
=== 541966 ===
--- pALPIDEfs_3 ---
Pixel 638, 287, 1, 1, 4.80374e+19
=== 557176 ===
--- pALPIDEfs_3 ---
Pixel 555, 223, 1, 1, 4.80374e+19
Pixel 554, 224, 1, 1, 4.80374e+19
Pixel 555, 224, 1, 1, 4.80374e+19
=== 572438 ===
--- pALPIDEfs_0 ---
Pixel 536, 253, 1, 1, 4.80374e+19
--- pALPIDEfs_1 ---
Pixel 639, 430, 1, 1, 4.80374e+19
--- pALPIDEfs_2 ---
Pixel 822, 298, 1, 1, 4.80374e+19
Pixel 823, 298, 1, 1, 4.80374e+19
=== 578163 ===
--- pALPIDEfs_4 ---
Pixel 71, 173, 1, 1, 4.80374e+19
Pixel 70, 173, 1, 1, 4.80374e+19
Pixel 70, 174, 1, 1, 4.80374e+19
Pixel 71, 174, 1, 1, 4.80374e+19
=== 581408 ===
--- pALPIDEfs_0 ---
Pixel 778, 124, 1, 1, 4.80374e+19
Pixel 779, 124, 1, 1, 4.80374e+19
Pixel 780, 124, 1, 1, 4.80374e+19
=== 592148 ===
--- pALPIDEfs_2 ---
Pixel 491, 482, 1, 1, 4.80374e+19
Pixel 492, 482, 1, 1, 4.80374e+19
=== 614297 ===
--- pALPIDEfs_3 ---
Pixel 725, 79, 1, 1, 4.80374e+19
Pixel 724, 79, 1, 1, 4.80374e+19
--- pALPIDEfs_4 ---
Pixel 788, 264, 1, 1, 4.80374e+19
Pixel 788, 265, 1, 1, 4.80374e+19
--- pALPIDEfs_5 ---
Pixel 822, 491, 1, 1, 4.80374e+19
=== 630118 ===
--- pALPIDEfs_3 ---
Pixel 91, 337, 1, 1, 4.80374e+19
Pixel 90, 337, 1, 1, 4.80374e+19
--- pALPIDEfs_4 ---
Pixel 518, 258, 1, 1, 4.80374e+19
Pixel 518, 259, 1, 1, 4.80374e+19
--- pALPIDEfs_5 ---
Pixel 913, 225, 1, 1, 4.80374e+19
Pixel 914, 225, 1, 1, 4.80374e+19
=== 631424 ===
--- pALPIDEfs_0 ---
Pixel 824, 138, 1, 1, 4.80374e+19
Pixel 825, 138, 1, 1, 4.80374e+19
Pixel 825, 139, 1, 1, 4.80374e+19
Pixel 824, 139, 1, 1, 4.80374e+19
=== 633593 ===
--- pALPIDEfs_3 ---
Pixel 791, 505, 1, 1, 4.80374e+19
Pixel 801, 496, 1, 1, 4.80374e+19
Pixel 801, 497, 1, 1, 4.80374e+19
Pixel 801, 498, 1, 1, 4.80374e+19
Pixel 802, 498, 1, 1, 4.80374e+19
=== 633594 ===
--- pALPIDEfs_3 ---
Pixel 791, 505, 1, 1, 4.80374e+19
Pixel 801, 496, 1, 1, 4.80374e+19
=== 650421 ===
--- pALPIDEfs_3 ---
Pixel 473, 243, 1, 1, 4.80374e+19
Pixel 474, 243, 1, 1, 4.80374e+19
--- pALPIDEfs_4 ---
Pixel 789, 275, 1, 1, 4.80374e+19
Pixel 790, 275, 1, 1, 4.80374e+19
--- pALPIDEfs_5 ---
Pixel 890, 50, 1, 1, 4.80374e+19
Pixel 891, 50, 1, 1, 4.80374e+19
Pixel 891, 51, 1, 1, 4.80374e+19
Pixel 890, 51, 1, 1, 4.80374e+19
=== 651320 ===
--- pALPIDEfs_3 ---
Pixel 557, 180, 1, 1, 4.80374e+19
=== 653239 ===
--- pALPIDEfs_0 ---
Pixel 507, 365, 1, 1, 4.80374e+19
Pixel 508, 365, 1, 1, 4.80374e+19
--- pALPIDEfs_1 ---
Pixel 987, 111, 1, 1, 4.80374e+19
=== 674608 ===
--- pALPIDEfs_5 ---
Pixel 906, 374, 1, 1, 4.80374e+19
=== 686613 ===
--- pALPIDEfs_4 ---
Pixel 405, 54, 1, 1, 4.80374e+19
Pixel 405, 55, 1, 1, 4.80374e+19
Pixel 406, 54, 1, 1, 4.80374e+19
Pixel 407, 55, 1, 1, 4.80374e+19
Pixel 406, 55, 1, 1, 4.80374e+19
=== 692697 ===
--- pALPIDEfs_0 ---
Pixel 51, 145, 1, 1, 4.80374e+19
Pixel 51, 146, 1, 1, 4.80374e+19
=== 706660 ===
--- pALPIDEfs_0 ---
Pixel 21, 341, 1, 1, 4.80374e+19
Pixel 21, 342, 1, 1, 4.80374e+19
--- pALPIDEfs_1 ---
Pixel 85, 261, 1, 1, 4.80374e+19
Pixel 86, 261, 1, 1, 4.80374e+19
--- pALPIDEfs_2 ---
Pixel 169, 82, 1, 1, 4.80374e+19
=== 734779 ===
--- pALPIDEfs_3 ---
Pixel 606, 310, 1, 1, 4.80374e+19
Pixel 606, 311, 1, 1, 4.80374e+19
=== 779248 ===
--- pALPIDEfs_0 ---
Pixel 329, 263, 1, 1, 4.80374e+19
Pixel 329, 264, 1, 1, 4.80374e+19
=== 784009 ===
--- pALPIDEfs_4 ---
Pixel 265, 433, 1, 1, 4.80374e+19
Pixel 264, 434, 1, 1, 4.80374e+19
--- pALPIDEfs_5 ---
Pixel 816, 480, 1, 1, 4.80374e+19
Pixel 817, 480, 1, 1, 4.80374e+19
Pixel 816, 481, 1, 1, 4.80374e+19
=== 785710 ===
--- pALPIDEfs_5 ---
Pixel 696, 406, 1, 1, 4.80374e+19
Pixel 697, 406, 1, 1, 4.80374e+19
--- pALPIDEfs_6 ---
Pixel 995, 13, 1, 1, 4.80374e+19
=== 785711 ===
--- pALPIDEfs_5 ---
Pixel 696, 406, 1, 1, 4.80374e+19
Pixel 697, 406, 1, 1, 4.80374e+19
--- pALPIDEfs_6 ---
Pixel 995, 13, 1, 1, 4.80374e+19
=== 819345 ===
--- pALPIDEfs_0 ---
Pixel 432, 373, 1, 1, 4.80374e+19
Pixel 432, 374, 1, 1, 4.80374e+19
=== 845708 ===
--- pALPIDEfs_0 ---
Pixel 117, 201, 1, 1, 4.80374e+19
Pixel 117, 202, 1, 1, 4.80374e+19
--- pALPIDEfs_1 ---
Pixel 98, 433, 1, 1, 4.80374e+19
=== 852617 ===
--- pALPIDEfs_0 ---
Pixel 607, 205, 1, 1, 4.80374e+19
Pixel 606, 206, 1, 1, 4.80374e+19
Pixel 607, 206, 1, 1, 4.80374e+19
=== 865559 ===
--- pALPIDEfs_3 ---
Pixel 426, 148, 1, 1, 4.80374e+19
Pixel 427, 148, 1, 1, 4.80374e+19
Pixel 427, 149, 1, 1, 4.80374e+19
Pixel 426, 149, 1, 1, 4.80374e+19
Pixel 428, 147, 1, 1, 4.80374e+19
Pixel 428, 148, 1, 1, 4.80374e+19
=== 867222 ===
--- pALPIDEfs_0 ---
Pixel 44, 441, 1, 1, 4.80374e+19
Pixel 44, 442, 1, 1, 4.80374e+19
=== 875593 ===
--- pALPIDEfs_1 ---
Pixel 227, 21, 1, 1, 4.80374e+19
Pixel 226, 21, 1, 1, 4.80374e+19
Pixel 226, 22, 1, 1, 4.80374e+19
Pixel 227, 22, 1, 1, 4.80374e+19
Pixel 227, 23, 1, 1, 4.80374e+19
Pixel 226, 23, 1, 1, 4.80374e+19
=== 955997 ===
--- pALPIDEfs_4 ---
Pixel 25, 218, 1, 1, 4.80374e+19
Pixel 25, 219, 1, 1, 4.80374e+19
--- pALPIDEfs_5 ---
Pixel 195, 67, 1, 1, 4.80374e+19
Pixel 194, 67, 1, 1, 4.80374e+19
Pixel 194, 68, 1, 1, 4.80374e+19
Pixel 195, 68, 1, 1, 4.80374e+19
=== 956919 ===
--- pALPIDEfs_1 ---
Pixel 746, 132, 1, 1, 4.80374e+19
Pixel 747, 132, 1, 1, 4.80374e+19
Pixel 747, 133, 1, 1, 4.80374e+19
Pixel 746, 133, 1, 1, 4.80374e+19
--- pALPIDEfs_2 ---
Pixel 769, 152, 1, 1, 4.80374e+19
Pixel 769, 153, 1, 1, 4.80374e+19
Pixel 770, 152, 1, 1, 4.80374e+19
Pixel 770, 153, 1, 1, 4.80374e+19
=== 967020 ===
--- pALPIDEfs_6 ---
Pixel 263, 93, 1, 1, 4.80374e+19
Pixel 263, 94, 1, 1, 4.80374e+19
Pixel 264, 92, 1, 1, 4.80374e+19
Pixel 265, 92, 1, 1, 4.80374e+19
Pixel 265, 93, 1, 1, 4.80374e+19
Pixel 264, 93, 1, 1, 4.80374e+19
Pixel 264, 94, 1, 1, 4.80374e+19
=== 967800 ===
--- pALPIDEfs_0 ---
Pixel 139, 21, 1, 1, 4.80374e+19
Pixel 140, 21, 1, 1, 4.80374e+19
--- pALPIDEfs_1 ---
Pixel 453, 69, 1, 1, 4.80374e+19
--- pALPIDEfs_2 ---
Pixel 746, 56, 1, 1, 4.80374e+19
Pixel 746, 57, 1, 1, 4.80374e+19
=== 984204 ===
--- pALPIDEfs_3 ---
Pixel 1002, 23, 1, 1, 4.80374e+19
Pixel 1002, 24, 1, 1, 4.80374e+19
Pixel 1003, 24, 1, 1, 4.80374e+19
Pixel 1003, 25, 1, 1, 4.80374e+19
Pixel 1002, 25, 1, 1, 4.80374e+19
Pixel 1003, 26, 1, 1, 4.80374e+19
Pixel 1004, 25, 1, 1, 4.80374e+19
Pixel 1004, 26, 1, 1, 4.80374e+19
Pixel 1005, 26, 1, 1, 4.80374e+19
Pixel 1005, 27, 1, 1, 4.80374e+19
Pixel 1004, 27, 1, 1, 4.80374e+19
Pixel 1005, 28, 1, 1, 4.80374e+19
Pixel 1005, 29, 1, 1, 4.80374e+19
Pixel 1006, 28, 1, 1, 4.80374e+19
Pixel 1007, 29, 1, 1, 4.80374e+19
Pixel 1006, 29, 1, 1, 4.80374e+19
Pixel 1006, 30, 1, 1, 4.80374e+19
Pixel 1007, 30, 1, 1, 4.80374e+19
Pixel 1007, 31, 1, 1, 4.80374e+19
Pixel 1008, 30, 1, 1, 4.80374e+19
Pixel 1008, 31, 1, 1, 4.80374e+19
Pixel 1008, 32, 1, 1, 4.80374e+19
=== 994042 ===
--- pALPIDEfs_5 ---
Pixel 465, 307, 1, 1, 4.80374e+19
Pixel 466, 307, 1, 1, 4.80374e+19
Pixel 466, 308, 1, 1, 4.80374e+19
=== 997234 ===
--- pALPIDEfs_1 ---
Pixel 11, 118, 1, 1, 4.80374e+19
Pixel 11, 119, 1, 1, 4.80374e+19
=== 1002433 ===
--- pALPIDEfs_5 ---
Pixel 640, 263, 1, 1, 4.80374e+19
Pixel 640, 264, 1, 1, 4.80374e+19
=== 1053915 ===
--- pALPIDEfs_1 ---
Pixel 813, 493, 1, 1, 4.80374e+19
Pixel 812, 493, 1, 1, 4.80374e+19
Pixel 813, 494, 1, 1, 4.80374e+19
Pixel 814, 493, 1, 1, 4.80374e+19
Pixel 814, 494, 1, 1, 4.80374e+19
=== 1054690 ===
--- pALPIDEfs_1 ---
Pixel 257, 54, 1, 1, 4.80374e+19
Pixel 257, 55, 1, 1, 4.80374e+19
=== 1058694 ===
--- pALPIDEfs_1 ---
Pixel 229, 386, 1, 1, 4.80374e+19
Pixel 229, 387, 1, 1, 4.80374e+19
Pixel 230, 386, 1, 1, 4.80374e+19
Pixel 230, 387, 1, 1, 4.80374e+19
=== 1066788 ===
--- pALPIDEfs_2 ---
Pixel 967, 291, 1, 1, 4.80374e+19
Pixel 967, 292, 1, 1, 4.80374e+19
Pixel 968, 292, 1, 1, 4.80374e+19
=== 1081122 ===
--- pALPIDEfs_2 ---
Pixel 635, 42, 1, 1, 4.80374e+19
Pixel 635, 43, 1, 1, 4.80374e+19
--- pALPIDEfs_3 ---
Pixel 595, 127, 1, 1, 4.80374e+19
Pixel 595, 128, 1, 1, 4.80374e+19
--- pALPIDEfs_4 ---
Pixel 576, 183, 1, 1, 4.80374e+19
Pixel 576, 184, 1, 1, 4.80374e+19
--- pALPIDEfs_5 ---
Pixel 704, 365, 1, 1, 4.80374e+19
=== 1081766 ===
--- pALPIDEfs_2 ---
Pixel 753, 258, 1, 1, 4.80374e+19
Pixel 753, 259, 1, 1, 4.80374e+19
Pixel 754, 258, 1, 1, 4.80374e+19
Pixel 755, 258, 1, 1, 4.80374e+19
Pixel 755, 259, 1, 1, 4.80374e+19
Pixel 754, 259, 1, 1, 4.80374e+19
=== 1097709 ===
--- pALPIDEfs_2 ---
Pixel 822, 84, 1, 1, 4.80374e+19
Pixel 823, 84, 1, 1, 4.80374e+19
--- pALPIDEfs_3 ---
Pixel 797, 339, 1, 1, 4.80374e+19
Pixel 796, 339, 1, 1, 4.80374e+19
Pixel 796, 340, 1, 1, 4.80374e+19
Pixel 797, 340, 1, 1, 4.80374e+19
Pixel 798, 339, 1, 1, 4.80374e+19
Pixel 798, 340, 1, 1, 4.80374e+19
=== 1110875 ===
--- pALPIDEfs_3 ---
Pixel 986, 265, 1, 1, 4.80374e+19
=== 1117849 ===
--- pALPIDEfs_0 ---
Pixel 515, 442, 1, 1, 4.80374e+19
Pixel 515, 443, 1, 1, 4.80374e+19
Pixel 515, 444, 1, 1, 4.80374e+19
Pixel 516, 442, 1, 1, 4.80374e+19
Pixel 516, 443, 1, 1, 4.80374e+19
Pixel 516, 444, 1, 1, 4.80374e+19
=== 1119156 ===
--- pALPIDEfs_6 ---
Pixel 617, 339, 1, 1, 4.80374e+19
Pixel 617, 340, 1, 1, 4.80374e+19
Pixel 618, 338, 1, 1, 4.80374e+19
Pixel 619, 338, 1, 1, 4.80374e+19
Pixel 619, 339, 1, 1, 4.80374e+19
Pixel 618, 339, 1, 1, 4.80374e+19
Pixel 618, 340, 1, 1, 4.80374e+19
Pixel 619, 340, 1, 1, 4.80374e+19
Pixel 619, 341, 1, 1, 4.80374e+19
Pixel 618, 341, 1, 1, 4.80374e+19
Pixel 618, 342, 1, 1, 4.80374e+19
Pixel 619, 342, 1, 1, 4.80374e+19
Pixel 619, 343, 1, 1, 4.80374e+19
Pixel 618, 343, 1, 1, 4.80374e+19
Pixel 619, 344, 1, 1, 4.80374e+19
=== 1131143 ===
--- pALPIDEfs_1 ---
Pixel 715, 400, 1, 1, 4.80374e+19
Pixel 715, 401, 1, 1, 4.80374e+19
Pixel 717, 399, 1, 1, 4.80374e+19
Pixel 717, 400, 1, 1, 4.80374e+19
Pixel 718, 399, 1, 1, 4.80374e+19
Pixel 718, 400, 1, 1, 4.80374e+19
Pixel 718, 401, 1, 1, 4.80374e+19
=== 1131426 ===
--- pALPIDEfs_3 ---
Pixel 781, 362, 1, 1, 4.80374e+19
Pixel 781, 363, 1, 1, 4.80374e+19
Pixel 780, 363, 1, 1, 4.80374e+19
=== 1132581 ===
--- pALPIDEfs_0 ---
Pixel 739, 232, 1, 1, 4.80374e+19
Pixel 739, 233, 1, 1, 4.80374e+19
Pixel 740, 231, 1, 1, 4.80374e+19
Pixel 740, 232, 1, 1, 4.80374e+19
=== 1132756 ===
--- pALPIDEfs_4 ---
Pixel 481, 231, 1, 1, 4.80374e+19
Pixel 480, 231, 1, 1, 4.80374e+19
Pixel 480, 232, 1, 1, 4.80374e+19
Pixel 481, 232, 1, 1, 4.80374e+19
Pixel 481, 233, 1, 1, 4.80374e+19
Pixel 482, 232, 1, 1, 4.80374e+19
=== 1136238 ===
--- pALPIDEfs_6 ---
Pixel 219, 368, 1, 1, 4.80374e+19
Pixel 219, 369, 1, 1, 4.80374e+19
Pixel 220, 368, 1, 1, 4.80374e+19
Pixel 220, 369, 1, 1, 4.80374e+19
=== 1166312 ===
--- pALPIDEfs_0 ---
Pixel 800, 445, 1, 1, 4.80374e+19
Pixel 800, 446, 1, 1, 4.80374e+19
Pixel 800, 447, 1, 1, 4.80374e+19
=== 1169404 ===
--- pALPIDEfs_4 ---
Pixel 904, 86, 1, 1, 4.80374e+19
Pixel 905, 86, 1, 1, 4.80374e+19
--- pALPIDEfs_6 ---
Pixel 879, 421, 1, 1, 4.80374e+19
Pixel 880, 421, 1, 1, 4.80374e+19
=== 1207539 ===
--- pALPIDEfs_6 ---
Pixel 225, 189, 1, 1, 4.80374e+19
Pixel 224, 189, 1, 1, 4.80374e+19
Pixel 224, 190, 1, 1, 4.80374e+19
=== 1217851 ===
--- pALPIDEfs_5 ---
Pixel 843, 57, 1, 1, 4.80374e+19
Pixel 843, 58, 1, 1, 4.80374e+19
Pixel 843, 59, 1, 1, 4.80374e+19
Pixel 844, 58, 1, 1, 4.80374e+19
Pixel 844, 59, 1, 1, 4.80374e+19
=== 1247038 ===
--- pALPIDEfs_1 ---
Pixel 253, 21, 1, 1, 4.80374e+19
Pixel 253, 22, 1, 1, 4.80374e+19
Pixel 254, 21, 1, 1, 4.80374e+19
Pixel 254, 22, 1, 1, 4.80374e+19
=== 1254726 ===
--- pALPIDEfs_3 ---
Pixel 887, 396, 1, 1, 4.80374e+19
Pixel 888, 396, 1, 1, 4.80374e+19
Pixel 889, 396, 1, 1, 4.80374e+19
Pixel 889, 397, 1, 1, 4.80374e+19
Pixel 888, 397, 1, 1, 4.80374e+19
Pixel 890, 396, 1, 1, 4.80374e+19
Pixel 891, 396, 1, 1, 4.80374e+19
Pixel 891, 397, 1, 1, 4.80374e+19
Pixel 890, 397, 1, 1, 4.80374e+19
=== 1258857 ===
--- pALPIDEfs_5 ---
Pixel 872, 351, 1, 1, 4.80374e+19
Pixel 872, 352, 1, 1, 4.80374e+19
Pixel 873, 352, 1, 1, 4.80374e+19
Pixel 873, 353, 1, 1, 4.80374e+19
Pixel 872, 353, 1, 1, 4.80374e+19
=== 1291406 ===
--- pALPIDEfs_6 ---
Pixel 225, 183, 1, 1, 4.80374e+19
Pixel 224, 183, 1, 1, 4.80374e+19
=== 1293347 ===
--- pALPIDEfs_4 ---
Pixel 1015, 244, 1, 1, 4.80374e+19
=== 1308747 ===
--- pALPIDEfs_4 ---
Pixel 797, 61, 1, 1, 4.80374e+19
Pixel 797, 62, 1, 1, 4.80374e+19
Pixel 798, 61, 1, 1, 4.80374e+19
Pixel 798, 62, 1, 1, 4.80374e+19
=== 1315105 ===
--- pALPIDEfs_2 ---
Pixel 226, 290, 1, 1, 4.80374e+19
Pixel 227, 290, 1, 1, 4.80374e+19
Pixel 226, 291, 1, 1, 4.80374e+19
=== 1351053 ===
--- pALPIDEfs_4 ---
Pixel 1011, 484, 1, 1, 4.80374e+19
Pixel 1011, 485, 1, 1, 4.80374e+19
Pixel 1012, 484, 1, 1, 4.80374e+19
Pixel 1012, 485, 1, 1, 4.80374e+19
=== 1380562 ===
--- pALPIDEfs_5 ---
Pixel 615, 37, 1, 1, 4.80374e+19
Pixel 615, 38, 1, 1, 4.80374e+19
=== 1396825 ===
--- pALPIDEfs_6 ---
Pixel 891, 281, 1, 1, 4.80374e+19
Pixel 891, 282, 1, 1, 4.80374e+19
Pixel 892, 281, 1, 1, 4.80374e+19
Pixel 892, 282, 1, 1, 4.80374e+19
=== 1398140 ===
--- pALPIDEfs_0 ---
Pixel 291, 509, 1, 1, 4.80374e+19
=== 1399317 ===
--- pALPIDEfs_6 ---
Pixel 409, 83, 1, 1, 4.80374e+19
=== 1406525 ===
--- pALPIDEfs_0 ---
Pixel 376, 431, 1, 1, 4.80374e+19
Pixel 383, 416, 1, 1, 4.80374e+19
Pixel 383, 417, 1, 1, 4.80374e+19
=== 1412165 ===
--- pALPIDEfs_3 ---
Pixel 511, 53, 1, 1, 4.80374e+19
Pixel 511, 54, 1, 1, 4.80374e+19
Pixel 513, 53, 1, 1, 4.80374e+19
Pixel 512, 53, 1, 1, 4.80374e+19
Pixel 512, 54, 1, 1, 4.80374e+19
Pixel 513, 54, 1, 1, 4.80374e+19
=== 1442423 ===
--- pALPIDEfs_6 ---
Pixel 695, 37, 1, 1, 4.80374e+19
Pixel 696, 36, 1, 1, 4.80374e+19
Pixel 697, 36, 1, 1, 4.80374e+19
Pixel 697, 37, 1, 1, 4.80374e+19
Pixel 696, 37, 1, 1, 4.80374e+19
=== 1444927 ===
--- pALPIDEfs_4 ---
Pixel 334, 285, 1, 1, 4.80374e+19
--- pALPIDEfs_5 ---
Pixel 413, 25, 1, 1, 4.80374e+19
Pixel 414, 24, 1, 1, 4.80374e+19
Pixel 414, 25, 1, 1, 4.80374e+19
=== 1451509 ===
--- pALPIDEfs_6 ---
Pixel 577, 345, 1, 1, 4.80374e+19
Pixel 576, 345, 1, 1, 4.80374e+19
Pixel 576, 346, 1, 1, 4.80374e+19
Pixel 577, 346, 1, 1, 4.80374e+19
=== 1455860 ===
--- pALPIDEfs_3 ---
Pixel 586, 316, 1, 1, 4.80374e+19
Pixel 587, 316, 1, 1, 4.80374e+19
Pixel 587, 317, 1, 1, 4.80374e+19
Pixel 586, 317, 1, 1, 4.80374e+19
=== 1502209 ===
--- pALPIDEfs_2 ---
Pixel 745, 177, 1, 1, 4.80374e+19
Pixel 746, 177, 1, 1, 4.80374e+19
--- pALPIDEfs_3 ---
Pixel 352, 289, 1, 1, 4.80374e+19
=== 1544630 ===
--- pALPIDEfs_3 ---
Pixel 365, 107, 1, 1, 4.80374e+19
Pixel 364, 107, 1, 1, 4.80374e+19
Pixel 364, 108, 1, 1, 4.80374e+19
Pixel 365, 108, 1, 1, 4.80374e+19
=== 1544786 ===
--- pALPIDEfs_4 ---
Pixel 377, 131, 1, 1, 4.80374e+19
Pixel 377, 132, 1, 1, 4.80374e+19
Pixel 377, 133, 1, 1, 4.80374e+19
Pixel 378, 131, 1, 1, 4.80374e+19
Pixel 378, 132, 1, 1, 4.80374e+19
Pixel 379, 132, 1, 1, 4.80374e+19
Pixel 378, 133, 1, 1, 4.80374e+19
=== 1546443 ===
--- pALPIDEfs_1 ---
Pixel 219, 480, 1, 1, 4.80374e+19
Pixel 219, 481, 1, 1, 4.80374e+19
=== 1552181 ===
--- pALPIDEfs_0 ---
Pixel 375, 165, 1, 1, 4.80374e+19
Pixel 375, 166, 1, 1, 4.80374e+19
Pixel 376, 166, 1, 1, 4.80374e+19
=== 1554271 ===
--- pALPIDEfs_2 ---
Pixel 286, 455, 1, 1, 4.80374e+19
Pixel 286, 456, 1, 1, 4.80374e+19
=== 1557658 ===
--- pALPIDEfs_3 ---
Pixel 1016, 85, 1, 1, 4.80374e+19
Pixel 1016, 86, 1, 1, 4.80374e+19
=== 1568258 ===
--- pALPIDEfs_3 ---
Pixel 175, 502, 1, 1, 4.80374e+19
Pixel 175, 503, 1, 1, 4.80374e+19
=== 1569644 ===
--- pALPIDEfs_0 ---
Pixel 660, 322, 1, 1, 4.80374e+19
Pixel 661, 322, 1, 1, 4.80374e+19
Pixel 661, 323, 1, 1, 4.80374e+19
=== 1593668 ===
--- pALPIDEfs_4 ---
Pixel 221, 192, 1, 1, 4.80374e+19
Pixel 221, 193, 1, 1, 4.80374e+19
Pixel 221, 194, 1, 1, 4.80374e+19
Pixel 222, 193, 1, 1, 4.80374e+19
Pixel 222, 194, 1, 1, 4.80374e+19
=== 1597864 ===
--- pALPIDEfs_5 ---
Pixel 463, 417, 1, 1, 4.80374e+19
Pixel 462, 417, 1, 1, 4.80374e+19
=== 1609544 ===
--- pALPIDEfs_2 ---
Pixel 232, 118, 1, 1, 4.80374e+19
=== 1612019 ===
--- pALPIDEfs_5 ---
Pixel 511, 191, 1, 1, 4.80374e+19
Pixel 511, 192, 1, 1, 4.80374e+19
Pixel 512, 192, 1, 1, 4.80374e+19
=== 1617246 ===
--- pALPIDEfs_4 ---
Pixel 826, 70, 1, 1, 4.80374e+19
Pixel 827, 70, 1, 1, 4.80374e+19
Pixel 826, 71, 1, 1, 4.80374e+19
=== 1636600 ===
--- pALPIDEfs_4 ---
Pixel 219, 422, 1, 1, 4.80374e+19
Pixel 220, 422, 1, 1, 4.80374e+19
Pixel 220, 423, 1, 1, 4.80374e+19
--- pALPIDEfs_6 ---
Pixel 299, 409, 1, 1, 4.80374e+19
Pixel 300, 409, 1, 1, 4.80374e+19
Pixel 300, 410, 1, 1, 4.80374e+19
=== 1637018 ===
--- pALPIDEfs_2 ---
Pixel 490, 462, 1, 1, 4.80374e+19
Pixel 490, 463, 1, 1, 4.80374e+19
=== 1637788 ===
--- pALPIDEfs_5 ---
Pixel 593, 217, 1, 1, 4.80374e+19
Pixel 594, 217, 1, 1, 4.80374e+19
=== 1638829 ===
--- pALPIDEfs_5 ---
Pixel 197, 75, 1, 1, 4.80374e+19
=== 1640790 ===
--- pALPIDEfs_1 ---
Pixel 721, 505, 1, 1, 4.80374e+19
Pixel 720, 505, 1, 1, 4.80374e+19
Pixel 720, 506, 1, 1, 4.80374e+19
Pixel 721, 506, 1, 1, 4.80374e+19
=== 1660634 ===
--- pALPIDEfs_6 ---
Pixel 131, 380, 1, 1, 4.80374e+19
Pixel 131, 381, 1, 1, 4.80374e+19
=== 1670208 ===
--- pALPIDEfs_2 ---
Pixel 1013, 85, 1, 1, 4.80374e+19
Pixel 1014, 85, 1, 1, 4.80374e+19
Pixel 1014, 86, 1, 1, 4.80374e+19
Pixel 1014, 87, 1, 1, 4.80374e+19
=== 1682293 ===
--- pALPIDEfs_1 ---
Pixel 931, 149, 1, 1, 4.80374e+19
Pixel 932, 149, 1, 1, 4.80374e+19
--- pALPIDEfs_2 ---
Pixel 465, 49, 1, 1, 4.80374e+19
Pixel 466, 49, 1, 1, 4.80374e+19
--- pALPIDEfs_3 ---
Pixel 435, 157, 1, 1, 4.80374e+19
Pixel 435, 158, 1, 1, 4.80374e+19
Pixel 436, 157, 1, 1, 4.80374e+19
Pixel 436, 158, 1, 1, 4.80374e+19
=== 1690141 ===
--- pALPIDEfs_3 ---
Pixel 372, 314, 1, 1, 4.80374e+19
Pixel 372, 315, 1, 1, 4.80374e+19
=== 1691151 ===
--- pALPIDEfs_3 ---
Pixel 281, 105, 1, 1, 4.80374e+19
Pixel 281, 106, 1, 1, 4.80374e+19
Pixel 282, 105, 1, 1, 4.80374e+19
Pixel 282, 106, 1, 1, 4.80374e+19
=== 1696433 ===
--- pALPIDEfs_1 ---
Pixel 163, 155, 1, 1, 4.80374e+19
Pixel 162, 155, 1, 1, 4.80374e+19
Pixel 162, 156, 1, 1, 4.80374e+19
=== 1721289 ===
--- pALPIDEfs_4 ---
Pixel 571, 108, 1, 1, 4.80374e+19
Pixel 571, 109, 1, 1, 4.80374e+19
Pixel 571, 110, 1, 1, 4.80374e+19
Pixel 571, 111, 1, 1, 4.80374e+19
Pixel 570, 112, 1, 1, 4.80374e+19
Pixel 571, 112, 1, 1, 4.80374e+19
Pixel 571, 113, 1, 1, 4.80374e+19
Pixel 570, 113, 1, 1, 4.80374e+19
Pixel 572, 105, 1, 1, 4.80374e+19
Pixel 572, 106, 1, 1, 4.80374e+19
Pixel 572, 107, 1, 1, 4.80374e+19
Pixel 572, 108, 1, 1, 4.80374e+19
Pixel 572, 109, 1, 1, 4.80374e+19
Pixel 572, 115, 1, 1, 4.80374e+19
Pixel 572, 116, 1, 1, 4.80374e+19
Pixel 572, 117, 1, 1, 4.80374e+19
=== 1731108 ===
--- pALPIDEfs_0 ---
Pixel 561, 355, 1, 1, 4.80374e+19
Pixel 560, 356, 1, 1, 4.80374e+19
Pixel 561, 356, 1, 1, 4.80374e+19
=== 1737264 ===
--- pALPIDEfs_3 ---
Pixel 413, 240, 1, 1, 4.80374e+19
=== 1793952 ===
--- pALPIDEfs_2 ---
Pixel 825, 90, 1, 1, 4.80374e+19
Pixel 825, 91, 1, 1, 4.80374e+19
Pixel 824, 91, 1, 1, 4.80374e+19
=== 1809874 ===
--- pALPIDEfs_1 ---
Pixel 428, 292, 1, 1, 4.80374e+19
Pixel 428, 293, 1, 1, 4.80374e+19
=== 1815510 ===
--- pALPIDEfs_1 ---
Pixel 128, 448, 1, 1, 4.80374e+19
Pixel 129, 448, 1, 1, 4.80374e+19
Pixel 130, 447, 1, 1, 4.80374e+19
=== 1818342 ===
--- pALPIDEfs_5 ---
Pixel 70, 14, 1, 1, 4.80374e+19
Pixel 71, 15, 1, 1, 4.80374e+19
Pixel 70, 15, 1, 1, 4.80374e+19
=== 1842057 ===
--- pALPIDEfs_2 ---
Pixel 225, 153, 1, 1, 4.80374e+19
Pixel 225, 154, 1, 1, 4.80374e+19
Pixel 227, 153, 1, 1, 4.80374e+19
Pixel 226, 153, 1, 1, 4.80374e+19
Pixel 226, 154, 1, 1, 4.80374e+19
Pixel 227, 154, 1, 1, 4.80374e+19
Pixel 227, 157, 1, 1, 4.80374e+19
Pixel 227, 158, 1, 1, 4.80374e+19
Pixel 228, 157, 1, 1, 4.80374e+19
Pixel 228, 158, 1, 1, 4.80374e+19
=== 1854243 ===
--- pALPIDEfs_3 ---
Pixel 911, 341, 1, 1, 4.80374e+19
Pixel 910, 341, 1, 1, 4.80374e+19
Pixel 910, 342, 1, 1, 4.80374e+19
Pixel 911, 342, 1, 1, 4.80374e+19
Pixel 910, 348, 1, 1, 4.80374e+19
Pixel 911, 348, 1, 1, 4.80374e+19
Pixel 911, 349, 1, 1, 4.80374e+19
Pixel 911, 350, 1, 1, 4.80374e+19
Pixel 911, 351, 1, 1, 4.80374e+19
Pixel 912, 350, 1, 1, 4.80374e+19
=== 1882836 ===
--- pALPIDEfs_1 ---
Pixel 177, 121, 1, 1, 4.80374e+19
=== 1897658 ===
--- pALPIDEfs_6 ---
Pixel 996, 62, 1, 1, 4.80374e+19
Pixel 997, 62, 1, 1, 4.80374e+19
=== 1916212 ===
--- pALPIDEfs_2 ---
Pixel 775, 355, 1, 1, 4.80374e+19
Pixel 777, 354, 1, 1, 4.80374e+19
Pixel 777, 355, 1, 1, 4.80374e+19
Pixel 776, 355, 1, 1, 4.80374e+19
Pixel 776, 356, 1, 1, 4.80374e+19
Pixel 777, 356, 1, 1, 4.80374e+19
Pixel 779, 353, 1, 1, 4.80374e+19
Pixel 778, 354, 1, 1, 4.80374e+19
Pixel 779, 354, 1, 1, 4.80374e+19
Pixel 779, 355, 1, 1, 4.80374e+19
Pixel 778, 355, 1, 1, 4.80374e+19
Pixel 780, 353, 1, 1, 4.80374e+19
Pixel 780, 354, 1, 1, 4.80374e+19
Pixel 780, 355, 1, 1, 4.80374e+19
--- pALPIDEfs_3 ---
Pixel 631, 469, 1, 1, 4.80374e+19
Pixel 630, 469, 1, 1, 4.80374e+19
Pixel 630, 470, 1, 1, 4.80374e+19
Pixel 631, 470, 1, 1, 4.80374e+19
=== 1923940 ===
--- pALPIDEfs_0 ---
Pixel 499, 439, 1, 1, 4.80374e+19
Pixel 500, 438, 1, 1, 4.80374e+19
Pixel 500, 439, 1, 1, 4.80374e+19
=== 1941216 ===
--- pALPIDEfs_3 ---
Pixel 912, 503, 1, 1, 4.80374e+19
=== 1946737 ===
--- pALPIDEfs_5 ---
Pixel 116, 446, 1, 1, 4.80374e+19
--- pALPIDEfs_6 ---
Pixel 14, 248, 1, 1, 4.80374e+19
Pixel 14, 249, 1, 1, 4.80374e+19
=== 1968112 ===
--- pALPIDEfs_1 ---
Pixel 463, 250, 1, 1, 4.80374e+19
Pixel 463, 251, 1, 1, 4.80374e+19
Pixel 463, 252, 1, 1, 4.80374e+19
=== 1983285 ===
--- pALPIDEfs_5 ---
Pixel 985, 509, 1, 1, 4.80374e+19
Pixel 984, 509, 1, 1, 4.80374e+19
Pixel 984, 510, 1, 1, 4.80374e+19
Pixel 985, 510, 1, 1, 4.80374e+19
=== 1983331 ===
--- pALPIDEfs_1 ---
Pixel 371, 133, 1, 1, 4.80374e+19
Pixel 370, 133, 1, 1, 4.80374e+19
--- pALPIDEfs_2 ---
Pixel 267, 245, 1, 1, 4.80374e+19
--- pALPIDEfs_3 ---
Pixel 46, 398, 1, 1, 4.80374e+19
Pixel 47, 398, 1, 1, 4.80374e+19
Pixel 47, 399, 1, 1, 4.80374e+19
Pixel 46, 399, 1, 1, 4.80374e+19
=== 1983733 ===
--- pALPIDEfs_5 ---
Pixel 887, 117, 1, 1, 4.80374e+19
Pixel 888, 116, 1, 1, 4.80374e+19
Pixel 888, 117, 1, 1, 4.80374e+19
--- pALPIDEfs_6 ---
Pixel 458, 35, 1, 1, 4.80374e+19
=== 2003253 ===
--- pALPIDEfs_0 ---
Pixel 453, 118, 1, 1, 4.80374e+19
Pixel 453, 119, 1, 1, 4.80374e+19
=== 2023355 ===
--- pALPIDEfs_1 ---
Pixel 150, 498, 1, 1, 4.80374e+19
Pixel 154, 493, 1, 1, 4.80374e+19
=== 2032115 ===
--- pALPIDEfs_1 ---
Pixel 89, 389, 1, 1, 4.80374e+19
Pixel 90, 388, 1, 1, 4.80374e+19
Pixel 90, 389, 1, 1, 4.80374e+19
=== 2034407 ===
--- pALPIDEfs_5 ---
Pixel 475, 498, 1, 1, 4.80374e+19
Pixel 475, 499, 1, 1, 4.80374e+19
=== 2042078 ===
--- pALPIDEfs_5 ---
Pixel 770, 327, 1, 1, 4.80374e+19
Pixel 770, 328, 1, 1, 4.80374e+19
Pixel 771, 328, 1, 1, 4.80374e+19
=== 2047295 ===
--- pALPIDEfs_1 ---
Pixel 668, 490, 1, 1, 4.80374e+19
Pixel 669, 490, 1, 1, 4.80374e+19
Pixel 669, 491, 1, 1, 4.80374e+19
Pixel 668, 491, 1, 1, 4.80374e+19
Pixel 668, 492, 1, 1, 4.80374e+19
=== 2053932 ===
--- pALPIDEfs_1 ---
Pixel 999, 71, 1, 1, 4.80374e+19
Pixel 998, 72, 1, 1, 4.80374e+19
Pixel 999, 72, 1, 1, 4.80374e+19
Pixel 999, 73, 1, 1, 4.80374e+19
=== 2065980 ===
--- pALPIDEfs_1 ---
Pixel 168, 217, 1, 1, 4.80374e+19
Pixel 168, 218, 1, 1, 4.80374e+19
--- pALPIDEfs_2 ---
Pixel 37, 423, 1, 1, 4.80374e+19
Pixel 38, 423, 1, 1, 4.80374e+19
=== 2068425 ===
--- pALPIDEfs_0 ---
Pixel 1017, 122, 1, 1, 4.80374e+19
Pixel 1017, 123, 1, 1, 4.80374e+19
=== 2069784 ===
--- pALPIDEfs_6 ---
Pixel 5, 237, 1, 1, 4.80374e+19
=== 2088595 ===
--- pALPIDEfs_1 ---
Pixel 937, 135, 1, 1, 4.80374e+19
Pixel 937, 136, 1, 1, 4.80374e+19
=== 2090435 ===
--- pALPIDEfs_5 ---
Pixel 111, 222, 1, 1, 4.80374e+19
Pixel 111, 223, 1, 1, 4.80374e+19
Pixel 111, 224, 1, 1, 4.80374e+19
Pixel 112, 223, 1, 1, 4.80374e+19
Pixel 112, 224, 1, 1, 4.80374e+19
=== 2110931 ===
--- pALPIDEfs_1 ---
Pixel 44, 213, 1, 1, 4.80374e+19
--- pALPIDEfs_2 ---
Pixel 486, 498, 1, 1, 4.80374e+19
Pixel 487, 498, 1, 1, 4.80374e+19
=== 2131361 ===
--- pALPIDEfs_1 ---
Pixel 155, 37, 1, 1, 4.80374e+19
=== 2138625 ===
--- pALPIDEfs_5 ---
Pixel 969, 324, 1, 1, 4.80374e+19
Pixel 969, 325, 1, 1, 4.80374e+19
Pixel 970, 324, 1, 1, 4.80374e+19
Pixel 970, 325, 1, 1, 4.80374e+19
Pixel 970, 326, 1, 1, 4.80374e+19
=== 2145407 ===
--- pALPIDEfs_4 ---
Pixel 358, 304, 1, 1, 4.80374e+19
Pixel 359, 304, 1, 1, 4.80374e+19
Pixel 359, 305, 1, 1, 4.80374e+19
Pixel 358, 305, 1, 1, 4.80374e+19
--- pALPIDEfs_5 ---
Pixel 549, 201, 1, 1, 4.80374e+19
Pixel 548, 201, 1, 1, 4.80374e+19
Pixel 549, 202, 1, 1, 4.80374e+19
Pixel 550, 201, 1, 1, 4.80374e+19
Pixel 550, 202, 1, 1, 4.80374e+19
=== 2145408 ===
--- pALPIDEfs_4 ---
Pixel 358, 304, 1, 1, 4.80374e+19
Pixel 359, 304, 1, 1, 4.80374e+19
Pixel 359, 305, 1, 1, 4.80374e+19
Pixel 358, 305, 1, 1, 4.80374e+19
--- pALPIDEfs_5 ---
Pixel 548, 201, 1, 1, 4.80374e+19
Pixel 549, 202, 1, 1, 4.80374e+19
Pixel 550, 202, 1, 1, 4.80374e+19
=== 2178681 ===
--- pALPIDEfs_2 ---
Pixel 165, 400, 1, 1, 4.80374e+19
=== 2181576 ===
--- pALPIDEfs_5 ---
Pixel 139, 133, 1, 1, 4.80374e+19
Pixel 139, 134, 1, 1, 4.80374e+19
=== 2194751 ===
--- pALPIDEfs_5 ---
Pixel 355, 344, 1, 1, 4.80374e+19
Pixel 355, 345, 1, 1, 4.80374e+19
Pixel 354, 345, 1, 1, 4.80374e+19
Pixel 354, 346, 1, 1, 4.80374e+19
Pixel 355, 346, 1, 1, 4.80374e+19
=== 2197858 ===
--- pALPIDEfs_5 ---
Pixel 997, 109, 1, 1, 4.80374e+19
Pixel 999, 109, 1, 1, 4.80374e+19
Pixel 998, 109, 1, 1, 4.80374e+19
=== 2210347 ===
--- pALPIDEfs_1 ---
Pixel 643, 73, 1, 1, 4.80374e+19
Pixel 644, 72, 1, 1, 4.80374e+19
Pixel 645, 73, 1, 1, 4.80374e+19
Pixel 644, 73, 1, 1, 4.80374e+19
Pixel 644, 74, 1, 1, 4.80374e+19
Pixel 645, 74, 1, 1, 4.80374e+19
Pixel 646, 73, 1, 1, 4.80374e+19
=== 2213651 ===
--- pALPIDEfs_1 ---
Pixel 849, 32, 1, 1, 4.80374e+19
Pixel 850, 32, 1, 1, 4.80374e+19
=== 2243871 ===
--- pALPIDEfs_3 ---
Pixel 557, 180, 1, 1, 4.80374e+19
=== 2247858 ===
--- pALPIDEfs_6 ---
Pixel 175, 333, 1, 1, 4.80374e+19
Pixel 175, 334, 1, 1, 4.80374e+19
=== 2254777 ===
--- pALPIDEfs_0 ---
Pixel 230, 510, 1, 1, 4.80374e+19
Pixel 231, 510, 1, 1, 4.80374e+19
=== 2262660 ===
--- pALPIDEfs_0 ---
Pixel 511, 28, 1, 1, 4.80374e+19
Pixel 511, 29, 1, 1, 4.80374e+19
Pixel 511, 30, 1, 1, 4.80374e+19
Pixel 512, 29, 1, 1, 4.80374e+19
=== 2272951 ===
--- pALPIDEfs_0 ---
Pixel 262, 29, 1, 1, 4.80374e+19
Pixel 262, 30, 1, 1, 4.80374e+19
--- pALPIDEfs_1 ---
Pixel 360, 356, 1, 1, 4.80374e+19
=== 2290420 ===
--- pALPIDEfs_3 ---
Pixel 795, 163, 1, 1, 4.80374e+19
Pixel 796, 163, 1, 1, 4.80374e+19
=== 2315843 ===
--- pALPIDEfs_0 ---
Pixel 946, 460, 1, 1, 4.80374e+19
=== 2343435 ===
--- pALPIDEfs_3 ---
Pixel 337, 120, 1, 1, 4.80374e+19
Pixel 337, 121, 1, 1, 4.80374e+19
Pixel 338, 120, 1, 1, 4.80374e+19
--- pALPIDEfs_4 ---
Pixel 223, 224, 1, 1, 4.80374e+19
Pixel 223, 225, 1, 1, 4.80374e+19
=== 2366061 ===
--- pALPIDEfs_6 ---
Pixel 77, 468, 1, 1, 4.80374e+19
Pixel 78, 468, 1, 1, 4.80374e+19
=== 2371711 ===
--- pALPIDEfs_5 ---
Pixel 723, 27, 1, 1, 4.80374e+19
Pixel 722, 28, 1, 1, 4.80374e+19
Pixel 723, 28, 1, 1, 4.80374e+19
Pixel 723, 29, 1, 1, 4.80374e+19
Pixel 723, 30, 1, 1, 4.80374e+19
Pixel 723, 31, 1, 1, 4.80374e+19
Pixel 724, 30, 1, 1, 4.80374e+19
Pixel 724, 31, 1, 1, 4.80374e+19
--- pALPIDEfs_6 ---
Pixel 655, 397, 1, 1, 4.80374e+19
Pixel 655, 398, 1, 1, 4.80374e+19
Pixel 657, 395, 1, 1, 4.80374e+19
Pixel 656, 395, 1, 1, 4.80374e+19
Pixel 656, 396, 1, 1, 4.80374e+19
Pixel 657, 396, 1, 1, 4.80374e+19
Pixel 656, 397, 1, 1, 4.80374e+19
Pixel 656, 398, 1, 1, 4.80374e+19
Pixel 656, 399, 1, 1, 4.80374e+19
Pixel 656, 400, 1, 1, 4.80374e+19
Pixel 708, 438, 1, 1, 4.80374e+19
Pixel 709, 438, 1, 1, 4.80374e+19
=== 2383283 ===
--- pALPIDEfs_2 ---
Pixel 721, 271, 1, 1, 4.80374e+19
Pixel 721, 272, 1, 1, 4.80374e+19
Pixel 723, 270, 1, 1, 4.80374e+19
Pixel 722, 271, 1, 1, 4.80374e+19
Pixel 722, 272, 1, 1, 4.80374e+19
=== 2384169 ===
--- pALPIDEfs_6 ---
Pixel 274, 292, 1, 1, 4.80374e+19
Pixel 275, 292, 1, 1, 4.80374e+19
Pixel 275, 293, 1, 1, 4.80374e+19
Pixel 274, 293, 1, 1, 4.80374e+19
=== 2396330 ===
--- pALPIDEfs_2 ---
Pixel 408, 132, 1, 1, 4.80374e+19
Pixel 409, 132, 1, 1, 4.80374e+19
Pixel 408, 133, 1, 1, 4.80374e+19
=== 2410672 ===
--- pALPIDEfs_6 ---
Pixel 646, 89, 1, 1, 4.80374e+19
Pixel 646, 90, 1, 1, 4.80374e+19
=== 2421432 ===
--- pALPIDEfs_6 ---
Pixel 979, 303, 1, 1, 4.80374e+19
Pixel 978, 304, 1, 1, 4.80374e+19
Pixel 979, 304, 1, 1, 4.80374e+19
Pixel 979, 305, 1, 1, 4.80374e+19
Pixel 979, 306, 1, 1, 4.80374e+19
Pixel 980, 304, 1, 1, 4.80374e+19
Pixel 980, 305, 1, 1, 4.80374e+19
Pixel 980, 306, 1, 1, 4.80374e+19
=== 2423438 ===
--- pALPIDEfs_0 ---
Pixel 835, 384, 1, 1, 4.80374e+19
Pixel 835, 385, 1, 1, 4.80374e+19
Pixel 836, 384, 1, 1, 4.80374e+19
=== 2424982 ===
--- pALPIDEfs_5 ---
Pixel 8, 251, 1, 1, 4.80374e+19
Pixel 8, 252, 1, 1, 4.80374e+19
=== 2446036 ===
--- pALPIDEfs_4 ---
Pixel 761, 32, 1, 1, 4.80374e+19
Pixel 762, 32, 1, 1, 4.80374e+19
=== 2453667 ===
--- pALPIDEfs_1 ---
Pixel 831, 148, 1, 1, 4.80374e+19
Pixel 831, 149, 1, 1, 4.80374e+19
Pixel 831, 150, 1, 1, 4.80374e+19
Pixel 832, 149, 1, 1, 4.80374e+19
--- pALPIDEfs_2 ---
Pixel 695, 445, 1, 1, 4.80374e+19
Pixel 694, 445, 1, 1, 4.80374e+19
=== 2454601 ===
--- pALPIDEfs_4 ---
Pixel 317, 101, 1, 1, 4.80374e+19
--- pALPIDEfs_5 ---
Pixel 99, 236, 1, 1, 4.80374e+19
Pixel 99, 237, 1, 1, 4.80374e+19
--- pALPIDEfs_6 ---
Pixel 203, 453, 1, 1, 4.80374e+19
Pixel 202, 453, 1, 1, 4.80374e+19
Pixel 203, 454, 1, 1, 4.80374e+19
Pixel 204, 453, 1, 1, 4.80374e+19
Pixel 204, 454, 1, 1, 4.80374e+19
=== 2467602 ===
--- pALPIDEfs_3 ---
Pixel 413, 240, 1, 1, 4.80374e+19
=== 2471135 ===
--- pALPIDEfs_4 ---
Pixel 471, 254, 1, 1, 4.80374e+19
Pixel 471, 255, 1, 1, 4.80374e+19
=== 2477176 ===
--- pALPIDEfs_5 ---
Pixel 197, 175, 1, 1, 4.80374e+19
Pixel 198, 174, 1, 1, 4.80374e+19
Pixel 198, 175, 1, 1, 4.80374e+19
=== 2508337 ===
--- pALPIDEfs_3 ---
Pixel 877, 133, 1, 1, 4.80374e+19
Pixel 876, 133, 1, 1, 4.80374e+19
Pixel 876, 134, 1, 1, 4.80374e+19
Pixel 877, 134, 1, 1, 4.80374e+19
=== 2525994 ===
--- pALPIDEfs_1 ---
Pixel 357, 108, 1, 1, 4.80374e+19
Pixel 357, 109, 1, 1, 4.80374e+19
Pixel 359, 109, 1, 1, 4.80374e+19
Pixel 358, 109, 1, 1, 4.80374e+19
Pixel 358, 110, 1, 1, 4.80374e+19
Pixel 359, 110, 1, 1, 4.80374e+19
=== 2537635 ===
--- pALPIDEfs_3 ---
Pixel 413, 240, 1, 1, 4.80374e+19
=== 2539390 ===
--- pALPIDEfs_5 ---
Pixel 733, 190, 1, 1, 4.80374e+19
Pixel 733, 191, 1, 1, 4.80374e+19
Pixel 734, 190, 1, 1, 4.80374e+19
Pixel 734, 191, 1, 1, 4.80374e+19
=== 2575999 ===
--- pALPIDEfs_0 ---
Pixel 716, 354, 1, 1, 4.80374e+19
Pixel 717, 355, 1, 1, 4.80374e+19
Pixel 716, 355, 1, 1, 4.80374e+19
=== 2597926 ===
--- pALPIDEfs_3 ---
Pixel 155, 486, 1, 1, 4.80374e+19
--- pALPIDEfs_4 ---
Pixel 427, 252, 1, 1, 4.80374e+19
--- pALPIDEfs_5 ---
Pixel 667, 64, 1, 1, 4.80374e+19
Pixel 668, 64, 1, 1, 4.80374e+19
=== 2598601 ===
--- pALPIDEfs_3 ---
Pixel 904, 118, 1, 1, 4.80374e+19
Pixel 905, 118, 1, 1, 4.80374e+19
Pixel 905, 119, 1, 1, 4.80374e+19
Pixel 904, 119, 1, 1, 4.80374e+19
Pixel 904, 120, 1, 1, 4.80374e+19
=== 2632798 ===
--- pALPIDEfs_6 ---
Pixel 458, 81, 1, 1, 4.80374e+19
=== 2639127 ===
--- pALPIDEfs_3 ---
Pixel 557, 180, 1, 1, 4.80374e+19
=== 2639729 ===
--- pALPIDEfs_3 ---
Pixel 70, 234, 1, 1, 4.80374e+19
=== 2652248 ===
--- pALPIDEfs_3 ---
Pixel 1019, 408, 1, 1, 4.80374e+19
=== 2660489 ===
--- pALPIDEfs_1 ---
Pixel 596, 305, 1, 1, 4.80374e+19
=== 2668148 ===
--- pALPIDEfs_2 ---
Pixel 949, 415, 1, 1, 4.80374e+19
Pixel 950, 415, 1, 1, 4.80374e+19
--- pALPIDEfs_3 ---
Pixel 971, 351, 1, 1, 4.80374e+19
Pixel 970, 352, 1, 1, 4.80374e+19
Pixel 971, 352, 1, 1, 4.80374e+19
=== 2669606 ===
--- pALPIDEfs_1 ---
Pixel 530, 350, 1, 1, 4.80374e+19
=== 2670723 ===
--- pALPIDEfs_0 ---
Pixel 523, 381, 1, 1, 4.80374e+19
Pixel 522, 381, 1, 1, 4.80374e+19
Pixel 523, 382, 1, 1, 4.80374e+19
=== 2677386 ===
--- pALPIDEfs_4 ---
Pixel 397, 153, 1, 1, 4.80374e+19
Pixel 396, 153, 1, 1, 4.80374e+19
Pixel 396, 154, 1, 1, 4.80374e+19
Pixel 397, 154, 1, 1, 4.80374e+19
--- pALPIDEfs_5 ---
Pixel 428, 505, 1, 1, 4.80374e+19
=== 2677454 ===
--- pALPIDEfs_5 ---
Pixel 995, 468, 1, 1, 4.80374e+19
Pixel 995, 469, 1, 1, 4.80374e+19
Pixel 994, 469, 1, 1, 4.80374e+19
=== 2689570 ===
--- pALPIDEfs_5 ---
Pixel 727, 316, 1, 1, 4.80374e+19
Pixel 727, 317, 1, 1, 4.80374e+19
Pixel 728, 315, 1, 1, 4.80374e+19
Pixel 728, 316, 1, 1, 4.80374e+19
Pixel 728, 317, 1, 1, 4.80374e+19
=== 2697537 ===
--- pALPIDEfs_1 ---
Pixel 740, 510, 1, 1, 4.80374e+19
=== 2701395 ===
--- pALPIDEfs_6 ---
Pixel 1015, 322, 1, 1, 4.80374e+19
Pixel 1015, 323, 1, 1, 4.80374e+19
=== 2712097 ===
--- pALPIDEfs_3 ---
Pixel 71, 346, 1, 1, 4.80374e+19
=== 2741830 ===
--- pALPIDEfs_0 ---
Pixel 706, 54, 1, 1, 4.80374e+19
Pixel 707, 54, 1, 1, 4.80374e+19
Pixel 707, 55, 1, 1, 4.80374e+19
Pixel 706, 55, 1, 1, 4.80374e+19
=== 2761199 ===
--- pALPIDEfs_0 ---
Pixel 225, 426, 1, 1, 4.80374e+19
Pixel 226, 426, 1, 1, 4.80374e+19
=== 2780267 ===
--- pALPIDEfs_2 ---
Pixel 531, 447, 1, 1, 4.80374e+19
Pixel 530, 447, 1, 1, 4.80374e+19
Pixel 530, 448, 1, 1, 4.80374e+19
Pixel 531, 448, 1, 1, 4.80374e+19
=== 2807550 ===
--- pALPIDEfs_5 ---
Pixel 459, 326, 1, 1, 4.80374e+19
Pixel 459, 327, 1, 1, 4.80374e+19
Pixel 460, 326, 1, 1, 4.80374e+19
Pixel 460, 327, 1, 1, 4.80374e+19
=== 2843418 ===
--- pALPIDEfs_0 ---
Pixel 263, 10, 1, 1, 4.80374e+19
Pixel 263, 11, 1, 1, 4.80374e+19
Pixel 264, 10, 1, 1, 4.80374e+19
Pixel 264, 11, 1, 1, 4.80374e+19
=== 2848419 ===
--- pALPIDEfs_1 ---
Pixel 663, 250, 1, 1, 4.80374e+19
Pixel 663, 251, 1, 1, 4.80374e+19
Pixel 664, 250, 1, 1, 4.80374e+19
Pixel 664, 251, 1, 1, 4.80374e+19
=== 2849352 ===
--- pALPIDEfs_4 ---
Pixel 62, 262, 1, 1, 4.80374e+19
--- pALPIDEfs_5 ---
Pixel 119, 211, 1, 1, 4.80374e+19
Pixel 120, 211, 1, 1, 4.80374e+19
--- pALPIDEfs_6 ---
Pixel 229, 98, 1, 1, 4.80374e+19
Pixel 229, 99, 1, 1, 4.80374e+19
=== 2882193 ===
--- pALPIDEfs_1 ---
Pixel 919, 479, 1, 1, 4.80374e+19
Pixel 919, 480, 1, 1, 4.80374e+19
Pixel 920, 479, 1, 1, 4.80374e+19
Pixel 920, 480, 1, 1, 4.80374e+19
=== 2918053 ===
--- pALPIDEfs_5 ---
Pixel 1017, 30, 1, 1, 4.80374e+19
Pixel 1017, 31, 1, 1, 4.80374e+19
Pixel 1018, 30, 1, 1, 4.80374e+19
Pixel 1018, 31, 1, 1, 4.80374e+19
=== 2921333 ===
--- pALPIDEfs_1 ---
Pixel 971, 335, 1, 1, 4.80374e+19
Pixel 971, 336, 1, 1, 4.80374e+19
Pixel 972, 335, 1, 1, 4.80374e+19
Pixel 972, 336, 1, 1, 4.80374e+19
Pixel 973, 336, 1, 1, 4.80374e+19
=== 2930120 ===
--- pALPIDEfs_6 ---
Pixel 280, 188, 1, 1, 4.80374e+19
=== 2954889 ===
--- pALPIDEfs_0 ---
Pixel 813, 291, 1, 1, 4.80374e+19
Pixel 814, 290, 1, 1, 4.80374e+19
Pixel 814, 291, 1, 1, 4.80374e+19
=== 2968816 ===
--- pALPIDEfs_5 ---
Pixel 381, 192, 1, 1, 4.80374e+19
Pixel 381, 193, 1, 1, 4.80374e+19
=== 2982710 ===
--- pALPIDEfs_4 ---
Pixel 617, 319, 1, 1, 4.80374e+19
Pixel 616, 319, 1, 1, 4.80374e+19
=== 2984358 ===
--- pALPIDEfs_1 ---
Pixel 533, 413, 1, 1, 4.80374e+19
Pixel 533, 414, 1, 1, 4.80374e+19
Pixel 533, 415, 1, 1, 4.80374e+19
Pixel 534, 413, 1, 1, 4.80374e+19
Pixel 534, 414, 1, 1, 4.80374e+19
Pixel 534, 415, 1, 1, 4.80374e+19
=== 2999354 ===
--- pALPIDEfs_5 ---
Pixel 705, 35, 1, 1, 4.80374e+19
Pixel 705, 36, 1, 1, 4.80374e+19
Pixel 706, 35, 1, 1, 4.80374e+19
=== 3007816 ===
--- pALPIDEfs_5 ---
Pixel 326, 468, 1, 1, 4.80374e+19
--- pALPIDEfs_6 ---
Pixel 480, 148, 1, 1, 4.80374e+19
=== 3023563 ===
--- pALPIDEfs_3 ---
Pixel 56, 263, 1, 1, 4.80374e+19
--- pALPIDEfs_4 ---
Pixel 436, 455, 1, 1, 4.80374e+19
Pixel 436, 456, 1, 1, 4.80374e+19
Pixel 437, 456, 1, 1, 4.80374e+19
=== 3042953 ===
--- pALPIDEfs_5 ---
Pixel 475, 114, 1, 1, 4.80374e+19
--- pALPIDEfs_6 ---
Pixel 674, 409, 1, 1, 4.80374e+19
=== 3060038 ===
--- pALPIDEfs_5 ---
Pixel 914, 57, 1, 1, 4.80374e+19
Pixel 914, 58, 1, 1, 4.80374e+19
Pixel 914, 59, 1, 1, 4.80374e+19
=== 3062961 ===
--- pALPIDEfs_2 ---
Pixel 483, 430, 1, 1, 4.80374e+19
Pixel 484, 430, 1, 1, 4.80374e+19
Pixel 484, 431, 1, 1, 4.80374e+19
=== 3069372 ===
--- pALPIDEfs_4 ---
Pixel 797, 393, 1, 1, 4.80374e+19
Pixel 797, 394, 1, 1, 4.80374e+19
Pixel 798, 393, 1, 1, 4.80374e+19
=== 3089418 ===
--- pALPIDEfs_2 ---
Pixel 705, 83, 1, 1, 4.80374e+19
Pixel 704, 83, 1, 1, 4.80374e+19
Pixel 704, 84, 1, 1, 4.80374e+19
Pixel 705, 84, 1, 1, 4.80374e+19
Pixel 705, 85, 1, 1, 4.80374e+19
Pixel 705, 86, 1, 1, 4.80374e+19
Pixel 706, 85, 1, 1, 4.80374e+19
Pixel 706, 86, 1, 1, 4.80374e+19
=== 3090835 ===
--- pALPIDEfs_2 ---
Pixel 951, 174, 1, 1, 4.80374e+19
--- pALPIDEfs_3 ---
Pixel 831, 399, 1, 1, 4.80374e+19
Pixel 830, 399, 1, 1, 4.80374e+19
Pixel 830, 400, 1, 1, 4.80374e+19
Pixel 831, 400, 1, 1, 4.80374e+19
=== 3122489 ===
--- pALPIDEfs_3 ---
Pixel 920, 408, 1, 1, 4.80374e+19
Pixel 920, 409, 1, 1, 4.80374e+19
Pixel 920, 410, 1, 1, 4.80374e+19
=== 3132156 ===
--- pALPIDEfs_6 ---
Pixel 828, 396, 1, 1, 4.80374e+19
Pixel 829, 396, 1, 1, 4.80374e+19
Pixel 829, 397, 1, 1, 4.80374e+19
=== 3133072 ===
--- pALPIDEfs_6 ---
Pixel 249, 337, 1, 1, 4.80374e+19
Pixel 249, 338, 1, 1, 4.80374e+19
Pixel 250, 336, 1, 1, 4.80374e+19
Pixel 251, 337, 1, 1, 4.80374e+19
Pixel 250, 337, 1, 1, 4.80374e+19
Pixel 250, 338, 1, 1, 4.80374e+19
=== 3139430 ===
--- pALPIDEfs_5 ---
Pixel 407, 287, 1, 1, 4.80374e+19
Pixel 408, 287, 1, 1, 4.80374e+19
=== 3143139 ===
--- pALPIDEfs_6 ---
Pixel 463, 63, 1, 1, 4.80374e+19
Pixel 465, 63, 1, 1, 4.80374e+19
Pixel 464, 63, 1, 1, 4.80374e+19
Pixel 465, 64, 1, 1, 4.80374e+19
Pixel 466, 64, 1, 1, 4.80374e+19
=== 3154601 ===
--- pALPIDEfs_1 ---
Pixel 976, 32, 1, 1, 4.80374e+19
Pixel 977, 32, 1, 1, 4.80374e+19
=== 3177862 ===
--- pALPIDEfs_5 ---
Pixel 43, 413, 1, 1, 4.80374e+19
Pixel 43, 414, 1, 1, 4.80374e+19
Pixel 44, 413, 1, 1, 4.80374e+19
Pixel 44, 414, 1, 1, 4.80374e+19
=== 3198781 ===
--- pALPIDEfs_3 ---
Pixel 807, 33, 1, 1, 4.80374e+19
Pixel 806, 34, 1, 1, 4.80374e+19
Pixel 807, 34, 1, 1, 4.80374e+19
Pixel 808, 32, 1, 1, 4.80374e+19
Pixel 808, 33, 1, 1, 4.80374e+19
=== 3204231 ===
--- pALPIDEfs_6 ---
Pixel 688, 148, 1, 1, 4.80374e+19
Pixel 688, 149, 1, 1, 4.80374e+19
=== 3205187 ===
--- pALPIDEfs_4 ---
Pixel 541, 313, 1, 1, 4.80374e+19
Pixel 540, 313, 1, 1, 4.80374e+19
Pixel 540, 314, 1, 1, 4.80374e+19
Pixel 541, 314, 1, 1, 4.80374e+19
--- pALPIDEfs_5 ---
Pixel 81, 475, 1, 1, 4.80374e+19
Pixel 80, 475, 1, 1, 4.80374e+19
Pixel 80, 476, 1, 1, 4.80374e+19
Pixel 81, 476, 1, 1, 4.80374e+19
Pixel 81, 477, 1, 1, 4.80374e+19
Pixel 81, 478, 1, 1, 4.80374e+19
Pixel 82, 475, 1, 1, 4.80374e+19
Pixel 82, 476, 1, 1, 4.80374e+19
Pixel 82, 477, 1, 1, 4.80374e+19
=== 3208619 ===
--- pALPIDEfs_4 ---
Pixel 151, 479, 1, 1, 4.80374e+19
Pixel 150, 479, 1, 1, 4.80374e+19
Pixel 150, 480, 1, 1, 4.80374e+19
Pixel 151, 480, 1, 1, 4.80374e+19
=== 3209859 ===
--- pALPIDEfs_0 ---
Pixel 709, 199, 1, 1, 4.80374e+19
Pixel 709, 200, 1, 1, 4.80374e+19
=== 3213183 ===
--- pALPIDEfs_5 ---
Pixel 145, 161, 1, 1, 4.80374e+19
Pixel 146, 161, 1, 1, 4.80374e+19
--- pALPIDEfs_6 ---
Pixel 966, 36, 1, 1, 4.80374e+19
Pixel 967, 36, 1, 1, 4.80374e+19
Pixel 967, 37, 1, 1, 4.80374e+19
Pixel 966, 37, 1, 1, 4.80374e+19
=== 3218970 ===
--- pALPIDEfs_1 ---
Pixel 486, 140, 1, 1, 4.80374e+19
Pixel 487, 141, 1, 1, 4.80374e+19
Pixel 486, 141, 1, 1, 4.80374e+19
=== 3229188 ===
--- pALPIDEfs_4 ---
Pixel 878, 99, 1, 1, 4.80374e+19
=== 3231151 ===
--- pALPIDEfs_0 ---
Pixel 931, 54, 1, 1, 4.80374e+19
Pixel 931, 55, 1, 1, 4.80374e+19
--- pALPIDEfs_1 ---
Pixel 920, 390, 1, 1, 4.80374e+19
Pixel 920, 391, 1, 1, 4.80374e+19
=== 3244982 ===
--- pALPIDEfs_3 ---
Pixel 929, 56, 1, 1, 4.80374e+19
=== 3255865 ===
--- pALPIDEfs_2 ---
Pixel 441, 156, 1, 1, 4.80374e+19
Pixel 441, 157, 1, 1, 4.80374e+19
=== 3258912 ===
--- pALPIDEfs_5 ---
Pixel 459, 468, 1, 1, 4.80374e+19
Pixel 460, 468, 1, 1, 4.80374e+19
=== 3269174 ===
--- pALPIDEfs_3 ---
Pixel 866, 226, 1, 1, 4.80374e+19
=== 3303588 ===
--- pALPIDEfs_6 ---
Pixel 876, 250, 1, 1, 4.80374e+19
Pixel 877, 250, 1, 1, 4.80374e+19
Pixel 877, 251, 1, 1, 4.80374e+19
Pixel 876, 251, 1, 1, 4.80374e+19
=== 3315576 ===
--- pALPIDEfs_0 ---
Pixel 518, 86, 1, 1, 4.80374e+19
=== 3326531 ===
--- pALPIDEfs_0 ---
Pixel 1009, 426, 1, 1, 4.80374e+19
Pixel 1009, 427, 1, 1, 4.80374e+19
Pixel 1008, 428, 1, 1, 4.80374e+19
Pixel 1009, 428, 1, 1, 4.80374e+19
Pixel 1008, 429, 1, 1, 4.80374e+19
Pixel 1011, 422, 1, 1, 4.80374e+19
Pixel 1011, 423, 1, 1, 4.80374e+19
Pixel 1011, 424, 1, 1, 4.80374e+19
Pixel 1010, 425, 1, 1, 4.80374e+19
Pixel 1010, 426, 1, 1, 4.80374e+19
=== 3328106 ===
--- pALPIDEfs_3 ---
Pixel 917, 28, 1, 1, 4.80374e+19
Pixel 917, 29, 1, 1, 4.80374e+19
Pixel 919, 26, 1, 1, 4.80374e+19
Pixel 919, 27, 1, 1, 4.80374e+19
Pixel 918, 27, 1, 1, 4.80374e+19
Pixel 918, 28, 1, 1, 4.80374e+19
Pixel 919, 28, 1, 1, 4.80374e+19
Pixel 920, 26, 1, 1, 4.80374e+19
Pixel 921, 26, 1, 1, 4.80374e+19
Pixel 920, 27, 1, 1, 4.80374e+19
=== 3328178 ===
--- pALPIDEfs_6 ---
Pixel 623, 10, 1, 1, 4.80374e+19
Pixel 623, 11, 1, 1, 4.80374e+19
=== 3332747 ===
--- pALPIDEfs_1 ---
Pixel 65, 485, 1, 1, 4.80374e+19
Pixel 65, 486, 1, 1, 4.80374e+19
Pixel 66, 485, 1, 1, 4.80374e+19
=== 3339034 ===
--- pALPIDEfs_3 ---
Pixel 557, 180, 1, 1, 4.80374e+19
=== 3366918 ===
--- pALPIDEfs_4 ---
Pixel 94, 458, 1, 1, 4.80374e+19
Pixel 95, 458, 1, 1, 4.80374e+19
Pixel 95, 459, 1, 1, 4.80374e+19
Pixel 94, 459, 1, 1, 4.80374e+19
Pixel 95, 460, 1, 1, 4.80374e+19
Pixel 95, 461, 1, 1, 4.80374e+19
Pixel 96, 461, 1, 1, 4.80374e+19
=== 3436508 ===
--- pALPIDEfs_3 ---
Pixel 449, 331, 1, 1, 4.80374e+19
Pixel 448, 331, 1, 1, 4.80374e+19
Pixel 448, 332, 1, 1, 4.80374e+19
Pixel 449, 332, 1, 1, 4.80374e+19
=== 3475358 ===
--- pALPIDEfs_5 ---
Pixel 68, 286, 1, 1, 4.80374e+19
=== 3485789 ===
--- pALPIDEfs_5 ---
Pixel 1003, 19, 1, 1, 4.80374e+19
Pixel 1002, 19, 1, 1, 4.80374e+19
Pixel 1002, 20, 1, 1, 4.80374e+19
Pixel 1003, 20, 1, 1, 4.80374e+19
=== 3493673 ===
--- pALPIDEfs_2 ---
Pixel 681, 358, 1, 1, 4.80374e+19
Pixel 682, 358, 1, 1, 4.80374e+19
Pixel 682, 359, 1, 1, 4.80374e+19
=== 3508478 ===
--- pALPIDEfs_5 ---
Pixel 382, 410, 1, 1, 4.80374e+19
Pixel 383, 410, 1, 1, 4.80374e+19
Pixel 383, 411, 1, 1, 4.80374e+19
Pixel 382, 411, 1, 1, 4.80374e+19
=== 3509642 ===
--- pALPIDEfs_0 ---
Pixel 383, 109, 1, 1, 4.80374e+19
Pixel 382, 109, 1, 1, 4.80374e+19
Pixel 382, 110, 1, 1, 4.80374e+19
Pixel 383, 110, 1, 1, 4.80374e+19
Pixel 383, 111, 1, 1, 4.80374e+19
Pixel 382, 111, 1, 1, 4.80374e+19
=== 3511817 ===
--- pALPIDEfs_4 ---
Pixel 11, 115, 1, 1, 4.80374e+19
=== 3523050 ===
--- pALPIDEfs_5 ---
Pixel 268, 467, 1, 1, 4.80374e+19
=== 3528351 ===
--- pALPIDEfs_3 ---
Pixel 475, 491, 1, 1, 4.80374e+19
Pixel 475, 492, 1, 1, 4.80374e+19
Pixel 476, 492, 1, 1, 4.80374e+19
Pixel 477, 493, 1, 1, 4.80374e+19
Pixel 476, 493, 1, 1, 4.80374e+19
Pixel 479, 497, 1, 1, 4.80374e+19
Pixel 478, 498, 1, 1, 4.80374e+19
Pixel 479, 498, 1, 1, 4.80374e+19
Pixel 479, 499, 1, 1, 4.80374e+19
Pixel 478, 499, 1, 1, 4.80374e+19
Pixel 483, 461, 1, 1, 4.80374e+19
Pixel 483, 462, 1, 1, 4.80374e+19
Pixel 483, 463, 1, 1, 4.80374e+19
Pixel 482, 464, 1, 1, 4.80374e+19
Pixel 483, 464, 1, 1, 4.80374e+19
Pixel 483, 465, 1, 1, 4.80374e+19
Pixel 482, 465, 1, 1, 4.80374e+19
Pixel 482, 466, 1, 1, 4.80374e+19
Pixel 483, 466, 1, 1, 4.80374e+19
Pixel 483, 467, 1, 1, 4.80374e+19
Pixel 482, 467, 1, 1, 4.80374e+19
Pixel 482, 468, 1, 1, 4.80374e+19
Pixel 484, 459, 1, 1, 4.80374e+19
Pixel 484, 460, 1, 1, 4.80374e+19
Pixel 484, 461, 1, 1, 4.80374e+19
Pixel 484, 462, 1, 1, 4.80374e+19
Pixel 484, 463, 1, 1, 4.80374e+19
=== 3537492 ===
--- pALPIDEfs_3 ---
Pixel 677, 24, 1, 1, 4.80374e+19
Pixel 677, 25, 1, 1, 4.80374e+19
Pixel 678, 25, 1, 1, 4.80374e+19
=== 3555000 ===
--- pALPIDEfs_6 ---
Pixel 175, 9, 1, 1, 4.80374e+19
Pixel 175, 10, 1, 1, 4.80374e+19
Pixel 176, 9, 1, 1, 4.80374e+19
Pixel 176, 10, 1, 1, 4.80374e+19
=== 3558883 ===
--- pALPIDEfs_3 ---
Pixel 885, 418, 1, 1, 4.80374e+19
Pixel 885, 419, 1, 1, 4.80374e+19
=== 3561920 ===
--- pALPIDEfs_3 ---
Pixel 934, 260, 1, 1, 4.80374e+19
Pixel 934, 261, 1, 1, 4.80374e+19
--- pALPIDEfs_4 ---
Pixel 505, 397, 1, 1, 4.80374e+19
Pixel 506, 397, 1, 1, 4.80374e+19
=== 3594599 ===
--- pALPIDEfs_1 ---
Pixel 567, 41, 1, 1, 4.80374e+19
Pixel 567, 42, 1, 1, 4.80374e+19
Pixel 568, 42, 1, 1, 4.80374e+19
=== 3595596 ===
--- pALPIDEfs_6 ---
Pixel 511, 422, 1, 1, 4.80374e+19
Pixel 512, 422, 1, 1, 4.80374e+19
Pixel 512, 423, 1, 1, 4.80374e+19
=== 3611600 ===
--- pALPIDEfs_1 ---
Pixel 190, 233, 1, 1, 4.80374e+19
Pixel 190, 234, 1, 1, 4.80374e+19
Pixel 191, 234, 1, 1, 4.80374e+19
=== 3663926 ===
--- pALPIDEfs_5 ---
Pixel 393, 146, 1, 1, 4.80374e+19
Pixel 393, 147, 1, 1, 4.80374e+19
Pixel 394, 144, 1, 1, 4.80374e+19
Pixel 395, 144, 1, 1, 4.80374e+19
Pixel 395, 145, 1, 1, 4.80374e+19
Pixel 394, 145, 1, 1, 4.80374e+19
Pixel 394, 146, 1, 1, 4.80374e+19
Pixel 394, 147, 1, 1, 4.80374e+19
Pixel 399, 138, 1, 1, 4.80374e+19
Pixel 399, 139, 1, 1, 4.80374e+19
Pixel 401, 134, 1, 1, 4.80374e+19
Pixel 401, 135, 1, 1, 4.80374e+19
Pixel 400, 135, 1, 1, 4.80374e+19
Pixel 400, 136, 1, 1, 4.80374e+19
Pixel 401, 136, 1, 1, 4.80374e+19
Pixel 401, 137, 1, 1, 4.80374e+19
Pixel 400, 137, 1, 1, 4.80374e+19
Pixel 400, 138, 1, 1, 4.80374e+19
Pixel 401, 138, 1, 1, 4.80374e+19
Pixel 400, 139, 1, 1, 4.80374e+19
=== 3678772 ===
--- pALPIDEfs_6 ---
Pixel 446, 446, 1, 1, 4.80374e+19
=== 3727300 ===
--- pALPIDEfs_5 ---
Pixel 637, 386, 1, 1, 4.80374e+19
--- pALPIDEfs_6 ---
Pixel 670, 111, 1, 1, 4.80374e+19
Pixel 670, 112, 1, 1, 4.80374e+19
=== 3730409 ===
--- pALPIDEfs_4 ---
Pixel 998, 486, 1, 1, 4.80374e+19
Pixel 999, 486, 1, 1, 4.80374e+19
Pixel 999, 487, 1, 1, 4.80374e+19
Pixel 998, 487, 1, 1, 4.80374e+19
Pixel 998, 488, 1, 1, 4.80374e+19
=== 3747425 ===
--- pALPIDEfs_6 ---
Pixel 777, 45, 1, 1, 4.80374e+19
=== 3756839 ===
--- pALPIDEfs_3 ---
Pixel 87, 34, 1, 1, 4.80374e+19
Pixel 87, 35, 1, 1, 4.80374e+19
Pixel 87, 36, 1, 1, 4.80374e+19
Pixel 88, 35, 1, 1, 4.80374e+19
Pixel 88, 36, 1, 1, 4.80374e+19
=== 3764289 ===
--- pALPIDEfs_0 ---
Pixel 892, 146, 1, 1, 4.80374e+19
Pixel 892, 147, 1, 1, 4.80374e+19
=== 3776388 ===
--- pALPIDEfs_0 ---
Pixel 270, 357, 1, 1, 4.80374e+19
=== 3785671 ===
--- pALPIDEfs_1 ---
Pixel 370, 427, 1, 1, 4.80374e+19
Pixel 370, 428, 1, 1, 4.80374e+19
Pixel 516, 115, 1, 1, 4.80374e+19
Pixel 516, 116, 1, 1, 4.80374e+19
=== 3792406 ===
--- pALPIDEfs_4 ---
Pixel 361, 319, 1, 1, 4.80374e+19
=== 3802629 ===
--- pALPIDEfs_4 ---
Pixel 497, 320, 1, 1, 4.80374e+19
Pixel 497, 321, 1, 1, 4.80374e+19
Pixel 498, 320, 1, 1, 4.80374e+19
Pixel 498, 321, 1, 1, 4.80374e+19
=== 3804162 ===
--- pALPIDEfs_3 ---
Pixel 271, 407, 1, 1, 4.80374e+19
Pixel 271, 408, 1, 1, 4.80374e+19
Pixel 273, 407, 1, 1, 4.80374e+19
Pixel 272, 407, 1, 1, 4.80374e+19
Pixel 272, 408, 1, 1, 4.80374e+19
=== 3806246 ===
--- pALPIDEfs_1 ---
Pixel 945, 319, 1, 1, 4.80374e+19
Pixel 945, 320, 1, 1, 4.80374e+19
=== 3819791 ===
--- pALPIDEfs_5 ---
Pixel 32, 275, 1, 1, 4.80374e+19
=== 3824008 ===
--- pALPIDEfs_3 ---
Pixel 654, 64, 1, 1, 4.80374e+19
Pixel 655, 64, 1, 1, 4.80374e+19
Pixel 655, 65, 1, 1, 4.80374e+19
Pixel 654, 65, 1, 1, 4.80374e+19
=== 3830687 ===
--- pALPIDEfs_3 ---
Pixel 61, 58, 1, 1, 4.80374e+19
Pixel 62, 58, 1, 1, 4.80374e+19
--- pALPIDEfs_4 ---
Pixel 335, 389, 1, 1, 4.80374e+19
Pixel 335, 390, 1, 1, 4.80374e+19
Pixel 336, 389, 1, 1, 4.80374e+19
Pixel 336, 390, 1, 1, 4.80374e+19
Pixel 336, 391, 1, 1, 4.80374e+19
=== 3832678 ===
--- pALPIDEfs_6 ---
Pixel 172, 504, 1, 1, 4.80374e+19
=== 3838937 ===
--- pALPIDEfs_2 ---
Pixel 167, 438, 1, 1, 4.80374e+19
Pixel 167, 439, 1, 1, 4.80374e+19
Pixel 168, 438, 1, 1, 4.80374e+19
Pixel 169, 439, 1, 1, 4.80374e+19
Pixel 168, 439, 1, 1, 4.80374e+19
Pixel 168, 440, 1, 1, 4.80374e+19
=== 3845802 ===
--- pALPIDEfs_5 ---
Pixel 170, 3, 1, 1, 4.80374e+19
Pixel 170, 4, 1, 1, 4.80374e+19
=== 3850499 ===
--- pALPIDEfs_6 ---
Pixel 734, 450, 1, 1, 4.80374e+19
Pixel 735, 450, 1, 1, 4.80374e+19
Pixel 735, 451, 1, 1, 4.80374e+19
Pixel 734, 451, 1, 1, 4.80374e+19
Pixel 734, 452, 1, 1, 4.80374e+19
Pixel 735, 452, 1, 1, 4.80374e+19
=== 3851173 ===
--- pALPIDEfs_2 ---
Pixel 325, 179, 1, 1, 4.80374e+19
Pixel 325, 180, 1, 1, 4.80374e+19
Pixel 326, 180, 1, 1, 4.80374e+19
=== 3865849 ===
--- pALPIDEfs_2 ---
Pixel 353, 193, 1, 1, 4.80374e+19
Pixel 352, 193, 1, 1, 4.80374e+19
Pixel 353, 194, 1, 1, 4.80374e+19
Pixel 354, 194, 1, 1, 4.80374e+19
Pixel 355, 195, 1, 1, 4.80374e+19
Pixel 354, 195, 1, 1, 4.80374e+19
Pixel 355, 196, 1, 1, 4.80374e+19
Pixel 356, 196, 1, 1, 4.80374e+19
Pixel 357, 197, 1, 1, 4.80374e+19
Pixel 356, 197, 1, 1, 4.80374e+19
Pixel 357, 198, 1, 1, 4.80374e+19
Pixel 358, 197, 1, 1, 4.80374e+19
Pixel 358, 198, 1, 1, 4.80374e+19
Pixel 359, 198, 1, 1, 4.80374e+19
Pixel 359, 199, 1, 1, 4.80374e+19
Pixel 358, 199, 1, 1, 4.80374e+19
Pixel 360, 199, 1, 1, 4.80374e+19
Pixel 360, 200, 1, 1, 4.80374e+19
Pixel 361, 200, 1, 1, 4.80374e+19
Pixel 361, 201, 1, 1, 4.80374e+19
Pixel 362, 201, 1, 1, 4.80374e+19
Pixel 362, 202, 1, 1, 4.80374e+19
Pixel 363, 202, 1, 1, 4.80374e+19
=== 3865968 ===
--- pALPIDEfs_1 ---
Pixel 31, 59, 1, 1, 4.80374e+19
Pixel 31, 60, 1, 1, 4.80374e+19
=== 3872760 ===
--- pALPIDEfs_1 ---
Pixel 16, 307, 1, 1, 4.80374e+19
=== 3873636 ===
--- pALPIDEfs_6 ---
Pixel 525, 70, 1, 1, 4.80374e+19
Pixel 526, 70, 1, 1, 4.80374e+19
=== 3882714 ===
--- pALPIDEfs_3 ---
Pixel 835, 70, 1, 1, 4.80374e+19
Pixel 835, 71, 1, 1, 4.80374e+19
Pixel 836, 69, 1, 1, 4.80374e+19
Pixel 836, 70, 1, 1, 4.80374e+19
=== 3890748 ===
--- pALPIDEfs_3 ---
Pixel 884, 388, 1, 1, 4.80374e+19
Pixel 885, 388, 1, 1, 4.80374e+19
Pixel 885, 389, 1, 1, 4.80374e+19
Pixel 884, 389, 1, 1, 4.80374e+19
Pixel 885, 390, 1, 1, 4.80374e+19
=== 3907401 ===
--- pALPIDEfs_2 ---
Pixel 820, 107, 1, 1, 4.80374e+19
Pixel 820, 108, 1, 1, 4.80374e+19
=== 3915157 ===
--- pALPIDEfs_2 ---
Pixel 601, 170, 1, 1, 4.80374e+19
Pixel 601, 171, 1, 1, 4.80374e+19
Pixel 600, 171, 1, 1, 4.80374e+19
Pixel 600, 172, 1, 1, 4.80374e+19
Pixel 601, 172, 1, 1, 4.80374e+19
=== 3921501 ===
--- pALPIDEfs_4 ---
Pixel 910, 198, 1, 1, 4.80374e+19
Pixel 911, 198, 1, 1, 4.80374e+19
Pixel 911, 199, 1, 1, 4.80374e+19
Pixel 910, 199, 1, 1, 4.80374e+19
=== 3923859 ===
--- pALPIDEfs_6 ---
Pixel 800, 190, 1, 1, 4.80374e+19
Pixel 801, 190, 1, 1, 4.80374e+19
=== 3936994 ===
--- pALPIDEfs_5 ---
Pixel 955, 85, 1, 1, 4.80374e+19
=== 3941040 ===
--- pALPIDEfs_2 ---
Pixel 282, 246, 1, 1, 4.80374e+19
Pixel 282, 247, 1, 1, 4.80374e+19
=== 3948607 ===
--- pALPIDEfs_6 ---
Pixel 513, 464, 1, 1, 4.80374e+19
Pixel 514, 464, 1, 1, 4.80374e+19
=== 3952647 ===
--- pALPIDEfs_5 ---
Pixel 637, 413, 1, 1, 4.80374e+19
Pixel 638, 413, 1, 1, 4.80374e+19
Pixel 639, 414, 1, 1, 4.80374e+19
Pixel 640, 414, 1, 1, 4.80374e+19
Pixel 641, 415, 1, 1, 4.80374e+19
Pixel 640, 415, 1, 1, 4.80374e+19
Pixel 641, 416, 1, 1, 4.80374e+19
Pixel 642, 415, 1, 1, 4.80374e+19
Pixel 642, 416, 1, 1, 4.80374e+19
Pixel 643, 416, 1, 1, 4.80374e+19
Pixel 643, 417, 1, 1, 4.80374e+19
Pixel 644, 417, 1, 1, 4.80374e+19
=== 3972116 ===
--- pALPIDEfs_2 ---
Pixel 175, 202, 1, 1, 4.80374e+19
Pixel 175, 203, 1, 1, 4.80374e+19
=== 3975710 ===
--- pALPIDEfs_3 ---
Pixel 395, 299, 1, 1, 4.80374e+19
=== 4001448 ===
--- pALPIDEfs_4 ---
Pixel 27, 91, 1, 1, 4.80374e+19
Pixel 28, 91, 1, 1, 4.80374e+19
Pixel 28, 92, 1, 1, 4.80374e+19
=== 4010297 ===
--- pALPIDEfs_2 ---
Pixel 279, 243, 1, 1, 4.80374e+19
Pixel 279, 244, 1, 1, 4.80374e+19
Pixel 279, 245, 1, 1, 4.80374e+19
Pixel 280, 241, 1, 1, 4.80374e+19
Pixel 280, 242, 1, 1, 4.80374e+19
Pixel 280, 243, 1, 1, 4.80374e+19
Pixel 280, 244, 1, 1, 4.80374e+19
--- pALPIDEfs_3 ---
Pixel 903, 217, 1, 1, 4.80374e+19
Pixel 903, 218, 1, 1, 4.80374e+19
Pixel 905, 217, 1, 1, 4.80374e+19
Pixel 904, 217, 1, 1, 4.80374e+19
Pixel 904, 218, 1, 1, 4.80374e+19
Pixel 905, 218, 1, 1, 4.80374e+19
Pixel 906, 216, 1, 1, 4.80374e+19
Pixel 906, 217, 1, 1, 4.80374e+19
Pixel 906, 218, 1, 1, 4.80374e+19
=== 4022625 ===
--- pALPIDEfs_2 ---
Pixel 533, 40, 1, 1, 4.80374e+19
Pixel 533, 41, 1, 1, 4.80374e+19
Pixel 534, 40, 1, 1, 4.80374e+19
Pixel 535, 41, 1, 1, 4.80374e+19
Pixel 534, 41, 1, 1, 4.80374e+19
Pixel 534, 42, 1, 1, 4.80374e+19
=== 4026095 ===
--- pALPIDEfs_5 ---
Pixel 383, 222, 1, 1, 4.80374e+19
=== 4042402 ===
--- pALPIDEfs_4 ---
Pixel 286, 174, 1, 1, 4.80374e+19
--- pALPIDEfs_5 ---
Pixel 145, 107, 1, 1, 4.80374e+19
Pixel 145, 108, 1, 1, 4.80374e+19
Pixel 146, 108, 1, 1, 4.80374e+19
=== 4044145 ===
--- pALPIDEfs_5 ---
Pixel 721, 191, 1, 1, 4.80374e+19
Pixel 721, 192, 1, 1, 4.80374e+19
Pixel 722, 191, 1, 1, 4.80374e+19
Pixel 722, 192, 1, 1, 4.80374e+19
=== 4045844 ===
--- pALPIDEfs_3 ---
Pixel 603, 381, 1, 1, 4.80374e+19
Pixel 603, 382, 1, 1, 4.80374e+19
=== 4049690 ===
--- pALPIDEfs_4 ---
Pixel 974, 212, 1, 1, 4.80374e+19
=== 4056562 ===
--- pALPIDEfs_3 ---
Pixel 617, 246, 1, 1, 4.80374e+19
Pixel 617, 247, 1, 1, 4.80374e+19
Pixel 618, 246, 1, 1, 4.80374e+19
Pixel 618, 247, 1, 1, 4.80374e+19
=== 4062696 ===
--- pALPIDEfs_6 ---
Pixel 340, 28, 1, 1, 4.80374e+19
Pixel 341, 28, 1, 1, 4.80374e+19
Pixel 341, 29, 1, 1, 4.80374e+19
Pixel 340, 29, 1, 1, 4.80374e+19
=== 4062752 ===
--- pALPIDEfs_6 ---
Pixel 91, 224, 1, 1, 4.80374e+19
Pixel 91, 225, 1, 1, 4.80374e+19
Pixel 92, 224, 1, 1, 4.80374e+19
Pixel 93, 224, 1, 1, 4.80374e+19
Pixel 93, 225, 1, 1, 4.80374e+19
Pixel 92, 225, 1, 1, 4.80374e+19
Pixel 92, 226, 1, 1, 4.80374e+19
Pixel 93, 226, 1, 1, 4.80374e+19
Pixel 94, 225, 1, 1, 4.80374e+19
Pixel 94, 226, 1, 1, 4.80374e+19
=== 4100451 ===
--- pALPIDEfs_1 ---
Pixel 904, 391, 1, 1, 4.80374e+19
Pixel 904, 392, 1, 1, 4.80374e+19
=== 4102103 ===
--- pALPIDEfs_2 ---
Pixel 319, 461, 1, 1, 4.80374e+19
Pixel 318, 461, 1, 1, 4.80374e+19
Pixel 318, 462, 1, 1, 4.80374e+19
Pixel 319, 462, 1, 1, 4.80374e+19
Pixel 329, 461, 1, 1, 4.80374e+19
Pixel 328, 461, 1, 1, 4.80374e+19
Pixel 328, 462, 1, 1, 4.80374e+19
=== 4105207 ===
--- pALPIDEfs_3 ---
Pixel 113, 282, 1, 1, 4.80374e+19
Pixel 113, 283, 1, 1, 4.80374e+19
Pixel 113, 284, 1, 1, 4.80374e+19
Pixel 113, 285, 1, 1, 4.80374e+19
Pixel 115, 281, 1, 1, 4.80374e+19
Pixel 114, 281, 1, 1, 4.80374e+19
Pixel 114, 282, 1, 1, 4.80374e+19
Pixel 114, 283, 1, 1, 4.80374e+19
Pixel 114, 284, 1, 1, 4.80374e+19
Pixel 114, 285, 1, 1, 4.80374e+19
Pixel 116, 281, 1, 1, 4.80374e+19
=== 4106087 ===
--- pALPIDEfs_1 ---
Pixel 917, 343, 1, 1, 4.80374e+19
Pixel 916, 343, 1, 1, 4.80374e+19
=== 4107393 ===
--- pALPIDEfs_6 ---
Pixel 327, 340, 1, 1, 4.80374e+19
Pixel 328, 339, 1, 1, 4.80374e+19
Pixel 328, 340, 1, 1, 4.80374e+19
=== 4111837 ===
--- pALPIDEfs_3 ---
Pixel 825, 365, 1, 1, 4.80374e+19
Pixel 824, 365, 1, 1, 4.80374e+19
=== 4125138 ===
--- pALPIDEfs_2 ---
Pixel 637, 159, 1, 1, 4.80374e+19
Pixel 639, 157, 1, 1, 4.80374e+19
Pixel 638, 158, 1, 1, 4.80374e+19
Pixel 639, 158, 1, 1, 4.80374e+19
Pixel 638, 159, 1, 1, 4.80374e+19
=== 4126968 ===
--- pALPIDEfs_5 ---
Pixel 713, 23, 1, 1, 4.80374e+19
Pixel 713, 24, 1, 1, 4.80374e+19
Pixel 714, 24, 1, 1, 4.80374e+19
=== 4154962 ===
--- pALPIDEfs_3 ---
Pixel 281, 157, 1, 1, 4.80374e+19
Pixel 281, 158, 1, 1, 4.80374e+19
Pixel 282, 157, 1, 1, 4.80374e+19
Pixel 282, 158, 1, 1, 4.80374e+19
Pixel 999, 416, 1, 1, 4.80374e+19
Pixel 999, 417, 1, 1, 4.80374e+19
--- pALPIDEfs_4 ---
Pixel 658, 470, 1, 1, 4.80374e+19
Pixel 659, 470, 1, 1, 4.80374e+19
Pixel 659, 471, 1, 1, 4.80374e+19
Pixel 658, 471, 1, 1, 4.80374e+19
=== 4163352 ===
--- pALPIDEfs_5 ---
Pixel 560, 176, 1, 1, 4.80374e+19
Pixel 561, 176, 1, 1, 4.80374e+19
Pixel 562, 176, 1, 1, 4.80374e+19
=== 4165349 ===
--- pALPIDEfs_0 ---
Pixel 516, 462, 1, 1, 4.80374e+19
Pixel 517, 462, 1, 1, 4.80374e+19
=== 4167406 ===
--- pALPIDEfs_0 ---
Pixel 375, 160, 1, 1, 4.80374e+19
Pixel 376, 160, 1, 1, 4.80374e+19
Pixel 376, 161, 1, 1, 4.80374e+19
=== 4180326 ===
--- pALPIDEfs_0 ---
Pixel 584, 144, 1, 1, 4.80374e+19
Pixel 584, 145, 1, 1, 4.80374e+19
=== 4182531 ===
--- pALPIDEfs_2 ---
Pixel 990, 160, 1, 1, 4.80374e+19
Pixel 990, 161, 1, 1, 4.80374e+19
=== 4184610 ===
--- pALPIDEfs_1 ---
Pixel 502, 198, 1, 1, 4.80374e+19
Pixel 503, 198, 1, 1, 4.80374e+19
Pixel 503, 199, 1, 1, 4.80374e+19
Pixel 502, 199, 1, 1, 4.80374e+19
=== 4185418 ===
--- pALPIDEfs_3 ---
Pixel 913, 63, 1, 1, 4.80374e+19
Pixel 913, 64, 1, 1, 4.80374e+19
Pixel 914, 63, 1, 1, 4.80374e+19
Pixel 914, 64, 1, 1, 4.80374e+19
=== 4198772 ===
--- pALPIDEfs_5 ---
Pixel 97, 251, 1, 1, 4.80374e+19
Pixel 98, 251, 1, 1, 4.80374e+19
Pixel 98, 252, 1, 1, 4.80374e+19
=== 4212111 ===
--- pALPIDEfs_3 ---
Pixel 395, 299, 1, 1, 4.80374e+19
=== 4215493 ===
--- pALPIDEfs_4 ---
Pixel 937, 491, 1, 1, 4.80374e+19
Pixel 936, 491, 1, 1, 4.80374e+19
Pixel 936, 492, 1, 1, 4.80374e+19
Pixel 937, 492, 1, 1, 4.80374e+19
=== 4216736 ===
--- pALPIDEfs_0 ---
Pixel 622, 80, 1, 1, 4.80374e+19
Pixel 623, 80, 1, 1, 4.80374e+19
Pixel 623, 81, 1, 1, 4.80374e+19
Pixel 622, 81, 1, 1, 4.80374e+19
=== 4226129 ===
--- pALPIDEfs_4 ---
Pixel 338, 250, 1, 1, 4.80374e+19
=== 4227345 ===
--- pALPIDEfs_6 ---
Pixel 330, 11, 1, 1, 4.80374e+19
=== 4235310 ===
--- pALPIDEfs_0 ---
Pixel 83, 182, 1, 1, 4.80374e+19
Pixel 84, 181, 1, 1, 4.80374e+19
Pixel 84, 182, 1, 1, 4.80374e+19
=== 4250026 ===
--- pALPIDEfs_3 ---
Pixel 723, 105, 1, 1, 4.80374e+19
Pixel 724, 105, 1, 1, 4.80374e+19
=== 4255461 ===
--- pALPIDEfs_6 ---
Pixel 312, 66, 1, 1, 4.80374e+19
Pixel 313, 66, 1, 1, 4.80374e+19
Pixel 313, 67, 1, 1, 4.80374e+19
Pixel 312, 67, 1, 1, 4.80374e+19
Pixel 314, 66, 1, 1, 4.80374e+19
Pixel 314, 67, 1, 1, 4.80374e+19
=== 4257056 ===
--- pALPIDEfs_4 ---
Pixel 719, 427, 1, 1, 4.80374e+19
Pixel 719, 428, 1, 1, 4.80374e+19
Pixel 721, 423, 1, 1, 4.80374e+19
Pixel 721, 424, 1, 1, 4.80374e+19
Pixel 721, 425, 1, 1, 4.80374e+19
Pixel 720, 426, 1, 1, 4.80374e+19
Pixel 721, 426, 1, 1, 4.80374e+19
Pixel 720, 427, 1, 1, 4.80374e+19
Pixel 720, 428, 1, 1, 4.80374e+19
Pixel 723, 421, 1, 1, 4.80374e+19
Pixel 722, 422, 1, 1, 4.80374e+19
Pixel 723, 422, 1, 1, 4.80374e+19
Pixel 722, 423, 1, 1, 4.80374e+19
Pixel 722, 424, 1, 1, 4.80374e+19
Pixel 725, 419, 1, 1, 4.80374e+19
Pixel 724, 420, 1, 1, 4.80374e+19
Pixel 725, 420, 1, 1, 4.80374e+19
Pixel 724, 421, 1, 1, 4.80374e+19
Pixel 727, 419, 1, 1, 4.80374e+19
Pixel 726, 419, 1, 1, 4.80374e+19
Pixel 726, 420, 1, 1, 4.80374e+19
=== 4261277 ===
--- pALPIDEfs_1 ---
Pixel 169, 464, 1, 1, 4.80374e+19
Pixel 169, 465, 1, 1, 4.80374e+19
Pixel 170, 464, 1, 1, 4.80374e+19
Pixel 170, 465, 1, 1, 4.80374e+19
Pixel 185, 477, 1, 1, 4.80374e+19
Pixel 184, 477, 1, 1, 4.80374e+19
Pixel 184, 478, 1, 1, 4.80374e+19
Pixel 185, 478, 1, 1, 4.80374e+19
=== 4268993 ===
--- pALPIDEfs_6 ---
Pixel 581, 200, 1, 1, 4.80374e+19
Pixel 581, 201, 1, 1, 4.80374e+19
Pixel 582, 200, 1, 1, 4.80374e+19
Pixel 583, 201, 1, 1, 4.80374e+19
Pixel 582, 201, 1, 1, 4.80374e+19
=== 4286673 ===
--- pALPIDEfs_0 ---
Pixel 291, 464, 1, 1, 4.80374e+19
Pixel 292, 464, 1, 1, 4.80374e+19
=== 4327379 ===
--- pALPIDEfs_3 ---
Pixel 557, 180, 1, 1, 4.80374e+19
=== 4336298 ===
--- pALPIDEfs_0 ---
Pixel 823, 263, 1, 1, 4.80374e+19
Pixel 822, 263, 1, 1, 4.80374e+19
--- pALPIDEfs_1 ---
Pixel 469, 419, 1, 1, 4.80374e+19
--- pALPIDEfs_2 ---
Pixel 137, 471, 1, 1, 4.80374e+19
Pixel 137, 472, 1, 1, 4.80374e+19
=== 4336724 ===
--- pALPIDEfs_2 ---
Pixel 287, 26, 1, 1, 4.80374e+19
=== 4339580 ===
--- pALPIDEfs_3 ---
Pixel 329, 360, 1, 1, 4.80374e+19
Pixel 329, 361, 1, 1, 4.80374e+19
=== 4343018 ===
--- pALPIDEfs_6 ---
Pixel 920, 148, 1, 1, 4.80374e+19
=== 4343257 ===
--- pALPIDEfs_1 ---
Pixel 927, 478, 1, 1, 4.80374e+19
Pixel 927, 479, 1, 1, 4.80374e+19
Pixel 927, 480, 1, 1, 4.80374e+19
Pixel 929, 482, 1, 1, 4.80374e+19
Pixel 929, 483, 1, 1, 4.80374e+19
Pixel 928, 483, 1, 1, 4.80374e+19
Pixel 930, 482, 1, 1, 4.80374e+19
Pixel 930, 483, 1, 1, 4.80374e+19
Pixel 931, 485, 1, 1, 4.80374e+19
Pixel 931, 486, 1, 1, 4.80374e+19
Pixel 935, 483, 1, 1, 4.80374e+19
Pixel 935, 484, 1, 1, 4.80374e+19
Pixel 936, 483, 1, 1, 4.80374e+19
=== 4375188 ===
--- pALPIDEfs_1 ---
Pixel 1018, 316, 1, 1, 4.80374e+19
Pixel 1018, 317, 1, 1, 4.80374e+19
=== 4379784 ===
--- pALPIDEfs_5 ---
Pixel 62, 457, 1, 1, 4.80374e+19
Pixel 62, 458, 1, 1, 4.80374e+19
=== 4380476 ===
--- pALPIDEfs_2 ---
Pixel 689, 183, 1, 1, 4.80374e+19
Pixel 690, 182, 1, 1, 4.80374e+19
Pixel 690, 183, 1, 1, 4.80374e+19
--- pALPIDEfs_3 ---
Pixel 527, 370, 1, 1, 4.80374e+19
Pixel 527, 371, 1, 1, 4.80374e+19
Pixel 528, 370, 1, 1, 4.80374e+19
Pixel 528, 371, 1, 1, 4.80374e+19
=== 4384249 ===
--- pALPIDEfs_1 ---
Pixel 483, 4, 1, 1, 4.80374e+19
=== 4403363 ===
--- pALPIDEfs_1 ---
Pixel 469, 353, 1, 1, 4.80374e+19
Pixel 468, 353, 1, 1, 4.80374e+19
Pixel 468, 354, 1, 1, 4.80374e+19
Pixel 469, 354, 1, 1, 4.80374e+19
Pixel 469, 355, 1, 1, 4.80374e+19
Pixel 468, 355, 1, 1, 4.80374e+19
Pixel 470, 353, 1, 1, 4.80374e+19
Pixel 470, 354, 1, 1, 4.80374e+19
=== 4406089 ===
--- pALPIDEfs_5 ---
Pixel 850, 363, 1, 1, 4.80374e+19
Pixel 850, 364, 1, 1, 4.80374e+19
=== 4406767 ===
--- pALPIDEfs_0 ---
Pixel 929, 229, 1, 1, 4.80374e+19
Pixel 928, 229, 1, 1, 4.80374e+19
Pixel 929, 230, 1, 1, 4.80374e+19
Pixel 930, 229, 1, 1, 4.80374e+19
=== 4406768 ===
--- pALPIDEfs_0 ---
Pixel 928, 229, 1, 1, 4.80374e+19
Pixel 929, 230, 1, 1, 4.80374e+19
Pixel 930, 229, 1, 1, 4.80374e+19
=== 4414948 ===
--- pALPIDEfs_0 ---
Pixel 34, 214, 1, 1, 4.80374e+19
Pixel 35, 214, 1, 1, 4.80374e+19
--- pALPIDEfs_1 ---
Pixel 167, 271, 1, 1, 4.80374e+19
--- pALPIDEfs_2 ---
Pixel 321, 225, 1, 1, 4.80374e+19
--- pALPIDEfs_3 ---
Pixel 476, 246, 1, 1, 4.80374e+19
Pixel 476, 247, 1, 1, 4.80374e+19
--- pALPIDEfs_4 ---
Pixel 653, 255, 1, 1, 4.80374e+19
Pixel 653, 256, 1, 1, 4.80374e+19
Pixel 654, 255, 1, 1, 4.80374e+19
Pixel 654, 256, 1, 1, 4.80374e+19
--- pALPIDEfs_5 ---
Pixel 800, 308, 1, 1, 4.80374e+19
--- pALPIDEfs_6 ---
Pixel 1002, 306, 1, 1, 4.80374e+19
=== 4458086 ===
--- pALPIDEfs_2 ---
Pixel 216, 342, 1, 1, 4.80374e+19
Pixel 217, 342, 1, 1, 4.80374e+19
--- pALPIDEfs_3 ---
Pixel 84, 139, 1, 1, 4.80374e+19
=== 4480888 ===
--- pALPIDEfs_1 ---
Pixel 39, 20, 1, 1, 4.80374e+19
Pixel 39, 21, 1, 1, 4.80374e+19
=== 4485416 ===
--- pALPIDEfs_0 ---
Pixel 110, 476, 1, 1, 4.80374e+19
Pixel 111, 476, 1, 1, 4.80374e+19
Pixel 111, 477, 1, 1, 4.80374e+19
Pixel 110, 477, 1, 1, 4.80374e+19
Pixel 112, 477, 1, 1, 4.80374e+19
=== 4489177 ===
--- pALPIDEfs_0 ---
Pixel 404, 472, 1, 1, 4.80374e+19
Pixel 405, 472, 1, 1, 4.80374e+19
Pixel 405, 473, 1, 1, 4.80374e+19
Pixel 404, 473, 1, 1, 4.80374e+19
=== 4489747 ===
--- pALPIDEfs_0 ---
Pixel 834, 232, 1, 1, 4.80374e+19
Pixel 834, 233, 1, 1, 4.80374e+19
=== 4491086 ===
--- pALPIDEfs_3 ---
Pixel 915, 79, 1, 1, 4.80374e+19
Pixel 914, 79, 1, 1, 4.80374e+19
Pixel 914, 80, 1, 1, 4.80374e+19
Pixel 915, 80, 1, 1, 4.80374e+19
Pixel 915, 81, 1, 1, 4.80374e+19
Pixel 916, 79, 1, 1, 4.80374e+19
Pixel 916, 80, 1, 1, 4.80374e+19
Pixel 916, 81, 1, 1, 4.80374e+19
=== 4504581 ===
--- pALPIDEfs_1 ---
Pixel 402, 278, 1, 1, 4.80374e+19
--- pALPIDEfs_2 ---
Pixel 536, 92, 1, 1, 4.80374e+19
--- pALPIDEfs_3 ---
Pixel 434, 68, 1, 1, 4.80374e+19
Pixel 434, 69, 1, 1, 4.80374e+19
--- pALPIDEfs_4 ---
Pixel 436, 280, 1, 1, 4.80374e+19
Pixel 436, 281, 1, 1, 4.80374e+19
=== 4509775 ===
--- pALPIDEfs_1 ---
Pixel 519, 56, 1, 1, 4.80374e+19
Pixel 519, 57, 1, 1, 4.80374e+19
=== 4526314 ===
--- pALPIDEfs_1 ---
Pixel 228, 303, 1, 1, 4.80374e+19
=== 4542718 ===
--- pALPIDEfs_3 ---
Pixel 875, 96, 1, 1, 4.80374e+19
Pixel 875, 97, 1, 1, 4.80374e+19
Pixel 876, 96, 1, 1, 4.80374e+19
=== 4546896 ===
--- pALPIDEfs_5 ---
Pixel 919, 147, 1, 1, 4.80374e+19
Pixel 919, 148, 1, 1, 4.80374e+19
Pixel 921, 147, 1, 1, 4.80374e+19
Pixel 920, 147, 1, 1, 4.80374e+19
Pixel 920, 148, 1, 1, 4.80374e+19
Pixel 921, 148, 1, 1, 4.80374e+19
=== 4552232 ===
--- pALPIDEfs_2 ---
Pixel 873, 379, 1, 1, 4.80374e+19
Pixel 873, 380, 1, 1, 4.80374e+19
Pixel 873, 381, 1, 1, 4.80374e+19
=== 4571003 ===
--- pALPIDEfs_6 ---
Pixel 859, 127, 1, 1, 4.80374e+19
=== 4571030 ===
--- pALPIDEfs_3 ---
Pixel 787, 159, 1, 1, 4.80374e+19
=== 4589330 ===
--- pALPIDEfs_4 ---
Pixel 508, 426, 1, 1, 4.80374e+19
Pixel 511, 443, 1, 1, 4.80374e+19
Pixel 511, 444, 1, 1, 4.80374e+19
=== 4638390 ===
--- pALPIDEfs_0 ---
Pixel 283, 55, 1, 1, 4.80374e+19
Pixel 282, 56, 1, 1, 4.80374e+19
Pixel 283, 56, 1, 1, 4.80374e+19
Pixel 283, 57, 1, 1, 4.80374e+19
Pixel 282, 57, 1, 1, 4.80374e+19
Pixel 284, 55, 1, 1, 4.80374e+19
Pixel 284, 56, 1, 1, 4.80374e+19
=== 4643562 ===
--- pALPIDEfs_2 ---
Pixel 573, 507, 1, 1, 4.80374e+19
Pixel 574, 507, 1, 1, 4.80374e+19
Pixel 574, 508, 1, 1, 4.80374e+19
=== 4656775 ===
--- pALPIDEfs_2 ---
Pixel 547, 372, 1, 1, 4.80374e+19
Pixel 548, 372, 1, 1, 4.80374e+19
Pixel 549, 372, 1, 1, 4.80374e+19
=== 4664886 ===
--- pALPIDEfs_2 ---
Pixel 364, 401, 1, 1, 4.80374e+19
--- pALPIDEfs_3 ---
Pixel 415, 335, 1, 1, 4.80374e+19
Pixel 416, 335, 1, 1, 4.80374e+19
--- pALPIDEfs_4 ---
Pixel 473, 213, 1, 1, 4.80374e+19
Pixel 474, 213, 1, 1, 4.80374e+19
--- pALPIDEfs_5 ---
Pixel 669, 57, 1, 1, 4.80374e+19
Pixel 668, 57, 1, 1, 4.80374e+19
=== 4669432 ===
--- pALPIDEfs_4 ---
Pixel 487, 103, 1, 1, 4.80374e+19
Pixel 488, 103, 1, 1, 4.80374e+19
=== 4670144 ===
--- pALPIDEfs_4 ---
Pixel 195, 479, 1, 1, 4.80374e+19
Pixel 194, 479, 1, 1, 4.80374e+19
Pixel 194, 480, 1, 1, 4.80374e+19
Pixel 195, 480, 1, 1, 4.80374e+19
Pixel 197, 492, 1, 1, 4.80374e+19
Pixel 197, 493, 1, 1, 4.80374e+19
Pixel 199, 491, 1, 1, 4.80374e+19
Pixel 198, 492, 1, 1, 4.80374e+19
Pixel 199, 492, 1, 1, 4.80374e+19
Pixel 199, 493, 1, 1, 4.80374e+19
Pixel 198, 493, 1, 1, 4.80374e+19
=== 4682578 ===
--- pALPIDEfs_2 ---
Pixel 899, 427, 1, 1, 4.80374e+19
Pixel 898, 428, 1, 1, 4.80374e+19
Pixel 899, 428, 1, 1, 4.80374e+19
Pixel 899, 429, 1, 1, 4.80374e+19
=== 4682711 ===
--- pALPIDEfs_2 ---
Pixel 919, 111, 1, 1, 4.80374e+19
Pixel 919, 112, 1, 1, 4.80374e+19
Pixel 920, 111, 1, 1, 4.80374e+19
=== 4689816 ===
--- pALPIDEfs_1 ---
Pixel 943, 139, 1, 1, 4.80374e+19
Pixel 944, 139, 1, 1, 4.80374e+19
--- pALPIDEfs_2 ---
Pixel 838, 220, 1, 1, 4.80374e+19
--- pALPIDEfs_3 ---
Pixel 733, 375, 1, 1, 4.80374e+19
Pixel 732, 375, 1, 1, 4.80374e+19
Pixel 732, 376, 1, 1, 4.80374e+19
Pixel 733, 376, 1, 1, 4.80374e+19
=== 4701607 ===
--- pALPIDEfs_1 ---
Pixel 579, 406, 1, 1, 4.80374e+19
=== 4702230 ===
--- pALPIDEfs_0 ---
Pixel 210, 413, 1, 1, 4.80374e+19
=== 4729007 ===
--- pALPIDEfs_4 ---
Pixel 497, 57, 1, 1, 4.80374e+19
Pixel 497, 58, 1, 1, 4.80374e+19
Pixel 498, 57, 1, 1, 4.80374e+19
Pixel 498, 58, 1, 1, 4.80374e+19
=== 4750715 ===
--- pALPIDEfs_2 ---
Pixel 562, 501, 1, 1, 4.80374e+19
Pixel 562, 502, 1, 1, 4.80374e+19
=== 4761465 ===
--- pALPIDEfs_4 ---
Pixel 324, 468, 1, 1, 4.80374e+19
Pixel 325, 468, 1, 1, 4.80374e+19
=== 4763166 ===
--- pALPIDEfs_1 ---
Pixel 233, 400, 1, 1, 4.80374e+19
=== 4775285 ===
--- pALPIDEfs_2 ---
Pixel 811, 185, 1, 1, 4.80374e+19
Pixel 810, 185, 1, 1, 4.80374e+19
=== 4775838 ===
--- pALPIDEfs_5 ---
Pixel 317, 477, 1, 1, 4.80374e+19
Pixel 317, 478, 1, 1, 4.80374e+19
Pixel 318, 477, 1, 1, 4.80374e+19
Pixel 318, 478, 1, 1, 4.80374e+19
=== 4785469 ===
--- pALPIDEfs_2 ---
Pixel 738, 156, 1, 1, 4.80374e+19
Pixel 738, 157, 1, 1, 4.80374e+19
--- pALPIDEfs_3 ---
Pixel 676, 362, 1, 1, 4.80374e+19
Pixel 677, 362, 1, 1, 4.80374e+19
Pixel 677, 363, 1, 1, 4.80374e+19
Pixel 676, 363, 1, 1, 4.80374e+19
--- pALPIDEfs_5 ---
Pixel 522, 427, 1, 1, 4.80374e+19
--- pALPIDEfs_6 ---
Pixel 455, 333, 1, 1, 4.80374e+19
Pixel 454, 333, 1, 1, 4.80374e+19
=== 4807551 ===
--- pALPIDEfs_4 ---
Pixel 130, 316, 1, 1, 4.80374e+19
Pixel 130, 317, 1, 1, 4.80374e+19
Pixel 130, 318, 1, 1, 4.80374e+19
=== 4820970 ===
--- pALPIDEfs_3 ---
Pixel 477, 326, 1, 1, 4.80374e+19
Pixel 479, 325, 1, 1, 4.80374e+19
Pixel 478, 325, 1, 1, 4.80374e+19
Pixel 478, 326, 1, 1, 4.80374e+19
--- pALPIDEfs_4 ---
Pixel 537, 3, 1, 1, 4.80374e+19
Pixel 536, 3, 1, 1, 4.80374e+19
=== 4823113 ===
--- pALPIDEfs_6 ---
Pixel 37, 255, 1, 1, 4.80374e+19
Pixel 36, 255, 1, 1, 4.80374e+19
=== 4825178 ===
--- pALPIDEfs_6 ---
Pixel 981, 332, 1, 1, 4.80374e+19
=== 4831066 ===
--- pALPIDEfs_6 ---
Pixel 688, 128, 1, 1, 4.80374e+19
=== 4842420 ===
--- pALPIDEfs_4 ---
Pixel 905, 4, 1, 1, 4.80374e+19
Pixel 905, 5, 1, 1, 4.80374e+19
Pixel 904, 5, 1, 1, 4.80374e+19
--- pALPIDEfs_5 ---
Pixel 359, 199, 1, 1, 4.80374e+19
Pixel 359, 200, 1, 1, 4.80374e+19
Pixel 359, 201, 1, 1, 4.80374e+19
Pixel 359, 202, 1, 1, 4.80374e+19
Pixel 359, 203, 1, 1, 4.80374e+19
Pixel 359, 204, 1, 1, 4.80374e+19
Pixel 360, 199, 1, 1, 4.80374e+19
Pixel 360, 203, 1, 1, 4.80374e+19
Pixel 360, 204, 1, 1, 4.80374e+19
Pixel 361, 205, 1, 1, 4.80374e+19
Pixel 360, 205, 1, 1, 4.80374e+19
Pixel 360, 206, 1, 1, 4.80374e+19
Pixel 361, 206, 1, 1, 4.80374e+19
Pixel 361, 207, 1, 1, 4.80374e+19
Pixel 362, 207, 1, 1, 4.80374e+19
Pixel 362, 208, 1, 1, 4.80374e+19
=== 4849831 ===
--- pALPIDEfs_2 ---
Pixel 747, 300, 1, 1, 4.80374e+19
Pixel 747, 301, 1, 1, 4.80374e+19
--- pALPIDEfs_3 ---
Pixel 907, 58, 1, 1, 4.80374e+19
=== 4850939 ===
--- pALPIDEfs_6 ---
Pixel 1008, 123, 1, 1, 4.80374e+19
Pixel 1008, 124, 1, 1, 4.80374e+19
Pixel 1009, 125, 1, 1, 4.80374e+19
Pixel 1008, 125, 1, 1, 4.80374e+19
Pixel 1008, 126, 1, 1, 4.80374e+19
Pixel 1009, 126, 1, 1, 4.80374e+19
=== 4851064 ===
--- pALPIDEfs_1 ---
Pixel 679, 421, 1, 1, 4.80374e+19
Pixel 678, 421, 1, 1, 4.80374e+19
=== 4863386 ===
--- pALPIDEfs_6 ---
Pixel 339, 147, 1, 1, 4.80374e+19
Pixel 338, 147, 1, 1, 4.80374e+19
Pixel 338, 148, 1, 1, 4.80374e+19
Pixel 339, 148, 1, 1, 4.80374e+19
Pixel 339, 149, 1, 1, 4.80374e+19
Pixel 338, 149, 1, 1, 4.80374e+19
Pixel 340, 148, 1, 1, 4.80374e+19
Pixel 340, 149, 1, 1, 4.80374e+19
=== 4896946 ===
--- pALPIDEfs_0 ---
Pixel 993, 504, 1, 1, 4.80374e+19
=== 4953043 ===
--- pALPIDEfs_1 ---
Pixel 77, 175, 1, 1, 4.80374e+19
Pixel 76, 176, 1, 1, 4.80374e+19
Pixel 77, 176, 1, 1, 4.80374e+19
Pixel 76, 177, 1, 1, 4.80374e+19
=== 4959026 ===
--- pALPIDEfs_1 ---
Pixel 693, 506, 1, 1, 4.80374e+19
Pixel 693, 507, 1, 1, 4.80374e+19
Pixel 694, 507, 1, 1, 4.80374e+19
=== 4959778 ===
--- pALPIDEfs_2 ---
Pixel 365, 26, 1, 1, 4.80374e+19
Pixel 366, 26, 1, 1, 4.80374e+19
=== 4962992 ===
--- pALPIDEfs_2 ---
Pixel 411, 397, 1, 1, 4.80374e+19
Pixel 412, 396, 1, 1, 4.80374e+19
Pixel 413, 397, 1, 1, 4.80374e+19
Pixel 412, 397, 1, 1, 4.80374e+19
=== 4967383 ===
--- pALPIDEfs_3 ---
Pixel 37, 3, 1, 1, 4.80374e+19
Pixel 37, 4, 1, 1, 4.80374e+19
Pixel 38, 3, 1, 1, 4.80374e+19
Pixel 38, 4, 1, 1, 4.80374e+19
=== 4976291 ===
--- pALPIDEfs_3 ---
Pixel 440, 82, 1, 1, 4.80374e+19
Pixel 440, 83, 1, 1, 4.80374e+19
=== 4976293 ===
--- pALPIDEfs_3 ---
Pixel 440, 82, 1, 1, 4.80374e+19
Pixel 440, 83, 1, 1, 4.80374e+19
=== 4977939 ===
--- pALPIDEfs_4 ---
Pixel 945, 9, 1, 1, 4.80374e+19
Pixel 944, 9, 1, 1, 4.80374e+19
Pixel 945, 10, 1, 1, 4.80374e+19
=== 4979596 ===
--- pALPIDEfs_5 ---
Pixel 86, 310, 1, 1, 4.80374e+19
Pixel 87, 310, 1, 1, 4.80374e+19
Pixel 87, 311, 1, 1, 4.80374e+19
=== 4980497 ===
--- pALPIDEfs_5 ---
Pixel 400, 50, 1, 1, 4.80374e+19
=== 4980498 ===
--- pALPIDEfs_5 ---
Pixel 400, 50, 1, 1, 4.80374e+19
Pixel 400, 51, 1, 1, 4.80374e+19
=== 4999610 ===
--- pALPIDEfs_5 ---
Pixel 135, 2, 1, 1, 4.80374e+19
Pixel 135, 3, 1, 1, 4.80374e+19
Pixel 136, 2, 1, 1, 4.80374e+19
Pixel 136, 3, 1, 1, 4.80374e+19
=== 5005375 ===
--- pALPIDEfs_4 ---
Pixel 646, 191, 1, 1, 4.80374e+19
Pixel 646, 192, 1, 1, 4.80374e+19
Pixel 647, 192, 1, 1, 4.80374e+19
Pixel 647, 193, 1, 1, 4.80374e+19
Pixel 648, 193, 1, 1, 4.80374e+19
=== 5007169 ===
--- pALPIDEfs_2 ---
Pixel 1011, 317, 1, 1, 4.80374e+19
Pixel 1011, 318, 1, 1, 4.80374e+19
Pixel 1012, 318, 1, 1, 4.80374e+19
=== 5013668 ===
--- pALPIDEfs_0 ---
Pixel 444, 102, 1, 1, 4.80374e+19
Pixel 444, 103, 1, 1, 4.80374e+19
=== 5019626 ===
--- pALPIDEfs_4 ---
Pixel 263, 487, 1, 1, 4.80374e+19
Pixel 264, 486, 1, 1, 4.80374e+19
Pixel 264, 487, 1, 1, 4.80374e+19
--- pALPIDEfs_5 ---
Pixel 272, 370, 1, 1, 4.80374e+19
Pixel 272, 371, 1, 1, 4.80374e+19
--- pALPIDEfs_6 ---
Pixel 334, 195, 1, 1, 4.80374e+19
