Run: Cosmics000390
=== 2 ===
--- pALPIDEfs_3 ---
Pixel 238, 320, 1, 1, 4.80374e+19
Pixel 238, 320, 1, 1, 4.80374e+19
=== 3 ===
--- pALPIDEfs_0 ---
Pixel 92, 0, 1, 1, 4.80374e+19
Pixel 93, 0, 1, 1, 4.80374e+19
Pixel 93, 1, 1, 1, 4.80374e+19
Pixel 92, 1, 1, 1, 4.80374e+19
Pixel 92, 2, 1, 1, 4.80374e+19
Pixel 93, 2, 1, 1, 4.80374e+19
Pixel 93, 3, 1, 1, 4.80374e+19
Pixel 92, 3, 1, 1, 4.80374e+19
Pixel 92, 4, 1, 1, 4.80374e+19
Pixel 93, 4, 1, 1, 4.80374e+19
Pixel 93, 5, 1, 1, 4.80374e+19
Pixel 92, 5, 1, 1, 4.80374e+19
Pixel 92, 6, 1, 1, 4.80374e+19
Pixel 93, 6, 1, 1, 4.80374e+19
Pixel 93, 7, 1, 1, 4.80374e+19
Pixel 92, 7, 1, 1, 4.80374e+19
Pixel 92, 8, 1, 1, 4.80374e+19
Pixel 93, 8, 1, 1, 4.80374e+19
Pixel 93, 9, 1, 1, 4.80374e+19
Pixel 92, 9, 1, 1, 4.80374e+19
Pixel 92, 10, 1, 1, 4.80374e+19
Pixel 93, 10, 1, 1, 4.80374e+19
Pixel 93, 11, 1, 1, 4.80374e+19
Pixel 92, 11, 1, 1, 4.80374e+19
Pixel 92, 12, 1, 1, 4.80374e+19
Pixel 93, 12, 1, 1, 4.80374e+19
Pixel 93, 13, 1, 1, 4.80374e+19
Pixel 92, 13, 1, 1, 4.80374e+19
Pixel 92, 14, 1, 1, 4.80374e+19
Pixel 93, 14, 1, 1, 4.80374e+19
Pixel 93, 15, 1, 1, 4.80374e+19
Pixel 92, 15, 1, 1, 4.80374e+19
Pixel 92, 16, 1, 1, 4.80374e+19
Pixel 93, 16, 1, 1, 4.80374e+19
Pixel 93, 17, 1, 1, 4.80374e+19
Pixel 92, 17, 1, 1, 4.80374e+19
Pixel 92, 18, 1, 1, 4.80374e+19
Pixel 93, 18, 1, 1, 4.80374e+19
Pixel 93, 19, 1, 1, 4.80374e+19
Pixel 92, 19, 1, 1, 4.80374e+19
Pixel 92, 20, 1, 1, 4.80374e+19
Pixel 93, 20, 1, 1, 4.80374e+19
Pixel 93, 21, 1, 1, 4.80374e+19
Pixel 92, 21, 1, 1, 4.80374e+19
Pixel 92, 22, 1, 1, 4.80374e+19
Pixel 93, 22, 1, 1, 4.80374e+19
Pixel 93, 23, 1, 1, 4.80374e+19
Pixel 92, 23, 1, 1, 4.80374e+19
Pixel 92, 24, 1, 1, 4.80374e+19
Pixel 93, 24, 1, 1, 4.80374e+19
Pixel 93, 25, 1, 1, 4.80374e+19
Pixel 92, 25, 1, 1, 4.80374e+19
Pixel 92, 26, 1, 1, 4.80374e+19
Pixel 93, 26, 1, 1, 4.80374e+19
Pixel 93, 27, 1, 1, 4.80374e+19
Pixel 92, 27, 1, 1, 4.80374e+19
Pixel 92, 28, 1, 1, 4.80374e+19
Pixel 93, 28, 1, 1, 4.80374e+19
Pixel 93, 29, 1, 1, 4.80374e+19
Pixel 92, 29, 1, 1, 4.80374e+19
Pixel 92, 30, 1, 1, 4.80374e+19
Pixel 93, 30, 1, 1, 4.80374e+19
Pixel 93, 31, 1, 1, 4.80374e+19
Pixel 92, 31, 1, 1, 4.80374e+19
Pixel 92, 32, 1, 1, 4.80374e+19
Pixel 93, 32, 1, 1, 4.80374e+19
Pixel 93, 33, 1, 1, 4.80374e+19
Pixel 92, 33, 1, 1, 4.80374e+19
Pixel 92, 34, 1, 1, 4.80374e+19
Pixel 93, 34, 1, 1, 4.80374e+19
Pixel 93, 35, 1, 1, 4.80374e+19
Pixel 92, 35, 1, 1, 4.80374e+19
Pixel 92, 36, 1, 1, 4.80374e+19
Pixel 93, 36, 1, 1, 4.80374e+19
Pixel 93, 37, 1, 1, 4.80374e+19
Pixel 92, 37, 1, 1, 4.80374e+19
Pixel 92, 38, 1, 1, 4.80374e+19
Pixel 93, 38, 1, 1, 4.80374e+19
Pixel 93, 39, 1, 1, 4.80374e+19
Pixel 92, 39, 1, 1, 4.80374e+19
Pixel 92, 40, 1, 1, 4.80374e+19
Pixel 93, 40, 1, 1, 4.80374e+19
Pixel 93, 41, 1, 1, 4.80374e+19
Pixel 92, 41, 1, 1, 4.80374e+19
Pixel 92, 42, 1, 1, 4.80374e+19
Pixel 93, 42, 1, 1, 4.80374e+19
Pixel 93, 43, 1, 1, 4.80374e+19
Pixel 92, 43, 1, 1, 4.80374e+19
Pixel 92, 44, 1, 1, 4.80374e+19
Pixel 93, 44, 1, 1, 4.80374e+19
Pixel 93, 45, 1, 1, 4.80374e+19
Pixel 92, 45, 1, 1, 4.80374e+19
Pixel 92, 46, 1, 1, 4.80374e+19
Pixel 93, 46, 1, 1, 4.80374e+19
Pixel 93, 47, 1, 1, 4.80374e+19
Pixel 92, 47, 1, 1, 4.80374e+19
Pixel 92, 48, 1, 1, 4.80374e+19
Pixel 93, 48, 1, 1, 4.80374e+19
Pixel 93, 49, 1, 1, 4.80374e+19
Pixel 92, 49, 1, 1, 4.80374e+19
Pixel 92, 50, 1, 1, 4.80374e+19
Pixel 93, 50, 1, 1, 4.80374e+19
Pixel 93, 51, 1, 1, 4.80374e+19
Pixel 92, 51, 1, 1, 4.80374e+19
Pixel 92, 52, 1, 1, 4.80374e+19
Pixel 93, 52, 1, 1, 4.80374e+19
Pixel 93, 53, 1, 1, 4.80374e+19
Pixel 92, 53, 1, 1, 4.80374e+19
Pixel 92, 54, 1, 1, 4.80374e+19
Pixel 93, 54, 1, 1, 4.80374e+19
Pixel 93, 55, 1, 1, 4.80374e+19
Pixel 92, 55, 1, 1, 4.80374e+19
Pixel 92, 56, 1, 1, 4.80374e+19
Pixel 93, 56, 1, 1, 4.80374e+19
Pixel 93, 57, 1, 1, 4.80374e+19
Pixel 92, 57, 1, 1, 4.80374e+19
Pixel 92, 58, 1, 1, 4.80374e+19
Pixel 93, 58, 1, 1, 4.80374e+19
Pixel 93, 59, 1, 1, 4.80374e+19
Pixel 92, 59, 1, 1, 4.80374e+19
Pixel 92, 60, 1, 1, 4.80374e+19
Pixel 93, 60, 1, 1, 4.80374e+19
Pixel 93, 61, 1, 1, 4.80374e+19
Pixel 92, 61, 1, 1, 4.80374e+19
Pixel 92, 62, 1, 1, 4.80374e+19
Pixel 93, 62, 1, 1, 4.80374e+19
Pixel 93, 63, 1, 1, 4.80374e+19
Pixel 92, 63, 1, 1, 4.80374e+19
Pixel 92, 64, 1, 1, 4.80374e+19
Pixel 93, 64, 1, 1, 4.80374e+19
Pixel 93, 65, 1, 1, 4.80374e+19
Pixel 92, 65, 1, 1, 4.80374e+19
Pixel 92, 66, 1, 1, 4.80374e+19
Pixel 93, 66, 1, 1, 4.80374e+19
Pixel 93, 67, 1, 1, 4.80374e+19
Pixel 92, 67, 1, 1, 4.80374e+19
Pixel 92, 68, 1, 1, 4.80374e+19
Pixel 93, 68, 1, 1, 4.80374e+19
Pixel 93, 69, 1, 1, 4.80374e+19
Pixel 92, 69, 1, 1, 4.80374e+19
Pixel 92, 70, 1, 1, 4.80374e+19
Pixel 93, 70, 1, 1, 4.80374e+19
Pixel 93, 71, 1, 1, 4.80374e+19
Pixel 92, 71, 1, 1, 4.80374e+19
Pixel 92, 72, 1, 1, 4.80374e+19
Pixel 93, 72, 1, 1, 4.80374e+19
Pixel 93, 73, 1, 1, 4.80374e+19
Pixel 92, 73, 1, 1, 4.80374e+19
Pixel 92, 74, 1, 1, 4.80374e+19
Pixel 93, 74, 1, 1, 4.80374e+19
Pixel 93, 75, 1, 1, 4.80374e+19
Pixel 92, 75, 1, 1, 4.80374e+19
Pixel 92, 76, 1, 1, 4.80374e+19
Pixel 93, 76, 1, 1, 4.80374e+19
Pixel 93, 77, 1, 1, 4.80374e+19
Pixel 92, 77, 1, 1, 4.80374e+19
Pixel 92, 78, 1, 1, 4.80374e+19
Pixel 93, 78, 1, 1, 4.80374e+19
Pixel 93, 79, 1, 1, 4.80374e+19
Pixel 92, 79, 1, 1, 4.80374e+19
Pixel 92, 80, 1, 1, 4.80374e+19
Pixel 93, 80, 1, 1, 4.80374e+19
Pixel 93, 81, 1, 1, 4.80374e+19
Pixel 92, 81, 1, 1, 4.80374e+19
Pixel 92, 82, 1, 1, 4.80374e+19
Pixel 93, 82, 1, 1, 4.80374e+19
Pixel 93, 83, 1, 1, 4.80374e+19
Pixel 92, 83, 1, 1, 4.80374e+19
Pixel 92, 84, 1, 1, 4.80374e+19
Pixel 93, 84, 1, 1, 4.80374e+19
Pixel 93, 85, 1, 1, 4.80374e+19
Pixel 92, 85, 1, 1, 4.80374e+19
Pixel 92, 86, 1, 1, 4.80374e+19
Pixel 93, 86, 1, 1, 4.80374e+19
Pixel 93, 87, 1, 1, 4.80374e+19
Pixel 92, 87, 1, 1, 4.80374e+19
Pixel 92, 88, 1, 1, 4.80374e+19
Pixel 93, 88, 1, 1, 4.80374e+19
Pixel 93, 89, 1, 1, 4.80374e+19
Pixel 92, 89, 1, 1, 4.80374e+19
Pixel 92, 90, 1, 1, 4.80374e+19
Pixel 93, 90, 1, 1, 4.80374e+19
Pixel 93, 91, 1, 1, 4.80374e+19
Pixel 92, 91, 1, 1, 4.80374e+19
Pixel 92, 92, 1, 1, 4.80374e+19
Pixel 93, 92, 1, 1, 4.80374e+19
Pixel 93, 93, 1, 1, 4.80374e+19
Pixel 92, 93, 1, 1, 4.80374e+19
Pixel 92, 94, 1, 1, 4.80374e+19
Pixel 93, 94, 1, 1, 4.80374e+19
Pixel 93, 95, 1, 1, 4.80374e+19
Pixel 92, 95, 1, 1, 4.80374e+19
Pixel 92, 96, 1, 1, 4.80374e+19
Pixel 93, 96, 1, 1, 4.80374e+19
Pixel 93, 97, 1, 1, 4.80374e+19
Pixel 92, 97, 1, 1, 4.80374e+19
Pixel 92, 98, 1, 1, 4.80374e+19
Pixel 93, 98, 1, 1, 4.80374e+19
Pixel 93, 99, 1, 1, 4.80374e+19
Pixel 92, 99, 1, 1, 4.80374e+19
Pixel 92, 100, 1, 1, 4.80374e+19
Pixel 93, 100, 1, 1, 4.80374e+19
Pixel 93, 101, 1, 1, 4.80374e+19
Pixel 92, 101, 1, 1, 4.80374e+19
Pixel 92, 102, 1, 1, 4.80374e+19
Pixel 93, 102, 1, 1, 4.80374e+19
Pixel 93, 103, 1, 1, 4.80374e+19
Pixel 92, 103, 1, 1, 4.80374e+19
Pixel 92, 104, 1, 1, 4.80374e+19
Pixel 93, 104, 1, 1, 4.80374e+19
Pixel 93, 105, 1, 1, 4.80374e+19
Pixel 92, 105, 1, 1, 4.80374e+19
Pixel 92, 106, 1, 1, 4.80374e+19
Pixel 93, 106, 1, 1, 4.80374e+19
Pixel 93, 107, 1, 1, 4.80374e+19
Pixel 92, 107, 1, 1, 4.80374e+19
Pixel 92, 108, 1, 1, 4.80374e+19
Pixel 93, 108, 1, 1, 4.80374e+19
Pixel 93, 109, 1, 1, 4.80374e+19
Pixel 92, 109, 1, 1, 4.80374e+19
Pixel 92, 110, 1, 1, 4.80374e+19
Pixel 93, 110, 1, 1, 4.80374e+19
Pixel 93, 111, 1, 1, 4.80374e+19
Pixel 92, 111, 1, 1, 4.80374e+19
Pixel 92, 112, 1, 1, 4.80374e+19
Pixel 93, 112, 1, 1, 4.80374e+19
Pixel 93, 113, 1, 1, 4.80374e+19
Pixel 92, 113, 1, 1, 4.80374e+19
Pixel 92, 114, 1, 1, 4.80374e+19
Pixel 93, 114, 1, 1, 4.80374e+19
Pixel 93, 115, 1, 1, 4.80374e+19
Pixel 92, 115, 1, 1, 4.80374e+19
Pixel 92, 116, 1, 1, 4.80374e+19
Pixel 93, 116, 1, 1, 4.80374e+19
Pixel 93, 117, 1, 1, 4.80374e+19
Pixel 92, 117, 1, 1, 4.80374e+19
Pixel 92, 118, 1, 1, 4.80374e+19
Pixel 93, 118, 1, 1, 4.80374e+19
Pixel 93, 119, 1, 1, 4.80374e+19
Pixel 92, 119, 1, 1, 4.80374e+19
Pixel 92, 120, 1, 1, 4.80374e+19
Pixel 93, 120, 1, 1, 4.80374e+19
Pixel 93, 121, 1, 1, 4.80374e+19
Pixel 92, 121, 1, 1, 4.80374e+19
Pixel 92, 122, 1, 1, 4.80374e+19
Pixel 93, 122, 1, 1, 4.80374e+19
Pixel 93, 123, 1, 1, 4.80374e+19
Pixel 92, 123, 1, 1, 4.80374e+19
Pixel 92, 124, 1, 1, 4.80374e+19
Pixel 93, 124, 1, 1, 4.80374e+19
Pixel 93, 125, 1, 1, 4.80374e+19
Pixel 92, 125, 1, 1, 4.80374e+19
Pixel 92, 126, 1, 1, 4.80374e+19
Pixel 93, 126, 1, 1, 4.80374e+19
Pixel 93, 127, 1, 1, 4.80374e+19
Pixel 92, 127, 1, 1, 4.80374e+19
Pixel 92, 128, 1, 1, 4.80374e+19
Pixel 93, 128, 1, 1, 4.80374e+19
Pixel 93, 129, 1, 1, 4.80374e+19
Pixel 92, 129, 1, 1, 4.80374e+19
Pixel 92, 130, 1, 1, 4.80374e+19
Pixel 93, 130, 1, 1, 4.80374e+19
Pixel 93, 131, 1, 1, 4.80374e+19
Pixel 92, 131, 1, 1, 4.80374e+19
Pixel 92, 132, 1, 1, 4.80374e+19
Pixel 93, 132, 1, 1, 4.80374e+19
Pixel 93, 133, 1, 1, 4.80374e+19
Pixel 92, 133, 1, 1, 4.80374e+19
Pixel 92, 134, 1, 1, 4.80374e+19
Pixel 93, 134, 1, 1, 4.80374e+19
Pixel 93, 135, 1, 1, 4.80374e+19
Pixel 92, 135, 1, 1, 4.80374e+19
Pixel 92, 136, 1, 1, 4.80374e+19
Pixel 93, 136, 1, 1, 4.80374e+19
Pixel 93, 137, 1, 1, 4.80374e+19
Pixel 92, 137, 1, 1, 4.80374e+19
Pixel 92, 138, 1, 1, 4.80374e+19
Pixel 93, 138, 1, 1, 4.80374e+19
Pixel 93, 139, 1, 1, 4.80374e+19
Pixel 92, 139, 1, 1, 4.80374e+19
Pixel 92, 140, 1, 1, 4.80374e+19
Pixel 93, 140, 1, 1, 4.80374e+19
Pixel 93, 141, 1, 1, 4.80374e+19
Pixel 92, 141, 1, 1, 4.80374e+19
Pixel 92, 142, 1, 1, 4.80374e+19
Pixel 93, 142, 1, 1, 4.80374e+19
Pixel 93, 143, 1, 1, 4.80374e+19
Pixel 92, 143, 1, 1, 4.80374e+19
Pixel 92, 144, 1, 1, 4.80374e+19
Pixel 93, 144, 1, 1, 4.80374e+19
Pixel 93, 145, 1, 1, 4.80374e+19
Pixel 92, 145, 1, 1, 4.80374e+19
Pixel 92, 146, 1, 1, 4.80374e+19
Pixel 93, 146, 1, 1, 4.80374e+19
Pixel 93, 147, 1, 1, 4.80374e+19
Pixel 92, 147, 1, 1, 4.80374e+19
Pixel 92, 148, 1, 1, 4.80374e+19
Pixel 93, 148, 1, 1, 4.80374e+19
Pixel 93, 149, 1, 1, 4.80374e+19
Pixel 92, 149, 1, 1, 4.80374e+19
Pixel 92, 150, 1, 1, 4.80374e+19
Pixel 93, 150, 1, 1, 4.80374e+19
Pixel 93, 151, 1, 1, 4.80374e+19
Pixel 92, 151, 1, 1, 4.80374e+19
Pixel 92, 152, 1, 1, 4.80374e+19
Pixel 93, 152, 1, 1, 4.80374e+19
Pixel 93, 153, 1, 1, 4.80374e+19
Pixel 92, 153, 1, 1, 4.80374e+19
Pixel 92, 154, 1, 1, 4.80374e+19
Pixel 93, 154, 1, 1, 4.80374e+19
Pixel 93, 155, 1, 1, 4.80374e+19
Pixel 92, 155, 1, 1, 4.80374e+19
Pixel 92, 156, 1, 1, 4.80374e+19
Pixel 93, 156, 1, 1, 4.80374e+19
Pixel 93, 157, 1, 1, 4.80374e+19
Pixel 92, 157, 1, 1, 4.80374e+19
Pixel 92, 158, 1, 1, 4.80374e+19
Pixel 93, 158, 1, 1, 4.80374e+19
Pixel 93, 159, 1, 1, 4.80374e+19
Pixel 92, 159, 1, 1, 4.80374e+19
Pixel 92, 160, 1, 1, 4.80374e+19
Pixel 93, 160, 1, 1, 4.80374e+19
Pixel 93, 161, 1, 1, 4.80374e+19
Pixel 92, 161, 1, 1, 4.80374e+19
Pixel 92, 162, 1, 1, 4.80374e+19
Pixel 93, 162, 1, 1, 4.80374e+19
Pixel 93, 163, 1, 1, 4.80374e+19
Pixel 92, 163, 1, 1, 4.80374e+19
Pixel 92, 164, 1, 1, 4.80374e+19
Pixel 93, 164, 1, 1, 4.80374e+19
Pixel 93, 165, 1, 1, 4.80374e+19
Pixel 92, 165, 1, 1, 4.80374e+19
Pixel 92, 166, 1, 1, 4.80374e+19
Pixel 93, 166, 1, 1, 4.80374e+19
Pixel 93, 167, 1, 1, 4.80374e+19
Pixel 92, 167, 1, 1, 4.80374e+19
Pixel 92, 168, 1, 1, 4.80374e+19
Pixel 93, 168, 1, 1, 4.80374e+19
Pixel 93, 169, 1, 1, 4.80374e+19
Pixel 92, 169, 1, 1, 4.80374e+19
Pixel 92, 170, 1, 1, 4.80374e+19
Pixel 93, 170, 1, 1, 4.80374e+19
Pixel 93, 171, 1, 1, 4.80374e+19
Pixel 92, 171, 1, 1, 4.80374e+19
Pixel 92, 172, 1, 1, 4.80374e+19
Pixel 93, 172, 1, 1, 4.80374e+19
Pixel 93, 173, 1, 1, 4.80374e+19
Pixel 92, 173, 1, 1, 4.80374e+19
Pixel 92, 174, 1, 1, 4.80374e+19
Pixel 93, 174, 1, 1, 4.80374e+19
Pixel 93, 175, 1, 1, 4.80374e+19
Pixel 92, 175, 1, 1, 4.80374e+19
Pixel 92, 176, 1, 1, 4.80374e+19
Pixel 93, 176, 1, 1, 4.80374e+19
Pixel 93, 177, 1, 1, 4.80374e+19
Pixel 92, 177, 1, 1, 4.80374e+19
Pixel 92, 178, 1, 1, 4.80374e+19
Pixel 93, 178, 1, 1, 4.80374e+19
Pixel 93, 179, 1, 1, 4.80374e+19
Pixel 92, 179, 1, 1, 4.80374e+19
Pixel 92, 180, 1, 1, 4.80374e+19
Pixel 93, 180, 1, 1, 4.80374e+19
Pixel 93, 181, 1, 1, 4.80374e+19
Pixel 92, 181, 1, 1, 4.80374e+19
Pixel 92, 182, 1, 1, 4.80374e+19
Pixel 93, 182, 1, 1, 4.80374e+19
Pixel 93, 183, 1, 1, 4.80374e+19
Pixel 92, 183, 1, 1, 4.80374e+19
Pixel 92, 184, 1, 1, 4.80374e+19
Pixel 93, 184, 1, 1, 4.80374e+19
Pixel 93, 185, 1, 1, 4.80374e+19
Pixel 92, 185, 1, 1, 4.80374e+19
Pixel 92, 186, 1, 1, 4.80374e+19
Pixel 93, 186, 1, 1, 4.80374e+19
Pixel 93, 187, 1, 1, 4.80374e+19
Pixel 92, 187, 1, 1, 4.80374e+19
Pixel 92, 188, 1, 1, 4.80374e+19
Pixel 93, 188, 1, 1, 4.80374e+19
Pixel 93, 189, 1, 1, 4.80374e+19
Pixel 92, 189, 1, 1, 4.80374e+19
Pixel 92, 190, 1, 1, 4.80374e+19
Pixel 93, 190, 1, 1, 4.80374e+19
Pixel 93, 191, 1, 1, 4.80374e+19
Pixel 92, 191, 1, 1, 4.80374e+19
Pixel 92, 192, 1, 1, 4.80374e+19
Pixel 93, 192, 1, 1, 4.80374e+19
Pixel 93, 193, 1, 1, 4.80374e+19
Pixel 92, 193, 1, 1, 4.80374e+19
Pixel 92, 194, 1, 1, 4.80374e+19
Pixel 93, 194, 1, 1, 4.80374e+19
Pixel 93, 195, 1, 1, 4.80374e+19
Pixel 92, 195, 1, 1, 4.80374e+19
Pixel 92, 196, 1, 1, 4.80374e+19
Pixel 93, 196, 1, 1, 4.80374e+19
Pixel 93, 197, 1, 1, 4.80374e+19
Pixel 92, 197, 1, 1, 4.80374e+19
Pixel 92, 198, 1, 1, 4.80374e+19
Pixel 93, 198, 1, 1, 4.80374e+19
Pixel 93, 199, 1, 1, 4.80374e+19
Pixel 92, 199, 1, 1, 4.80374e+19
Pixel 92, 200, 1, 1, 4.80374e+19
Pixel 93, 200, 1, 1, 4.80374e+19
Pixel 93, 201, 1, 1, 4.80374e+19
Pixel 92, 201, 1, 1, 4.80374e+19
Pixel 92, 202, 1, 1, 4.80374e+19
Pixel 93, 202, 1, 1, 4.80374e+19
Pixel 93, 203, 1, 1, 4.80374e+19
Pixel 92, 203, 1, 1, 4.80374e+19
Pixel 92, 204, 1, 1, 4.80374e+19
Pixel 93, 204, 1, 1, 4.80374e+19
Pixel 93, 205, 1, 1, 4.80374e+19
Pixel 92, 205, 1, 1, 4.80374e+19
Pixel 92, 206, 1, 1, 4.80374e+19
Pixel 93, 206, 1, 1, 4.80374e+19
Pixel 93, 207, 1, 1, 4.80374e+19
Pixel 92, 207, 1, 1, 4.80374e+19
Pixel 92, 208, 1, 1, 4.80374e+19
Pixel 93, 208, 1, 1, 4.80374e+19
Pixel 93, 209, 1, 1, 4.80374e+19
Pixel 92, 209, 1, 1, 4.80374e+19
Pixel 92, 210, 1, 1, 4.80374e+19
Pixel 93, 210, 1, 1, 4.80374e+19
Pixel 93, 211, 1, 1, 4.80374e+19
Pixel 92, 211, 1, 1, 4.80374e+19
Pixel 92, 212, 1, 1, 4.80374e+19
Pixel 93, 212, 1, 1, 4.80374e+19
Pixel 93, 213, 1, 1, 4.80374e+19
Pixel 92, 213, 1, 1, 4.80374e+19
Pixel 92, 214, 1, 1, 4.80374e+19
Pixel 93, 214, 1, 1, 4.80374e+19
Pixel 93, 215, 1, 1, 4.80374e+19
Pixel 92, 215, 1, 1, 4.80374e+19
Pixel 92, 216, 1, 1, 4.80374e+19
Pixel 93, 216, 1, 1, 4.80374e+19
Pixel 93, 217, 1, 1, 4.80374e+19
Pixel 92, 217, 1, 1, 4.80374e+19
Pixel 92, 218, 1, 1, 4.80374e+19
Pixel 93, 218, 1, 1, 4.80374e+19
Pixel 93, 219, 1, 1, 4.80374e+19
Pixel 92, 219, 1, 1, 4.80374e+19
Pixel 92, 220, 1, 1, 4.80374e+19
Pixel 93, 220, 1, 1, 4.80374e+19
Pixel 93, 221, 1, 1, 4.80374e+19
Pixel 92, 221, 1, 1, 4.80374e+19
Pixel 92, 222, 1, 1, 4.80374e+19
Pixel 93, 222, 1, 1, 4.80374e+19
Pixel 93, 223, 1, 1, 4.80374e+19
Pixel 92, 223, 1, 1, 4.80374e+19
Pixel 92, 224, 1, 1, 4.80374e+19
Pixel 93, 224, 1, 1, 4.80374e+19
Pixel 93, 225, 1, 1, 4.80374e+19
Pixel 92, 225, 1, 1, 4.80374e+19
Pixel 92, 226, 1, 1, 4.80374e+19
Pixel 93, 226, 1, 1, 4.80374e+19
Pixel 93, 227, 1, 1, 4.80374e+19
Pixel 92, 227, 1, 1, 4.80374e+19
Pixel 92, 228, 1, 1, 4.80374e+19
Pixel 93, 228, 1, 1, 4.80374e+19
Pixel 93, 229, 1, 1, 4.80374e+19
Pixel 92, 229, 1, 1, 4.80374e+19
Pixel 92, 230, 1, 1, 4.80374e+19
Pixel 93, 230, 1, 1, 4.80374e+19
Pixel 93, 231, 1, 1, 4.80374e+19
Pixel 92, 231, 1, 1, 4.80374e+19
Pixel 92, 232, 1, 1, 4.80374e+19
Pixel 93, 232, 1, 1, 4.80374e+19
Pixel 93, 233, 1, 1, 4.80374e+19
Pixel 92, 233, 1, 1, 4.80374e+19
Pixel 92, 234, 1, 1, 4.80374e+19
Pixel 93, 234, 1, 1, 4.80374e+19
Pixel 93, 235, 1, 1, 4.80374e+19
Pixel 92, 235, 1, 1, 4.80374e+19
Pixel 92, 236, 1, 1, 4.80374e+19
Pixel 93, 236, 1, 1, 4.80374e+19
Pixel 93, 237, 1, 1, 4.80374e+19
Pixel 92, 237, 1, 1, 4.80374e+19
Pixel 92, 238, 1, 1, 4.80374e+19
Pixel 93, 238, 1, 1, 4.80374e+19
Pixel 93, 239, 1, 1, 4.80374e+19
Pixel 92, 239, 1, 1, 4.80374e+19
Pixel 92, 240, 1, 1, 4.80374e+19
Pixel 93, 240, 1, 1, 4.80374e+19
Pixel 93, 241, 1, 1, 4.80374e+19
Pixel 92, 241, 1, 1, 4.80374e+19
Pixel 92, 242, 1, 1, 4.80374e+19
Pixel 93, 242, 1, 1, 4.80374e+19
Pixel 93, 243, 1, 1, 4.80374e+19
Pixel 92, 243, 1, 1, 4.80374e+19
Pixel 92, 244, 1, 1, 4.80374e+19
Pixel 93, 244, 1, 1, 4.80374e+19
Pixel 93, 245, 1, 1, 4.80374e+19
Pixel 92, 245, 1, 1, 4.80374e+19
Pixel 92, 246, 1, 1, 4.80374e+19
Pixel 93, 246, 1, 1, 4.80374e+19
Pixel 93, 247, 1, 1, 4.80374e+19
Pixel 92, 247, 1, 1, 4.80374e+19
Pixel 92, 248, 1, 1, 4.80374e+19
Pixel 93, 248, 1, 1, 4.80374e+19
Pixel 93, 249, 1, 1, 4.80374e+19
Pixel 92, 249, 1, 1, 4.80374e+19
Pixel 92, 250, 1, 1, 4.80374e+19
Pixel 93, 250, 1, 1, 4.80374e+19
Pixel 93, 251, 1, 1, 4.80374e+19
Pixel 92, 251, 1, 1, 4.80374e+19
Pixel 92, 252, 1, 1, 4.80374e+19
Pixel 93, 252, 1, 1, 4.80374e+19
Pixel 93, 253, 1, 1, 4.80374e+19
Pixel 92, 253, 1, 1, 4.80374e+19
Pixel 92, 254, 1, 1, 4.80374e+19
Pixel 93, 254, 1, 1, 4.80374e+19
Pixel 93, 255, 1, 1, 4.80374e+19
Pixel 92, 255, 1, 1, 4.80374e+19
=== 9918 ===
--- pALPIDEfs_0 ---
Pixel 377, 327, 1, 1, 4.80374e+19
Pixel 377, 328, 1, 1, 4.80374e+19
Pixel 378, 326, 1, 1, 4.80374e+19
Pixel 378, 327, 1, 1, 4.80374e+19
Pixel 378, 328, 1, 1, 4.80374e+19
=== 15763 ===
--- pALPIDEfs_0 ---
Pixel 1007, 431, 1, 1, 4.80374e+19
Pixel 1006, 431, 1, 1, 4.80374e+19
Pixel 1007, 432, 1, 1, 4.80374e+19
--- pALPIDEfs_1 ---
Pixel 237, 238, 1, 1, 4.80374e+19
Pixel 237, 239, 1, 1, 4.80374e+19
Pixel 238, 239, 1, 1, 4.80374e+19
=== 50096 ===
--- pALPIDEfs_5 ---
Pixel 793, 176, 1, 1, 4.80374e+19
Pixel 793, 177, 1, 1, 4.80374e+19
=== 51006 ===
--- pALPIDEfs_2 ---
Pixel 366, 282, 1, 1, 4.80374e+19
Pixel 366, 283, 1, 1, 4.80374e+19
--- pALPIDEfs_3 ---
Pixel 185, 500, 1, 1, 4.80374e+19
Pixel 185, 501, 1, 1, 4.80374e+19
=== 54971 ===
--- pALPIDEfs_0 ---
Pixel 963, 151, 1, 1, 4.80374e+19
=== 66961 ===
--- pALPIDEfs_3 ---
Pixel 484, 449, 1, 1, 4.80374e+19
Pixel 484, 450, 1, 1, 4.80374e+19
Pixel 485, 450, 1, 1, 4.80374e+19
=== 83015 ===
--- pALPIDEfs_1 ---
Pixel 197, 214, 1, 1, 4.80374e+19
Pixel 197, 215, 1, 1, 4.80374e+19
Pixel 198, 214, 1, 1, 4.80374e+19
Pixel 199, 215, 1, 1, 4.80374e+19
Pixel 198, 215, 1, 1, 4.80374e+19
Pixel 198, 216, 1, 1, 4.80374e+19
Pixel 199, 216, 1, 1, 4.80374e+19
Pixel 199, 217, 1, 1, 4.80374e+19
Pixel 198, 217, 1, 1, 4.80374e+19
Pixel 200, 216, 1, 1, 4.80374e+19
=== 86913 ===
--- pALPIDEfs_6 ---
Pixel 245, 295, 1, 1, 4.80374e+19
Pixel 244, 295, 1, 1, 4.80374e+19
Pixel 244, 296, 1, 1, 4.80374e+19
Pixel 245, 296, 1, 1, 4.80374e+19
=== 95753 ===
--- pALPIDEfs_0 ---
Pixel 659, 191, 1, 1, 4.80374e+19
Pixel 660, 191, 1, 1, 4.80374e+19
--- pALPIDEfs_1 ---
Pixel 822, 149, 1, 1, 4.80374e+19
=== 98992 ===
--- pALPIDEfs_1 ---
Pixel 152, 408, 1, 1, 4.80374e+19
Pixel 153, 408, 1, 1, 4.80374e+19
Pixel 153, 409, 1, 1, 4.80374e+19
Pixel 152, 409, 1, 1, 4.80374e+19
=== 110727 ===
--- pALPIDEfs_4 ---
Pixel 987, 257, 1, 1, 4.80374e+19
Pixel 988, 257, 1, 1, 4.80374e+19
=== 125306 ===
--- pALPIDEfs_5 ---
Pixel 273, 263, 1, 1, 4.80374e+19
Pixel 272, 263, 1, 1, 4.80374e+19
Pixel 272, 264, 1, 1, 4.80374e+19
Pixel 273, 264, 1, 1, 4.80374e+19
--- pALPIDEfs_6 ---
Pixel 47, 426, 1, 1, 4.80374e+19
Pixel 47, 427, 1, 1, 4.80374e+19
Pixel 48, 426, 1, 1, 4.80374e+19
=== 132572 ===
--- pALPIDEfs_6 ---
Pixel 841, 329, 1, 1, 4.80374e+19
Pixel 840, 329, 1, 1, 4.80374e+19
Pixel 840, 330, 1, 1, 4.80374e+19
=== 154761 ===
--- pALPIDEfs_6 ---
Pixel 413, 139, 1, 1, 4.80374e+19
=== 162341 ===
--- pALPIDEfs_4 ---
Pixel 871, 10, 1, 1, 4.80374e+19
Pixel 871, 11, 1, 1, 4.80374e+19
=== 176926 ===
--- pALPIDEfs_6 ---
Pixel 395, 262, 1, 1, 4.80374e+19
Pixel 396, 261, 1, 1, 4.80374e+19
Pixel 396, 262, 1, 1, 4.80374e+19
=== 183720 ===
--- pALPIDEfs_6 ---
Pixel 144, 501, 1, 1, 4.80374e+19
Pixel 144, 502, 1, 1, 4.80374e+19
=== 184005 ===
--- pALPIDEfs_6 ---
Pixel 899, 238, 1, 1, 4.80374e+19
Pixel 899, 239, 1, 1, 4.80374e+19
Pixel 900, 238, 1, 1, 4.80374e+19
Pixel 900, 239, 1, 1, 4.80374e+19
=== 185323 ===
--- pALPIDEfs_3 ---
Pixel 941, 83, 1, 1, 4.80374e+19
Pixel 940, 83, 1, 1, 4.80374e+19
Pixel 940, 84, 1, 1, 4.80374e+19
Pixel 941, 84, 1, 1, 4.80374e+19
=== 221550 ===
--- pALPIDEfs_5 ---
Pixel 134, 164, 1, 1, 4.80374e+19
Pixel 135, 164, 1, 1, 4.80374e+19
Pixel 135, 165, 1, 1, 4.80374e+19
=== 223478 ===
--- pALPIDEfs_2 ---
Pixel 39, 242, 1, 1, 4.80374e+19
Pixel 39, 243, 1, 1, 4.80374e+19
=== 237311 ===
--- pALPIDEfs_3 ---
Pixel 91, 396, 1, 1, 4.80374e+19
Pixel 91, 397, 1, 1, 4.80374e+19
Pixel 92, 396, 1, 1, 4.80374e+19
Pixel 92, 397, 1, 1, 4.80374e+19
=== 237797 ===
--- pALPIDEfs_5 ---
Pixel 91, 298, 1, 1, 4.80374e+19
Pixel 91, 299, 1, 1, 4.80374e+19
=== 238795 ===
--- pALPIDEfs_3 ---
Pixel 141, 295, 1, 1, 4.80374e+19
Pixel 141, 296, 1, 1, 4.80374e+19
Pixel 143, 295, 1, 1, 4.80374e+19
Pixel 142, 295, 1, 1, 4.80374e+19
Pixel 142, 296, 1, 1, 4.80374e+19
Pixel 143, 296, 1, 1, 4.80374e+19
Pixel 142, 297, 1, 1, 4.80374e+19
=== 240224 ===
--- pALPIDEfs_2 ---
Pixel 579, 474, 1, 1, 4.80374e+19
Pixel 579, 475, 1, 1, 4.80374e+19
Pixel 580, 474, 1, 1, 4.80374e+19
Pixel 581, 475, 1, 1, 4.80374e+19
Pixel 580, 475, 1, 1, 4.80374e+19
=== 258710 ===
--- pALPIDEfs_1 ---
Pixel 137, 453, 1, 1, 4.80374e+19
Pixel 136, 453, 1, 1, 4.80374e+19
Pixel 136, 454, 1, 1, 4.80374e+19
Pixel 137, 454, 1, 1, 4.80374e+19
Pixel 138, 453, 1, 1, 4.80374e+19
=== 269882 ===
--- pALPIDEfs_6 ---
Pixel 201, 442, 1, 1, 4.80374e+19
Pixel 202, 442, 1, 1, 4.80374e+19
=== 272897 ===
--- pALPIDEfs_6 ---
Pixel 583, 55, 1, 1, 4.80374e+19
Pixel 582, 55, 1, 1, 4.80374e+19
Pixel 582, 56, 1, 1, 4.80374e+19
Pixel 583, 56, 1, 1, 4.80374e+19
Pixel 583, 57, 1, 1, 4.80374e+19
Pixel 582, 57, 1, 1, 4.80374e+19
=== 275183 ===
--- pALPIDEfs_3 ---
Pixel 967, 252, 1, 1, 4.80374e+19
--- pALPIDEfs_4 ---
Pixel 705, 121, 1, 1, 4.80374e+19
--- pALPIDEfs_5 ---
Pixel 825, 173, 1, 1, 4.80374e+19
Pixel 824, 173, 1, 1, 4.80374e+19
=== 293104 ===
--- pALPIDEfs_2 ---
Pixel 715, 391, 1, 1, 4.80374e+19
Pixel 714, 391, 1, 1, 4.80374e+19
Pixel 714, 392, 1, 1, 4.80374e+19
=== 321619 ===
--- pALPIDEfs_0 ---
Pixel 859, 229, 1, 1, 4.80374e+19
Pixel 859, 230, 1, 1, 4.80374e+19
Pixel 860, 229, 1, 1, 4.80374e+19
Pixel 860, 230, 1, 1, 4.80374e+19
=== 384016 ===
--- pALPIDEfs_4 ---
Pixel 193, 487, 1, 1, 4.80374e+19
Pixel 192, 487, 1, 1, 4.80374e+19
Pixel 192, 488, 1, 1, 4.80374e+19
Pixel 193, 488, 1, 1, 4.80374e+19
Pixel 194, 487, 1, 1, 4.80374e+19
Pixel 194, 488, 1, 1, 4.80374e+19
=== 390246 ===
--- pALPIDEfs_5 ---
Pixel 655, 212, 1, 1, 4.80374e+19
Pixel 655, 213, 1, 1, 4.80374e+19
Pixel 655, 214, 1, 1, 4.80374e+19
Pixel 656, 212, 1, 1, 4.80374e+19
Pixel 656, 213, 1, 1, 4.80374e+19
Pixel 656, 214, 1, 1, 4.80374e+19
=== 393261 ===
--- pALPIDEfs_1 ---
Pixel 513, 32, 1, 1, 4.80374e+19
Pixel 514, 32, 1, 1, 4.80374e+19
Pixel 514, 33, 1, 1, 4.80374e+19
=== 393810 ===
--- pALPIDEfs_6 ---
Pixel 485, 86, 1, 1, 4.80374e+19
Pixel 486, 86, 1, 1, 4.80374e+19
=== 425189 ===
--- pALPIDEfs_0 ---
Pixel 471, 346, 1, 1, 4.80374e+19
Pixel 471, 347, 1, 1, 4.80374e+19
--- pALPIDEfs_1 ---
Pixel 66, 353, 1, 1, 4.80374e+19
=== 440461 ===
--- pALPIDEfs_5 ---
Pixel 30, 96, 1, 1, 4.80374e+19
Pixel 31, 96, 1, 1, 4.80374e+19
Pixel 31, 97, 1, 1, 4.80374e+19
Pixel 30, 97, 1, 1, 4.80374e+19
Pixel 32, 97, 1, 1, 4.80374e+19
=== 449796 ===
--- pALPIDEfs_5 ---
Pixel 661, 89, 1, 1, 4.80374e+19
Pixel 661, 90, 1, 1, 4.80374e+19
--- pALPIDEfs_6 ---
Pixel 368, 430, 1, 1, 4.80374e+19
Pixel 369, 430, 1, 1, 4.80374e+19
=== 472622 ===
--- pALPIDEfs_1 ---
Pixel 742, 190, 1, 1, 4.80374e+19
Pixel 743, 190, 1, 1, 4.80374e+19
=== 482834 ===
--- pALPIDEfs_0 ---
Pixel 558, 377, 1, 1, 4.80374e+19
Pixel 558, 378, 1, 1, 4.80374e+19
Pixel 559, 379, 1, 1, 4.80374e+19
Pixel 558, 379, 1, 1, 4.80374e+19
Pixel 558, 380, 1, 1, 4.80374e+19
Pixel 559, 380, 1, 1, 4.80374e+19
=== 519299 ===
--- pALPIDEfs_0 ---
Pixel 523, 359, 1, 1, 4.80374e+19
Pixel 523, 360, 1, 1, 4.80374e+19
Pixel 524, 359, 1, 1, 4.80374e+19
=== 521889 ===
--- pALPIDEfs_6 ---
Pixel 719, 21, 1, 1, 4.80374e+19
=== 526659 ===
--- pALPIDEfs_3 ---
Pixel 407, 390, 1, 1, 4.80374e+19
Pixel 407, 391, 1, 1, 4.80374e+19
Pixel 407, 392, 1, 1, 4.80374e+19
Pixel 408, 392, 1, 1, 4.80374e+19
=== 532055 ===
--- pALPIDEfs_6 ---
Pixel 765, 218, 1, 1, 4.80374e+19
Pixel 765, 219, 1, 1, 4.80374e+19
Pixel 766, 218, 1, 1, 4.80374e+19
Pixel 766, 219, 1, 1, 4.80374e+19
=== 536407 ===
--- pALPIDEfs_4 ---
Pixel 381, 507, 1, 1, 4.80374e+19
Pixel 381, 508, 1, 1, 4.80374e+19
Pixel 382, 507, 1, 1, 4.80374e+19
Pixel 382, 508, 1, 1, 4.80374e+19
=== 562848 ===
--- pALPIDEfs_1 ---
Pixel 638, 119, 1, 1, 4.80374e+19
--- pALPIDEfs_2 ---
Pixel 328, 108, 1, 1, 4.80374e+19
Pixel 329, 108, 1, 1, 4.80374e+19
=== 563747 ===
--- pALPIDEfs_2 ---
Pixel 824, 342, 1, 1, 4.80374e+19
=== 575600 ===
--- pALPIDEfs_0 ---
Pixel 337, 283, 1, 1, 4.80374e+19
Pixel 336, 283, 1, 1, 4.80374e+19
Pixel 336, 284, 1, 1, 4.80374e+19
--- pALPIDEfs_1 ---
Pixel 949, 207, 1, 1, 4.80374e+19
=== 583955 ===
--- pALPIDEfs_3 ---
Pixel 759, 28, 1, 1, 4.80374e+19
Pixel 759, 29, 1, 1, 4.80374e+19
Pixel 760, 29, 1, 1, 4.80374e+19
--- pALPIDEfs_4 ---
Pixel 511, 436, 1, 1, 4.80374e+19
Pixel 512, 436, 1, 1, 4.80374e+19
=== 585158 ===
--- pALPIDEfs_5 ---
Pixel 341, 37, 1, 1, 4.80374e+19
Pixel 341, 38, 1, 1, 4.80374e+19
=== 589443 ===
--- pALPIDEfs_3 ---
Pixel 83, 203, 1, 1, 4.80374e+19
Pixel 82, 203, 1, 1, 4.80374e+19
Pixel 82, 204, 1, 1, 4.80374e+19
=== 595080 ===
--- pALPIDEfs_2 ---
Pixel 809, 205, 1, 1, 4.80374e+19
Pixel 810, 205, 1, 1, 4.80374e+19
--- pALPIDEfs_3 ---
Pixel 69, 33, 1, 1, 4.80374e+19
Pixel 70, 33, 1, 1, 4.80374e+19
Pixel 70, 34, 1, 1, 4.80374e+19
=== 597085 ===
--- pALPIDEfs_0 ---
Pixel 975, 348, 1, 1, 4.80374e+19
Pixel 975, 349, 1, 1, 4.80374e+19
=== 618969 ===
--- pALPIDEfs_0 ---
Pixel 143, 472, 1, 1, 4.80374e+19
Pixel 143, 473, 1, 1, 4.80374e+19
=== 619339 ===
--- pALPIDEfs_2 ---
Pixel 233, 122, 1, 1, 4.80374e+19
Pixel 234, 122, 1, 1, 4.80374e+19
=== 619673 ===
--- pALPIDEfs_0 ---
Pixel 129, 10, 1, 1, 4.80374e+19
Pixel 130, 9, 1, 1, 4.80374e+19
Pixel 130, 10, 1, 1, 4.80374e+19
=== 625752 ===
--- pALPIDEfs_1 ---
Pixel 384, 170, 1, 1, 4.80374e+19
Pixel 384, 171, 1, 1, 4.80374e+19
=== 630570 ===
--- pALPIDEfs_0 ---
Pixel 469, 494, 1, 1, 4.80374e+19
=== 638670 ===
--- pALPIDEfs_6 ---
Pixel 527, 264, 1, 1, 4.80374e+19
Pixel 527, 265, 1, 1, 4.80374e+19
Pixel 528, 264, 1, 1, 4.80374e+19
=== 641955 ===
--- pALPIDEfs_6 ---
Pixel 867, 116, 1, 1, 4.80374e+19
Pixel 867, 117, 1, 1, 4.80374e+19
Pixel 869, 117, 1, 1, 4.80374e+19
Pixel 868, 117, 1, 1, 4.80374e+19
Pixel 869, 118, 1, 1, 4.80374e+19
Pixel 870, 117, 1, 1, 4.80374e+19
Pixel 870, 118, 1, 1, 4.80374e+19
Pixel 870, 119, 1, 1, 4.80374e+19
=== 643089 ===
--- pALPIDEfs_2 ---
Pixel 407, 112, 1, 1, 4.80374e+19
Pixel 407, 113, 1, 1, 4.80374e+19
Pixel 408, 112, 1, 1, 4.80374e+19
Pixel 408, 113, 1, 1, 4.80374e+19
=== 656296 ===
--- pALPIDEfs_0 ---
Pixel 90, 82, 1, 1, 4.80374e+19
Pixel 91, 82, 1, 1, 4.80374e+19
Pixel 91, 83, 1, 1, 4.80374e+19
=== 659988 ===
--- pALPIDEfs_3 ---
Pixel 7, 479, 1, 1, 4.80374e+19
=== 663640 ===
--- pALPIDEfs_5 ---
Pixel 482, 139, 1, 1, 4.80374e+19
Pixel 482, 140, 1, 1, 4.80374e+19
Pixel 483, 140, 1, 1, 4.80374e+19
Pixel 484, 140, 1, 1, 4.80374e+19
Pixel 485, 140, 1, 1, 4.80374e+19
Pixel 484, 141, 1, 1, 4.80374e+19
=== 670841 ===
--- pALPIDEfs_6 ---
Pixel 173, 409, 1, 1, 4.80374e+19
Pixel 172, 409, 1, 1, 4.80374e+19
Pixel 173, 410, 1, 1, 4.80374e+19
Pixel 174, 410, 1, 1, 4.80374e+19
=== 683347 ===
--- pALPIDEfs_5 ---
Pixel 178, 142, 1, 1, 4.80374e+19
=== 704726 ===
--- pALPIDEfs_3 ---
Pixel 395, 489, 1, 1, 4.80374e+19
Pixel 395, 490, 1, 1, 4.80374e+19
Pixel 396, 490, 1, 1, 4.80374e+19
=== 708563 ===
--- pALPIDEfs_0 ---
Pixel 133, 39, 1, 1, 4.80374e+19
=== 724826 ===
--- pALPIDEfs_6 ---
Pixel 217, 243, 1, 1, 4.80374e+19
Pixel 217, 244, 1, 1, 4.80374e+19
Pixel 218, 243, 1, 1, 4.80374e+19
Pixel 218, 244, 1, 1, 4.80374e+19
=== 740767 ===
--- pALPIDEfs_1 ---
Pixel 71, 66, 1, 1, 4.80374e+19
Pixel 71, 67, 1, 1, 4.80374e+19
Pixel 71, 68, 1, 1, 4.80374e+19
Pixel 72, 64, 1, 1, 4.80374e+19
Pixel 73, 64, 1, 1, 4.80374e+19
Pixel 73, 65, 1, 1, 4.80374e+19
Pixel 72, 65, 1, 1, 4.80374e+19
Pixel 72, 66, 1, 1, 4.80374e+19
Pixel 73, 66, 1, 1, 4.80374e+19
Pixel 72, 67, 1, 1, 4.80374e+19
=== 748251 ===
--- pALPIDEfs_1 ---
Pixel 239, 179, 1, 1, 4.80374e+19
Pixel 239, 180, 1, 1, 4.80374e+19
=== 752076 ===
--- pALPIDEfs_0 ---
Pixel 244, 397, 1, 1, 4.80374e+19
=== 754760 ===
--- pALPIDEfs_4 ---
Pixel 997, 298, 1, 1, 4.80374e+19
Pixel 997, 299, 1, 1, 4.80374e+19
Pixel 998, 298, 1, 1, 4.80374e+19
Pixel 998, 299, 1, 1, 4.80374e+19
=== 782462 ===
--- pALPIDEfs_5 ---
Pixel 779, 211, 1, 1, 4.80374e+19
Pixel 779, 212, 1, 1, 4.80374e+19
Pixel 780, 211, 1, 1, 4.80374e+19
Pixel 807, 361, 1, 1, 4.80374e+19
Pixel 807, 362, 1, 1, 4.80374e+19
--- pALPIDEfs_6 ---
Pixel 1009, 315, 1, 1, 4.80374e+19
Pixel 1010, 315, 1, 1, 4.80374e+19
=== 844917 ===
--- pALPIDEfs_5 ---
Pixel 591, 510, 1, 1, 4.80374e+19
Pixel 591, 511, 1, 1, 4.80374e+19
Pixel 590, 511, 1, 1, 4.80374e+19
=== 848071 ===
--- pALPIDEfs_2 ---
Pixel 967, 342, 1, 1, 4.80374e+19
Pixel 969, 341, 1, 1, 4.80374e+19
Pixel 968, 341, 1, 1, 4.80374e+19
Pixel 968, 342, 1, 1, 4.80374e+19
Pixel 969, 342, 1, 1, 4.80374e+19
Pixel 968, 343, 1, 1, 4.80374e+19
Pixel 971, 341, 1, 1, 4.80374e+19
Pixel 970, 341, 1, 1, 4.80374e+19
Pixel 970, 342, 1, 1, 4.80374e+19
Pixel 971, 342, 1, 1, 4.80374e+19
Pixel 971, 343, 1, 1, 4.80374e+19
Pixel 972, 342, 1, 1, 4.80374e+19
Pixel 973, 343, 1, 1, 4.80374e+19
Pixel 972, 343, 1, 1, 4.80374e+19
Pixel 973, 344, 1, 1, 4.80374e+19
=== 871932 ===
--- pALPIDEfs_0 ---
Pixel 865, 35, 1, 1, 4.80374e+19
--- pALPIDEfs_1 ---
Pixel 906, 416, 1, 1, 4.80374e+19
=== 891060 ===
--- pALPIDEfs_3 ---
Pixel 106, 178, 1, 1, 4.80374e+19
=== 919096 ===
--- pALPIDEfs_0 ---
Pixel 97, 298, 1, 1, 4.80374e+19
Pixel 98, 298, 1, 1, 4.80374e+19
=== 948138 ===
--- pALPIDEfs_1 ---
Pixel 16, 62, 1, 1, 4.80374e+19
Pixel 16, 63, 1, 1, 4.80374e+19
Pixel 18, 69, 1, 1, 4.80374e+19
=== 971742 ===
--- pALPIDEfs_2 ---
Pixel 789, 155, 1, 1, 4.80374e+19
Pixel 789, 156, 1, 1, 4.80374e+19
--- pALPIDEfs_3 ---
Pixel 515, 167, 1, 1, 4.80374e+19
Pixel 515, 168, 1, 1, 4.80374e+19
Pixel 516, 168, 1, 1, 4.80374e+19
--- pALPIDEfs_4 ---
Pixel 263, 167, 1, 1, 4.80374e+19
=== 982743 ===
--- pALPIDEfs_6 ---
Pixel 557, 319, 1, 1, 4.80374e+19
Pixel 557, 320, 1, 1, 4.80374e+19
Pixel 558, 319, 1, 1, 4.80374e+19
Pixel 558, 320, 1, 1, 4.80374e+19
Pixel 559, 320, 1, 1, 4.80374e+19
=== 1008173 ===
--- pALPIDEfs_0 ---
Pixel 331, 265, 1, 1, 4.80374e+19
Pixel 331, 266, 1, 1, 4.80374e+19
=== 1047499 ===
--- pALPIDEfs_0 ---
Pixel 679, 159, 1, 1, 4.80374e+19
Pixel 679, 160, 1, 1, 4.80374e+19
=== 1061573 ===
--- pALPIDEfs_1 ---
Pixel 443, 475, 1, 1, 4.80374e+19
Pixel 442, 475, 1, 1, 4.80374e+19
=== 1080411 ===
--- pALPIDEfs_0 ---
Pixel 547, 70, 1, 1, 4.80374e+19
Pixel 547, 71, 1, 1, 4.80374e+19
Pixel 546, 71, 1, 1, 4.80374e+19
Pixel 547, 72, 1, 1, 4.80374e+19
Pixel 548, 70, 1, 1, 4.80374e+19
Pixel 548, 71, 1, 1, 4.80374e+19
Pixel 548, 72, 1, 1, 4.80374e+19
=== 1090507 ===
--- pALPIDEfs_1 ---
Pixel 612, 79, 1, 1, 4.80374e+19
--- pALPIDEfs_2 ---
Pixel 748, 103, 1, 1, 4.80374e+19
--- pALPIDEfs_3 ---
Pixel 903, 112, 1, 1, 4.80374e+19
Pixel 904, 112, 1, 1, 4.80374e+19
--- pALPIDEfs_4 ---
Pixel 919, 107, 1, 1, 4.80374e+19
Pixel 918, 107, 1, 1, 4.80374e+19
=== 1102357 ===
--- pALPIDEfs_5 ---
Pixel 242, 21, 1, 1, 4.80374e+19
Pixel 242, 22, 1, 1, 4.80374e+19
=== 1119803 ===
--- pALPIDEfs_5 ---
Pixel 86, 82, 1, 1, 4.80374e+19
Pixel 87, 82, 1, 1, 4.80374e+19
Pixel 87, 83, 1, 1, 4.80374e+19
Pixel 86, 83, 1, 1, 4.80374e+19
=== 1120823 ===
--- pALPIDEfs_4 ---
Pixel 617, 171, 1, 1, 4.80374e+19
Pixel 617, 172, 1, 1, 4.80374e+19
Pixel 618, 170, 1, 1, 4.80374e+19
Pixel 618, 171, 1, 1, 4.80374e+19
Pixel 618, 172, 1, 1, 4.80374e+19
=== 1130763 ===
--- pALPIDEfs_4 ---
Pixel 360, 286, 1, 1, 4.80374e+19
Pixel 361, 286, 1, 1, 4.80374e+19
Pixel 361, 287, 1, 1, 4.80374e+19
Pixel 360, 287, 1, 1, 4.80374e+19
=== 1164593 ===
--- pALPIDEfs_2 ---
Pixel 977, 205, 1, 1, 4.80374e+19
Pixel 977, 206, 1, 1, 4.80374e+19
Pixel 977, 207, 1, 1, 4.80374e+19
Pixel 978, 204, 1, 1, 4.80374e+19
Pixel 978, 205, 1, 1, 4.80374e+19
Pixel 978, 206, 1, 1, 4.80374e+19
Pixel 978, 207, 1, 1, 4.80374e+19
=== 1169161 ===
--- pALPIDEfs_5 ---
Pixel 179, 327, 1, 1, 4.80374e+19
Pixel 179, 328, 1, 1, 4.80374e+19
Pixel 180, 327, 1, 1, 4.80374e+19
Pixel 180, 328, 1, 1, 4.80374e+19
=== 1181514 ===
--- pALPIDEfs_5 ---
Pixel 525, 466, 1, 1, 4.80374e+19
Pixel 525, 467, 1, 1, 4.80374e+19
Pixel 524, 467, 1, 1, 4.80374e+19
Pixel 525, 468, 1, 1, 4.80374e+19
=== 1193609 ===
--- pALPIDEfs_3 ---
Pixel 123, 423, 1, 1, 4.80374e+19
Pixel 122, 423, 1, 1, 4.80374e+19
Pixel 122, 424, 1, 1, 4.80374e+19
=== 1207470 ===
--- pALPIDEfs_6 ---
Pixel 131, 31, 1, 1, 4.80374e+19
Pixel 130, 31, 1, 1, 4.80374e+19
=== 1210058 ===
--- pALPIDEfs_5 ---
Pixel 867, 476, 1, 1, 4.80374e+19
Pixel 867, 477, 1, 1, 4.80374e+19
Pixel 867, 478, 1, 1, 4.80374e+19
Pixel 868, 476, 1, 1, 4.80374e+19
Pixel 869, 476, 1, 1, 4.80374e+19
Pixel 869, 477, 1, 1, 4.80374e+19
Pixel 868, 477, 1, 1, 4.80374e+19
Pixel 868, 478, 1, 1, 4.80374e+19
=== 1229426 ===
--- pALPIDEfs_2 ---
Pixel 293, 406, 1, 1, 4.80374e+19
Pixel 293, 407, 1, 1, 4.80374e+19
Pixel 294, 406, 1, 1, 4.80374e+19
Pixel 295, 406, 1, 1, 4.80374e+19
Pixel 295, 407, 1, 1, 4.80374e+19
Pixel 294, 407, 1, 1, 4.80374e+19
Pixel 296, 406, 1, 1, 4.80374e+19
Pixel 297, 406, 1, 1, 4.80374e+19
Pixel 297, 407, 1, 1, 4.80374e+19
Pixel 296, 407, 1, 1, 4.80374e+19
Pixel 298, 406, 1, 1, 4.80374e+19
Pixel 299, 407, 1, 1, 4.80374e+19
Pixel 298, 407, 1, 1, 4.80374e+19
Pixel 301, 407, 1, 1, 4.80374e+19
Pixel 300, 407, 1, 1, 4.80374e+19
Pixel 303, 407, 1, 1, 4.80374e+19
Pixel 302, 407, 1, 1, 4.80374e+19
Pixel 302, 408, 1, 1, 4.80374e+19
Pixel 303, 408, 1, 1, 4.80374e+19
Pixel 305, 407, 1, 1, 4.80374e+19
Pixel 304, 407, 1, 1, 4.80374e+19
Pixel 304, 408, 1, 1, 4.80374e+19
Pixel 305, 408, 1, 1, 4.80374e+19
Pixel 306, 408, 1, 1, 4.80374e+19
=== 1234989 ===
--- pALPIDEfs_0 ---
Pixel 440, 56, 1, 1, 4.80374e+19
Pixel 441, 56, 1, 1, 4.80374e+19
=== 1243272 ===
--- pALPIDEfs_4 ---
Pixel 749, 89, 1, 1, 4.80374e+19
Pixel 750, 89, 1, 1, 4.80374e+19
Pixel 750, 90, 1, 1, 4.80374e+19
=== 1244562 ===
--- pALPIDEfs_2 ---
Pixel 459, 13, 1, 1, 4.80374e+19
Pixel 458, 13, 1, 1, 4.80374e+19
Pixel 458, 14, 1, 1, 4.80374e+19
Pixel 459, 14, 1, 1, 4.80374e+19
Pixel 459, 15, 1, 1, 4.80374e+19
Pixel 458, 15, 1, 1, 4.80374e+19
=== 1244597 ===
--- pALPIDEfs_3 ---
Pixel 675, 158, 1, 1, 4.80374e+19
Pixel 675, 159, 1, 1, 4.80374e+19
Pixel 676, 158, 1, 1, 4.80374e+19
Pixel 676, 159, 1, 1, 4.80374e+19
=== 1261688 ===
--- pALPIDEfs_0 ---
Pixel 934, 340, 1, 1, 4.80374e+19
Pixel 935, 341, 1, 1, 4.80374e+19
Pixel 934, 341, 1, 1, 4.80374e+19
Pixel 934, 342, 1, 1, 4.80374e+19
Pixel 935, 342, 1, 1, 4.80374e+19
=== 1267243 ===
--- pALPIDEfs_6 ---
Pixel 667, 473, 1, 1, 4.80374e+19
Pixel 666, 473, 1, 1, 4.80374e+19
=== 1302161 ===
--- pALPIDEfs_4 ---
Pixel 806, 78, 1, 1, 4.80374e+19
Pixel 806, 79, 1, 1, 4.80374e+19
=== 1323941 ===
--- pALPIDEfs_0 ---
Pixel 1004, 427, 1, 1, 4.80374e+19
=== 1326021 ===
--- pALPIDEfs_0 ---
Pixel 496, 384, 1, 1, 4.80374e+19
Pixel 497, 384, 1, 1, 4.80374e+19
=== 1331860 ===
--- pALPIDEfs_0 ---
Pixel 329, 187, 1, 1, 4.80374e+19
Pixel 328, 187, 1, 1, 4.80374e+19
Pixel 328, 188, 1, 1, 4.80374e+19
Pixel 329, 188, 1, 1, 4.80374e+19
--- pALPIDEfs_1 ---
Pixel 595, 151, 1, 1, 4.80374e+19
Pixel 595, 152, 1, 1, 4.80374e+19
Pixel 596, 151, 1, 1, 4.80374e+19
Pixel 596, 152, 1, 1, 4.80374e+19
=== 1351212 ===
--- pALPIDEfs_2 ---
Pixel 891, 143, 1, 1, 4.80374e+19
=== 1358426 ===
--- pALPIDEfs_4 ---
Pixel 336, 218, 1, 1, 4.80374e+19
Pixel 336, 219, 1, 1, 4.80374e+19
=== 1362535 ===
--- pALPIDEfs_1 ---
Pixel 774, 493, 1, 1, 4.80374e+19
=== 1369514 ===
--- pALPIDEfs_4 ---
Pixel 547, 473, 1, 1, 4.80374e+19
Pixel 549, 473, 1, 1, 4.80374e+19
Pixel 548, 473, 1, 1, 4.80374e+19
Pixel 548, 474, 1, 1, 4.80374e+19
Pixel 549, 474, 1, 1, 4.80374e+19
=== 1374605 ===
--- pALPIDEfs_5 ---
Pixel 814, 190, 1, 1, 4.80374e+19
--- pALPIDEfs_6 ---
Pixel 398, 243, 1, 1, 4.80374e+19
=== 1379393 ===
--- pALPIDEfs_5 ---
Pixel 905, 427, 1, 1, 4.80374e+19
Pixel 905, 428, 1, 1, 4.80374e+19
Pixel 906, 428, 1, 1, 4.80374e+19
=== 1402427 ===
--- pALPIDEfs_0 ---
Pixel 103, 337, 1, 1, 4.80374e+19
Pixel 102, 337, 1, 1, 4.80374e+19
=== 1403613 ===
--- pALPIDEfs_6 ---
Pixel 66, 112, 1, 1, 4.80374e+19
Pixel 66, 113, 1, 1, 4.80374e+19
=== 1410707 ===
--- pALPIDEfs_3 ---
Pixel 277, 16, 1, 1, 4.80374e+19
Pixel 278, 16, 1, 1, 4.80374e+19
--- pALPIDEfs_5 ---
Pixel 484, 38, 1, 1, 4.80374e+19
Pixel 485, 38, 1, 1, 4.80374e+19
--- pALPIDEfs_6 ---
Pixel 655, 263, 1, 1, 4.80374e+19
=== 1411836 ===
--- pALPIDEfs_1 ---
Pixel 637, 247, 1, 1, 4.80374e+19
Pixel 638, 246, 1, 1, 4.80374e+19
Pixel 638, 247, 1, 1, 4.80374e+19
=== 1420493 ===
--- pALPIDEfs_4 ---
Pixel 632, 351, 1, 1, 4.80374e+19
Pixel 632, 352, 1, 1, 4.80374e+19
Pixel 633, 352, 1, 1, 4.80374e+19
--- pALPIDEfs_5 ---
Pixel 259, 355, 1, 1, 4.80374e+19
Pixel 260, 355, 1, 1, 4.80374e+19
=== 1437152 ===
--- pALPIDEfs_0 ---
Pixel 975, 268, 1, 1, 4.80374e+19
Pixel 975, 269, 1, 1, 4.80374e+19
Pixel 976, 268, 1, 1, 4.80374e+19
Pixel 977, 268, 1, 1, 4.80374e+19
Pixel 976, 269, 1, 1, 4.80374e+19
=== 1440770 ===
--- pALPIDEfs_0 ---
Pixel 245, 66, 1, 1, 4.80374e+19
Pixel 245, 67, 1, 1, 4.80374e+19
=== 1454567 ===
--- pALPIDEfs_1 ---
Pixel 695, 431, 1, 1, 4.80374e+19
Pixel 694, 431, 1, 1, 4.80374e+19
Pixel 694, 432, 1, 1, 4.80374e+19
Pixel 695, 432, 1, 1, 4.80374e+19
=== 1456187 ===
--- pALPIDEfs_3 ---
Pixel 557, 180, 1, 1, 4.80374e+19
=== 1475235 ===
--- pALPIDEfs_6 ---
Pixel 146, 234, 1, 1, 4.80374e+19
Pixel 147, 234, 1, 1, 4.80374e+19
Pixel 146, 235, 1, 1, 4.80374e+19
=== 1479406 ===
--- pALPIDEfs_6 ---
Pixel 715, 263, 1, 1, 4.80374e+19
Pixel 714, 263, 1, 1, 4.80374e+19
Pixel 714, 264, 1, 1, 4.80374e+19
Pixel 715, 264, 1, 1, 4.80374e+19
=== 1490431 ===
--- pALPIDEfs_3 ---
Pixel 879, 375, 1, 1, 4.80374e+19
Pixel 878, 375, 1, 1, 4.80374e+19
=== 1494704 ===
--- pALPIDEfs_3 ---
Pixel 557, 180, 1, 1, 4.80374e+19
=== 1506963 ===
--- pALPIDEfs_1 ---
Pixel 267, 416, 1, 1, 4.80374e+19
=== 1516095 ===
--- pALPIDEfs_4 ---
Pixel 547, 84, 1, 1, 4.80374e+19
Pixel 548, 84, 1, 1, 4.80374e+19
=== 1517752 ===
--- pALPIDEfs_4 ---
Pixel 943, 231, 1, 1, 4.80374e+19
Pixel 942, 231, 1, 1, 4.80374e+19
Pixel 943, 232, 1, 1, 4.80374e+19
=== 1520855 ===
--- pALPIDEfs_4 ---
Pixel 212, 16, 1, 1, 4.80374e+19
Pixel 213, 16, 1, 1, 4.80374e+19
=== 1525186 ===
--- pALPIDEfs_5 ---
Pixel 663, 158, 1, 1, 4.80374e+19
Pixel 663, 159, 1, 1, 4.80374e+19
--- pALPIDEfs_6 ---
Pixel 792, 91, 1, 1, 4.80374e+19
=== 1538416 ===
--- pALPIDEfs_4 ---
Pixel 555, 78, 1, 1, 4.80374e+19
Pixel 555, 79, 1, 1, 4.80374e+19
=== 1552631 ===
--- pALPIDEfs_3 ---
Pixel 557, 180, 1, 1, 4.80374e+19
=== 1563531 ===
--- pALPIDEfs_3 ---
Pixel 331, 291, 1, 1, 4.80374e+19
Pixel 333, 291, 1, 1, 4.80374e+19
Pixel 332, 291, 1, 1, 4.80374e+19
Pixel 333, 292, 1, 1, 4.80374e+19
=== 1590410 ===
--- pALPIDEfs_6 ---
Pixel 291, 414, 1, 1, 4.80374e+19
Pixel 291, 415, 1, 1, 4.80374e+19
Pixel 292, 414, 1, 1, 4.80374e+19
Pixel 292, 415, 1, 1, 4.80374e+19
=== 1602134 ===
--- pALPIDEfs_4 ---
Pixel 264, 320, 1, 1, 4.80374e+19
Pixel 265, 320, 1, 1, 4.80374e+19
Pixel 265, 321, 1, 1, 4.80374e+19
Pixel 264, 321, 1, 1, 4.80374e+19
=== 1618566 ===
--- pALPIDEfs_3 ---
Pixel 413, 240, 1, 1, 4.80374e+19
=== 1622499 ===
--- pALPIDEfs_2 ---
Pixel 249, 33, 1, 1, 4.80374e+19
Pixel 248, 33, 1, 1, 4.80374e+19
Pixel 249, 34, 1, 1, 4.80374e+19
Pixel 250, 33, 1, 1, 4.80374e+19
Pixel 250, 34, 1, 1, 4.80374e+19
=== 1628292 ===
--- pALPIDEfs_1 ---
Pixel 101, 315, 1, 1, 4.80374e+19
Pixel 100, 315, 1, 1, 4.80374e+19
Pixel 101, 316, 1, 1, 4.80374e+19
=== 1644953 ===
--- pALPIDEfs_0 ---
Pixel 969, 409, 1, 1, 4.80374e+19
=== 1654424 ===
--- pALPIDEfs_3 ---
Pixel 800, 136, 1, 1, 4.80374e+19
Pixel 801, 136, 1, 1, 4.80374e+19
Pixel 801, 137, 1, 1, 4.80374e+19
Pixel 800, 137, 1, 1, 4.80374e+19
=== 1667549 ===
--- pALPIDEfs_6 ---
Pixel 471, 101, 1, 1, 4.80374e+19
Pixel 470, 102, 1, 1, 4.80374e+19
Pixel 471, 102, 1, 1, 4.80374e+19
Pixel 470, 103, 1, 1, 4.80374e+19
=== 1712254 ===
--- pALPIDEfs_2 ---
Pixel 683, 225, 1, 1, 4.80374e+19
Pixel 683, 226, 1, 1, 4.80374e+19
Pixel 685, 225, 1, 1, 4.80374e+19
Pixel 684, 225, 1, 1, 4.80374e+19
Pixel 684, 226, 1, 1, 4.80374e+19
Pixel 685, 226, 1, 1, 4.80374e+19
Pixel 685, 227, 1, 1, 4.80374e+19
Pixel 687, 225, 1, 1, 4.80374e+19
Pixel 686, 225, 1, 1, 4.80374e+19
Pixel 686, 226, 1, 1, 4.80374e+19
Pixel 687, 226, 1, 1, 4.80374e+19
Pixel 687, 227, 1, 1, 4.80374e+19
Pixel 686, 227, 1, 1, 4.80374e+19
Pixel 688, 225, 1, 1, 4.80374e+19
Pixel 688, 226, 1, 1, 4.80374e+19
=== 1713425 ===
--- pALPIDEfs_5 ---
Pixel 347, 396, 1, 1, 4.80374e+19
Pixel 347, 397, 1, 1, 4.80374e+19
Pixel 346, 397, 1, 1, 4.80374e+19
Pixel 348, 396, 1, 1, 4.80374e+19
Pixel 348, 397, 1, 1, 4.80374e+19
=== 1763988 ===
--- pALPIDEfs_5 ---
Pixel 377, 470, 1, 1, 4.80374e+19
Pixel 378, 470, 1, 1, 4.80374e+19
Pixel 378, 471, 1, 1, 4.80374e+19
=== 1765873 ===
--- pALPIDEfs_4 ---
Pixel 863, 225, 1, 1, 4.80374e+19
Pixel 863, 226, 1, 1, 4.80374e+19
=== 1775681 ===
--- pALPIDEfs_4 ---
Pixel 979, 468, 1, 1, 4.80374e+19
Pixel 979, 469, 1, 1, 4.80374e+19
Pixel 979, 470, 1, 1, 4.80374e+19
Pixel 980, 468, 1, 1, 4.80374e+19
Pixel 980, 469, 1, 1, 4.80374e+19
=== 1787755 ===
--- pALPIDEfs_3 ---
Pixel 557, 180, 1, 1, 4.80374e+19
=== 1798193 ===
--- pALPIDEfs_5 ---
Pixel 861, 246, 1, 1, 4.80374e+19
=== 1804199 ===
--- pALPIDEfs_3 ---
Pixel 851, 290, 1, 1, 4.80374e+19
Pixel 851, 291, 1, 1, 4.80374e+19
=== 1808012 ===
--- pALPIDEfs_6 ---
Pixel 45, 307, 1, 1, 4.80374e+19
Pixel 45, 308, 1, 1, 4.80374e+19
=== 1822984 ===
--- pALPIDEfs_4 ---
Pixel 27, 267, 1, 1, 4.80374e+19
Pixel 26, 267, 1, 1, 4.80374e+19
Pixel 26, 268, 1, 1, 4.80374e+19
--- pALPIDEfs_5 ---
Pixel 468, 182, 1, 1, 4.80374e+19
Pixel 468, 183, 1, 1, 4.80374e+19
--- pALPIDEfs_6 ---
Pixel 968, 39, 1, 1, 4.80374e+19
=== 1823076 ===
--- pALPIDEfs_1 ---
Pixel 507, 79, 1, 1, 4.80374e+19
Pixel 507, 80, 1, 1, 4.80374e+19
Pixel 508, 80, 1, 1, 4.80374e+19
=== 1833487 ===
--- pALPIDEfs_1 ---
Pixel 911, 464, 1, 1, 4.80374e+19
Pixel 910, 465, 1, 1, 4.80374e+19
Pixel 910, 466, 1, 1, 4.80374e+19
=== 1862552 ===
--- pALPIDEfs_0 ---
Pixel 483, 328, 1, 1, 4.80374e+19
Pixel 483, 329, 1, 1, 4.80374e+19
Pixel 484, 328, 1, 1, 4.80374e+19
=== 1877010 ===
--- pALPIDEfs_4 ---
Pixel 233, 433, 1, 1, 4.80374e+19
Pixel 233, 434, 1, 1, 4.80374e+19
Pixel 233, 435, 1, 1, 4.80374e+19
Pixel 234, 433, 1, 1, 4.80374e+19
Pixel 234, 434, 1, 1, 4.80374e+19
Pixel 234, 435, 1, 1, 4.80374e+19
=== 1899225 ===
--- pALPIDEfs_5 ---
Pixel 987, 18, 1, 1, 4.80374e+19
Pixel 988, 18, 1, 1, 4.80374e+19
Pixel 988, 19, 1, 1, 4.80374e+19
=== 1899226 ===
--- pALPIDEfs_5 ---
Pixel 987, 18, 1, 1, 4.80374e+19
Pixel 988, 18, 1, 1, 4.80374e+19
=== 1920774 ===
--- pALPIDEfs_1 ---
Pixel 641, 98, 1, 1, 4.80374e+19
Pixel 641, 99, 1, 1, 4.80374e+19
Pixel 642, 98, 1, 1, 4.80374e+19
Pixel 642, 99, 1, 1, 4.80374e+19
=== 1930956 ===
--- pALPIDEfs_3 ---
Pixel 827, 402, 1, 1, 4.80374e+19
Pixel 827, 403, 1, 1, 4.80374e+19
Pixel 827, 404, 1, 1, 4.80374e+19
Pixel 828, 403, 1, 1, 4.80374e+19
=== 1932117 ===
--- pALPIDEfs_2 ---
Pixel 963, 103, 1, 1, 4.80374e+19
Pixel 963, 104, 1, 1, 4.80374e+19
=== 1936082 ===
--- pALPIDEfs_1 ---
Pixel 213, 401, 1, 1, 4.80374e+19
=== 1939035 ===
--- pALPIDEfs_1 ---
Pixel 462, 322, 1, 1, 4.80374e+19
=== 1940230 ===
--- pALPIDEfs_1 ---
Pixel 813, 247, 1, 1, 4.80374e+19
Pixel 813, 248, 1, 1, 4.80374e+19
Pixel 814, 247, 1, 1, 4.80374e+19
Pixel 814, 248, 1, 1, 4.80374e+19
=== 1945386 ===
--- pALPIDEfs_6 ---
Pixel 875, 172, 1, 1, 4.80374e+19
=== 1977405 ===
--- pALPIDEfs_2 ---
Pixel 595, 370, 1, 1, 4.80374e+19
Pixel 595, 371, 1, 1, 4.80374e+19
Pixel 596, 370, 1, 1, 4.80374e+19
--- pALPIDEfs_3 ---
Pixel 909, 98, 1, 1, 4.80374e+19
Pixel 909, 99, 1, 1, 4.80374e+19
Pixel 908, 99, 1, 1, 4.80374e+19
=== 1992902 ===
--- pALPIDEfs_1 ---
Pixel 848, 98, 1, 1, 4.80374e+19
--- pALPIDEfs_2 ---
Pixel 610, 178, 1, 1, 4.80374e+19
Pixel 611, 178, 1, 1, 4.80374e+19
Pixel 611, 179, 1, 1, 4.80374e+19
Pixel 610, 179, 1, 1, 4.80374e+19
--- pALPIDEfs_3 ---
Pixel 373, 331, 1, 1, 4.80374e+19
--- pALPIDEfs_4 ---
Pixel 158, 469, 1, 1, 4.80374e+19
Pixel 158, 470, 1, 1, 4.80374e+19
Pixel 159, 470, 1, 1, 4.80374e+19
=== 2021082 ===
--- pALPIDEfs_0 ---
Pixel 921, 373, 1, 1, 4.80374e+19
Pixel 922, 373, 1, 1, 4.80374e+19
Pixel 922, 374, 1, 1, 4.80374e+19
=== 2031398 ===
--- pALPIDEfs_0 ---
Pixel 955, 72, 1, 1, 4.80374e+19
Pixel 955, 73, 1, 1, 4.80374e+19
Pixel 957, 71, 1, 1, 4.80374e+19
Pixel 956, 71, 1, 1, 4.80374e+19
Pixel 956, 72, 1, 1, 4.80374e+19
Pixel 957, 72, 1, 1, 4.80374e+19
Pixel 956, 73, 1, 1, 4.80374e+19
--- pALPIDEfs_1 ---
Pixel 902, 96, 1, 1, 4.80374e+19
Pixel 902, 97, 1, 1, 4.80374e+19
--- pALPIDEfs_2 ---
Pixel 607, 118, 1, 1, 4.80374e+19
Pixel 608, 118, 1, 1, 4.80374e+19
--- pALPIDEfs_3 ---
Pixel 313, 211, 1, 1, 4.80374e+19
Pixel 313, 212, 1, 1, 4.80374e+19
--- pALPIDEfs_4 ---
Pixel 38, 294, 1, 1, 4.80374e+19
Pixel 39, 294, 1, 1, 4.80374e+19
Pixel 39, 295, 1, 1, 4.80374e+19
=== 2035893 ===
--- pALPIDEfs_4 ---
Pixel 892, 19, 1, 1, 4.80374e+19
Pixel 892, 20, 1, 1, 4.80374e+19
Pixel 893, 21, 1, 1, 4.80374e+19
Pixel 892, 21, 1, 1, 4.80374e+19
=== 2057389 ===
--- pALPIDEfs_6 ---
Pixel 409, 304, 1, 1, 4.80374e+19
Pixel 410, 303, 1, 1, 4.80374e+19
Pixel 410, 304, 1, 1, 4.80374e+19
=== 2062069 ===
--- pALPIDEfs_1 ---
Pixel 777, 139, 1, 1, 4.80374e+19
Pixel 778, 139, 1, 1, 4.80374e+19
=== 2068886 ===
--- pALPIDEfs_4 ---
Pixel 283, 166, 1, 1, 4.80374e+19
Pixel 284, 166, 1, 1, 4.80374e+19
--- pALPIDEfs_5 ---
Pixel 625, 6, 1, 1, 4.80374e+19
=== 2070399 ===
--- pALPIDEfs_1 ---
Pixel 847, 340, 1, 1, 4.80374e+19
Pixel 847, 341, 1, 1, 4.80374e+19
=== 2072877 ===
--- pALPIDEfs_4 ---
Pixel 426, 336, 1, 1, 4.80374e+19
Pixel 426, 337, 1, 1, 4.80374e+19
--- pALPIDEfs_5 ---
Pixel 432, 73, 1, 1, 4.80374e+19
Pixel 432, 74, 1, 1, 4.80374e+19
=== 2074433 ===
--- pALPIDEfs_1 ---
Pixel 1011, 7, 1, 1, 4.80374e+19
Pixel 1011, 8, 1, 1, 4.80374e+19
Pixel 1012, 7, 1, 1, 4.80374e+19
=== 2084059 ===
--- pALPIDEfs_4 ---
Pixel 48, 363, 1, 1, 4.80374e+19
Pixel 48, 364, 1, 1, 4.80374e+19
=== 2088430 ===
--- pALPIDEfs_1 ---
Pixel 364, 50, 1, 1, 4.80374e+19
Pixel 365, 50, 1, 1, 4.80374e+19
--- pALPIDEfs_2 ---
Pixel 186, 78, 1, 1, 4.80374e+19
Pixel 186, 79, 1, 1, 4.80374e+19
--- pALPIDEfs_3 ---
Pixel 8, 174, 1, 1, 4.80374e+19
Pixel 9, 174, 1, 1, 4.80374e+19
Pixel 9, 175, 1, 1, 4.80374e+19
Pixel 8, 175, 1, 1, 4.80374e+19
=== 2097084 ===
--- pALPIDEfs_0 ---
Pixel 415, 249, 1, 1, 4.80374e+19
--- pALPIDEfs_1 ---
Pixel 367, 212, 1, 1, 4.80374e+19
--- pALPIDEfs_2 ---
Pixel 339, 71, 1, 1, 4.80374e+19
Pixel 339, 72, 1, 1, 4.80374e+19
Pixel 340, 71, 1, 1, 4.80374e+19
=== 2099887 ===
--- pALPIDEfs_5 ---
Pixel 951, 365, 1, 1, 4.80374e+19
Pixel 950, 365, 1, 1, 4.80374e+19
Pixel 950, 366, 1, 1, 4.80374e+19
Pixel 951, 366, 1, 1, 4.80374e+19
=== 2110295 ===
--- pALPIDEfs_6 ---
Pixel 522, 349, 1, 1, 4.80374e+19
Pixel 525, 345, 1, 1, 4.80374e+19
Pixel 524, 347, 1, 1, 4.80374e+19
Pixel 526, 343, 1, 1, 4.80374e+19
Pixel 526, 344, 1, 1, 4.80374e+19
=== 2113519 ===
--- pALPIDEfs_6 ---
Pixel 187, 107, 1, 1, 4.80374e+19
Pixel 187, 108, 1, 1, 4.80374e+19
Pixel 187, 109, 1, 1, 4.80374e+19
Pixel 188, 108, 1, 1, 4.80374e+19
=== 2126208 ===
--- pALPIDEfs_4 ---
Pixel 325, 443, 1, 1, 4.80374e+19
Pixel 324, 443, 1, 1, 4.80374e+19
Pixel 324, 444, 1, 1, 4.80374e+19
Pixel 325, 444, 1, 1, 4.80374e+19
=== 2133334 ===
--- pALPIDEfs_1 ---
Pixel 315, 158, 1, 1, 4.80374e+19
Pixel 315, 159, 1, 1, 4.80374e+19
=== 2134406 ===
--- pALPIDEfs_3 ---
Pixel 344, 96, 1, 1, 4.80374e+19
--- pALPIDEfs_4 ---
Pixel 377, 395, 1, 1, 4.80374e+19
Pixel 377, 396, 1, 1, 4.80374e+19
=== 2136667 ===
--- pALPIDEfs_3 ---
Pixel 945, 211, 1, 1, 4.80374e+19
Pixel 944, 211, 1, 1, 4.80374e+19
Pixel 944, 212, 1, 1, 4.80374e+19
--- pALPIDEfs_4 ---
Pixel 305, 155, 1, 1, 4.80374e+19
Pixel 306, 155, 1, 1, 4.80374e+19
=== 2138233 ===
--- pALPIDEfs_6 ---
Pixel 636, 294, 1, 1, 4.80374e+19
Pixel 637, 294, 1, 1, 4.80374e+19
=== 2139187 ===
--- pALPIDEfs_0 ---
Pixel 107, 321, 1, 1, 4.80374e+19
Pixel 106, 321, 1, 1, 4.80374e+19
Pixel 106, 322, 1, 1, 4.80374e+19
Pixel 107, 322, 1, 1, 4.80374e+19
--- pALPIDEfs_1 ---
Pixel 557, 409, 1, 1, 4.80374e+19
Pixel 557, 410, 1, 1, 4.80374e+19
=== 2154586 ===
--- pALPIDEfs_3 ---
Pixel 557, 180, 1, 1, 4.80374e+19
=== 2169603 ===
--- pALPIDEfs_4 ---
Pixel 992, 452, 1, 1, 4.80374e+19
Pixel 992, 453, 1, 1, 4.80374e+19
=== 2171299 ===
--- pALPIDEfs_2 ---
Pixel 407, 319, 1, 1, 4.80374e+19
Pixel 408, 319, 1, 1, 4.80374e+19
--- pALPIDEfs_3 ---
Pixel 84, 275, 1, 1, 4.80374e+19
Pixel 84, 276, 1, 1, 4.80374e+19
=== 2213887 ===
--- pALPIDEfs_5 ---
Pixel 291, 409, 1, 1, 4.80374e+19
Pixel 290, 409, 1, 1, 4.80374e+19
--- pALPIDEfs_6 ---
Pixel 757, 234, 1, 1, 4.80374e+19
Pixel 757, 235, 1, 1, 4.80374e+19
Pixel 758, 234, 1, 1, 4.80374e+19
Pixel 758, 235, 1, 1, 4.80374e+19
=== 2234665 ===
--- pALPIDEfs_3 ---
Pixel 864, 183, 1, 1, 4.80374e+19
Pixel 864, 184, 1, 1, 4.80374e+19
Pixel 865, 184, 1, 1, 4.80374e+19
Pixel 865, 185, 1, 1, 4.80374e+19
Pixel 864, 185, 1, 1, 4.80374e+19
Pixel 865, 186, 1, 1, 4.80374e+19
Pixel 865, 187, 1, 1, 4.80374e+19
Pixel 866, 186, 1, 1, 4.80374e+19
Pixel 866, 187, 1, 1, 4.80374e+19
Pixel 866, 188, 1, 1, 4.80374e+19
=== 2238312 ===
--- pALPIDEfs_0 ---
Pixel 771, 220, 1, 1, 4.80374e+19
Pixel 771, 221, 1, 1, 4.80374e+19
=== 2251518 ===
--- pALPIDEfs_3 ---
Pixel 557, 180, 1, 1, 4.80374e+19
=== 2255619 ===
--- pALPIDEfs_0 ---
Pixel 386, 96, 1, 1, 4.80374e+19
Pixel 387, 96, 1, 1, 4.80374e+19
=== 2256653 ===
--- pALPIDEfs_3 ---
Pixel 395, 299, 1, 1, 4.80374e+19
=== 2260207 ===
--- pALPIDEfs_3 ---
Pixel 855, 299, 1, 1, 4.80374e+19
Pixel 854, 299, 1, 1, 4.80374e+19
Pixel 855, 300, 1, 1, 4.80374e+19
=== 2273921 ===
--- pALPIDEfs_5 ---
Pixel 805, 463, 1, 1, 4.80374e+19
Pixel 805, 464, 1, 1, 4.80374e+19
Pixel 805, 465, 1, 1, 4.80374e+19
Pixel 806, 464, 1, 1, 4.80374e+19
Pixel 806, 465, 1, 1, 4.80374e+19
=== 2276993 ===
--- pALPIDEfs_0 ---
Pixel 25, 337, 1, 1, 4.80374e+19
=== 2338197 ===
--- pALPIDEfs_3 ---
Pixel 324, 461, 1, 1, 4.80374e+19
Pixel 324, 462, 1, 1, 4.80374e+19
Pixel 325, 462, 1, 1, 4.80374e+19
=== 2343040 ===
--- pALPIDEfs_0 ---
Pixel 139, 399, 1, 1, 4.80374e+19
=== 2347531 ===
--- pALPIDEfs_0 ---
Pixel 44, 366, 1, 1, 4.80374e+19
Pixel 44, 367, 1, 1, 4.80374e+19
=== 2349843 ===
--- pALPIDEfs_6 ---
Pixel 841, 194, 1, 1, 4.80374e+19
Pixel 841, 195, 1, 1, 4.80374e+19
Pixel 840, 195, 1, 1, 4.80374e+19
=== 2368683 ===
--- pALPIDEfs_3 ---
Pixel 275, 262, 1, 1, 4.80374e+19
Pixel 276, 262, 1, 1, 4.80374e+19
=== 2371892 ===
--- pALPIDEfs_1 ---
Pixel 199, 55, 1, 1, 4.80374e+19
Pixel 198, 55, 1, 1, 4.80374e+19
Pixel 198, 56, 1, 1, 4.80374e+19
Pixel 581, 367, 1, 1, 4.80374e+19
Pixel 580, 367, 1, 1, 4.80374e+19
=== 2374572 ===
--- pALPIDEfs_6 ---
Pixel 361, 305, 1, 1, 4.80374e+19
Pixel 360, 305, 1, 1, 4.80374e+19
Pixel 361, 306, 1, 1, 4.80374e+19
=== 2378884 ===
--- pALPIDEfs_4 ---
Pixel 821, 6, 1, 1, 4.80374e+19
Pixel 822, 6, 1, 1, 4.80374e+19
=== 2387168 ===
--- pALPIDEfs_4 ---
Pixel 461, 363, 1, 1, 4.80374e+19
--- pALPIDEfs_5 ---
Pixel 390, 435, 1, 1, 4.80374e+19
Pixel 390, 436, 1, 1, 4.80374e+19
--- pALPIDEfs_6 ---
Pixel 315, 494, 1, 1, 4.80374e+19
Pixel 323, 493, 1, 1, 4.80374e+19
Pixel 323, 494, 1, 1, 4.80374e+19
Pixel 324, 492, 1, 1, 4.80374e+19
Pixel 324, 493, 1, 1, 4.80374e+19
Pixel 324, 494, 1, 1, 4.80374e+19
=== 2398731 ===
--- pALPIDEfs_6 ---
Pixel 305, 299, 1, 1, 4.80374e+19
Pixel 304, 299, 1, 1, 4.80374e+19
Pixel 305, 300, 1, 1, 4.80374e+19
=== 2400239 ===
--- pALPIDEfs_3 ---
Pixel 417, 399, 1, 1, 4.80374e+19
Pixel 416, 399, 1, 1, 4.80374e+19
Pixel 417, 400, 1, 1, 4.80374e+19
=== 2407619 ===
--- pALPIDEfs_2 ---
Pixel 126, 84, 1, 1, 4.80374e+19
Pixel 127, 84, 1, 1, 4.80374e+19
Pixel 127, 85, 1, 1, 4.80374e+19
Pixel 126, 85, 1, 1, 4.80374e+19
Pixel 128, 84, 1, 1, 4.80374e+19
=== 2407988 ===
--- pALPIDEfs_1 ---
Pixel 847, 368, 1, 1, 4.80374e+19
Pixel 847, 369, 1, 1, 4.80374e+19
=== 2413066 ===
--- pALPIDEfs_5 ---
Pixel 385, 46, 1, 1, 4.80374e+19
Pixel 385, 47, 1, 1, 4.80374e+19
Pixel 386, 46, 1, 1, 4.80374e+19
Pixel 387, 47, 1, 1, 4.80374e+19
Pixel 386, 47, 1, 1, 4.80374e+19
Pixel 387, 48, 1, 1, 4.80374e+19
Pixel 388, 47, 1, 1, 4.80374e+19
Pixel 388, 48, 1, 1, 4.80374e+19
=== 2416981 ===
--- pALPIDEfs_5 ---
Pixel 1022, 122, 1, 1, 4.80374e+19
Pixel 1022, 123, 1, 1, 4.80374e+19
=== 2419003 ===
--- pALPIDEfs_5 ---
Pixel 631, 298, 1, 1, 4.80374e+19
Pixel 631, 299, 1, 1, 4.80374e+19
Pixel 632, 298, 1, 1, 4.80374e+19
Pixel 632, 299, 1, 1, 4.80374e+19
=== 2426692 ===
--- pALPIDEfs_4 ---
Pixel 475, 178, 1, 1, 4.80374e+19
Pixel 475, 179, 1, 1, 4.80374e+19
Pixel 476, 179, 1, 1, 4.80374e+19
=== 2444748 ===
--- pALPIDEfs_0 ---
Pixel 117, 343, 1, 1, 4.80374e+19
Pixel 117, 344, 1, 1, 4.80374e+19
=== 2454885 ===
--- pALPIDEfs_4 ---
Pixel 636, 313, 1, 1, 4.80374e+19
=== 2479263 ===
--- pALPIDEfs_5 ---
Pixel 1001, 445, 1, 1, 4.80374e+19
Pixel 1000, 446, 1, 1, 4.80374e+19
Pixel 1001, 446, 1, 1, 4.80374e+19
=== 2487892 ===
--- pALPIDEfs_6 ---
Pixel 105, 305, 1, 1, 4.80374e+19
Pixel 105, 306, 1, 1, 4.80374e+19
=== 2491884 ===
--- pALPIDEfs_4 ---
Pixel 396, 383, 1, 1, 4.80374e+19
Pixel 396, 384, 1, 1, 4.80374e+19
Pixel 397, 384, 1, 1, 4.80374e+19
Pixel 397, 385, 1, 1, 4.80374e+19
Pixel 396, 385, 1, 1, 4.80374e+19
Pixel 397, 386, 1, 1, 4.80374e+19
=== 2502634 ===
--- pALPIDEfs_0 ---
Pixel 659, 489, 1, 1, 4.80374e+19
Pixel 659, 490, 1, 1, 4.80374e+19
Pixel 660, 490, 1, 1, 4.80374e+19
=== 2511003 ===
--- pALPIDEfs_2 ---
Pixel 288, 452, 1, 1, 4.80374e+19
=== 2512649 ===
--- pALPIDEfs_1 ---
Pixel 619, 349, 1, 1, 4.80374e+19
Pixel 619, 350, 1, 1, 4.80374e+19
=== 2539509 ===
--- pALPIDEfs_0 ---
Pixel 551, 501, 1, 1, 4.80374e+19
Pixel 550, 501, 1, 1, 4.80374e+19
=== 2546667 ===
--- pALPIDEfs_4 ---
Pixel 626, 19, 1, 1, 4.80374e+19
--- pALPIDEfs_5 ---
Pixel 744, 188, 1, 1, 4.80374e+19
Pixel 744, 189, 1, 1, 4.80374e+19
--- pALPIDEfs_6 ---
Pixel 910, 305, 1, 1, 4.80374e+19
Pixel 910, 306, 1, 1, 4.80374e+19
=== 2557437 ===
--- pALPIDEfs_0 ---
Pixel 415, 259, 1, 1, 4.80374e+19
Pixel 415, 260, 1, 1, 4.80374e+19
Pixel 415, 261, 1, 1, 4.80374e+19
Pixel 416, 259, 1, 1, 4.80374e+19
Pixel 416, 260, 1, 1, 4.80374e+19
Pixel 416, 261, 1, 1, 4.80374e+19
Pixel 416, 262, 1, 1, 4.80374e+19
=== 2563455 ===
--- pALPIDEfs_2 ---
Pixel 1007, 381, 1, 1, 4.80374e+19
Pixel 1006, 381, 1, 1, 4.80374e+19
Pixel 1006, 382, 1, 1, 4.80374e+19
Pixel 1007, 382, 1, 1, 4.80374e+19
=== 2584630 ===
--- pALPIDEfs_6 ---
Pixel 728, 95, 1, 1, 4.80374e+19
Pixel 728, 96, 1, 1, 4.80374e+19
=== 2590047 ===
--- pALPIDEfs_3 ---
Pixel 306, 128, 1, 1, 4.80374e+19
Pixel 307, 128, 1, 1, 4.80374e+19
Pixel 307, 129, 1, 1, 4.80374e+19
Pixel 306, 129, 1, 1, 4.80374e+19
Pixel 308, 129, 1, 1, 4.80374e+19
=== 2605511 ===
--- pALPIDEfs_3 ---
Pixel 557, 180, 1, 1, 4.80374e+19
=== 2610161 ===
--- pALPIDEfs_5 ---
Pixel 691, 326, 1, 1, 4.80374e+19
Pixel 692, 322, 1, 1, 4.80374e+19
Pixel 692, 323, 1, 1, 4.80374e+19
Pixel 692, 324, 1, 1, 4.80374e+19
Pixel 692, 325, 1, 1, 4.80374e+19
Pixel 692, 326, 1, 1, 4.80374e+19
=== 2610228 ===
--- pALPIDEfs_0 ---
Pixel 423, 482, 1, 1, 4.80374e+19
Pixel 423, 483, 1, 1, 4.80374e+19
Pixel 424, 482, 1, 1, 4.80374e+19
Pixel 424, 483, 1, 1, 4.80374e+19
=== 2622901 ===
--- pALPIDEfs_3 ---
Pixel 254, 364, 1, 1, 4.80374e+19
--- pALPIDEfs_4 ---
Pixel 429, 371, 1, 1, 4.80374e+19
Pixel 430, 370, 1, 1, 4.80374e+19
Pixel 430, 371, 1, 1, 4.80374e+19
=== 2629234 ===
--- pALPIDEfs_3 ---
Pixel 770, 385, 1, 1, 4.80374e+19
=== 2638554 ===
--- pALPIDEfs_0 ---
Pixel 43, 157, 1, 1, 4.80374e+19
Pixel 42, 157, 1, 1, 4.80374e+19
Pixel 44, 157, 1, 1, 4.80374e+19
=== 2664892 ===
--- pALPIDEfs_0 ---
Pixel 857, 73, 1, 1, 4.80374e+19
Pixel 856, 73, 1, 1, 4.80374e+19
Pixel 856, 74, 1, 1, 4.80374e+19
=== 2682962 ===
--- pALPIDEfs_5 ---
Pixel 303, 214, 1, 1, 4.80374e+19
Pixel 303, 215, 1, 1, 4.80374e+19
=== 2690639 ===
--- pALPIDEfs_1 ---
Pixel 925, 254, 1, 1, 4.80374e+19
Pixel 925, 255, 1, 1, 4.80374e+19
Pixel 925, 256, 1, 1, 4.80374e+19
Pixel 926, 254, 1, 1, 4.80374e+19
Pixel 926, 255, 1, 1, 4.80374e+19
=== 2693292 ===
--- pALPIDEfs_4 ---
Pixel 46, 150, 1, 1, 4.80374e+19
Pixel 47, 150, 1, 1, 4.80374e+19
--- pALPIDEfs_5 ---
Pixel 167, 160, 1, 1, 4.80374e+19
--- pALPIDEfs_6 ---
Pixel 475, 21, 1, 1, 4.80374e+19
Pixel 474, 21, 1, 1, 4.80374e+19
=== 2699931 ===
--- pALPIDEfs_2 ---
Pixel 941, 400, 1, 1, 4.80374e+19
Pixel 942, 400, 1, 1, 4.80374e+19
Pixel 942, 401, 1, 1, 4.80374e+19
=== 2722058 ===
--- pALPIDEfs_4 ---
Pixel 688, 58, 1, 1, 4.80374e+19
=== 2722583 ===
--- pALPIDEfs_0 ---
Pixel 334, 420, 1, 1, 4.80374e+19
Pixel 335, 420, 1, 1, 4.80374e+19
Pixel 335, 421, 1, 1, 4.80374e+19
Pixel 334, 421, 1, 1, 4.80374e+19
=== 2725623 ===
--- pALPIDEfs_5 ---
Pixel 775, 53, 1, 1, 4.80374e+19
Pixel 775, 54, 1, 1, 4.80374e+19
=== 2728023 ===
--- pALPIDEfs_4 ---
Pixel 524, 494, 1, 1, 4.80374e+19
Pixel 525, 494, 1, 1, 4.80374e+19
=== 2743536 ===
--- pALPIDEfs_4 ---
Pixel 110, 474, 1, 1, 4.80374e+19
Pixel 121, 473, 1, 1, 4.80374e+19
Pixel 120, 474, 1, 1, 4.80374e+19
Pixel 121, 474, 1, 1, 4.80374e+19
=== 2744481 ===
--- pALPIDEfs_4 ---
Pixel 145, 112, 1, 1, 4.80374e+19
Pixel 146, 111, 1, 1, 4.80374e+19
Pixel 146, 112, 1, 1, 4.80374e+19
=== 2767524 ===
--- pALPIDEfs_5 ---
Pixel 863, 442, 1, 1, 4.80374e+19
Pixel 863, 443, 1, 1, 4.80374e+19
Pixel 864, 442, 1, 1, 4.80374e+19
=== 2777298 ===
--- pALPIDEfs_5 ---
Pixel 24, 268, 1, 1, 4.80374e+19
Pixel 25, 268, 1, 1, 4.80374e+19
Pixel 25, 269, 1, 1, 4.80374e+19
Pixel 24, 269, 1, 1, 4.80374e+19
Pixel 24, 270, 1, 1, 4.80374e+19
Pixel 25, 270, 1, 1, 4.80374e+19
=== 2778802 ===
--- pALPIDEfs_3 ---
Pixel 395, 299, 1, 1, 4.80374e+19
=== 2795569 ===
--- pALPIDEfs_5 ---
Pixel 593, 91, 1, 1, 4.80374e+19
Pixel 594, 91, 1, 1, 4.80374e+19
=== 2811710 ===
--- pALPIDEfs_1 ---
Pixel 185, 484, 1, 1, 4.80374e+19
Pixel 185, 485, 1, 1, 4.80374e+19
Pixel 186, 483, 1, 1, 4.80374e+19
Pixel 186, 484, 1, 1, 4.80374e+19
Pixel 191, 472, 1, 1, 4.80374e+19
Pixel 191, 473, 1, 1, 4.80374e+19
Pixel 190, 473, 1, 1, 4.80374e+19
=== 2812768 ===
--- pALPIDEfs_0 ---
Pixel 481, 417, 1, 1, 4.80374e+19
Pixel 481, 418, 1, 1, 4.80374e+19
Pixel 482, 418, 1, 1, 4.80374e+19
=== 2844874 ===
--- pALPIDEfs_2 ---
Pixel 949, 41, 1, 1, 4.80374e+19
Pixel 948, 41, 1, 1, 4.80374e+19
--- pALPIDEfs_3 ---
Pixel 539, 216, 1, 1, 4.80374e+19
Pixel 539, 217, 1, 1, 4.80374e+19
Pixel 540, 216, 1, 1, 4.80374e+19
Pixel 540, 217, 1, 1, 4.80374e+19
=== 2888342 ===
--- pALPIDEfs_2 ---
Pixel 509, 78, 1, 1, 4.80374e+19
Pixel 509, 79, 1, 1, 4.80374e+19
=== 2902966 ===
--- pALPIDEfs_6 ---
Pixel 241, 398, 1, 1, 4.80374e+19
Pixel 241, 399, 1, 1, 4.80374e+19
=== 2906066 ===
--- pALPIDEfs_1 ---
Pixel 47, 500, 1, 1, 4.80374e+19
Pixel 48, 500, 1, 1, 4.80374e+19
=== 2908856 ===
--- pALPIDEfs_4 ---
Pixel 540, 364, 1, 1, 4.80374e+19
Pixel 541, 365, 1, 1, 4.80374e+19
Pixel 540, 365, 1, 1, 4.80374e+19
=== 2927717 ===
--- pALPIDEfs_0 ---
Pixel 403, 350, 1, 1, 4.80374e+19
=== 2928298 ===
--- pALPIDEfs_5 ---
Pixel 301, 178, 1, 1, 4.80374e+19
Pixel 302, 177, 1, 1, 4.80374e+19
Pixel 302, 178, 1, 1, 4.80374e+19
=== 2935201 ===
--- pALPIDEfs_1 ---
Pixel 435, 222, 1, 1, 4.80374e+19
=== 2953383 ===
--- pALPIDEfs_4 ---
Pixel 609, 175, 1, 1, 4.80374e+19
Pixel 610, 174, 1, 1, 4.80374e+19
Pixel 610, 175, 1, 1, 4.80374e+19
=== 2974679 ===
--- pALPIDEfs_5 ---
Pixel 527, 496, 1, 1, 4.80374e+19
Pixel 527, 497, 1, 1, 4.80374e+19
Pixel 528, 496, 1, 1, 4.80374e+19
Pixel 528, 497, 1, 1, 4.80374e+19
--- pALPIDEfs_6 ---
Pixel 373, 76, 1, 1, 4.80374e+19
Pixel 374, 76, 1, 1, 4.80374e+19
Pixel 374, 77, 1, 1, 4.80374e+19
=== 2985261 ===
--- pALPIDEfs_5 ---
Pixel 764, 418, 1, 1, 4.80374e+19
Pixel 765, 418, 1, 1, 4.80374e+19
=== 2998501 ===
--- pALPIDEfs_5 ---
Pixel 201, 384, 1, 1, 4.80374e+19
Pixel 201, 385, 1, 1, 4.80374e+19
Pixel 202, 384, 1, 1, 4.80374e+19
Pixel 202, 385, 1, 1, 4.80374e+19
=== 3001449 ===
--- pALPIDEfs_3 ---
Pixel 641, 343, 1, 1, 4.80374e+19
Pixel 641, 344, 1, 1, 4.80374e+19
=== 3015738 ===
--- pALPIDEfs_3 ---
Pixel 499, 352, 1, 1, 4.80374e+19
Pixel 499, 353, 1, 1, 4.80374e+19
Pixel 500, 353, 1, 1, 4.80374e+19
=== 3028102 ===
--- pALPIDEfs_0 ---
Pixel 483, 398, 1, 1, 4.80374e+19
Pixel 483, 399, 1, 1, 4.80374e+19
Pixel 484, 398, 1, 1, 4.80374e+19
=== 3034165 ===
--- pALPIDEfs_0 ---
Pixel 646, 498, 1, 1, 4.80374e+19
Pixel 647, 498, 1, 1, 4.80374e+19
Pixel 647, 499, 1, 1, 4.80374e+19
Pixel 646, 499, 1, 1, 4.80374e+19
Pixel 649, 497, 1, 1, 4.80374e+19
Pixel 648, 498, 1, 1, 4.80374e+19
Pixel 649, 498, 1, 1, 4.80374e+19
Pixel 650, 497, 1, 1, 4.80374e+19
Pixel 650, 498, 1, 1, 4.80374e+19
--- pALPIDEfs_1 ---
Pixel 61, 141, 1, 1, 4.80374e+19
Pixel 62, 141, 1, 1, 4.80374e+19
=== 3038474 ===
--- pALPIDEfs_3 ---
Pixel 824, 148, 1, 1, 4.80374e+19
Pixel 825, 148, 1, 1, 4.80374e+19
Pixel 824, 149, 1, 1, 4.80374e+19
=== 3051406 ===
--- pALPIDEfs_5 ---
Pixel 900, 456, 1, 1, 4.80374e+19
=== 3064790 ===
--- pALPIDEfs_5 ---
Pixel 122, 273, 1, 1, 4.80374e+19
Pixel 122, 274, 1, 1, 4.80374e+19
=== 3071057 ===
--- pALPIDEfs_0 ---
Pixel 642, 322, 1, 1, 4.80374e+19
Pixel 643, 322, 1, 1, 4.80374e+19
Pixel 643, 323, 1, 1, 4.80374e+19
Pixel 642, 323, 1, 1, 4.80374e+19
--- pALPIDEfs_1 ---
Pixel 655, 69, 1, 1, 4.80374e+19
Pixel 655, 70, 1, 1, 4.80374e+19
Pixel 656, 70, 1, 1, 4.80374e+19
=== 3074978 ===
--- pALPIDEfs_3 ---
Pixel 747, 9, 1, 1, 4.80374e+19
Pixel 747, 10, 1, 1, 4.80374e+19
Pixel 748, 9, 1, 1, 4.80374e+19
Pixel 748, 10, 1, 1, 4.80374e+19
=== 3088041 ===
--- pALPIDEfs_6 ---
Pixel 124, 89, 1, 1, 4.80374e+19
Pixel 124, 90, 1, 1, 4.80374e+19
Pixel 124, 91, 1, 1, 4.80374e+19
=== 3088579 ===
--- pALPIDEfs_6 ---
Pixel 53, 489, 1, 1, 4.80374e+19
Pixel 53, 490, 1, 1, 4.80374e+19
Pixel 53, 491, 1, 1, 4.80374e+19
Pixel 54, 490, 1, 1, 4.80374e+19
Pixel 54, 491, 1, 1, 4.80374e+19
=== 3089836 ===
--- pALPIDEfs_0 ---
Pixel 710, 80, 1, 1, 4.80374e+19
--- pALPIDEfs_1 ---
Pixel 737, 493, 1, 1, 4.80374e+19
Pixel 737, 494, 1, 1, 4.80374e+19
=== 3095485 ===
--- pALPIDEfs_1 ---
Pixel 654, 395, 1, 1, 4.80374e+19
Pixel 654, 396, 1, 1, 4.80374e+19
=== 3097698 ===
--- pALPIDEfs_0 ---
Pixel 970, 180, 1, 1, 4.80374e+19
Pixel 971, 180, 1, 1, 4.80374e+19
=== 3102180 ===
--- pALPIDEfs_1 ---
Pixel 868, 386, 1, 1, 4.80374e+19
Pixel 869, 386, 1, 1, 4.80374e+19
=== 3133574 ===
--- pALPIDEfs_4 ---
Pixel 97, 81, 1, 1, 4.80374e+19
Pixel 97, 82, 1, 1, 4.80374e+19
Pixel 98, 81, 1, 1, 4.80374e+19
Pixel 98, 82, 1, 1, 4.80374e+19
=== 3146964 ===
--- pALPIDEfs_5 ---
Pixel 674, 478, 1, 1, 4.80374e+19
Pixel 675, 478, 1, 1, 4.80374e+19
=== 3156186 ===
--- pALPIDEfs_1 ---
Pixel 875, 296, 1, 1, 4.80374e+19
Pixel 875, 297, 1, 1, 4.80374e+19
Pixel 874, 297, 1, 1, 4.80374e+19
Pixel 875, 298, 1, 1, 4.80374e+19
Pixel 876, 296, 1, 1, 4.80374e+19
Pixel 876, 297, 1, 1, 4.80374e+19
Pixel 876, 298, 1, 1, 4.80374e+19
=== 3175152 ===
--- pALPIDEfs_0 ---
Pixel 428, 346, 1, 1, 4.80374e+19
Pixel 428, 347, 1, 1, 4.80374e+19
--- pALPIDEfs_1 ---
Pixel 789, 6, 1, 1, 4.80374e+19
Pixel 790, 5, 1, 1, 4.80374e+19
Pixel 790, 6, 1, 1, 4.80374e+19
=== 3208153 ===
--- pALPIDEfs_2 ---
Pixel 296, 131, 1, 1, 4.80374e+19
Pixel 296, 132, 1, 1, 4.80374e+19
=== 3215510 ===
--- pALPIDEfs_1 ---
Pixel 715, 35, 1, 1, 4.80374e+19
Pixel 714, 35, 1, 1, 4.80374e+19
Pixel 714, 36, 1, 1, 4.80374e+19
Pixel 715, 36, 1, 1, 4.80374e+19
Pixel 716, 35, 1, 1, 4.80374e+19
Pixel 716, 36, 1, 1, 4.80374e+19
=== 3217081 ===
--- pALPIDEfs_3 ---
Pixel 374, 356, 1, 1, 4.80374e+19
=== 3233760 ===
--- pALPIDEfs_2 ---
Pixel 513, 326, 1, 1, 4.80374e+19
Pixel 513, 327, 1, 1, 4.80374e+19
--- pALPIDEfs_3 ---
Pixel 861, 68, 1, 1, 4.80374e+19
Pixel 861, 69, 1, 1, 4.80374e+19
Pixel 860, 69, 1, 1, 4.80374e+19
=== 3247830 ===
--- pALPIDEfs_6 ---
Pixel 611, 415, 1, 1, 4.80374e+19
Pixel 612, 414, 1, 1, 4.80374e+19
=== 3268286 ===
--- pALPIDEfs_0 ---
Pixel 917, 122, 1, 1, 4.80374e+19
Pixel 918, 122, 1, 1, 4.80374e+19
--- pALPIDEfs_1 ---
Pixel 828, 75, 1, 1, 4.80374e+19
Pixel 828, 76, 1, 1, 4.80374e+19
=== 3274709 ===
--- pALPIDEfs_3 ---
Pixel 70, 234, 1, 1, 4.80374e+19
=== 3283631 ===
--- pALPIDEfs_6 ---
Pixel 168, 44, 1, 1, 4.80374e+19
Pixel 168, 45, 1, 1, 4.80374e+19
=== 3284733 ===
--- pALPIDEfs_4 ---
Pixel 89, 105, 1, 1, 4.80374e+19
Pixel 88, 106, 1, 1, 4.80374e+19
Pixel 89, 106, 1, 1, 4.80374e+19
Pixel 89, 107, 1, 1, 4.80374e+19
Pixel 88, 107, 1, 1, 4.80374e+19
Pixel 88, 108, 1, 1, 4.80374e+19
Pixel 90, 105, 1, 1, 4.80374e+19
=== 3288967 ===
--- pALPIDEfs_3 ---
Pixel 566, 53, 1, 1, 4.80374e+19
Pixel 566, 54, 1, 1, 4.80374e+19
=== 3329934 ===
--- pALPIDEfs_1 ---
Pixel 442, 470, 1, 1, 4.80374e+19
Pixel 443, 470, 1, 1, 4.80374e+19
=== 3335611 ===
--- pALPIDEfs_4 ---
Pixel 886, 10, 1, 1, 4.80374e+19
Pixel 887, 10, 1, 1, 4.80374e+19
Pixel 887, 11, 1, 1, 4.80374e+19
Pixel 886, 11, 1, 1, 4.80374e+19
Pixel 886, 12, 1, 1, 4.80374e+19
Pixel 887, 12, 1, 1, 4.80374e+19
=== 3356187 ===
--- pALPIDEfs_6 ---
Pixel 275, 61, 1, 1, 4.80374e+19
Pixel 276, 61, 1, 1, 4.80374e+19
=== 3361436 ===
--- pALPIDEfs_5 ---
Pixel 503, 475, 1, 1, 4.80374e+19
Pixel 502, 475, 1, 1, 4.80374e+19
Pixel 502, 476, 1, 1, 4.80374e+19
Pixel 503, 476, 1, 1, 4.80374e+19
=== 3363523 ===
--- pALPIDEfs_2 ---
Pixel 961, 248, 1, 1, 4.80374e+19
Pixel 961, 249, 1, 1, 4.80374e+19
Pixel 962, 248, 1, 1, 4.80374e+19
Pixel 963, 248, 1, 1, 4.80374e+19
Pixel 963, 249, 1, 1, 4.80374e+19
Pixel 962, 249, 1, 1, 4.80374e+19
Pixel 964, 248, 1, 1, 4.80374e+19
Pixel 965, 248, 1, 1, 4.80374e+19
Pixel 965, 249, 1, 1, 4.80374e+19
Pixel 964, 249, 1, 1, 4.80374e+19
=== 3366120 ===
--- pALPIDEfs_3 ---
Pixel 557, 180, 1, 1, 4.80374e+19
=== 3367351 ===
--- pALPIDEfs_0 ---
Pixel 776, 406, 1, 1, 4.80374e+19
=== 3374998 ===
--- pALPIDEfs_2 ---
Pixel 757, 179, 1, 1, 4.80374e+19
Pixel 756, 179, 1, 1, 4.80374e+19
Pixel 756, 180, 1, 1, 4.80374e+19
Pixel 757, 180, 1, 1, 4.80374e+19
=== 3382525 ===
--- pALPIDEfs_3 ---
Pixel 135, 254, 1, 1, 4.80374e+19
Pixel 135, 255, 1, 1, 4.80374e+19
Pixel 134, 256, 1, 1, 4.80374e+19
Pixel 135, 256, 1, 1, 4.80374e+19
Pixel 134, 257, 1, 1, 4.80374e+19
=== 3410293 ===
--- pALPIDEfs_3 ---
Pixel 203, 164, 1, 1, 4.80374e+19
Pixel 203, 165, 1, 1, 4.80374e+19
Pixel 204, 164, 1, 1, 4.80374e+19
Pixel 204, 165, 1, 1, 4.80374e+19
--- pALPIDEfs_4 ---
Pixel 788, 142, 1, 1, 4.80374e+19
Pixel 789, 142, 1, 1, 4.80374e+19
=== 3413645 ===
--- pALPIDEfs_5 ---
Pixel 507, 152, 1, 1, 4.80374e+19
Pixel 507, 153, 1, 1, 4.80374e+19
Pixel 508, 152, 1, 1, 4.80374e+19
Pixel 508, 153, 1, 1, 4.80374e+19
=== 3420398 ===
--- pALPIDEfs_0 ---
Pixel 706, 414, 1, 1, 4.80374e+19
Pixel 707, 414, 1, 1, 4.80374e+19
--- pALPIDEfs_1 ---
Pixel 93, 209, 1, 1, 4.80374e+19
Pixel 92, 209, 1, 1, 4.80374e+19
Pixel 92, 210, 1, 1, 4.80374e+19
Pixel 93, 210, 1, 1, 4.80374e+19
=== 3437723 ===
--- pALPIDEfs_2 ---
Pixel 489, 4, 1, 1, 4.80374e+19
Pixel 489, 5, 1, 1, 4.80374e+19
Pixel 489, 6, 1, 1, 4.80374e+19
Pixel 490, 4, 1, 1, 4.80374e+19
Pixel 490, 5, 1, 1, 4.80374e+19
=== 3441491 ===
--- pALPIDEfs_5 ---
Pixel 666, 430, 1, 1, 4.80374e+19
Pixel 667, 430, 1, 1, 4.80374e+19
Pixel 667, 431, 1, 1, 4.80374e+19
=== 3444195 ===
--- pALPIDEfs_6 ---
Pixel 613, 392, 1, 1, 4.80374e+19
Pixel 613, 393, 1, 1, 4.80374e+19
=== 3479886 ===
--- pALPIDEfs_2 ---
Pixel 835, 317, 1, 1, 4.80374e+19
Pixel 835, 318, 1, 1, 4.80374e+19
=== 3480535 ===
--- pALPIDEfs_5 ---
Pixel 67, 151, 1, 1, 4.80374e+19
Pixel 66, 152, 1, 1, 4.80374e+19
Pixel 67, 152, 1, 1, 4.80374e+19
Pixel 68, 151, 1, 1, 4.80374e+19
Pixel 68, 152, 1, 1, 4.80374e+19
=== 3484158 ===
--- pALPIDEfs_2 ---
Pixel 505, 477, 1, 1, 4.80374e+19
=== 3497739 ===
--- pALPIDEfs_0 ---
Pixel 698, 370, 1, 1, 4.80374e+19
Pixel 698, 371, 1, 1, 4.80374e+19
=== 3500471 ===
--- pALPIDEfs_0 ---
Pixel 239, 215, 1, 1, 4.80374e+19
Pixel 240, 215, 1, 1, 4.80374e+19
Pixel 240, 216, 1, 1, 4.80374e+19
--- pALPIDEfs_1 ---
Pixel 14, 107, 1, 1, 4.80374e+19
=== 3506330 ===
--- pALPIDEfs_0 ---
Pixel 908, 219, 1, 1, 4.80374e+19
Pixel 908, 220, 1, 1, 4.80374e+19
=== 3518620 ===
--- pALPIDEfs_0 ---
Pixel 463, 210, 1, 1, 4.80374e+19
Pixel 463, 211, 1, 1, 4.80374e+19
--- pALPIDEfs_1 ---
Pixel 447, 77, 1, 1, 4.80374e+19
Pixel 447, 78, 1, 1, 4.80374e+19
=== 3535547 ===
--- pALPIDEfs_1 ---
Pixel 5, 306, 1, 1, 4.80374e+19
Pixel 5, 307, 1, 1, 4.80374e+19
Pixel 6, 306, 1, 1, 4.80374e+19
Pixel 6, 307, 1, 1, 4.80374e+19
=== 3542158 ===
--- pALPIDEfs_3 ---
Pixel 109, 313, 1, 1, 4.80374e+19
Pixel 108, 313, 1, 1, 4.80374e+19
Pixel 108, 314, 1, 1, 4.80374e+19
--- pALPIDEfs_4 ---
Pixel 37, 53, 1, 1, 4.80374e+19
Pixel 37, 54, 1, 1, 4.80374e+19
--- pALPIDEfs_5 ---
Pixel 188, 434, 1, 1, 4.80374e+19
Pixel 188, 435, 1, 1, 4.80374e+19
=== 3546696 ===
--- pALPIDEfs_2 ---
Pixel 228, 66, 1, 1, 4.80374e+19
Pixel 229, 66, 1, 1, 4.80374e+19
=== 3548477 ===
--- pALPIDEfs_5 ---
Pixel 324, 240, 1, 1, 4.80374e+19
Pixel 325, 240, 1, 1, 4.80374e+19
Pixel 325, 241, 1, 1, 4.80374e+19
Pixel 324, 241, 1, 1, 4.80374e+19
=== 3561355 ===
--- pALPIDEfs_2 ---
Pixel 103, 155, 1, 1, 4.80374e+19
Pixel 104, 154, 1, 1, 4.80374e+19
Pixel 104, 155, 1, 1, 4.80374e+19
=== 3561865 ===
--- pALPIDEfs_0 ---
Pixel 424, 448, 1, 1, 4.80374e+19
Pixel 424, 449, 1, 1, 4.80374e+19
=== 3566457 ===
--- pALPIDEfs_0 ---
Pixel 624, 173, 1, 1, 4.80374e+19
Pixel 624, 174, 1, 1, 4.80374e+19
=== 3574193 ===
--- pALPIDEfs_3 ---
Pixel 395, 299, 1, 1, 4.80374e+19
=== 3578997 ===
--- pALPIDEfs_5 ---
Pixel 871, 439, 1, 1, 4.80374e+19
Pixel 871, 440, 1, 1, 4.80374e+19
Pixel 873, 439, 1, 1, 4.80374e+19
Pixel 872, 439, 1, 1, 4.80374e+19
Pixel 872, 440, 1, 1, 4.80374e+19
Pixel 873, 440, 1, 1, 4.80374e+19
Pixel 873, 441, 1, 1, 4.80374e+19
Pixel 872, 441, 1, 1, 4.80374e+19
Pixel 874, 439, 1, 1, 4.80374e+19
Pixel 874, 440, 1, 1, 4.80374e+19
=== 3597041 ===
--- pALPIDEfs_5 ---
Pixel 748, 20, 1, 1, 4.80374e+19
Pixel 748, 21, 1, 1, 4.80374e+19
=== 3609230 ===
--- pALPIDEfs_2 ---
Pixel 724, 133, 1, 1, 4.80374e+19
Pixel 724, 134, 1, 1, 4.80374e+19
Pixel 725, 134, 1, 1, 4.80374e+19
Pixel 725, 135, 1, 1, 4.80374e+19
Pixel 726, 135, 1, 1, 4.80374e+19
=== 3614716 ===
--- pALPIDEfs_3 ---
Pixel 198, 115, 1, 1, 4.80374e+19
Pixel 198, 116, 1, 1, 4.80374e+19
--- pALPIDEfs_4 ---
Pixel 296, 437, 1, 1, 4.80374e+19
Pixel 296, 438, 1, 1, 4.80374e+19
=== 3623874 ===
--- pALPIDEfs_5 ---
Pixel 898, 95, 1, 1, 4.80374e+19
Pixel 898, 96, 1, 1, 4.80374e+19
=== 3643134 ===
--- pALPIDEfs_1 ---
Pixel 91, 362, 1, 1, 4.80374e+19
Pixel 91, 363, 1, 1, 4.80374e+19
Pixel 92, 362, 1, 1, 4.80374e+19
Pixel 92, 363, 1, 1, 4.80374e+19
=== 3657114 ===
--- pALPIDEfs_4 ---
Pixel 134, 452, 1, 1, 4.80374e+19
--- pALPIDEfs_5 ---
Pixel 373, 450, 1, 1, 4.80374e+19
Pixel 373, 451, 1, 1, 4.80374e+19
Pixel 374, 451, 1, 1, 4.80374e+19
=== 3661809 ===
--- pALPIDEfs_3 ---
Pixel 166, 81, 1, 1, 4.80374e+19
--- pALPIDEfs_4 ---
Pixel 171, 131, 1, 1, 4.80374e+19
Pixel 170, 132, 1, 1, 4.80374e+19
Pixel 171, 132, 1, 1, 4.80374e+19
Pixel 171, 133, 1, 1, 4.80374e+19
=== 3662938 ===
--- pALPIDEfs_4 ---
Pixel 623, 242, 1, 1, 4.80374e+19
Pixel 623, 243, 1, 1, 4.80374e+19
Pixel 623, 244, 1, 1, 4.80374e+19
Pixel 624, 243, 1, 1, 4.80374e+19
=== 3669822 ===
--- pALPIDEfs_6 ---
Pixel 648, 458, 1, 1, 4.80374e+19
Pixel 648, 459, 1, 1, 4.80374e+19
=== 3677519 ===
--- pALPIDEfs_4 ---
Pixel 845, 178, 1, 1, 4.80374e+19
=== 3691301 ===
--- pALPIDEfs_4 ---
Pixel 754, 261, 1, 1, 4.80374e+19
Pixel 754, 262, 1, 1, 4.80374e+19
=== 3707851 ===
--- pALPIDEfs_2 ---
Pixel 62, 275, 1, 1, 4.80374e+19
=== 3733295 ===
--- pALPIDEfs_6 ---
Pixel 289, 31, 1, 1, 4.80374e+19
=== 3761116 ===
--- pALPIDEfs_1 ---
Pixel 91, 157, 1, 1, 4.80374e+19
Pixel 90, 157, 1, 1, 4.80374e+19
=== 3762530 ===
--- pALPIDEfs_1 ---
Pixel 265, 501, 1, 1, 4.80374e+19
Pixel 264, 501, 1, 1, 4.80374e+19
Pixel 265, 502, 1, 1, 4.80374e+19
=== 3767190 ===
--- pALPIDEfs_0 ---
Pixel 579, 100, 1, 1, 4.80374e+19
=== 3780718 ===
--- pALPIDEfs_4 ---
Pixel 907, 371, 1, 1, 4.80374e+19
Pixel 907, 372, 1, 1, 4.80374e+19
Pixel 908, 372, 1, 1, 4.80374e+19
Pixel 908, 373, 1, 1, 4.80374e+19
=== 3796115 ===
--- pALPIDEfs_4 ---
Pixel 733, 323, 1, 1, 4.80374e+19
Pixel 733, 324, 1, 1, 4.80374e+19
Pixel 734, 324, 1, 1, 4.80374e+19
=== 3825691 ===
--- pALPIDEfs_5 ---
Pixel 433, 490, 1, 1, 4.80374e+19
Pixel 434, 490, 1, 1, 4.80374e+19
--- pALPIDEfs_6 ---
Pixel 331, 379, 1, 1, 4.80374e+19
Pixel 331, 380, 1, 1, 4.80374e+19
=== 3865408 ===
--- pALPIDEfs_5 ---
Pixel 78, 408, 1, 1, 4.80374e+19
Pixel 78, 409, 1, 1, 4.80374e+19
=== 3866692 ===
--- pALPIDEfs_2 ---
Pixel 631, 268, 1, 1, 4.80374e+19
Pixel 631, 269, 1, 1, 4.80374e+19
Pixel 631, 270, 1, 1, 4.80374e+19
Pixel 632, 268, 1, 1, 4.80374e+19
Pixel 632, 269, 1, 1, 4.80374e+19
Pixel 632, 270, 1, 1, 4.80374e+19
=== 3876420 ===
--- pALPIDEfs_5 ---
Pixel 261, 299, 1, 1, 4.80374e+19
=== 3882885 ===
--- pALPIDEfs_5 ---
Pixel 55, 84, 1, 1, 4.80374e+19
Pixel 55, 85, 1, 1, 4.80374e+19
Pixel 56, 84, 1, 1, 4.80374e+19
Pixel 56, 85, 1, 1, 4.80374e+19
=== 3883889 ===
--- pALPIDEfs_3 ---
Pixel 683, 210, 1, 1, 4.80374e+19
Pixel 683, 211, 1, 1, 4.80374e+19
Pixel 682, 211, 1, 1, 4.80374e+19
Pixel 682, 212, 1, 1, 4.80374e+19
Pixel 683, 212, 1, 1, 4.80374e+19
Pixel 684, 211, 1, 1, 4.80374e+19
Pixel 684, 212, 1, 1, 4.80374e+19
=== 3888607 ===
--- pALPIDEfs_3 ---
Pixel 85, 112, 1, 1, 4.80374e+19
Pixel 85, 113, 1, 1, 4.80374e+19
Pixel 85, 114, 1, 1, 4.80374e+19
Pixel 86, 112, 1, 1, 4.80374e+19
Pixel 87, 113, 1, 1, 4.80374e+19
Pixel 86, 113, 1, 1, 4.80374e+19
Pixel 86, 114, 1, 1, 4.80374e+19
Pixel 87, 114, 1, 1, 4.80374e+19
Pixel 88, 112, 1, 1, 4.80374e+19
Pixel 89, 112, 1, 1, 4.80374e+19
Pixel 89, 113, 1, 1, 4.80374e+19
Pixel 88, 113, 1, 1, 4.80374e+19
Pixel 88, 114, 1, 1, 4.80374e+19
Pixel 90, 112, 1, 1, 4.80374e+19
Pixel 91, 113, 1, 1, 4.80374e+19
Pixel 90, 113, 1, 1, 4.80374e+19
=== 3888608 ===
--- pALPIDEfs_3 ---
Pixel 85, 112, 1, 1, 4.80374e+19
Pixel 85, 114, 1, 1, 4.80374e+19
Pixel 86, 112, 1, 1, 4.80374e+19
Pixel 87, 113, 1, 1, 4.80374e+19
Pixel 86, 114, 1, 1, 4.80374e+19
Pixel 88, 112, 1, 1, 4.80374e+19
Pixel 89, 112, 1, 1, 4.80374e+19
Pixel 89, 113, 1, 1, 4.80374e+19
Pixel 88, 113, 1, 1, 4.80374e+19
Pixel 88, 114, 1, 1, 4.80374e+19
Pixel 90, 112, 1, 1, 4.80374e+19
Pixel 91, 112, 1, 1, 4.80374e+19
Pixel 91, 113, 1, 1, 4.80374e+19
Pixel 90, 113, 1, 1, 4.80374e+19
=== 3889188 ===
--- pALPIDEfs_6 ---
Pixel 198, 354, 1, 1, 4.80374e+19
=== 3906964 ===
--- pALPIDEfs_6 ---
Pixel 673, 113, 1, 1, 4.80374e+19
Pixel 674, 113, 1, 1, 4.80374e+19
=== 3909255 ===
--- pALPIDEfs_5 ---
Pixel 977, 252, 1, 1, 4.80374e+19
Pixel 977, 253, 1, 1, 4.80374e+19
--- pALPIDEfs_6 ---
Pixel 864, 196, 1, 1, 4.80374e+19
Pixel 865, 196, 1, 1, 4.80374e+19
Pixel 865, 197, 1, 1, 4.80374e+19
Pixel 864, 197, 1, 1, 4.80374e+19
=== 3909925 ===
--- pALPIDEfs_4 ---
Pixel 786, 261, 1, 1, 4.80374e+19
=== 3944633 ===
--- pALPIDEfs_3 ---
Pixel 287, 14, 1, 1, 4.80374e+19
Pixel 287, 15, 1, 1, 4.80374e+19
Pixel 288, 14, 1, 1, 4.80374e+19
Pixel 781, 133, 1, 1, 4.80374e+19
Pixel 780, 133, 1, 1, 4.80374e+19
Pixel 780, 134, 1, 1, 4.80374e+19
Pixel 781, 134, 1, 1, 4.80374e+19
=== 3947574 ===
--- pALPIDEfs_5 ---
Pixel 616, 7, 1, 1, 4.80374e+19
--- pALPIDEfs_6 ---
Pixel 381, 399, 1, 1, 4.80374e+19
Pixel 381, 400, 1, 1, 4.80374e+19
Pixel 382, 399, 1, 1, 4.80374e+19
Pixel 382, 400, 1, 1, 4.80374e+19
=== 3964783 ===
--- pALPIDEfs_6 ---
Pixel 185, 465, 1, 1, 4.80374e+19
Pixel 185, 466, 1, 1, 4.80374e+19
Pixel 186, 466, 1, 1, 4.80374e+19
Pixel 193, 470, 1, 1, 4.80374e+19
Pixel 194, 470, 1, 1, 4.80374e+19
Pixel 194, 471, 1, 1, 4.80374e+19
=== 3975091 ===
--- pALPIDEfs_2 ---
Pixel 317, 443, 1, 1, 4.80374e+19
=== 3983015 ===
--- pALPIDEfs_6 ---
Pixel 199, 467, 1, 1, 4.80374e+19
=== 3988316 ===
--- pALPIDEfs_4 ---
Pixel 697, 44, 1, 1, 4.80374e+19
Pixel 697, 45, 1, 1, 4.80374e+19
Pixel 698, 44, 1, 1, 4.80374e+19
=== 3998284 ===
--- pALPIDEfs_3 ---
Pixel 587, 495, 1, 1, 4.80374e+19
Pixel 587, 496, 1, 1, 4.80374e+19
Pixel 588, 495, 1, 1, 4.80374e+19
Pixel 588, 496, 1, 1, 4.80374e+19
=== 4007294 ===
--- pALPIDEfs_0 ---
Pixel 123, 414, 1, 1, 4.80374e+19
--- pALPIDEfs_1 ---
Pixel 217, 402, 1, 1, 4.80374e+19
--- pALPIDEfs_2 ---
Pixel 451, 247, 1, 1, 4.80374e+19
Pixel 451, 248, 1, 1, 4.80374e+19
--- pALPIDEfs_3 ---
Pixel 649, 96, 1, 1, 4.80374e+19
Pixel 649, 97, 1, 1, 4.80374e+19
Pixel 648, 97, 1, 1, 4.80374e+19
=== 4021962 ===
--- pALPIDEfs_4 ---
Pixel 699, 32, 1, 1, 4.80374e+19
--- pALPIDEfs_5 ---
Pixel 839, 325, 1, 1, 4.80374e+19
=== 4028891 ===
--- pALPIDEfs_5 ---
Pixel 950, 220, 1, 1, 4.80374e+19
=== 4039717 ===
--- pALPIDEfs_3 ---
Pixel 183, 7, 1, 1, 4.80374e+19
Pixel 183, 8, 1, 1, 4.80374e+19
=== 4040503 ===
--- pALPIDEfs_2 ---
Pixel 157, 419, 1, 1, 4.80374e+19
Pixel 157, 420, 1, 1, 4.80374e+19
=== 4048236 ===
--- pALPIDEfs_2 ---
Pixel 861, 410, 1, 1, 4.80374e+19
Pixel 861, 411, 1, 1, 4.80374e+19
Pixel 860, 411, 1, 1, 4.80374e+19
Pixel 860, 412, 1, 1, 4.80374e+19
Pixel 861, 412, 1, 1, 4.80374e+19
Pixel 863, 409, 1, 1, 4.80374e+19
Pixel 862, 409, 1, 1, 4.80374e+19
Pixel 862, 410, 1, 1, 4.80374e+19
Pixel 863, 410, 1, 1, 4.80374e+19
Pixel 862, 411, 1, 1, 4.80374e+19
Pixel 862, 412, 1, 1, 4.80374e+19
=== 4104695 ===
--- pALPIDEfs_3 ---
Pixel 733, 487, 1, 1, 4.80374e+19
Pixel 732, 488, 1, 1, 4.80374e+19
Pixel 733, 488, 1, 1, 4.80374e+19
=== 4107271 ===
--- pALPIDEfs_0 ---
Pixel 760, 70, 1, 1, 4.80374e+19
--- pALPIDEfs_1 ---
Pixel 478, 100, 1, 1, 4.80374e+19
Pixel 478, 101, 1, 1, 4.80374e+19
--- pALPIDEfs_2 ---
Pixel 217, 28, 1, 1, 4.80374e+19
=== 4109836 ===
--- pALPIDEfs_3 ---
Pixel 313, 316, 1, 1, 4.80374e+19
Pixel 313, 317, 1, 1, 4.80374e+19
=== 4131752 ===
--- pALPIDEfs_3 ---
Pixel 877, 383, 1, 1, 4.80374e+19
Pixel 876, 383, 1, 1, 4.80374e+19
Pixel 876, 384, 1, 1, 4.80374e+19
Pixel 877, 384, 1, 1, 4.80374e+19
=== 4137055 ===
--- pALPIDEfs_5 ---
Pixel 1009, 279, 1, 1, 4.80374e+19
Pixel 1009, 280, 1, 1, 4.80374e+19
Pixel 1010, 276, 1, 1, 4.80374e+19
Pixel 1011, 277, 1, 1, 4.80374e+19
Pixel 1010, 277, 1, 1, 4.80374e+19
Pixel 1010, 278, 1, 1, 4.80374e+19
Pixel 1011, 278, 1, 1, 4.80374e+19
Pixel 1010, 279, 1, 1, 4.80374e+19
=== 4144564 ===
--- pALPIDEfs_5 ---
Pixel 151, 229, 1, 1, 4.80374e+19
Pixel 150, 229, 1, 1, 4.80374e+19
=== 4149854 ===
--- pALPIDEfs_5 ---
Pixel 793, 226, 1, 1, 4.80374e+19
Pixel 795, 225, 1, 1, 4.80374e+19
Pixel 794, 225, 1, 1, 4.80374e+19
Pixel 794, 226, 1, 1, 4.80374e+19
Pixel 795, 226, 1, 1, 4.80374e+19
Pixel 797, 223, 1, 1, 4.80374e+19
Pixel 797, 224, 1, 1, 4.80374e+19
Pixel 796, 225, 1, 1, 4.80374e+19
Pixel 796, 226, 1, 1, 4.80374e+19
Pixel 799, 219, 1, 1, 4.80374e+19
Pixel 799, 220, 1, 1, 4.80374e+19
Pixel 799, 221, 1, 1, 4.80374e+19
Pixel 798, 222, 1, 1, 4.80374e+19
Pixel 798, 223, 1, 1, 4.80374e+19
Pixel 800, 219, 1, 1, 4.80374e+19
Pixel 800, 220, 1, 1, 4.80374e+19
--- pALPIDEfs_6 ---
Pixel 607, 75, 1, 1, 4.80374e+19
Pixel 607, 76, 1, 1, 4.80374e+19
Pixel 608, 75, 1, 1, 4.80374e+19
Pixel 608, 76, 1, 1, 4.80374e+19
Pixel 857, 500, 1, 1, 4.80374e+19
Pixel 857, 501, 1, 1, 4.80374e+19
Pixel 857, 502, 1, 1, 4.80374e+19
Pixel 857, 503, 1, 1, 4.80374e+19
Pixel 858, 500, 1, 1, 4.80374e+19
Pixel 858, 501, 1, 1, 4.80374e+19
Pixel 858, 502, 1, 1, 4.80374e+19
=== 4153499 ===
--- pALPIDEfs_6 ---
Pixel 533, 499, 1, 1, 4.80374e+19
Pixel 532, 499, 1, 1, 4.80374e+19
=== 4158698 ===
--- pALPIDEfs_0 ---
Pixel 492, 194, 1, 1, 4.80374e+19
Pixel 492, 195, 1, 1, 4.80374e+19
=== 4168822 ===
--- pALPIDEfs_6 ---
Pixel 121, 404, 1, 1, 4.80374e+19
Pixel 121, 405, 1, 1, 4.80374e+19
=== 4188519 ===
--- pALPIDEfs_2 ---
Pixel 923, 143, 1, 1, 4.80374e+19
Pixel 923, 144, 1, 1, 4.80374e+19
Pixel 925, 143, 1, 1, 4.80374e+19
Pixel 924, 143, 1, 1, 4.80374e+19
Pixel 924, 144, 1, 1, 4.80374e+19
Pixel 925, 144, 1, 1, 4.80374e+19
=== 4225249 ===
--- pALPIDEfs_3 ---
Pixel 817, 330, 1, 1, 4.80374e+19
Pixel 817, 331, 1, 1, 4.80374e+19
Pixel 818, 330, 1, 1, 4.80374e+19
Pixel 818, 331, 1, 1, 4.80374e+19
=== 4238624 ===
--- pALPIDEfs_4 ---
Pixel 696, 234, 1, 1, 4.80374e+19
Pixel 696, 235, 1, 1, 4.80374e+19
=== 4243604 ===
--- pALPIDEfs_0 ---
Pixel 115, 265, 1, 1, 4.80374e+19
Pixel 114, 265, 1, 1, 4.80374e+19
Pixel 114, 266, 1, 1, 4.80374e+19
Pixel 115, 266, 1, 1, 4.80374e+19
=== 4251870 ===
--- pALPIDEfs_5 ---
Pixel 771, 206, 1, 1, 4.80374e+19
Pixel 771, 207, 1, 1, 4.80374e+19
=== 4265634 ===
--- pALPIDEfs_5 ---
Pixel 303, 98, 1, 1, 4.80374e+19
Pixel 304, 98, 1, 1, 4.80374e+19
=== 4273228 ===
--- pALPIDEfs_3 ---
Pixel 61, 14, 1, 1, 4.80374e+19
Pixel 62, 13, 1, 1, 4.80374e+19
Pixel 62, 14, 1, 1, 4.80374e+19
=== 4290934 ===
--- pALPIDEfs_4 ---
Pixel 270, 168, 1, 1, 4.80374e+19
Pixel 271, 168, 1, 1, 4.80374e+19
Pixel 271, 169, 1, 1, 4.80374e+19
Pixel 270, 169, 1, 1, 4.80374e+19
Pixel 272, 169, 1, 1, 4.80374e+19
=== 4291685 ===
--- pALPIDEfs_1 ---
Pixel 353, 149, 1, 1, 4.80374e+19
Pixel 352, 149, 1, 1, 4.80374e+19
Pixel 352, 150, 1, 1, 4.80374e+19
Pixel 353, 150, 1, 1, 4.80374e+19
--- pALPIDEfs_2 ---
Pixel 430, 295, 1, 1, 4.80374e+19
--- pALPIDEfs_3 ---
Pixel 509, 509, 1, 1, 4.80374e+19
=== 4291688 ===
--- pALPIDEfs_6 ---
Pixel 263, 419, 1, 1, 4.80374e+19
=== 4309500 ===
--- pALPIDEfs_0 ---
Pixel 982, 163, 1, 1, 4.80374e+19
=== 4321970 ===
--- pALPIDEfs_4 ---
Pixel 9, 95, 1, 1, 4.80374e+19
Pixel 8, 95, 1, 1, 4.80374e+19
=== 4324950 ===
--- pALPIDEfs_4 ---
Pixel 116, 396, 1, 1, 4.80374e+19
=== 4324951 ===
--- pALPIDEfs_4 ---
Pixel 116, 396, 1, 1, 4.80374e+19
=== 4327169 ===
--- pALPIDEfs_4 ---
Pixel 349, 169, 1, 1, 4.80374e+19
Pixel 348, 169, 1, 1, 4.80374e+19
=== 4332292 ===
--- pALPIDEfs_1 ---
Pixel 38, 252, 1, 1, 4.80374e+19
=== 4340691 ===
--- pALPIDEfs_3 ---
Pixel 713, 385, 1, 1, 4.80374e+19
Pixel 712, 385, 1, 1, 4.80374e+19
Pixel 712, 386, 1, 1, 4.80374e+19
Pixel 713, 386, 1, 1, 4.80374e+19
=== 4345142 ===
--- pALPIDEfs_6 ---
Pixel 445, 122, 1, 1, 4.80374e+19
Pixel 445, 123, 1, 1, 4.80374e+19
Pixel 446, 122, 1, 1, 4.80374e+19
Pixel 447, 122, 1, 1, 4.80374e+19
Pixel 448, 122, 1, 1, 4.80374e+19
Pixel 448, 123, 1, 1, 4.80374e+19
Pixel 450, 124, 1, 1, 4.80374e+19
=== 4345143 ===
--- pALPIDEfs_6 ---
Pixel 445, 123, 1, 1, 4.80374e+19
Pixel 448, 123, 1, 1, 4.80374e+19
Pixel 450, 124, 1, 1, 4.80374e+19
=== 4359094 ===
--- pALPIDEfs_5 ---
Pixel 721, 187, 1, 1, 4.80374e+19
Pixel 721, 188, 1, 1, 4.80374e+19
=== 4378918 ===
--- pALPIDEfs_6 ---
Pixel 734, 479, 1, 1, 4.80374e+19
Pixel 734, 480, 1, 1, 4.80374e+19
Pixel 735, 480, 1, 1, 4.80374e+19
Pixel 737, 492, 1, 1, 4.80374e+19
Pixel 737, 493, 1, 1, 4.80374e+19
=== 4382676 ===
--- pALPIDEfs_2 ---
Pixel 822, 82, 1, 1, 4.80374e+19
Pixel 823, 82, 1, 1, 4.80374e+19
=== 4400819 ===
--- pALPIDEfs_6 ---
Pixel 785, 19, 1, 1, 4.80374e+19
Pixel 786, 19, 1, 1, 4.80374e+19
=== 4405973 ===
--- pALPIDEfs_0 ---
Pixel 789, 424, 1, 1, 4.80374e+19
=== 4412455 ===
--- pALPIDEfs_3 ---
Pixel 983, 488, 1, 1, 4.80374e+19
Pixel 983, 489, 1, 1, 4.80374e+19
Pixel 984, 487, 1, 1, 4.80374e+19
Pixel 984, 488, 1, 1, 4.80374e+19
=== 4430610 ===
--- pALPIDEfs_5 ---
Pixel 827, 206, 1, 1, 4.80374e+19
Pixel 827, 207, 1, 1, 4.80374e+19
Pixel 828, 206, 1, 1, 4.80374e+19
Pixel 828, 207, 1, 1, 4.80374e+19
Pixel 828, 208, 1, 1, 4.80374e+19
=== 4439582 ===
--- pALPIDEfs_6 ---
Pixel 3, 80, 1, 1, 4.80374e+19
Pixel 4, 79, 1, 1, 4.80374e+19
Pixel 4, 80, 1, 1, 4.80374e+19
=== 4450239 ===
--- pALPIDEfs_5 ---
Pixel 297, 223, 1, 1, 4.80374e+19
Pixel 296, 223, 1, 1, 4.80374e+19
=== 4450379 ===
--- pALPIDEfs_2 ---
Pixel 350, 104, 1, 1, 4.80374e+19
Pixel 351, 104, 1, 1, 4.80374e+19
=== 4455827 ===
--- pALPIDEfs_5 ---
Pixel 408, 505, 1, 1, 4.80374e+19
Pixel 408, 506, 1, 1, 4.80374e+19
=== 4469106 ===
--- pALPIDEfs_0 ---
Pixel 595, 151, 1, 1, 4.80374e+19
Pixel 596, 151, 1, 1, 4.80374e+19
--- pALPIDEfs_1 ---
Pixel 747, 110, 1, 1, 4.80374e+19
=== 4476489 ===
--- pALPIDEfs_1 ---
Pixel 292, 486, 1, 1, 4.80374e+19
Pixel 293, 486, 1, 1, 4.80374e+19
Pixel 293, 487, 1, 1, 4.80374e+19
Pixel 292, 487, 1, 1, 4.80374e+19
=== 4485638 ===
--- pALPIDEfs_6 ---
Pixel 159, 455, 1, 1, 4.80374e+19
Pixel 159, 456, 1, 1, 4.80374e+19
=== 4486227 ===
--- pALPIDEfs_6 ---
Pixel 289, 120, 1, 1, 4.80374e+19
Pixel 289, 121, 1, 1, 4.80374e+19
Pixel 288, 121, 1, 1, 4.80374e+19
=== 4497441 ===
--- pALPIDEfs_0 ---
Pixel 878, 385, 1, 1, 4.80374e+19
--- pALPIDEfs_1 ---
Pixel 777, 427, 1, 1, 4.80374e+19
Pixel 777, 428, 1, 1, 4.80374e+19
--- pALPIDEfs_2 ---
Pixel 699, 363, 1, 1, 4.80374e+19
--- pALPIDEfs_3 ---
Pixel 620, 370, 1, 1, 4.80374e+19
Pixel 620, 371, 1, 1, 4.80374e+19
--- pALPIDEfs_4 ---
Pixel 563, 365, 1, 1, 4.80374e+19
Pixel 564, 365, 1, 1, 4.80374e+19
--- pALPIDEfs_5 ---
Pixel 478, 404, 1, 1, 4.80374e+19
Pixel 479, 404, 1, 1, 4.80374e+19
--- pALPIDEfs_6 ---
Pixel 446, 387, 1, 1, 4.80374e+19
=== 4515641 ===
--- pALPIDEfs_3 ---
Pixel 557, 180, 1, 1, 4.80374e+19
=== 4573372 ===
--- pALPIDEfs_3 ---
Pixel 412, 52, 1, 1, 4.80374e+19
Pixel 413, 53, 1, 1, 4.80374e+19
Pixel 412, 53, 1, 1, 4.80374e+19
Pixel 412, 54, 1, 1, 4.80374e+19
Pixel 413, 54, 1, 1, 4.80374e+19
=== 4659307 ===
--- pALPIDEfs_2 ---
Pixel 277, 258, 1, 1, 4.80374e+19
Pixel 277, 259, 1, 1, 4.80374e+19
Pixel 278, 259, 1, 1, 4.80374e+19
=== 4668252 ===
--- pALPIDEfs_3 ---
Pixel 557, 180, 1, 1, 4.80374e+19
=== 4673578 ===
--- pALPIDEfs_2 ---
Pixel 949, 94, 1, 1, 4.80374e+19
Pixel 949, 95, 1, 1, 4.80374e+19
Pixel 950, 94, 1, 1, 4.80374e+19
Pixel 950, 95, 1, 1, 4.80374e+19
--- pALPIDEfs_3 ---
Pixel 727, 246, 1, 1, 4.80374e+19
Pixel 727, 247, 1, 1, 4.80374e+19
Pixel 727, 248, 1, 1, 4.80374e+19
Pixel 727, 249, 1, 1, 4.80374e+19
Pixel 727, 250, 1, 1, 4.80374e+19
Pixel 728, 244, 1, 1, 4.80374e+19
Pixel 729, 244, 1, 1, 4.80374e+19
Pixel 728, 245, 1, 1, 4.80374e+19
Pixel 728, 246, 1, 1, 4.80374e+19
=== 4684831 ===
--- pALPIDEfs_1 ---
Pixel 807, 243, 1, 1, 4.80374e+19
Pixel 808, 243, 1, 1, 4.80374e+19
=== 4690038 ===
--- pALPIDEfs_0 ---
Pixel 74, 56, 1, 1, 4.80374e+19
--- pALPIDEfs_1 ---
Pixel 132, 389, 1, 1, 4.80374e+19
=== 4702200 ===
--- pALPIDEfs_3 ---
Pixel 621, 246, 1, 1, 4.80374e+19
Pixel 622, 246, 1, 1, 4.80374e+19
--- pALPIDEfs_4 ---
Pixel 26, 300, 1, 1, 4.80374e+19
Pixel 27, 300, 1, 1, 4.80374e+19
Pixel 27, 301, 1, 1, 4.80374e+19
Pixel 26, 301, 1, 1, 4.80374e+19
=== 4729585 ===
--- pALPIDEfs_4 ---
Pixel 25, 344, 1, 1, 4.80374e+19
Pixel 25, 345, 1, 1, 4.80374e+19
=== 4729725 ===
--- pALPIDEfs_2 ---
Pixel 37, 401, 1, 1, 4.80374e+19
Pixel 36, 401, 1, 1, 4.80374e+19
Pixel 36, 402, 1, 1, 4.80374e+19
Pixel 37, 402, 1, 1, 4.80374e+19
=== 4733655 ===
--- pALPIDEfs_5 ---
Pixel 1006, 243, 1, 1, 4.80374e+19
Pixel 1006, 244, 1, 1, 4.80374e+19
Pixel 1007, 244, 1, 1, 4.80374e+19
--- pALPIDEfs_6 ---
Pixel 661, 315, 1, 1, 4.80374e+19
=== 4739228 ===
--- pALPIDEfs_0 ---
Pixel 665, 418, 1, 1, 4.80374e+19
=== 4744316 ===
--- pALPIDEfs_3 ---
Pixel 287, 431, 1, 1, 4.80374e+19
Pixel 288, 431, 1, 1, 4.80374e+19
=== 4754731 ===
--- pALPIDEfs_6 ---
Pixel 586, 220, 1, 1, 4.80374e+19
Pixel 587, 220, 1, 1, 4.80374e+19
Pixel 586, 221, 1, 1, 4.80374e+19
=== 4770290 ===
--- pALPIDEfs_1 ---
Pixel 931, 166, 1, 1, 4.80374e+19
Pixel 931, 167, 1, 1, 4.80374e+19
Pixel 930, 167, 1, 1, 4.80374e+19
=== 4775163 ===
--- pALPIDEfs_0 ---
Pixel 712, 413, 1, 1, 4.80374e+19
=== 4778067 ===
--- pALPIDEfs_3 ---
Pixel 154, 242, 1, 1, 4.80374e+19
Pixel 154, 243, 1, 1, 4.80374e+19
=== 4784570 ===
--- pALPIDEfs_6 ---
Pixel 259, 130, 1, 1, 4.80374e+19
=== 4794560 ===
--- pALPIDEfs_3 ---
Pixel 47, 8, 1, 1, 4.80374e+19
Pixel 47, 9, 1, 1, 4.80374e+19
Pixel 48, 8, 1, 1, 4.80374e+19
Pixel 49, 8, 1, 1, 4.80374e+19
Pixel 49, 9, 1, 1, 4.80374e+19
Pixel 48, 9, 1, 1, 4.80374e+19
=== 4798632 ===
--- pALPIDEfs_1 ---
Pixel 733, 161, 1, 1, 4.80374e+19
Pixel 732, 161, 1, 1, 4.80374e+19
Pixel 732, 162, 1, 1, 4.80374e+19
Pixel 733, 162, 1, 1, 4.80374e+19
Pixel 733, 163, 1, 1, 4.80374e+19
=== 4810780 ===
--- pALPIDEfs_0 ---
Pixel 939, 379, 1, 1, 4.80374e+19
Pixel 939, 380, 1, 1, 4.80374e+19
Pixel 939, 381, 1, 1, 4.80374e+19
Pixel 940, 379, 1, 1, 4.80374e+19
Pixel 940, 380, 1, 1, 4.80374e+19
Pixel 941, 381, 1, 1, 4.80374e+19
Pixel 940, 381, 1, 1, 4.80374e+19
=== 4817730 ===
--- pALPIDEfs_4 ---
Pixel 330, 466, 1, 1, 4.80374e+19
--- pALPIDEfs_5 ---
Pixel 683, 77, 1, 1, 4.80374e+19
Pixel 683, 78, 1, 1, 4.80374e+19
=== 4823118 ===
--- pALPIDEfs_5 ---
Pixel 577, 107, 1, 1, 4.80374e+19
=== 4840643 ===
--- pALPIDEfs_3 ---
Pixel 497, 9, 1, 1, 4.80374e+19
Pixel 497, 10, 1, 1, 4.80374e+19
Pixel 499, 9, 1, 1, 4.80374e+19
Pixel 498, 9, 1, 1, 4.80374e+19
Pixel 498, 10, 1, 1, 4.80374e+19
=== 4843903 ===
--- pALPIDEfs_1 ---
Pixel 450, 65, 1, 1, 4.80374e+19
--- pALPIDEfs_2 ---
Pixel 451, 335, 1, 1, 4.80374e+19
Pixel 451, 336, 1, 1, 4.80374e+19
Pixel 452, 336, 1, 1, 4.80374e+19
Pixel 452, 337, 1, 1, 4.80374e+19
=== 4846576 ===
--- pALPIDEfs_5 ---
Pixel 151, 247, 1, 1, 4.80374e+19
Pixel 151, 248, 1, 1, 4.80374e+19
--- pALPIDEfs_6 ---
Pixel 389, 176, 1, 1, 4.80374e+19
Pixel 390, 176, 1, 1, 4.80374e+19
=== 4847523 ===
--- pALPIDEfs_1 ---
Pixel 998, 94, 1, 1, 4.80374e+19
Pixel 999, 94, 1, 1, 4.80374e+19
Pixel 999, 95, 1, 1, 4.80374e+19
Pixel 998, 95, 1, 1, 4.80374e+19
=== 4854190 ===
--- pALPIDEfs_1 ---
Pixel 235, 409, 1, 1, 4.80374e+19
Pixel 234, 409, 1, 1, 4.80374e+19
Pixel 235, 410, 1, 1, 4.80374e+19
=== 4875455 ===
--- pALPIDEfs_3 ---
Pixel 921, 385, 1, 1, 4.80374e+19
Pixel 920, 385, 1, 1, 4.80374e+19
--- pALPIDEfs_4 ---
Pixel 960, 98, 1, 1, 4.80374e+19
=== 4875456 ===
--- pALPIDEfs_3 ---
Pixel 921, 385, 1, 1, 4.80374e+19
Pixel 920, 385, 1, 1, 4.80374e+19
--- pALPIDEfs_4 ---
Pixel 960, 98, 1, 1, 4.80374e+19
=== 4879568 ===
--- pALPIDEfs_3 ---
Pixel 448, 274, 1, 1, 4.80374e+19
Pixel 449, 274, 1, 1, 4.80374e+19
Pixel 449, 275, 1, 1, 4.80374e+19
Pixel 448, 275, 1, 1, 4.80374e+19
--- pALPIDEfs_4 ---
Pixel 446, 233, 1, 1, 4.80374e+19
=== 4907190 ===
--- pALPIDEfs_2 ---
Pixel 614, 78, 1, 1, 4.80374e+19
Pixel 615, 78, 1, 1, 4.80374e+19
--- pALPIDEfs_3 ---
Pixel 576, 353, 1, 1, 4.80374e+19
--- pALPIDEfs_4 ---
Pixel 959, 485, 1, 1, 4.80374e+19
Pixel 958, 485, 1, 1, 4.80374e+19
Pixel 958, 486, 1, 1, 4.80374e+19
=== 4909605 ===
--- pALPIDEfs_6 ---
Pixel 99, 460, 1, 1, 4.80374e+19
Pixel 99, 461, 1, 1, 4.80374e+19
Pixel 100, 460, 1, 1, 4.80374e+19
Pixel 101, 461, 1, 1, 4.80374e+19
Pixel 100, 461, 1, 1, 4.80374e+19
Pixel 100, 462, 1, 1, 4.80374e+19
Pixel 101, 462, 1, 1, 4.80374e+19
Pixel 102, 462, 1, 1, 4.80374e+19
Pixel 111, 471, 1, 1, 4.80374e+19
=== 4918240 ===
--- pALPIDEfs_2 ---
Pixel 14, 485, 1, 1, 4.80374e+19
=== 4921788 ===
--- pALPIDEfs_5 ---
Pixel 625, 243, 1, 1, 4.80374e+19
Pixel 624, 243, 1, 1, 4.80374e+19
Pixel 625, 244, 1, 1, 4.80374e+19
Pixel 626, 243, 1, 1, 4.80374e+19
Pixel 626, 244, 1, 1, 4.80374e+19
Pixel 627, 244, 1, 1, 4.80374e+19
Pixel 627, 245, 1, 1, 4.80374e+19
Pixel 626, 245, 1, 1, 4.80374e+19
Pixel 627, 246, 1, 1, 4.80374e+19
Pixel 627, 247, 1, 1, 4.80374e+19
Pixel 628, 246, 1, 1, 4.80374e+19
Pixel 628, 247, 1, 1, 4.80374e+19
=== 4943158 ===
--- pALPIDEfs_0 ---
Pixel 699, 382, 1, 1, 4.80374e+19
Pixel 699, 383, 1, 1, 4.80374e+19
--- pALPIDEfs_1 ---
Pixel 833, 106, 1, 1, 4.80374e+19
Pixel 834, 106, 1, 1, 4.80374e+19
=== 4947570 ===
--- pALPIDEfs_1 ---
Pixel 753, 97, 1, 1, 4.80374e+19
Pixel 755, 97, 1, 1, 4.80374e+19
Pixel 754, 97, 1, 1, 4.80374e+19
=== 4948092 ===
--- pALPIDEfs_4 ---
Pixel 380, 47, 1, 1, 4.80374e+19
Pixel 380, 48, 1, 1, 4.80374e+19
--- pALPIDEfs_5 ---
Pixel 595, 192, 1, 1, 4.80374e+19
Pixel 595, 193, 1, 1, 4.80374e+19
--- pALPIDEfs_6 ---
Pixel 866, 282, 1, 1, 4.80374e+19
Pixel 867, 282, 1, 1, 4.80374e+19
Pixel 867, 283, 1, 1, 4.80374e+19
Pixel 866, 283, 1, 1, 4.80374e+19
=== 4955937 ===
--- pALPIDEfs_0 ---
Pixel 993, 363, 1, 1, 4.80374e+19
=== 5003802 ===
--- pALPIDEfs_1 ---
Pixel 871, 439, 1, 1, 4.80374e+19
--- pALPIDEfs_2 ---
Pixel 665, 246, 1, 1, 4.80374e+19
Pixel 665, 247, 1, 1, 4.80374e+19
--- pALPIDEfs_3 ---
Pixel 459, 125, 1, 1, 4.80374e+19
Pixel 458, 125, 1, 1, 4.80374e+19
=== 5012317 ===
--- pALPIDEfs_1 ---
Pixel 641, 54, 1, 1, 4.80374e+19
