Run: Cosmics000412
=== 2 ===
--- pALPIDEfs_3 ---
Pixel 238, 320, 1, 1, 4.80374e+19
Pixel 238, 320, 1, 1, 4.80374e+19
=== 3 ===
--- pALPIDEfs_0 ---
Pixel 92, 0, 1, 1, 4.80374e+19
Pixel 93, 0, 1, 1, 4.80374e+19
Pixel 93, 1, 1, 1, 4.80374e+19
Pixel 92, 1, 1, 1, 4.80374e+19
Pixel 92, 2, 1, 1, 4.80374e+19
Pixel 93, 2, 1, 1, 4.80374e+19
Pixel 93, 3, 1, 1, 4.80374e+19
Pixel 92, 3, 1, 1, 4.80374e+19
Pixel 92, 4, 1, 1, 4.80374e+19
Pixel 93, 4, 1, 1, 4.80374e+19
Pixel 93, 5, 1, 1, 4.80374e+19
Pixel 92, 5, 1, 1, 4.80374e+19
Pixel 92, 6, 1, 1, 4.80374e+19
Pixel 93, 6, 1, 1, 4.80374e+19
Pixel 93, 7, 1, 1, 4.80374e+19
Pixel 92, 7, 1, 1, 4.80374e+19
Pixel 92, 8, 1, 1, 4.80374e+19
Pixel 93, 8, 1, 1, 4.80374e+19
Pixel 93, 9, 1, 1, 4.80374e+19
Pixel 92, 9, 1, 1, 4.80374e+19
Pixel 92, 10, 1, 1, 4.80374e+19
Pixel 93, 10, 1, 1, 4.80374e+19
Pixel 93, 11, 1, 1, 4.80374e+19
Pixel 92, 11, 1, 1, 4.80374e+19
Pixel 92, 12, 1, 1, 4.80374e+19
Pixel 93, 12, 1, 1, 4.80374e+19
Pixel 93, 13, 1, 1, 4.80374e+19
Pixel 92, 13, 1, 1, 4.80374e+19
Pixel 92, 14, 1, 1, 4.80374e+19
Pixel 93, 14, 1, 1, 4.80374e+19
Pixel 93, 15, 1, 1, 4.80374e+19
Pixel 92, 15, 1, 1, 4.80374e+19
Pixel 92, 16, 1, 1, 4.80374e+19
Pixel 93, 16, 1, 1, 4.80374e+19
Pixel 93, 17, 1, 1, 4.80374e+19
Pixel 92, 17, 1, 1, 4.80374e+19
Pixel 92, 18, 1, 1, 4.80374e+19
Pixel 93, 18, 1, 1, 4.80374e+19
Pixel 93, 19, 1, 1, 4.80374e+19
Pixel 92, 19, 1, 1, 4.80374e+19
Pixel 92, 20, 1, 1, 4.80374e+19
Pixel 93, 20, 1, 1, 4.80374e+19
Pixel 93, 21, 1, 1, 4.80374e+19
Pixel 92, 21, 1, 1, 4.80374e+19
Pixel 92, 22, 1, 1, 4.80374e+19
Pixel 93, 22, 1, 1, 4.80374e+19
Pixel 93, 23, 1, 1, 4.80374e+19
Pixel 92, 23, 1, 1, 4.80374e+19
Pixel 92, 24, 1, 1, 4.80374e+19
Pixel 93, 24, 1, 1, 4.80374e+19
Pixel 93, 25, 1, 1, 4.80374e+19
Pixel 92, 25, 1, 1, 4.80374e+19
Pixel 92, 26, 1, 1, 4.80374e+19
Pixel 93, 26, 1, 1, 4.80374e+19
Pixel 93, 27, 1, 1, 4.80374e+19
Pixel 92, 27, 1, 1, 4.80374e+19
Pixel 92, 28, 1, 1, 4.80374e+19
Pixel 93, 28, 1, 1, 4.80374e+19
Pixel 93, 29, 1, 1, 4.80374e+19
Pixel 92, 29, 1, 1, 4.80374e+19
Pixel 92, 30, 1, 1, 4.80374e+19
Pixel 93, 30, 1, 1, 4.80374e+19
Pixel 93, 31, 1, 1, 4.80374e+19
Pixel 92, 31, 1, 1, 4.80374e+19
Pixel 92, 32, 1, 1, 4.80374e+19
Pixel 93, 32, 1, 1, 4.80374e+19
Pixel 93, 33, 1, 1, 4.80374e+19
Pixel 92, 33, 1, 1, 4.80374e+19
Pixel 92, 34, 1, 1, 4.80374e+19
Pixel 93, 34, 1, 1, 4.80374e+19
Pixel 93, 35, 1, 1, 4.80374e+19
Pixel 92, 35, 1, 1, 4.80374e+19
Pixel 92, 36, 1, 1, 4.80374e+19
Pixel 93, 36, 1, 1, 4.80374e+19
Pixel 93, 37, 1, 1, 4.80374e+19
Pixel 92, 37, 1, 1, 4.80374e+19
Pixel 92, 38, 1, 1, 4.80374e+19
Pixel 93, 38, 1, 1, 4.80374e+19
Pixel 93, 39, 1, 1, 4.80374e+19
Pixel 92, 39, 1, 1, 4.80374e+19
Pixel 92, 40, 1, 1, 4.80374e+19
Pixel 93, 40, 1, 1, 4.80374e+19
Pixel 93, 41, 1, 1, 4.80374e+19
Pixel 92, 41, 1, 1, 4.80374e+19
Pixel 92, 42, 1, 1, 4.80374e+19
Pixel 93, 42, 1, 1, 4.80374e+19
Pixel 93, 43, 1, 1, 4.80374e+19
Pixel 92, 43, 1, 1, 4.80374e+19
Pixel 92, 44, 1, 1, 4.80374e+19
Pixel 93, 44, 1, 1, 4.80374e+19
Pixel 93, 45, 1, 1, 4.80374e+19
Pixel 92, 45, 1, 1, 4.80374e+19
Pixel 92, 46, 1, 1, 4.80374e+19
Pixel 93, 46, 1, 1, 4.80374e+19
Pixel 93, 47, 1, 1, 4.80374e+19
Pixel 92, 47, 1, 1, 4.80374e+19
Pixel 92, 48, 1, 1, 4.80374e+19
Pixel 93, 48, 1, 1, 4.80374e+19
Pixel 93, 49, 1, 1, 4.80374e+19
Pixel 92, 49, 1, 1, 4.80374e+19
Pixel 92, 50, 1, 1, 4.80374e+19
Pixel 93, 50, 1, 1, 4.80374e+19
Pixel 93, 51, 1, 1, 4.80374e+19
Pixel 92, 51, 1, 1, 4.80374e+19
Pixel 92, 52, 1, 1, 4.80374e+19
Pixel 93, 52, 1, 1, 4.80374e+19
Pixel 93, 53, 1, 1, 4.80374e+19
Pixel 92, 53, 1, 1, 4.80374e+19
Pixel 92, 54, 1, 1, 4.80374e+19
Pixel 93, 54, 1, 1, 4.80374e+19
Pixel 93, 55, 1, 1, 4.80374e+19
Pixel 92, 55, 1, 1, 4.80374e+19
Pixel 92, 56, 1, 1, 4.80374e+19
Pixel 93, 56, 1, 1, 4.80374e+19
Pixel 93, 57, 1, 1, 4.80374e+19
Pixel 92, 57, 1, 1, 4.80374e+19
Pixel 92, 58, 1, 1, 4.80374e+19
Pixel 93, 58, 1, 1, 4.80374e+19
Pixel 93, 59, 1, 1, 4.80374e+19
Pixel 92, 59, 1, 1, 4.80374e+19
Pixel 92, 60, 1, 1, 4.80374e+19
Pixel 93, 60, 1, 1, 4.80374e+19
Pixel 93, 61, 1, 1, 4.80374e+19
Pixel 92, 61, 1, 1, 4.80374e+19
Pixel 92, 62, 1, 1, 4.80374e+19
Pixel 93, 62, 1, 1, 4.80374e+19
Pixel 93, 63, 1, 1, 4.80374e+19
Pixel 92, 63, 1, 1, 4.80374e+19
Pixel 92, 64, 1, 1, 4.80374e+19
Pixel 93, 64, 1, 1, 4.80374e+19
Pixel 93, 65, 1, 1, 4.80374e+19
Pixel 92, 65, 1, 1, 4.80374e+19
Pixel 92, 66, 1, 1, 4.80374e+19
Pixel 93, 66, 1, 1, 4.80374e+19
Pixel 93, 67, 1, 1, 4.80374e+19
Pixel 92, 67, 1, 1, 4.80374e+19
Pixel 92, 68, 1, 1, 4.80374e+19
Pixel 93, 68, 1, 1, 4.80374e+19
Pixel 93, 69, 1, 1, 4.80374e+19
Pixel 92, 69, 1, 1, 4.80374e+19
Pixel 92, 70, 1, 1, 4.80374e+19
Pixel 93, 70, 1, 1, 4.80374e+19
Pixel 93, 71, 1, 1, 4.80374e+19
Pixel 92, 71, 1, 1, 4.80374e+19
Pixel 92, 72, 1, 1, 4.80374e+19
Pixel 93, 72, 1, 1, 4.80374e+19
Pixel 93, 73, 1, 1, 4.80374e+19
Pixel 92, 73, 1, 1, 4.80374e+19
Pixel 92, 74, 1, 1, 4.80374e+19
Pixel 93, 74, 1, 1, 4.80374e+19
Pixel 93, 75, 1, 1, 4.80374e+19
Pixel 92, 75, 1, 1, 4.80374e+19
Pixel 92, 76, 1, 1, 4.80374e+19
Pixel 93, 76, 1, 1, 4.80374e+19
Pixel 93, 77, 1, 1, 4.80374e+19
Pixel 92, 77, 1, 1, 4.80374e+19
Pixel 92, 78, 1, 1, 4.80374e+19
Pixel 93, 78, 1, 1, 4.80374e+19
Pixel 93, 79, 1, 1, 4.80374e+19
Pixel 92, 79, 1, 1, 4.80374e+19
Pixel 92, 80, 1, 1, 4.80374e+19
Pixel 93, 80, 1, 1, 4.80374e+19
Pixel 93, 81, 1, 1, 4.80374e+19
Pixel 92, 81, 1, 1, 4.80374e+19
Pixel 92, 82, 1, 1, 4.80374e+19
Pixel 93, 82, 1, 1, 4.80374e+19
Pixel 93, 83, 1, 1, 4.80374e+19
Pixel 92, 83, 1, 1, 4.80374e+19
Pixel 92, 84, 1, 1, 4.80374e+19
Pixel 93, 84, 1, 1, 4.80374e+19
Pixel 93, 85, 1, 1, 4.80374e+19
Pixel 92, 85, 1, 1, 4.80374e+19
Pixel 92, 86, 1, 1, 4.80374e+19
Pixel 93, 86, 1, 1, 4.80374e+19
Pixel 93, 87, 1, 1, 4.80374e+19
Pixel 92, 87, 1, 1, 4.80374e+19
Pixel 92, 88, 1, 1, 4.80374e+19
Pixel 93, 88, 1, 1, 4.80374e+19
Pixel 93, 89, 1, 1, 4.80374e+19
Pixel 92, 89, 1, 1, 4.80374e+19
Pixel 92, 90, 1, 1, 4.80374e+19
Pixel 93, 90, 1, 1, 4.80374e+19
Pixel 93, 91, 1, 1, 4.80374e+19
Pixel 92, 91, 1, 1, 4.80374e+19
Pixel 92, 92, 1, 1, 4.80374e+19
Pixel 93, 92, 1, 1, 4.80374e+19
Pixel 93, 93, 1, 1, 4.80374e+19
Pixel 92, 93, 1, 1, 4.80374e+19
Pixel 92, 94, 1, 1, 4.80374e+19
Pixel 93, 94, 1, 1, 4.80374e+19
Pixel 93, 95, 1, 1, 4.80374e+19
Pixel 92, 95, 1, 1, 4.80374e+19
Pixel 92, 96, 1, 1, 4.80374e+19
Pixel 93, 96, 1, 1, 4.80374e+19
Pixel 93, 97, 1, 1, 4.80374e+19
Pixel 92, 97, 1, 1, 4.80374e+19
Pixel 92, 98, 1, 1, 4.80374e+19
Pixel 93, 98, 1, 1, 4.80374e+19
Pixel 93, 99, 1, 1, 4.80374e+19
Pixel 92, 99, 1, 1, 4.80374e+19
Pixel 92, 100, 1, 1, 4.80374e+19
Pixel 93, 100, 1, 1, 4.80374e+19
Pixel 93, 101, 1, 1, 4.80374e+19
Pixel 92, 101, 1, 1, 4.80374e+19
Pixel 92, 102, 1, 1, 4.80374e+19
Pixel 93, 102, 1, 1, 4.80374e+19
Pixel 93, 103, 1, 1, 4.80374e+19
Pixel 92, 103, 1, 1, 4.80374e+19
Pixel 92, 104, 1, 1, 4.80374e+19
Pixel 93, 104, 1, 1, 4.80374e+19
Pixel 93, 105, 1, 1, 4.80374e+19
Pixel 92, 105, 1, 1, 4.80374e+19
Pixel 92, 106, 1, 1, 4.80374e+19
Pixel 93, 106, 1, 1, 4.80374e+19
Pixel 93, 107, 1, 1, 4.80374e+19
Pixel 92, 107, 1, 1, 4.80374e+19
Pixel 92, 108, 1, 1, 4.80374e+19
Pixel 93, 108, 1, 1, 4.80374e+19
Pixel 93, 109, 1, 1, 4.80374e+19
Pixel 92, 109, 1, 1, 4.80374e+19
Pixel 92, 110, 1, 1, 4.80374e+19
Pixel 93, 110, 1, 1, 4.80374e+19
Pixel 93, 111, 1, 1, 4.80374e+19
Pixel 92, 111, 1, 1, 4.80374e+19
Pixel 92, 112, 1, 1, 4.80374e+19
Pixel 93, 112, 1, 1, 4.80374e+19
Pixel 93, 113, 1, 1, 4.80374e+19
Pixel 92, 113, 1, 1, 4.80374e+19
Pixel 92, 114, 1, 1, 4.80374e+19
Pixel 93, 114, 1, 1, 4.80374e+19
Pixel 93, 115, 1, 1, 4.80374e+19
Pixel 92, 115, 1, 1, 4.80374e+19
Pixel 92, 116, 1, 1, 4.80374e+19
Pixel 93, 116, 1, 1, 4.80374e+19
Pixel 93, 117, 1, 1, 4.80374e+19
Pixel 92, 117, 1, 1, 4.80374e+19
Pixel 92, 118, 1, 1, 4.80374e+19
Pixel 93, 118, 1, 1, 4.80374e+19
Pixel 93, 119, 1, 1, 4.80374e+19
Pixel 92, 119, 1, 1, 4.80374e+19
Pixel 92, 120, 1, 1, 4.80374e+19
Pixel 93, 120, 1, 1, 4.80374e+19
Pixel 93, 121, 1, 1, 4.80374e+19
Pixel 92, 121, 1, 1, 4.80374e+19
Pixel 92, 122, 1, 1, 4.80374e+19
Pixel 93, 122, 1, 1, 4.80374e+19
Pixel 93, 123, 1, 1, 4.80374e+19
Pixel 92, 123, 1, 1, 4.80374e+19
Pixel 92, 124, 1, 1, 4.80374e+19
Pixel 93, 124, 1, 1, 4.80374e+19
Pixel 93, 125, 1, 1, 4.80374e+19
Pixel 92, 125, 1, 1, 4.80374e+19
Pixel 92, 126, 1, 1, 4.80374e+19
Pixel 93, 126, 1, 1, 4.80374e+19
Pixel 93, 127, 1, 1, 4.80374e+19
Pixel 92, 127, 1, 1, 4.80374e+19
Pixel 92, 128, 1, 1, 4.80374e+19
Pixel 93, 128, 1, 1, 4.80374e+19
Pixel 93, 129, 1, 1, 4.80374e+19
Pixel 92, 129, 1, 1, 4.80374e+19
Pixel 92, 130, 1, 1, 4.80374e+19
Pixel 93, 130, 1, 1, 4.80374e+19
Pixel 93, 131, 1, 1, 4.80374e+19
Pixel 92, 131, 1, 1, 4.80374e+19
Pixel 92, 132, 1, 1, 4.80374e+19
Pixel 93, 132, 1, 1, 4.80374e+19
Pixel 93, 133, 1, 1, 4.80374e+19
Pixel 92, 133, 1, 1, 4.80374e+19
Pixel 92, 134, 1, 1, 4.80374e+19
Pixel 93, 134, 1, 1, 4.80374e+19
Pixel 93, 135, 1, 1, 4.80374e+19
Pixel 92, 135, 1, 1, 4.80374e+19
Pixel 92, 136, 1, 1, 4.80374e+19
Pixel 93, 136, 1, 1, 4.80374e+19
Pixel 93, 137, 1, 1, 4.80374e+19
Pixel 92, 137, 1, 1, 4.80374e+19
Pixel 92, 138, 1, 1, 4.80374e+19
Pixel 93, 138, 1, 1, 4.80374e+19
Pixel 93, 139, 1, 1, 4.80374e+19
Pixel 92, 139, 1, 1, 4.80374e+19
Pixel 92, 140, 1, 1, 4.80374e+19
Pixel 93, 140, 1, 1, 4.80374e+19
Pixel 93, 141, 1, 1, 4.80374e+19
Pixel 92, 141, 1, 1, 4.80374e+19
Pixel 92, 142, 1, 1, 4.80374e+19
Pixel 93, 142, 1, 1, 4.80374e+19
Pixel 93, 143, 1, 1, 4.80374e+19
Pixel 92, 143, 1, 1, 4.80374e+19
Pixel 92, 144, 1, 1, 4.80374e+19
Pixel 93, 144, 1, 1, 4.80374e+19
Pixel 93, 145, 1, 1, 4.80374e+19
Pixel 92, 145, 1, 1, 4.80374e+19
Pixel 92, 146, 1, 1, 4.80374e+19
Pixel 93, 146, 1, 1, 4.80374e+19
Pixel 93, 147, 1, 1, 4.80374e+19
Pixel 92, 147, 1, 1, 4.80374e+19
Pixel 92, 148, 1, 1, 4.80374e+19
Pixel 93, 148, 1, 1, 4.80374e+19
Pixel 93, 149, 1, 1, 4.80374e+19
Pixel 92, 149, 1, 1, 4.80374e+19
Pixel 92, 150, 1, 1, 4.80374e+19
Pixel 93, 150, 1, 1, 4.80374e+19
Pixel 93, 151, 1, 1, 4.80374e+19
Pixel 92, 151, 1, 1, 4.80374e+19
Pixel 92, 152, 1, 1, 4.80374e+19
Pixel 93, 152, 1, 1, 4.80374e+19
Pixel 93, 153, 1, 1, 4.80374e+19
Pixel 92, 153, 1, 1, 4.80374e+19
Pixel 92, 154, 1, 1, 4.80374e+19
Pixel 93, 154, 1, 1, 4.80374e+19
Pixel 93, 155, 1, 1, 4.80374e+19
Pixel 92, 155, 1, 1, 4.80374e+19
Pixel 92, 156, 1, 1, 4.80374e+19
Pixel 93, 156, 1, 1, 4.80374e+19
Pixel 93, 157, 1, 1, 4.80374e+19
Pixel 92, 157, 1, 1, 4.80374e+19
Pixel 92, 158, 1, 1, 4.80374e+19
Pixel 93, 158, 1, 1, 4.80374e+19
Pixel 93, 159, 1, 1, 4.80374e+19
Pixel 92, 159, 1, 1, 4.80374e+19
Pixel 92, 160, 1, 1, 4.80374e+19
Pixel 93, 160, 1, 1, 4.80374e+19
Pixel 93, 161, 1, 1, 4.80374e+19
Pixel 92, 161, 1, 1, 4.80374e+19
Pixel 92, 162, 1, 1, 4.80374e+19
Pixel 93, 162, 1, 1, 4.80374e+19
Pixel 93, 163, 1, 1, 4.80374e+19
Pixel 92, 163, 1, 1, 4.80374e+19
Pixel 92, 164, 1, 1, 4.80374e+19
Pixel 93, 164, 1, 1, 4.80374e+19
Pixel 93, 165, 1, 1, 4.80374e+19
Pixel 92, 165, 1, 1, 4.80374e+19
Pixel 92, 166, 1, 1, 4.80374e+19
Pixel 93, 166, 1, 1, 4.80374e+19
Pixel 93, 167, 1, 1, 4.80374e+19
Pixel 92, 167, 1, 1, 4.80374e+19
Pixel 92, 168, 1, 1, 4.80374e+19
Pixel 93, 168, 1, 1, 4.80374e+19
Pixel 93, 169, 1, 1, 4.80374e+19
Pixel 92, 169, 1, 1, 4.80374e+19
Pixel 92, 170, 1, 1, 4.80374e+19
Pixel 93, 170, 1, 1, 4.80374e+19
Pixel 93, 171, 1, 1, 4.80374e+19
Pixel 92, 171, 1, 1, 4.80374e+19
Pixel 92, 172, 1, 1, 4.80374e+19
Pixel 93, 172, 1, 1, 4.80374e+19
Pixel 93, 173, 1, 1, 4.80374e+19
Pixel 92, 173, 1, 1, 4.80374e+19
Pixel 92, 174, 1, 1, 4.80374e+19
Pixel 93, 174, 1, 1, 4.80374e+19
Pixel 93, 175, 1, 1, 4.80374e+19
Pixel 92, 175, 1, 1, 4.80374e+19
Pixel 92, 176, 1, 1, 4.80374e+19
Pixel 93, 176, 1, 1, 4.80374e+19
Pixel 93, 177, 1, 1, 4.80374e+19
Pixel 92, 177, 1, 1, 4.80374e+19
Pixel 92, 178, 1, 1, 4.80374e+19
Pixel 93, 178, 1, 1, 4.80374e+19
Pixel 93, 179, 1, 1, 4.80374e+19
Pixel 92, 179, 1, 1, 4.80374e+19
Pixel 92, 180, 1, 1, 4.80374e+19
Pixel 93, 180, 1, 1, 4.80374e+19
Pixel 93, 181, 1, 1, 4.80374e+19
Pixel 92, 181, 1, 1, 4.80374e+19
Pixel 92, 182, 1, 1, 4.80374e+19
Pixel 93, 182, 1, 1, 4.80374e+19
Pixel 93, 183, 1, 1, 4.80374e+19
Pixel 92, 183, 1, 1, 4.80374e+19
Pixel 92, 184, 1, 1, 4.80374e+19
Pixel 93, 184, 1, 1, 4.80374e+19
Pixel 93, 185, 1, 1, 4.80374e+19
Pixel 92, 185, 1, 1, 4.80374e+19
Pixel 92, 186, 1, 1, 4.80374e+19
Pixel 93, 186, 1, 1, 4.80374e+19
Pixel 93, 187, 1, 1, 4.80374e+19
Pixel 92, 187, 1, 1, 4.80374e+19
Pixel 92, 188, 1, 1, 4.80374e+19
Pixel 93, 188, 1, 1, 4.80374e+19
Pixel 93, 189, 1, 1, 4.80374e+19
Pixel 92, 189, 1, 1, 4.80374e+19
Pixel 92, 190, 1, 1, 4.80374e+19
Pixel 93, 190, 1, 1, 4.80374e+19
Pixel 93, 191, 1, 1, 4.80374e+19
Pixel 92, 191, 1, 1, 4.80374e+19
Pixel 92, 192, 1, 1, 4.80374e+19
Pixel 93, 192, 1, 1, 4.80374e+19
Pixel 93, 193, 1, 1, 4.80374e+19
Pixel 92, 193, 1, 1, 4.80374e+19
Pixel 92, 194, 1, 1, 4.80374e+19
Pixel 93, 194, 1, 1, 4.80374e+19
Pixel 93, 195, 1, 1, 4.80374e+19
Pixel 92, 195, 1, 1, 4.80374e+19
Pixel 92, 196, 1, 1, 4.80374e+19
Pixel 93, 196, 1, 1, 4.80374e+19
Pixel 93, 197, 1, 1, 4.80374e+19
Pixel 92, 197, 1, 1, 4.80374e+19
Pixel 92, 198, 1, 1, 4.80374e+19
Pixel 93, 198, 1, 1, 4.80374e+19
Pixel 93, 199, 1, 1, 4.80374e+19
Pixel 92, 199, 1, 1, 4.80374e+19
Pixel 92, 200, 1, 1, 4.80374e+19
Pixel 93, 200, 1, 1, 4.80374e+19
Pixel 93, 201, 1, 1, 4.80374e+19
Pixel 92, 201, 1, 1, 4.80374e+19
Pixel 92, 202, 1, 1, 4.80374e+19
Pixel 93, 202, 1, 1, 4.80374e+19
Pixel 93, 203, 1, 1, 4.80374e+19
Pixel 92, 203, 1, 1, 4.80374e+19
Pixel 92, 204, 1, 1, 4.80374e+19
Pixel 93, 204, 1, 1, 4.80374e+19
Pixel 93, 205, 1, 1, 4.80374e+19
Pixel 92, 205, 1, 1, 4.80374e+19
Pixel 92, 206, 1, 1, 4.80374e+19
Pixel 93, 206, 1, 1, 4.80374e+19
Pixel 93, 207, 1, 1, 4.80374e+19
Pixel 92, 207, 1, 1, 4.80374e+19
Pixel 92, 208, 1, 1, 4.80374e+19
Pixel 93, 208, 1, 1, 4.80374e+19
Pixel 93, 209, 1, 1, 4.80374e+19
Pixel 92, 209, 1, 1, 4.80374e+19
Pixel 92, 210, 1, 1, 4.80374e+19
Pixel 93, 210, 1, 1, 4.80374e+19
Pixel 93, 211, 1, 1, 4.80374e+19
Pixel 92, 211, 1, 1, 4.80374e+19
Pixel 92, 212, 1, 1, 4.80374e+19
Pixel 93, 212, 1, 1, 4.80374e+19
Pixel 93, 213, 1, 1, 4.80374e+19
Pixel 92, 213, 1, 1, 4.80374e+19
Pixel 92, 214, 1, 1, 4.80374e+19
Pixel 93, 214, 1, 1, 4.80374e+19
Pixel 93, 215, 1, 1, 4.80374e+19
Pixel 92, 215, 1, 1, 4.80374e+19
Pixel 92, 216, 1, 1, 4.80374e+19
Pixel 93, 216, 1, 1, 4.80374e+19
Pixel 93, 217, 1, 1, 4.80374e+19
Pixel 92, 217, 1, 1, 4.80374e+19
Pixel 92, 218, 1, 1, 4.80374e+19
Pixel 93, 218, 1, 1, 4.80374e+19
Pixel 93, 219, 1, 1, 4.80374e+19
Pixel 92, 219, 1, 1, 4.80374e+19
Pixel 92, 220, 1, 1, 4.80374e+19
Pixel 93, 220, 1, 1, 4.80374e+19
Pixel 93, 221, 1, 1, 4.80374e+19
Pixel 92, 221, 1, 1, 4.80374e+19
Pixel 92, 222, 1, 1, 4.80374e+19
Pixel 93, 222, 1, 1, 4.80374e+19
Pixel 93, 223, 1, 1, 4.80374e+19
Pixel 92, 223, 1, 1, 4.80374e+19
Pixel 92, 224, 1, 1, 4.80374e+19
Pixel 93, 224, 1, 1, 4.80374e+19
Pixel 93, 225, 1, 1, 4.80374e+19
Pixel 92, 225, 1, 1, 4.80374e+19
Pixel 92, 226, 1, 1, 4.80374e+19
Pixel 93, 226, 1, 1, 4.80374e+19
Pixel 93, 227, 1, 1, 4.80374e+19
Pixel 92, 227, 1, 1, 4.80374e+19
Pixel 92, 228, 1, 1, 4.80374e+19
Pixel 93, 228, 1, 1, 4.80374e+19
Pixel 93, 229, 1, 1, 4.80374e+19
Pixel 92, 229, 1, 1, 4.80374e+19
Pixel 92, 230, 1, 1, 4.80374e+19
Pixel 93, 230, 1, 1, 4.80374e+19
Pixel 93, 231, 1, 1, 4.80374e+19
Pixel 92, 231, 1, 1, 4.80374e+19
Pixel 92, 232, 1, 1, 4.80374e+19
Pixel 93, 232, 1, 1, 4.80374e+19
Pixel 93, 233, 1, 1, 4.80374e+19
Pixel 92, 233, 1, 1, 4.80374e+19
Pixel 92, 234, 1, 1, 4.80374e+19
Pixel 93, 234, 1, 1, 4.80374e+19
Pixel 93, 235, 1, 1, 4.80374e+19
Pixel 92, 235, 1, 1, 4.80374e+19
Pixel 92, 236, 1, 1, 4.80374e+19
Pixel 93, 236, 1, 1, 4.80374e+19
Pixel 93, 237, 1, 1, 4.80374e+19
Pixel 92, 237, 1, 1, 4.80374e+19
Pixel 92, 238, 1, 1, 4.80374e+19
Pixel 93, 238, 1, 1, 4.80374e+19
Pixel 93, 239, 1, 1, 4.80374e+19
Pixel 92, 239, 1, 1, 4.80374e+19
Pixel 92, 240, 1, 1, 4.80374e+19
Pixel 93, 240, 1, 1, 4.80374e+19
Pixel 93, 241, 1, 1, 4.80374e+19
Pixel 92, 241, 1, 1, 4.80374e+19
Pixel 92, 242, 1, 1, 4.80374e+19
Pixel 93, 242, 1, 1, 4.80374e+19
Pixel 93, 243, 1, 1, 4.80374e+19
Pixel 92, 243, 1, 1, 4.80374e+19
Pixel 92, 244, 1, 1, 4.80374e+19
Pixel 93, 244, 1, 1, 4.80374e+19
Pixel 93, 245, 1, 1, 4.80374e+19
Pixel 92, 245, 1, 1, 4.80374e+19
Pixel 92, 246, 1, 1, 4.80374e+19
Pixel 93, 246, 1, 1, 4.80374e+19
Pixel 93, 247, 1, 1, 4.80374e+19
Pixel 92, 247, 1, 1, 4.80374e+19
Pixel 92, 248, 1, 1, 4.80374e+19
Pixel 93, 248, 1, 1, 4.80374e+19
Pixel 93, 249, 1, 1, 4.80374e+19
Pixel 92, 249, 1, 1, 4.80374e+19
Pixel 92, 250, 1, 1, 4.80374e+19
Pixel 93, 250, 1, 1, 4.80374e+19
Pixel 93, 251, 1, 1, 4.80374e+19
Pixel 92, 251, 1, 1, 4.80374e+19
Pixel 92, 252, 1, 1, 4.80374e+19
Pixel 93, 252, 1, 1, 4.80374e+19
Pixel 93, 253, 1, 1, 4.80374e+19
Pixel 92, 253, 1, 1, 4.80374e+19
Pixel 92, 254, 1, 1, 4.80374e+19
Pixel 93, 254, 1, 1, 4.80374e+19
Pixel 93, 255, 1, 1, 4.80374e+19
Pixel 92, 255, 1, 1, 4.80374e+19
=== 19953 ===
--- pALPIDEfs_0 ---
Pixel 423, 387, 1, 1, 4.80374e+19
--- pALPIDEfs_1 ---
Pixel 984, 169, 1, 1, 4.80374e+19
=== 37668 ===
--- pALPIDEfs_3 ---
Pixel 106, 498, 1, 1, 4.80374e+19
Pixel 107, 498, 1, 1, 4.80374e+19
Pixel 107, 499, 1, 1, 4.80374e+19
Pixel 106, 499, 1, 1, 4.80374e+19
=== 51918 ===
--- pALPIDEfs_0 ---
Pixel 217, 412, 1, 1, 4.80374e+19
Pixel 217, 413, 1, 1, 4.80374e+19
Pixel 218, 412, 1, 1, 4.80374e+19
Pixel 219, 412, 1, 1, 4.80374e+19
Pixel 219, 413, 1, 1, 4.80374e+19
Pixel 218, 413, 1, 1, 4.80374e+19
Pixel 219, 414, 1, 1, 4.80374e+19
=== 65320 ===
--- pALPIDEfs_6 ---
Pixel 595, 308, 1, 1, 4.80374e+19
Pixel 595, 309, 1, 1, 4.80374e+19
Pixel 596, 308, 1, 1, 4.80374e+19
Pixel 596, 309, 1, 1, 4.80374e+19
=== 76897 ===
--- pALPIDEfs_3 ---
Pixel 49, 504, 1, 1, 4.80374e+19
Pixel 49, 505, 1, 1, 4.80374e+19
Pixel 48, 505, 1, 1, 4.80374e+19
Pixel 48, 506, 1, 1, 4.80374e+19
=== 97518 ===
--- pALPIDEfs_1 ---
Pixel 825, 175, 1, 1, 4.80374e+19
=== 98702 ===
--- pALPIDEfs_6 ---
Pixel 893, 290, 1, 1, 4.80374e+19
Pixel 893, 291, 1, 1, 4.80374e+19
Pixel 892, 292, 1, 1, 4.80374e+19
Pixel 893, 292, 1, 1, 4.80374e+19
Pixel 893, 293, 1, 1, 4.80374e+19
Pixel 892, 293, 1, 1, 4.80374e+19
Pixel 893, 294, 1, 1, 4.80374e+19
Pixel 894, 290, 1, 1, 4.80374e+19
Pixel 894, 291, 1, 1, 4.80374e+19
Pixel 894, 292, 1, 1, 4.80374e+19
=== 98860 ===
--- pALPIDEfs_2 ---
Pixel 767, 144, 1, 1, 4.80374e+19
=== 102022 ===
--- pALPIDEfs_1 ---
Pixel 453, 411, 1, 1, 4.80374e+19
Pixel 452, 411, 1, 1, 4.80374e+19
Pixel 453, 412, 1, 1, 4.80374e+19
=== 109131 ===
--- pALPIDEfs_4 ---
Pixel 615, 493, 1, 1, 4.80374e+19
Pixel 614, 493, 1, 1, 4.80374e+19
Pixel 614, 494, 1, 1, 4.80374e+19
=== 132778 ===
--- pALPIDEfs_4 ---
Pixel 155, 391, 1, 1, 4.80374e+19
Pixel 155, 392, 1, 1, 4.80374e+19
=== 133044 ===
--- pALPIDEfs_1 ---
Pixel 84, 140, 1, 1, 4.80374e+19
Pixel 85, 140, 1, 1, 4.80374e+19
Pixel 85, 141, 1, 1, 4.80374e+19
Pixel 84, 141, 1, 1, 4.80374e+19
=== 171808 ===
--- pALPIDEfs_3 ---
Pixel 75, 398, 1, 1, 4.80374e+19
Pixel 75, 399, 1, 1, 4.80374e+19
Pixel 76, 398, 1, 1, 4.80374e+19
Pixel 76, 399, 1, 1, 4.80374e+19
=== 245329 ===
--- pALPIDEfs_4 ---
Pixel 339, 36, 1, 1, 4.80374e+19
Pixel 339, 37, 1, 1, 4.80374e+19
=== 246962 ===
--- pALPIDEfs_0 ---
Pixel 21, 422, 1, 1, 4.80374e+19
Pixel 21, 423, 1, 1, 4.80374e+19
--- pALPIDEfs_1 ---
Pixel 32, 300, 1, 1, 4.80374e+19
Pixel 33, 300, 1, 1, 4.80374e+19
--- pALPIDEfs_2 ---
Pixel 65, 78, 1, 1, 4.80374e+19
Pixel 65, 79, 1, 1, 4.80374e+19
=== 248824 ===
--- pALPIDEfs_5 ---
Pixel 911, 288, 1, 1, 4.80374e+19
Pixel 912, 288, 1, 1, 4.80374e+19
=== 268003 ===
--- pALPIDEfs_3 ---
Pixel 677, 456, 1, 1, 4.80374e+19
Pixel 677, 457, 1, 1, 4.80374e+19
Pixel 678, 456, 1, 1, 4.80374e+19
Pixel 678, 457, 1, 1, 4.80374e+19
=== 269874 ===
--- pALPIDEfs_1 ---
Pixel 33, 263, 1, 1, 4.80374e+19
=== 273904 ===
--- pALPIDEfs_5 ---
Pixel 425, 365, 1, 1, 4.80374e+19
Pixel 425, 366, 1, 1, 4.80374e+19
Pixel 425, 367, 1, 1, 4.80374e+19
Pixel 426, 365, 1, 1, 4.80374e+19
Pixel 426, 366, 1, 1, 4.80374e+19
--- pALPIDEfs_6 ---
Pixel 255, 108, 1, 1, 4.80374e+19
Pixel 255, 109, 1, 1, 4.80374e+19
Pixel 254, 109, 1, 1, 4.80374e+19
Pixel 254, 110, 1, 1, 4.80374e+19
Pixel 255, 110, 1, 1, 4.80374e+19
Pixel 255, 111, 1, 1, 4.80374e+19
Pixel 256, 108, 1, 1, 4.80374e+19
Pixel 256, 109, 1, 1, 4.80374e+19
Pixel 256, 110, 1, 1, 4.80374e+19
Pixel 257, 111, 1, 1, 4.80374e+19
Pixel 256, 111, 1, 1, 4.80374e+19
=== 274684 ===
--- pALPIDEfs_2 ---
Pixel 27, 398, 1, 1, 4.80374e+19
Pixel 624, 298, 1, 1, 4.80374e+19
Pixel 624, 299, 1, 1, 4.80374e+19
=== 289353 ===
--- pALPIDEfs_5 ---
Pixel 751, 307, 1, 1, 4.80374e+19
Pixel 752, 307, 1, 1, 4.80374e+19
Pixel 752, 308, 1, 1, 4.80374e+19
=== 295506 ===
--- pALPIDEfs_1 ---
Pixel 427, 451, 1, 1, 4.80374e+19
Pixel 426, 451, 1, 1, 4.80374e+19
Pixel 426, 452, 1, 1, 4.80374e+19
Pixel 427, 452, 1, 1, 4.80374e+19
Pixel 427, 453, 1, 1, 4.80374e+19
Pixel 427, 454, 1, 1, 4.80374e+19
Pixel 427, 455, 1, 1, 4.80374e+19
Pixel 428, 452, 1, 1, 4.80374e+19
Pixel 428, 453, 1, 1, 4.80374e+19
Pixel 428, 454, 1, 1, 4.80374e+19
Pixel 428, 455, 1, 1, 4.80374e+19
Pixel 431, 444, 1, 1, 4.80374e+19
Pixel 431, 445, 1, 1, 4.80374e+19
Pixel 432, 444, 1, 1, 4.80374e+19
Pixel 432, 445, 1, 1, 4.80374e+19
=== 308758 ===
--- pALPIDEfs_1 ---
Pixel 320, 9, 1, 1, 4.80374e+19
Pixel 320, 10, 1, 1, 4.80374e+19
Pixel 321, 11, 1, 1, 4.80374e+19
Pixel 320, 11, 1, 1, 4.80374e+19
Pixel 320, 12, 1, 1, 4.80374e+19
Pixel 321, 12, 1, 1, 4.80374e+19
Pixel 321, 13, 1, 1, 4.80374e+19
Pixel 322, 12, 1, 1, 4.80374e+19
Pixel 322, 13, 1, 1, 4.80374e+19
=== 321074 ===
--- pALPIDEfs_3 ---
Pixel 703, 295, 1, 1, 4.80374e+19
Pixel 703, 296, 1, 1, 4.80374e+19
Pixel 704, 295, 1, 1, 4.80374e+19
Pixel 704, 296, 1, 1, 4.80374e+19
=== 340260 ===
--- pALPIDEfs_3 ---
Pixel 888, 326, 1, 1, 4.80374e+19
Pixel 889, 326, 1, 1, 4.80374e+19
Pixel 889, 327, 1, 1, 4.80374e+19
Pixel 888, 327, 1, 1, 4.80374e+19
=== 346521 ===
--- pALPIDEfs_4 ---
Pixel 281, 493, 1, 1, 4.80374e+19
Pixel 280, 493, 1, 1, 4.80374e+19
Pixel 280, 494, 1, 1, 4.80374e+19
Pixel 281, 494, 1, 1, 4.80374e+19
Pixel 282, 495, 1, 1, 4.80374e+19
Pixel 282, 496, 1, 1, 4.80374e+19
=== 352922 ===
--- pALPIDEfs_0 ---
Pixel 462, 302, 1, 1, 4.80374e+19
Pixel 463, 302, 1, 1, 4.80374e+19
=== 374607 ===
--- pALPIDEfs_5 ---
Pixel 237, 89, 1, 1, 4.80374e+19
Pixel 236, 90, 1, 1, 4.80374e+19
Pixel 237, 90, 1, 1, 4.80374e+19
=== 401192 ===
--- pALPIDEfs_5 ---
Pixel 967, 73, 1, 1, 4.80374e+19
Pixel 967, 74, 1, 1, 4.80374e+19
=== 406863 ===
--- pALPIDEfs_4 ---
Pixel 874, 134, 1, 1, 4.80374e+19
Pixel 874, 135, 1, 1, 4.80374e+19
=== 408405 ===
--- pALPIDEfs_3 ---
Pixel 387, 155, 1, 1, 4.80374e+19
Pixel 388, 155, 1, 1, 4.80374e+19
Pixel 388, 156, 1, 1, 4.80374e+19
=== 425945 ===
--- pALPIDEfs_2 ---
Pixel 190, 173, 1, 1, 4.80374e+19
Pixel 190, 174, 1, 1, 4.80374e+19
=== 426523 ===
--- pALPIDEfs_5 ---
Pixel 89, 509, 1, 1, 4.80374e+19
Pixel 88, 510, 1, 1, 4.80374e+19
Pixel 89, 510, 1, 1, 4.80374e+19
=== 430950 ===
--- pALPIDEfs_4 ---
Pixel 83, 315, 1, 1, 4.80374e+19
Pixel 82, 315, 1, 1, 4.80374e+19
Pixel 82, 316, 1, 1, 4.80374e+19
Pixel 83, 316, 1, 1, 4.80374e+19
=== 439185 ===
--- pALPIDEfs_5 ---
Pixel 595, 27, 1, 1, 4.80374e+19
Pixel 596, 26, 1, 1, 4.80374e+19
Pixel 597, 26, 1, 1, 4.80374e+19
Pixel 597, 27, 1, 1, 4.80374e+19
Pixel 596, 27, 1, 1, 4.80374e+19
=== 445825 ===
--- pALPIDEfs_5 ---
Pixel 469, 480, 1, 1, 4.80374e+19
Pixel 470, 479, 1, 1, 4.80374e+19
Pixel 470, 480, 1, 1, 4.80374e+19
Pixel 471, 480, 1, 1, 4.80374e+19
=== 462024 ===
--- pALPIDEfs_3 ---
Pixel 305, 263, 1, 1, 4.80374e+19
Pixel 307, 261, 1, 1, 4.80374e+19
Pixel 306, 262, 1, 1, 4.80374e+19
Pixel 307, 262, 1, 1, 4.80374e+19
Pixel 307, 263, 1, 1, 4.80374e+19
Pixel 306, 263, 1, 1, 4.80374e+19
Pixel 306, 264, 1, 1, 4.80374e+19
Pixel 309, 260, 1, 1, 4.80374e+19
Pixel 309, 261, 1, 1, 4.80374e+19
Pixel 308, 261, 1, 1, 4.80374e+19
Pixel 308, 262, 1, 1, 4.80374e+19
Pixel 309, 262, 1, 1, 4.80374e+19
Pixel 311, 258, 1, 1, 4.80374e+19
Pixel 312, 257, 1, 1, 4.80374e+19
Pixel 312, 258, 1, 1, 4.80374e+19
=== 528402 ===
--- pALPIDEfs_2 ---
Pixel 233, 510, 1, 1, 4.80374e+19
Pixel 233, 511, 1, 1, 4.80374e+19
Pixel 234, 510, 1, 1, 4.80374e+19
Pixel 234, 511, 1, 1, 4.80374e+19
=== 533876 ===
--- pALPIDEfs_0 ---
Pixel 853, 414, 1, 1, 4.80374e+19
Pixel 853, 415, 1, 1, 4.80374e+19
Pixel 852, 415, 1, 1, 4.80374e+19
=== 534084 ===
--- pALPIDEfs_0 ---
Pixel 367, 309, 1, 1, 4.80374e+19
Pixel 366, 309, 1, 1, 4.80374e+19
=== 555954 ===
--- pALPIDEfs_5 ---
Pixel 3, 467, 1, 1, 4.80374e+19
Pixel 2, 468, 1, 1, 4.80374e+19
Pixel 3, 468, 1, 1, 4.80374e+19
=== 561381 ===
--- pALPIDEfs_2 ---
Pixel 21, 232, 1, 1, 4.80374e+19
Pixel 21, 233, 1, 1, 4.80374e+19
Pixel 20, 233, 1, 1, 4.80374e+19
Pixel 20, 234, 1, 1, 4.80374e+19
Pixel 23, 230, 1, 1, 4.80374e+19
Pixel 23, 231, 1, 1, 4.80374e+19
Pixel 22, 231, 1, 1, 4.80374e+19
Pixel 22, 232, 1, 1, 4.80374e+19
Pixel 25, 226, 1, 1, 4.80374e+19
Pixel 25, 229, 1, 1, 4.80374e+19
Pixel 24, 229, 1, 1, 4.80374e+19
Pixel 24, 230, 1, 1, 4.80374e+19
=== 568417 ===
--- pALPIDEfs_0 ---
Pixel 293, 23, 1, 1, 4.80374e+19
Pixel 294, 23, 1, 1, 4.80374e+19
=== 596061 ===
--- pALPIDEfs_2 ---
Pixel 1015, 159, 1, 1, 4.80374e+19
Pixel 1015, 160, 1, 1, 4.80374e+19
Pixel 1015, 161, 1, 1, 4.80374e+19
Pixel 1016, 159, 1, 1, 4.80374e+19
Pixel 1016, 160, 1, 1, 4.80374e+19
Pixel 1016, 161, 1, 1, 4.80374e+19
--- pALPIDEfs_3 ---
Pixel 855, 128, 1, 1, 4.80374e+19
Pixel 855, 129, 1, 1, 4.80374e+19
Pixel 856, 129, 1, 1, 4.80374e+19
--- pALPIDEfs_4 ---
Pixel 593, 57, 1, 1, 4.80374e+19
Pixel 592, 57, 1, 1, 4.80374e+19
Pixel 592, 58, 1, 1, 4.80374e+19
Pixel 593, 58, 1, 1, 4.80374e+19
=== 601413 ===
--- pALPIDEfs_6 ---
Pixel 775, 45, 1, 1, 4.80374e+19
Pixel 775, 46, 1, 1, 4.80374e+19
Pixel 776, 46, 1, 1, 4.80374e+19
Pixel 776, 47, 1, 1, 4.80374e+19
=== 610825 ===
--- pALPIDEfs_0 ---
Pixel 27, 399, 1, 1, 4.80374e+19
Pixel 26, 399, 1, 1, 4.80374e+19
Pixel 27, 400, 1, 1, 4.80374e+19
Pixel 27, 401, 1, 1, 4.80374e+19
Pixel 28, 400, 1, 1, 4.80374e+19
Pixel 29, 401, 1, 1, 4.80374e+19
Pixel 28, 401, 1, 1, 4.80374e+19
Pixel 29, 402, 1, 1, 4.80374e+19
Pixel 30, 401, 1, 1, 4.80374e+19
Pixel 30, 402, 1, 1, 4.80374e+19
Pixel 31, 402, 1, 1, 4.80374e+19
Pixel 31, 403, 1, 1, 4.80374e+19
=== 613567 ===
--- pALPIDEfs_2 ---
Pixel 809, 320, 1, 1, 4.80374e+19
Pixel 809, 321, 1, 1, 4.80374e+19
Pixel 810, 320, 1, 1, 4.80374e+19
Pixel 810, 321, 1, 1, 4.80374e+19
=== 613568 ===
--- pALPIDEfs_2 ---
Pixel 809, 320, 1, 1, 4.80374e+19
Pixel 809, 321, 1, 1, 4.80374e+19
Pixel 810, 320, 1, 1, 4.80374e+19
=== 631704 ===
--- pALPIDEfs_4 ---
Pixel 251, 55, 1, 1, 4.80374e+19
Pixel 251, 56, 1, 1, 4.80374e+19
Pixel 251, 57, 1, 1, 4.80374e+19
Pixel 252, 55, 1, 1, 4.80374e+19
Pixel 252, 56, 1, 1, 4.80374e+19
Pixel 252, 57, 1, 1, 4.80374e+19
=== 645124 ===
--- pALPIDEfs_5 ---
Pixel 365, 395, 1, 1, 4.80374e+19
Pixel 364, 395, 1, 1, 4.80374e+19
=== 645371 ===
--- pALPIDEfs_1 ---
Pixel 789, 430, 1, 1, 4.80374e+19
Pixel 789, 431, 1, 1, 4.80374e+19
Pixel 788, 431, 1, 1, 4.80374e+19
Pixel 788, 432, 1, 1, 4.80374e+19
Pixel 789, 432, 1, 1, 4.80374e+19
=== 648327 ===
--- pALPIDEfs_5 ---
Pixel 769, 24, 1, 1, 4.80374e+19
Pixel 770, 24, 1, 1, 4.80374e+19
--- pALPIDEfs_6 ---
Pixel 909, 453, 1, 1, 4.80374e+19
Pixel 909, 454, 1, 1, 4.80374e+19
Pixel 910, 453, 1, 1, 4.80374e+19
Pixel 910, 454, 1, 1, 4.80374e+19
=== 661725 ===
--- pALPIDEfs_2 ---
Pixel 216, 258, 1, 1, 4.80374e+19
Pixel 216, 259, 1, 1, 4.80374e+19
Pixel 216, 260, 1, 1, 4.80374e+19
=== 673989 ===
--- pALPIDEfs_5 ---
Pixel 188, 398, 1, 1, 4.80374e+19
=== 687952 ===
--- pALPIDEfs_1 ---
Pixel 454, 303, 1, 1, 4.80374e+19
Pixel 454, 304, 1, 1, 4.80374e+19
=== 689518 ===
--- pALPIDEfs_0 ---
Pixel 293, 65, 1, 1, 4.80374e+19
Pixel 292, 65, 1, 1, 4.80374e+19
Pixel 292, 66, 1, 1, 4.80374e+19
=== 702049 ===
--- pALPIDEfs_3 ---
Pixel 41, 319, 1, 1, 4.80374e+19
Pixel 40, 319, 1, 1, 4.80374e+19
Pixel 40, 320, 1, 1, 4.80374e+19
Pixel 41, 320, 1, 1, 4.80374e+19
--- pALPIDEfs_4 ---
Pixel 287, 105, 1, 1, 4.80374e+19
Pixel 287, 106, 1, 1, 4.80374e+19
=== 710908 ===
--- pALPIDEfs_3 ---
Pixel 58, 364, 1, 1, 4.80374e+19
Pixel 59, 364, 1, 1, 4.80374e+19
Pixel 59, 365, 1, 1, 4.80374e+19
--- pALPIDEfs_4 ---
Pixel 643, 508, 1, 1, 4.80374e+19
Pixel 643, 509, 1, 1, 4.80374e+19
Pixel 644, 508, 1, 1, 4.80374e+19
Pixel 644, 509, 1, 1, 4.80374e+19
=== 725525 ===
--- pALPIDEfs_6 ---
Pixel 545, 163, 1, 1, 4.80374e+19
Pixel 544, 163, 1, 1, 4.80374e+19
Pixel 544, 164, 1, 1, 4.80374e+19
Pixel 545, 164, 1, 1, 4.80374e+19
Pixel 545, 165, 1, 1, 4.80374e+19
Pixel 544, 165, 1, 1, 4.80374e+19
=== 727536 ===
--- pALPIDEfs_2 ---
Pixel 553, 314, 1, 1, 4.80374e+19
Pixel 553, 315, 1, 1, 4.80374e+19
=== 742835 ===
--- pALPIDEfs_5 ---
Pixel 49, 58, 1, 1, 4.80374e+19
Pixel 50, 57, 1, 1, 4.80374e+19
Pixel 50, 58, 1, 1, 4.80374e+19
=== 747405 ===
--- pALPIDEfs_2 ---
Pixel 97, 189, 1, 1, 4.80374e+19
Pixel 97, 190, 1, 1, 4.80374e+19
=== 756430 ===
--- pALPIDEfs_0 ---
Pixel 459, 45, 1, 1, 4.80374e+19
Pixel 458, 45, 1, 1, 4.80374e+19
=== 771629 ===
--- pALPIDEfs_4 ---
Pixel 674, 145, 1, 1, 4.80374e+19
Pixel 674, 146, 1, 1, 4.80374e+19
--- pALPIDEfs_5 ---
Pixel 206, 272, 1, 1, 4.80374e+19
Pixel 207, 272, 1, 1, 4.80374e+19
Pixel 207, 273, 1, 1, 4.80374e+19
Pixel 206, 273, 1, 1, 4.80374e+19
=== 773626 ===
--- pALPIDEfs_5 ---
Pixel 157, 371, 1, 1, 4.80374e+19
Pixel 156, 371, 1, 1, 4.80374e+19
=== 778092 ===
--- pALPIDEfs_1 ---
Pixel 939, 325, 1, 1, 4.80374e+19
Pixel 938, 325, 1, 1, 4.80374e+19
=== 780864 ===
--- pALPIDEfs_3 ---
Pixel 86, 270, 1, 1, 4.80374e+19
Pixel 87, 270, 1, 1, 4.80374e+19
Pixel 87, 271, 1, 1, 4.80374e+19
=== 803187 ===
--- pALPIDEfs_5 ---
Pixel 695, 10, 1, 1, 4.80374e+19
Pixel 695, 11, 1, 1, 4.80374e+19
Pixel 697, 9, 1, 1, 4.80374e+19
Pixel 696, 9, 1, 1, 4.80374e+19
Pixel 696, 10, 1, 1, 4.80374e+19
Pixel 697, 10, 1, 1, 4.80374e+19
Pixel 697, 11, 1, 1, 4.80374e+19
Pixel 696, 11, 1, 1, 4.80374e+19
=== 806501 ===
--- pALPIDEfs_6 ---
Pixel 4, 427, 1, 1, 4.80374e+19
Pixel 4, 428, 1, 1, 4.80374e+19
=== 809244 ===
--- pALPIDEfs_5 ---
Pixel 135, 268, 1, 1, 4.80374e+19
Pixel 136, 267, 1, 1, 4.80374e+19
Pixel 136, 268, 1, 1, 4.80374e+19
=== 811584 ===
--- pALPIDEfs_3 ---
Pixel 595, 379, 1, 1, 4.80374e+19
Pixel 594, 379, 1, 1, 4.80374e+19
Pixel 594, 380, 1, 1, 4.80374e+19
Pixel 595, 380, 1, 1, 4.80374e+19
Pixel 596, 379, 1, 1, 4.80374e+19
Pixel 596, 380, 1, 1, 4.80374e+19
--- pALPIDEfs_4 ---
Pixel 1023, 31, 1, 1, 4.80374e+19
Pixel 1022, 31, 1, 1, 4.80374e+19
Pixel 1022, 32, 1, 1, 4.80374e+19
Pixel 1023, 32, 1, 1, 4.80374e+19
=== 834618 ===
--- pALPIDEfs_1 ---
Pixel 151, 456, 1, 1, 4.80374e+19
Pixel 152, 456, 1, 1, 4.80374e+19
=== 841925 ===
--- pALPIDEfs_0 ---
Pixel 33, 322, 1, 1, 4.80374e+19
Pixel 33, 323, 1, 1, 4.80374e+19
--- pALPIDEfs_1 ---
Pixel 322, 443, 1, 1, 4.80374e+19
Pixel 322, 444, 1, 1, 4.80374e+19
=== 876789 ===
--- pALPIDEfs_6 ---
Pixel 95, 360, 1, 1, 4.80374e+19
Pixel 96, 359, 1, 1, 4.80374e+19
Pixel 96, 360, 1, 1, 4.80374e+19
Pixel 135, 330, 1, 1, 4.80374e+19
Pixel 135, 331, 1, 1, 4.80374e+19
Pixel 136, 330, 1, 1, 4.80374e+19
Pixel 136, 331, 1, 1, 4.80374e+19
=== 891174 ===
--- pALPIDEfs_3 ---
Pixel 788, 345, 1, 1, 4.80374e+19
Pixel 788, 346, 1, 1, 4.80374e+19
=== 900747 ===
--- pALPIDEfs_2 ---
Pixel 459, 243, 1, 1, 4.80374e+19
Pixel 458, 243, 1, 1, 4.80374e+19
Pixel 458, 244, 1, 1, 4.80374e+19
Pixel 459, 244, 1, 1, 4.80374e+19
Pixel 458, 245, 1, 1, 4.80374e+19
Pixel 460, 243, 1, 1, 4.80374e+19
=== 924235 ===
--- pALPIDEfs_3 ---
Pixel 787, 189, 1, 1, 4.80374e+19
Pixel 788, 189, 1, 1, 4.80374e+19
=== 932607 ===
--- pALPIDEfs_2 ---
Pixel 524, 330, 1, 1, 4.80374e+19
=== 933987 ===
--- pALPIDEfs_6 ---
Pixel 508, 370, 1, 1, 4.80374e+19
Pixel 509, 370, 1, 1, 4.80374e+19
Pixel 509, 371, 1, 1, 4.80374e+19
Pixel 508, 371, 1, 1, 4.80374e+19
=== 938318 ===
--- pALPIDEfs_2 ---
Pixel 322, 456, 1, 1, 4.80374e+19
Pixel 323, 456, 1, 1, 4.80374e+19
=== 944916 ===
--- pALPIDEfs_6 ---
Pixel 881, 61, 1, 1, 4.80374e+19
Pixel 880, 61, 1, 1, 4.80374e+19
=== 954200 ===
--- pALPIDEfs_3 ---
Pixel 939, 59, 1, 1, 4.80374e+19
Pixel 938, 60, 1, 1, 4.80374e+19
Pixel 939, 60, 1, 1, 4.80374e+19
Pixel 939, 61, 1, 1, 4.80374e+19
Pixel 938, 61, 1, 1, 4.80374e+19
Pixel 940, 60, 1, 1, 4.80374e+19
Pixel 940, 61, 1, 1, 4.80374e+19
=== 960456 ===
--- pALPIDEfs_2 ---
Pixel 755, 250, 1, 1, 4.80374e+19
Pixel 756, 249, 1, 1, 4.80374e+19
Pixel 756, 250, 1, 1, 4.80374e+19
=== 976447 ===
--- pALPIDEfs_3 ---
Pixel 282, 429, 1, 1, 4.80374e+19
=== 985429 ===
--- pALPIDEfs_1 ---
Pixel 695, 168, 1, 1, 4.80374e+19
Pixel 695, 169, 1, 1, 4.80374e+19
--- pALPIDEfs_2 ---
Pixel 933, 86, 1, 1, 4.80374e+19
Pixel 934, 86, 1, 1, 4.80374e+19
=== 986409 ===
--- pALPIDEfs_2 ---
Pixel 537, 203, 1, 1, 4.80374e+19
Pixel 538, 203, 1, 1, 4.80374e+19
=== 990833 ===
--- pALPIDEfs_0 ---
Pixel 551, 251, 1, 1, 4.80374e+19
Pixel 552, 251, 1, 1, 4.80374e+19
--- pALPIDEfs_1 ---
Pixel 266, 176, 1, 1, 4.80374e+19
Pixel 266, 177, 1, 1, 4.80374e+19
Pixel 267, 179, 1, 1, 4.80374e+19
Pixel 266, 179, 1, 1, 4.80374e+19
Pixel 267, 180, 1, 1, 4.80374e+19
=== 992453 ===
--- pALPIDEfs_6 ---
Pixel 743, 442, 1, 1, 4.80374e+19
Pixel 743, 443, 1, 1, 4.80374e+19
Pixel 744, 442, 1, 1, 4.80374e+19
Pixel 744, 443, 1, 1, 4.80374e+19
=== 1001321 ===
--- pALPIDEfs_4 ---
Pixel 550, 440, 1, 1, 4.80374e+19
--- pALPIDEfs_5 ---
Pixel 319, 325, 1, 1, 4.80374e+19
--- pALPIDEfs_6 ---
Pixel 133, 159, 1, 1, 4.80374e+19
Pixel 133, 160, 1, 1, 4.80374e+19
Pixel 134, 159, 1, 1, 4.80374e+19
Pixel 134, 160, 1, 1, 4.80374e+19
=== 1013274 ===
--- pALPIDEfs_2 ---
Pixel 797, 143, 1, 1, 4.80374e+19
Pixel 796, 143, 1, 1, 4.80374e+19
Pixel 796, 144, 1, 1, 4.80374e+19
Pixel 797, 144, 1, 1, 4.80374e+19
=== 1019087 ===
--- pALPIDEfs_2 ---
Pixel 800, 295, 1, 1, 4.80374e+19
Pixel 800, 296, 1, 1, 4.80374e+19
=== 1020740 ===
--- pALPIDEfs_3 ---
Pixel 783, 50, 1, 1, 4.80374e+19
Pixel 784, 49, 1, 1, 4.80374e+19
Pixel 784, 50, 1, 1, 4.80374e+19
=== 1059061 ===
--- pALPIDEfs_0 ---
Pixel 223, 260, 1, 1, 4.80374e+19
Pixel 223, 261, 1, 1, 4.80374e+19
Pixel 224, 260, 1, 1, 4.80374e+19
Pixel 224, 261, 1, 1, 4.80374e+19
=== 1069474 ===
--- pALPIDEfs_5 ---
Pixel 280, 32, 1, 1, 4.80374e+19
Pixel 280, 33, 1, 1, 4.80374e+19
=== 1078357 ===
--- pALPIDEfs_3 ---
Pixel 198, 8, 1, 1, 4.80374e+19
Pixel 199, 8, 1, 1, 4.80374e+19
Pixel 199, 9, 1, 1, 4.80374e+19
=== 1091463 ===
--- pALPIDEfs_1 ---
Pixel 937, 177, 1, 1, 4.80374e+19
Pixel 937, 178, 1, 1, 4.80374e+19
Pixel 938, 177, 1, 1, 4.80374e+19
--- pALPIDEfs_2 ---
Pixel 493, 226, 1, 1, 4.80374e+19
Pixel 494, 226, 1, 1, 4.80374e+19
--- pALPIDEfs_3 ---
Pixel 49, 346, 1, 1, 4.80374e+19
Pixel 49, 347, 1, 1, 4.80374e+19
Pixel 50, 346, 1, 1, 4.80374e+19
Pixel 50, 347, 1, 1, 4.80374e+19
=== 1094081 ===
--- pALPIDEfs_2 ---
Pixel 715, 259, 1, 1, 4.80374e+19
Pixel 715, 260, 1, 1, 4.80374e+19
=== 1094483 ===
--- pALPIDEfs_1 ---
Pixel 598, 271, 1, 1, 4.80374e+19
Pixel 598, 272, 1, 1, 4.80374e+19
Pixel 598, 273, 1, 1, 4.80374e+19
=== 1095287 ===
--- pALPIDEfs_2 ---
Pixel 373, 460, 1, 1, 4.80374e+19
Pixel 373, 461, 1, 1, 4.80374e+19
Pixel 374, 460, 1, 1, 4.80374e+19
Pixel 374, 461, 1, 1, 4.80374e+19
--- pALPIDEfs_3 ---
Pixel 223, 379, 1, 1, 4.80374e+19
Pixel 222, 379, 1, 1, 4.80374e+19
Pixel 222, 380, 1, 1, 4.80374e+19
Pixel 223, 380, 1, 1, 4.80374e+19
--- pALPIDEfs_4 ---
Pixel 94, 285, 1, 1, 4.80374e+19
Pixel 94, 286, 1, 1, 4.80374e+19
=== 1104451 ===
--- pALPIDEfs_3 ---
Pixel 98, 285, 1, 1, 4.80374e+19
=== 1113172 ===
--- pALPIDEfs_3 ---
Pixel 107, 345, 1, 1, 4.80374e+19
=== 1122114 ===
--- pALPIDEfs_1 ---
Pixel 123, 200, 1, 1, 4.80374e+19
--- pALPIDEfs_2 ---
Pixel 235, 87, 1, 1, 4.80374e+19
=== 1123077 ===
--- pALPIDEfs_5 ---
Pixel 782, 336, 1, 1, 4.80374e+19
=== 1135466 ===
--- pALPIDEfs_3 ---
Pixel 923, 178, 1, 1, 4.80374e+19
Pixel 923, 179, 1, 1, 4.80374e+19
Pixel 924, 178, 1, 1, 4.80374e+19
Pixel 924, 179, 1, 1, 4.80374e+19
=== 1147962 ===
--- pALPIDEfs_2 ---
Pixel 981, 33, 1, 1, 4.80374e+19
Pixel 981, 34, 1, 1, 4.80374e+19
Pixel 981, 35, 1, 1, 4.80374e+19
Pixel 981, 36, 1, 1, 4.80374e+19
Pixel 981, 37, 1, 1, 4.80374e+19
Pixel 981, 38, 1, 1, 4.80374e+19
Pixel 981, 39, 1, 1, 4.80374e+19
Pixel 982, 39, 1, 1, 4.80374e+19
=== 1156221 ===
--- pALPIDEfs_2 ---
Pixel 517, 381, 1, 1, 4.80374e+19
Pixel 516, 382, 1, 1, 4.80374e+19
Pixel 517, 382, 1, 1, 4.80374e+19
=== 1173226 ===
--- pALPIDEfs_2 ---
Pixel 542, 323, 1, 1, 4.80374e+19
--- pALPIDEfs_3 ---
Pixel 452, 103, 1, 1, 4.80374e+19
=== 1216481 ===
--- pALPIDEfs_0 ---
Pixel 133, 64, 1, 1, 4.80374e+19
Pixel 134, 64, 1, 1, 4.80374e+19
=== 1220193 ===
--- pALPIDEfs_5 ---
Pixel 813, 120, 1, 1, 4.80374e+19
Pixel 813, 121, 1, 1, 4.80374e+19
Pixel 814, 121, 1, 1, 4.80374e+19
Pixel 814, 122, 1, 1, 4.80374e+19
=== 1225340 ===
--- pALPIDEfs_2 ---
Pixel 216, 63, 1, 1, 4.80374e+19
=== 1225378 ===
--- pALPIDEfs_4 ---
Pixel 382, 224, 1, 1, 4.80374e+19
Pixel 383, 225, 1, 1, 4.80374e+19
Pixel 382, 225, 1, 1, 4.80374e+19
Pixel 382, 226, 1, 1, 4.80374e+19
Pixel 383, 226, 1, 1, 4.80374e+19
=== 1228873 ===
--- pALPIDEfs_3 ---
Pixel 523, 129, 1, 1, 4.80374e+19
Pixel 524, 129, 1, 1, 4.80374e+19
=== 1238477 ===
--- pALPIDEfs_0 ---
Pixel 877, 133, 1, 1, 4.80374e+19
Pixel 877, 134, 1, 1, 4.80374e+19
Pixel 877, 135, 1, 1, 4.80374e+19
Pixel 877, 136, 1, 1, 4.80374e+19
Pixel 878, 133, 1, 1, 4.80374e+19
Pixel 878, 134, 1, 1, 4.80374e+19
Pixel 878, 135, 1, 1, 4.80374e+19
Pixel 878, 136, 1, 1, 4.80374e+19
Pixel 943, 175, 1, 1, 4.80374e+19
Pixel 943, 176, 1, 1, 4.80374e+19
Pixel 943, 177, 1, 1, 4.80374e+19
=== 1244100 ===
--- pALPIDEfs_4 ---
Pixel 515, 386, 1, 1, 4.80374e+19
Pixel 516, 386, 1, 1, 4.80374e+19
=== 1244530 ===
--- pALPIDEfs_3 ---
Pixel 550, 66, 1, 1, 4.80374e+19
Pixel 551, 66, 1, 1, 4.80374e+19
--- pALPIDEfs_4 ---
Pixel 86, 203, 1, 1, 4.80374e+19
=== 1257250 ===
--- pALPIDEfs_2 ---
Pixel 757, 233, 1, 1, 4.80374e+19
Pixel 757, 234, 1, 1, 4.80374e+19
Pixel 757, 235, 1, 1, 4.80374e+19
Pixel 759, 231, 1, 1, 4.80374e+19
Pixel 758, 232, 1, 1, 4.80374e+19
Pixel 759, 232, 1, 1, 4.80374e+19
Pixel 759, 233, 1, 1, 4.80374e+19
Pixel 758, 233, 1, 1, 4.80374e+19
Pixel 758, 234, 1, 1, 4.80374e+19
Pixel 760, 230, 1, 1, 4.80374e+19
Pixel 761, 230, 1, 1, 4.80374e+19
Pixel 761, 231, 1, 1, 4.80374e+19
Pixel 760, 231, 1, 1, 4.80374e+19
Pixel 760, 232, 1, 1, 4.80374e+19
Pixel 762, 229, 1, 1, 4.80374e+19
Pixel 762, 230, 1, 1, 4.80374e+19
=== 1261376 ===
--- pALPIDEfs_2 ---
Pixel 942, 170, 1, 1, 4.80374e+19
Pixel 943, 170, 1, 1, 4.80374e+19
Pixel 943, 171, 1, 1, 4.80374e+19
Pixel 942, 171, 1, 1, 4.80374e+19
--- pALPIDEfs_3 ---
Pixel 780, 126, 1, 1, 4.80374e+19
Pixel 781, 126, 1, 1, 4.80374e+19
Pixel 781, 127, 1, 1, 4.80374e+19
Pixel 780, 127, 1, 1, 4.80374e+19
=== 1270123 ===
--- pALPIDEfs_1 ---
Pixel 463, 190, 1, 1, 4.80374e+19
Pixel 463, 191, 1, 1, 4.80374e+19
Pixel 462, 191, 1, 1, 4.80374e+19
=== 1271825 ===
--- pALPIDEfs_3 ---
Pixel 569, 92, 1, 1, 4.80374e+19
Pixel 569, 93, 1, 1, 4.80374e+19
Pixel 568, 93, 1, 1, 4.80374e+19
Pixel 568, 94, 1, 1, 4.80374e+19
=== 1281902 ===
--- pALPIDEfs_3 ---
Pixel 706, 64, 1, 1, 4.80374e+19
Pixel 707, 64, 1, 1, 4.80374e+19
Pixel 707, 65, 1, 1, 4.80374e+19
Pixel 706, 65, 1, 1, 4.80374e+19
Pixel 707, 66, 1, 1, 4.80374e+19
Pixel 708, 64, 1, 1, 4.80374e+19
Pixel 708, 65, 1, 1, 4.80374e+19
Pixel 708, 66, 1, 1, 4.80374e+19
=== 1289725 ===
--- pALPIDEfs_5 ---
Pixel 1003, 435, 1, 1, 4.80374e+19
Pixel 1003, 436, 1, 1, 4.80374e+19
Pixel 1003, 437, 1, 1, 4.80374e+19
Pixel 1004, 435, 1, 1, 4.80374e+19
Pixel 1004, 436, 1, 1, 4.80374e+19
Pixel 1004, 437, 1, 1, 4.80374e+19
=== 1303417 ===
--- pALPIDEfs_4 ---
Pixel 66, 183, 1, 1, 4.80374e+19
--- pALPIDEfs_5 ---
Pixel 117, 437, 1, 1, 4.80374e+19
Pixel 116, 438, 1, 1, 4.80374e+19
Pixel 117, 438, 1, 1, 4.80374e+19
=== 1337976 ===
--- pALPIDEfs_3 ---
Pixel 623, 461, 1, 1, 4.80374e+19
Pixel 622, 461, 1, 1, 4.80374e+19
Pixel 622, 462, 1, 1, 4.80374e+19
Pixel 623, 462, 1, 1, 4.80374e+19
=== 1358731 ===
--- pALPIDEfs_6 ---
Pixel 911, 307, 1, 1, 4.80374e+19
Pixel 910, 307, 1, 1, 4.80374e+19
Pixel 910, 308, 1, 1, 4.80374e+19
Pixel 911, 308, 1, 1, 4.80374e+19
=== 1360311 ===
--- pALPIDEfs_4 ---
Pixel 888, 481, 1, 1, 4.80374e+19
=== 1362336 ===
--- pALPIDEfs_4 ---
Pixel 469, 452, 1, 1, 4.80374e+19
Pixel 470, 452, 1, 1, 4.80374e+19
--- pALPIDEfs_5 ---
Pixel 439, 345, 1, 1, 4.80374e+19
Pixel 439, 346, 1, 1, 4.80374e+19
--- pALPIDEfs_6 ---
Pixel 556, 392, 1, 1, 4.80374e+19
Pixel 557, 392, 1, 1, 4.80374e+19
Pixel 556, 393, 1, 1, 4.80374e+19
=== 1411209 ===
--- pALPIDEfs_5 ---
Pixel 777, 178, 1, 1, 4.80374e+19
Pixel 778, 178, 1, 1, 4.80374e+19
Pixel 778, 179, 1, 1, 4.80374e+19
=== 1429251 ===
--- pALPIDEfs_5 ---
Pixel 713, 6, 1, 1, 4.80374e+19
Pixel 713, 7, 1, 1, 4.80374e+19
Pixel 714, 6, 1, 1, 4.80374e+19
Pixel 714, 7, 1, 1, 4.80374e+19
--- pALPIDEfs_6 ---
Pixel 793, 185, 1, 1, 4.80374e+19
=== 1445626 ===
--- pALPIDEfs_1 ---
Pixel 752, 256, 1, 1, 4.80374e+19
Pixel 752, 257, 1, 1, 4.80374e+19
=== 1446562 ===
--- pALPIDEfs_0 ---
Pixel 273, 367, 1, 1, 4.80374e+19
Pixel 272, 367, 1, 1, 4.80374e+19
Pixel 272, 368, 1, 1, 4.80374e+19
Pixel 273, 368, 1, 1, 4.80374e+19
=== 1446592 ===
--- pALPIDEfs_1 ---
Pixel 567, 421, 1, 1, 4.80374e+19
--- pALPIDEfs_2 ---
Pixel 653, 506, 1, 1, 4.80374e+19
--- pALPIDEfs_6 ---
Pixel 572, 194, 1, 1, 4.80374e+19
Pixel 573, 194, 1, 1, 4.80374e+19
Pixel 573, 195, 1, 1, 4.80374e+19
Pixel 572, 195, 1, 1, 4.80374e+19
=== 1451290 ===
--- pALPIDEfs_6 ---
Pixel 515, 21, 1, 1, 4.80374e+19
Pixel 514, 21, 1, 1, 4.80374e+19
=== 1451874 ===
--- pALPIDEfs_2 ---
Pixel 490, 286, 1, 1, 4.80374e+19
=== 1457740 ===
--- pALPIDEfs_4 ---
Pixel 879, 102, 1, 1, 4.80374e+19
Pixel 880, 102, 1, 1, 4.80374e+19
=== 1464438 ===
--- pALPIDEfs_1 ---
Pixel 88, 332, 1, 1, 4.80374e+19
Pixel 89, 332, 1, 1, 4.80374e+19
Pixel 89, 333, 1, 1, 4.80374e+19
Pixel 88, 333, 1, 1, 4.80374e+19
Pixel 90, 333, 1, 1, 4.80374e+19
=== 1499880 ===
--- pALPIDEfs_6 ---
Pixel 699, 371, 1, 1, 4.80374e+19
Pixel 699, 372, 1, 1, 4.80374e+19
Pixel 700, 371, 1, 1, 4.80374e+19
=== 1512252 ===
--- pALPIDEfs_2 ---
Pixel 442, 168, 1, 1, 4.80374e+19
Pixel 443, 169, 1, 1, 4.80374e+19
Pixel 442, 169, 1, 1, 4.80374e+19
=== 1515274 ===
--- pALPIDEfs_6 ---
Pixel 188, 344, 1, 1, 4.80374e+19
=== 1536955 ===
--- pALPIDEfs_0 ---
Pixel 967, 484, 1, 1, 4.80374e+19
Pixel 968, 483, 1, 1, 4.80374e+19
Pixel 968, 484, 1, 1, 4.80374e+19
Pixel 968, 485, 1, 1, 4.80374e+19
Pixel 968, 486, 1, 1, 4.80374e+19
=== 1539501 ===
--- pALPIDEfs_1 ---
Pixel 717, 297, 1, 1, 4.80374e+19
Pixel 717, 298, 1, 1, 4.80374e+19
=== 1543562 ===
--- pALPIDEfs_4 ---
Pixel 867, 385, 1, 1, 4.80374e+19
Pixel 866, 385, 1, 1, 4.80374e+19
Pixel 866, 386, 1, 1, 4.80374e+19
Pixel 867, 386, 1, 1, 4.80374e+19
=== 1552561 ===
--- pALPIDEfs_1 ---
Pixel 199, 48, 1, 1, 4.80374e+19
Pixel 199, 49, 1, 1, 4.80374e+19
Pixel 198, 49, 1, 1, 4.80374e+19
Pixel 200, 48, 1, 1, 4.80374e+19
Pixel 200, 49, 1, 1, 4.80374e+19
=== 1573011 ===
--- pALPIDEfs_0 ---
Pixel 311, 477, 1, 1, 4.80374e+19
Pixel 310, 477, 1, 1, 4.80374e+19
Pixel 310, 478, 1, 1, 4.80374e+19
Pixel 311, 478, 1, 1, 4.80374e+19
=== 1601688 ===
--- pALPIDEfs_1 ---
Pixel 591, 264, 1, 1, 4.80374e+19
=== 1621329 ===
--- pALPIDEfs_3 ---
Pixel 173, 241, 1, 1, 4.80374e+19
=== 1628079 ===
--- pALPIDEfs_1 ---
Pixel 399, 436, 1, 1, 4.80374e+19
Pixel 399, 437, 1, 1, 4.80374e+19
--- pALPIDEfs_2 ---
Pixel 359, 320, 1, 1, 4.80374e+19
Pixel 360, 320, 1, 1, 4.80374e+19
--- pALPIDEfs_3 ---
Pixel 213, 341, 1, 1, 4.80374e+19
Pixel 212, 341, 1, 1, 4.80374e+19
Pixel 212, 342, 1, 1, 4.80374e+19
Pixel 213, 342, 1, 1, 4.80374e+19
=== 1633002 ===
--- pALPIDEfs_4 ---
Pixel 249, 373, 1, 1, 4.80374e+19
Pixel 248, 374, 1, 1, 4.80374e+19
Pixel 249, 374, 1, 1, 4.80374e+19
Pixel 249, 375, 1, 1, 4.80374e+19
Pixel 248, 375, 1, 1, 4.80374e+19
Pixel 250, 373, 1, 1, 4.80374e+19
Pixel 250, 374, 1, 1, 4.80374e+19
Pixel 251, 374, 1, 1, 4.80374e+19
Pixel 250, 375, 1, 1, 4.80374e+19
=== 1633823 ===
--- pALPIDEfs_2 ---
Pixel 67, 131, 1, 1, 4.80374e+19
Pixel 68, 130, 1, 1, 4.80374e+19
Pixel 68, 131, 1, 1, 4.80374e+19
=== 1658934 ===
--- pALPIDEfs_0 ---
Pixel 717, 170, 1, 1, 4.80374e+19
Pixel 718, 170, 1, 1, 4.80374e+19
=== 1659352 ===
--- pALPIDEfs_5 ---
Pixel 199, 319, 1, 1, 4.80374e+19
Pixel 198, 319, 1, 1, 4.80374e+19
Pixel 198, 320, 1, 1, 4.80374e+19
Pixel 199, 320, 1, 1, 4.80374e+19
=== 1679709 ===
--- pALPIDEfs_4 ---
Pixel 218, 484, 1, 1, 4.80374e+19
Pixel 218, 485, 1, 1, 4.80374e+19
=== 1699227 ===
--- pALPIDEfs_1 ---
Pixel 646, 277, 1, 1, 4.80374e+19
Pixel 646, 278, 1, 1, 4.80374e+19
=== 1710779 ===
--- pALPIDEfs_0 ---
Pixel 366, 286, 1, 1, 4.80374e+19
=== 1717028 ===
--- pALPIDEfs_5 ---
Pixel 753, 7, 1, 1, 4.80374e+19
Pixel 752, 7, 1, 1, 4.80374e+19
Pixel 752, 8, 1, 1, 4.80374e+19
Pixel 753, 8, 1, 1, 4.80374e+19
=== 1739241 ===
--- pALPIDEfs_6 ---
Pixel 339, 66, 1, 1, 4.80374e+19
Pixel 339, 67, 1, 1, 4.80374e+19
=== 1744717 ===
--- pALPIDEfs_4 ---
Pixel 449, 509, 1, 1, 4.80374e+19
Pixel 448, 509, 1, 1, 4.80374e+19
Pixel 448, 510, 1, 1, 4.80374e+19
Pixel 449, 510, 1, 1, 4.80374e+19
Pixel 449, 511, 1, 1, 4.80374e+19
=== 1749879 ===
--- pALPIDEfs_0 ---
Pixel 423, 505, 1, 1, 4.80374e+19
Pixel 423, 506, 1, 1, 4.80374e+19
Pixel 424, 506, 1, 1, 4.80374e+19
--- pALPIDEfs_1 ---
Pixel 871, 505, 1, 1, 4.80374e+19
Pixel 870, 505, 1, 1, 4.80374e+19
=== 1751913 ===
--- pALPIDEfs_0 ---
Pixel 133, 465, 1, 1, 4.80374e+19
Pixel 132, 466, 1, 1, 4.80374e+19
Pixel 133, 466, 1, 1, 4.80374e+19
Pixel 133, 467, 1, 1, 4.80374e+19
Pixel 134, 465, 1, 1, 4.80374e+19
Pixel 134, 466, 1, 1, 4.80374e+19
Pixel 135, 466, 1, 1, 4.80374e+19
=== 1759844 ===
--- pALPIDEfs_0 ---
Pixel 204, 390, 1, 1, 4.80374e+19
Pixel 205, 390, 1, 1, 4.80374e+19
Pixel 205, 391, 1, 1, 4.80374e+19
Pixel 204, 391, 1, 1, 4.80374e+19
Pixel 206, 390, 1, 1, 4.80374e+19
Pixel 206, 391, 1, 1, 4.80374e+19
=== 1763423 ===
--- pALPIDEfs_1 ---
Pixel 31, 268, 1, 1, 4.80374e+19
Pixel 31, 269, 1, 1, 4.80374e+19
Pixel 30, 269, 1, 1, 4.80374e+19
Pixel 32, 268, 1, 1, 4.80374e+19
Pixel 33, 268, 1, 1, 4.80374e+19
Pixel 32, 269, 1, 1, 4.80374e+19
Pixel 229, 417, 1, 1, 4.80374e+19
Pixel 229, 418, 1, 1, 4.80374e+19
Pixel 230, 416, 1, 1, 4.80374e+19
Pixel 230, 417, 1, 1, 4.80374e+19
=== 1779216 ===
--- pALPIDEfs_0 ---
Pixel 261, 239, 1, 1, 4.80374e+19
Pixel 260, 239, 1, 1, 4.80374e+19
Pixel 260, 240, 1, 1, 4.80374e+19
Pixel 261, 240, 1, 1, 4.80374e+19
Pixel 262, 238, 1, 1, 4.80374e+19
Pixel 262, 239, 1, 1, 4.80374e+19
=== 1783224 ===
--- pALPIDEfs_1 ---
Pixel 821, 409, 1, 1, 4.80374e+19
Pixel 821, 410, 1, 1, 4.80374e+19
=== 1793323 ===
--- pALPIDEfs_3 ---
Pixel 619, 380, 1, 1, 4.80374e+19
Pixel 619, 381, 1, 1, 4.80374e+19
Pixel 620, 380, 1, 1, 4.80374e+19
Pixel 620, 381, 1, 1, 4.80374e+19
=== 1797410 ===
--- pALPIDEfs_2 ---
Pixel 845, 214, 1, 1, 4.80374e+19
--- pALPIDEfs_3 ---
Pixel 641, 163, 1, 1, 4.80374e+19
Pixel 641, 164, 1, 1, 4.80374e+19
--- pALPIDEfs_4 ---
Pixel 460, 99, 1, 1, 4.80374e+19
--- pALPIDEfs_5 ---
Pixel 251, 81, 1, 1, 4.80374e+19
Pixel 250, 81, 1, 1, 4.80374e+19
--- pALPIDEfs_6 ---
Pixel 93, 5, 1, 1, 4.80374e+19
Pixel 93, 6, 1, 1, 4.80374e+19
=== 1798096 ===
--- pALPIDEfs_6 ---
Pixel 924, 496, 1, 1, 4.80374e+19
Pixel 925, 497, 1, 1, 4.80374e+19
Pixel 924, 497, 1, 1, 4.80374e+19
Pixel 926, 498, 1, 1, 4.80374e+19
=== 1806736 ===
--- pALPIDEfs_3 ---
Pixel 367, 238, 1, 1, 4.80374e+19
Pixel 367, 239, 1, 1, 4.80374e+19
Pixel 368, 238, 1, 1, 4.80374e+19
--- pALPIDEfs_4 ---
Pixel 83, 409, 1, 1, 4.80374e+19
Pixel 82, 409, 1, 1, 4.80374e+19
Pixel 82, 410, 1, 1, 4.80374e+19
=== 1821138 ===
--- pALPIDEfs_0 ---
Pixel 410, 22, 1, 1, 4.80374e+19
Pixel 411, 22, 1, 1, 4.80374e+19
Pixel 411, 23, 1, 1, 4.80374e+19
Pixel 410, 23, 1, 1, 4.80374e+19
Pixel 412, 21, 1, 1, 4.80374e+19
Pixel 412, 22, 1, 1, 4.80374e+19
Pixel 412, 23, 1, 1, 4.80374e+19
=== 1842432 ===
--- pALPIDEfs_0 ---
Pixel 985, 357, 1, 1, 4.80374e+19
Pixel 985, 358, 1, 1, 4.80374e+19
Pixel 986, 358, 1, 1, 4.80374e+19
=== 1851928 ===
--- pALPIDEfs_0 ---
Pixel 495, 367, 1, 1, 4.80374e+19
Pixel 494, 367, 1, 1, 4.80374e+19
Pixel 494, 368, 1, 1, 4.80374e+19
Pixel 495, 368, 1, 1, 4.80374e+19
=== 1881612 ===
--- pALPIDEfs_4 ---
Pixel 884, 375, 1, 1, 4.80374e+19
Pixel 884, 376, 1, 1, 4.80374e+19
=== 1881974 ===
--- pALPIDEfs_1 ---
Pixel 611, 413, 1, 1, 4.80374e+19
Pixel 610, 413, 1, 1, 4.80374e+19
Pixel 610, 414, 1, 1, 4.80374e+19
Pixel 611, 414, 1, 1, 4.80374e+19
Pixel 612, 413, 1, 1, 4.80374e+19
Pixel 630, 93, 1, 1, 4.80374e+19
Pixel 630, 94, 1, 1, 4.80374e+19
=== 1891495 ===
--- pALPIDEfs_6 ---
Pixel 531, 269, 1, 1, 4.80374e+19
Pixel 531, 270, 1, 1, 4.80374e+19
Pixel 531, 271, 1, 1, 4.80374e+19
Pixel 532, 269, 1, 1, 4.80374e+19
Pixel 532, 270, 1, 1, 4.80374e+19
Pixel 532, 271, 1, 1, 4.80374e+19
Pixel 532, 272, 1, 1, 4.80374e+19
=== 1910820 ===
--- pALPIDEfs_0 ---
Pixel 1009, 205, 1, 1, 4.80374e+19
Pixel 1008, 205, 1, 1, 4.80374e+19
Pixel 1008, 206, 1, 1, 4.80374e+19
Pixel 1009, 206, 1, 1, 4.80374e+19
--- pALPIDEfs_1 ---
Pixel 356, 109, 1, 1, 4.80374e+19
=== 1918419 ===
--- pALPIDEfs_6 ---
Pixel 453, 407, 1, 1, 4.80374e+19
Pixel 453, 408, 1, 1, 4.80374e+19
Pixel 454, 407, 1, 1, 4.80374e+19
Pixel 454, 408, 1, 1, 4.80374e+19
=== 1918696 ===
--- pALPIDEfs_5 ---
Pixel 546, 444, 1, 1, 4.80374e+19
Pixel 547, 444, 1, 1, 4.80374e+19
Pixel 547, 445, 1, 1, 4.80374e+19
Pixel 546, 445, 1, 1, 4.80374e+19
=== 1933456 ===
--- pALPIDEfs_6 ---
Pixel 485, 244, 1, 1, 4.80374e+19
Pixel 485, 245, 1, 1, 4.80374e+19
Pixel 486, 244, 1, 1, 4.80374e+19
Pixel 486, 245, 1, 1, 4.80374e+19
=== 1939837 ===
--- pALPIDEfs_1 ---
Pixel 914, 452, 1, 1, 4.80374e+19
Pixel 915, 452, 1, 1, 4.80374e+19
=== 1942092 ===
--- pALPIDEfs_6 ---
Pixel 728, 156, 1, 1, 4.80374e+19
=== 1963910 ===
--- pALPIDEfs_6 ---
Pixel 568, 254, 1, 1, 4.80374e+19
=== 1971288 ===
--- pALPIDEfs_4 ---
Pixel 455, 106, 1, 1, 4.80374e+19
Pixel 455, 107, 1, 1, 4.80374e+19
Pixel 454, 107, 1, 1, 4.80374e+19
=== 1971289 ===
--- pALPIDEfs_4 ---
Pixel 455, 106, 1, 1, 4.80374e+19
Pixel 455, 107, 1, 1, 4.80374e+19
Pixel 454, 107, 1, 1, 4.80374e+19
=== 1974842 ===
--- pALPIDEfs_2 ---
Pixel 1007, 5, 1, 1, 4.80374e+19
Pixel 1008, 5, 1, 1, 4.80374e+19
=== 1974921 ===
--- pALPIDEfs_2 ---
Pixel 300, 198, 1, 1, 4.80374e+19
Pixel 301, 198, 1, 1, 4.80374e+19
Pixel 301, 199, 1, 1, 4.80374e+19
Pixel 300, 199, 1, 1, 4.80374e+19
Pixel 300, 200, 1, 1, 4.80374e+19
Pixel 301, 200, 1, 1, 4.80374e+19
Pixel 300, 201, 1, 1, 4.80374e+19
=== 1979575 ===
--- pALPIDEfs_0 ---
Pixel 327, 286, 1, 1, 4.80374e+19
Pixel 327, 287, 1, 1, 4.80374e+19
=== 1988942 ===
--- pALPIDEfs_3 ---
Pixel 582, 335, 1, 1, 4.80374e+19
Pixel 582, 336, 1, 1, 4.80374e+19
=== 1993146 ===
--- pALPIDEfs_5 ---
Pixel 73, 261, 1, 1, 4.80374e+19
Pixel 73, 262, 1, 1, 4.80374e+19
Pixel 74, 261, 1, 1, 4.80374e+19
Pixel 74, 262, 1, 1, 4.80374e+19
=== 1993667 ===
--- pALPIDEfs_5 ---
Pixel 437, 164, 1, 1, 4.80374e+19
Pixel 438, 164, 1, 1, 4.80374e+19
=== 1998558 ===
--- pALPIDEfs_4 ---
Pixel 93, 213, 1, 1, 4.80374e+19
Pixel 92, 213, 1, 1, 4.80374e+19
Pixel 92, 214, 1, 1, 4.80374e+19
Pixel 93, 214, 1, 1, 4.80374e+19
--- pALPIDEfs_5 ---
Pixel 63, 430, 1, 1, 4.80374e+19
Pixel 63, 431, 1, 1, 4.80374e+19
Pixel 64, 431, 1, 1, 4.80374e+19
--- pALPIDEfs_6 ---
Pixel 151, 268, 1, 1, 4.80374e+19
Pixel 151, 269, 1, 1, 4.80374e+19
Pixel 152, 268, 1, 1, 4.80374e+19
Pixel 152, 269, 1, 1, 4.80374e+19
Pixel 152, 270, 1, 1, 4.80374e+19
=== 2006836 ===
--- pALPIDEfs_0 ---
Pixel 861, 391, 1, 1, 4.80374e+19
Pixel 861, 392, 1, 1, 4.80374e+19
Pixel 862, 391, 1, 1, 4.80374e+19
Pixel 862, 392, 1, 1, 4.80374e+19
--- pALPIDEfs_1 ---
Pixel 524, 428, 1, 1, 4.80374e+19
Pixel 524, 429, 1, 1, 4.80374e+19
--- pALPIDEfs_2 ---
Pixel 146, 295, 1, 1, 4.80374e+19
=== 2007207 ===
--- pALPIDEfs_1 ---
Pixel 560, 116, 1, 1, 4.80374e+19
Pixel 561, 116, 1, 1, 4.80374e+19
Pixel 561, 117, 1, 1, 4.80374e+19
Pixel 560, 117, 1, 1, 4.80374e+19
Pixel 560, 118, 1, 1, 4.80374e+19
=== 2015078 ===
--- pALPIDEfs_1 ---
Pixel 982, 21, 1, 1, 4.80374e+19
=== 2016052 ===
--- pALPIDEfs_4 ---
Pixel 423, 223, 1, 1, 4.80374e+19
Pixel 422, 223, 1, 1, 4.80374e+19
Pixel 422, 224, 1, 1, 4.80374e+19
Pixel 423, 224, 1, 1, 4.80374e+19
Pixel 423, 225, 1, 1, 4.80374e+19
Pixel 422, 225, 1, 1, 4.80374e+19
=== 2026700 ===
--- pALPIDEfs_4 ---
Pixel 94, 0, 1, 1, 4.80374e+19
Pixel 94, 1, 1, 1, 4.80374e+19
=== 2028242 ===
--- pALPIDEfs_2 ---
Pixel 1000, 228, 1, 1, 4.80374e+19
--- pALPIDEfs_3 ---
Pixel 459, 129, 1, 1, 4.80374e+19
Pixel 460, 129, 1, 1, 4.80374e+19
=== 2039322 ===
--- pALPIDEfs_1 ---
Pixel 64, 106, 1, 1, 4.80374e+19
Pixel 65, 106, 1, 1, 4.80374e+19
=== 2042201 ===
--- pALPIDEfs_4 ---
Pixel 359, 386, 1, 1, 4.80374e+19
Pixel 359, 387, 1, 1, 4.80374e+19
Pixel 358, 388, 1, 1, 4.80374e+19
Pixel 359, 388, 1, 1, 4.80374e+19
Pixel 358, 389, 1, 1, 4.80374e+19
=== 2044957 ===
--- pALPIDEfs_2 ---
Pixel 95, 341, 1, 1, 4.80374e+19
Pixel 95, 342, 1, 1, 4.80374e+19
=== 2047552 ===
--- pALPIDEfs_6 ---
Pixel 617, 439, 1, 1, 4.80374e+19
Pixel 617, 440, 1, 1, 4.80374e+19
Pixel 617, 441, 1, 1, 4.80374e+19
Pixel 617, 442, 1, 1, 4.80374e+19
Pixel 618, 440, 1, 1, 4.80374e+19
Pixel 618, 441, 1, 1, 4.80374e+19
=== 2047600 ===
--- pALPIDEfs_4 ---
Pixel 235, 17, 1, 1, 4.80374e+19
--- pALPIDEfs_5 ---
Pixel 79, 97, 1, 1, 4.80374e+19
Pixel 78, 97, 1, 1, 4.80374e+19
Pixel 79, 98, 1, 1, 4.80374e+19
=== 2053056 ===
--- pALPIDEfs_1 ---
Pixel 974, 174, 1, 1, 4.80374e+19
Pixel 975, 174, 1, 1, 4.80374e+19
Pixel 974, 175, 1, 1, 4.80374e+19
=== 2065221 ===
--- pALPIDEfs_3 ---
Pixel 707, 213, 1, 1, 4.80374e+19
Pixel 706, 213, 1, 1, 4.80374e+19
Pixel 706, 214, 1, 1, 4.80374e+19
Pixel 707, 214, 1, 1, 4.80374e+19
=== 2075743 ===
--- pALPIDEfs_5 ---
Pixel 1009, 386, 1, 1, 4.80374e+19
Pixel 1009, 387, 1, 1, 4.80374e+19
=== 2085133 ===
--- pALPIDEfs_2 ---
Pixel 533, 482, 1, 1, 4.80374e+19
Pixel 533, 483, 1, 1, 4.80374e+19
=== 2085787 ===
--- pALPIDEfs_4 ---
Pixel 517, 357, 1, 1, 4.80374e+19
Pixel 518, 356, 1, 1, 4.80374e+19
Pixel 519, 356, 1, 1, 4.80374e+19
Pixel 519, 357, 1, 1, 4.80374e+19
Pixel 518, 357, 1, 1, 4.80374e+19
=== 2089651 ===
--- pALPIDEfs_6 ---
Pixel 935, 71, 1, 1, 4.80374e+19
=== 2118523 ===
--- pALPIDEfs_0 ---
Pixel 815, 56, 1, 1, 4.80374e+19
Pixel 815, 57, 1, 1, 4.80374e+19
=== 2122189 ===
--- pALPIDEfs_2 ---
Pixel 713, 58, 1, 1, 4.80374e+19
Pixel 713, 59, 1, 1, 4.80374e+19
Pixel 714, 58, 1, 1, 4.80374e+19
Pixel 714, 59, 1, 1, 4.80374e+19
--- pALPIDEfs_4 ---
Pixel 730, 47, 1, 1, 4.80374e+19
Pixel 730, 48, 1, 1, 4.80374e+19
=== 2133045 ===
--- pALPIDEfs_5 ---
Pixel 388, 272, 1, 1, 4.80374e+19
Pixel 389, 272, 1, 1, 4.80374e+19
Pixel 389, 273, 1, 1, 4.80374e+19
Pixel 388, 273, 1, 1, 4.80374e+19
=== 2180650 ===
--- pALPIDEfs_6 ---
Pixel 34, 370, 1, 1, 4.80374e+19
Pixel 35, 371, 1, 1, 4.80374e+19
Pixel 34, 371, 1, 1, 4.80374e+19
=== 2190094 ===
--- pALPIDEfs_3 ---
Pixel 53, 493, 1, 1, 4.80374e+19
Pixel 52, 493, 1, 1, 4.80374e+19
Pixel 52, 494, 1, 1, 4.80374e+19
Pixel 53, 494, 1, 1, 4.80374e+19
=== 2193171 ===
--- pALPIDEfs_5 ---
Pixel 636, 442, 1, 1, 4.80374e+19
Pixel 637, 442, 1, 1, 4.80374e+19
Pixel 637, 443, 1, 1, 4.80374e+19
Pixel 636, 443, 1, 1, 4.80374e+19
Pixel 636, 444, 1, 1, 4.80374e+19
Pixel 637, 444, 1, 1, 4.80374e+19
=== 2199436 ===
--- pALPIDEfs_4 ---
Pixel 59, 52, 1, 1, 4.80374e+19
--- pALPIDEfs_5 ---
Pixel 0, 351, 1, 1, 4.80374e+19
=== 2200065 ===
--- pALPIDEfs_2 ---
Pixel 331, 298, 1, 1, 4.80374e+19
Pixel 331, 299, 1, 1, 4.80374e+19
Pixel 332, 299, 1, 1, 4.80374e+19
=== 2208320 ===
--- pALPIDEfs_5 ---
Pixel 645, 439, 1, 1, 4.80374e+19
Pixel 644, 439, 1, 1, 4.80374e+19
Pixel 644, 440, 1, 1, 4.80374e+19
Pixel 645, 440, 1, 1, 4.80374e+19
Pixel 645, 441, 1, 1, 4.80374e+19
Pixel 645, 442, 1, 1, 4.80374e+19
Pixel 646, 439, 1, 1, 4.80374e+19
Pixel 646, 440, 1, 1, 4.80374e+19
Pixel 647, 441, 1, 1, 4.80374e+19
Pixel 646, 441, 1, 1, 4.80374e+19
Pixel 646, 442, 1, 1, 4.80374e+19
=== 2209930 ===
--- pALPIDEfs_0 ---
Pixel 690, 14, 1, 1, 4.80374e+19
Pixel 690, 15, 1, 1, 4.80374e+19
--- pALPIDEfs_1 ---
Pixel 771, 7, 1, 1, 4.80374e+19
Pixel 770, 7, 1, 1, 4.80374e+19
=== 2210985 ===
--- pALPIDEfs_4 ---
Pixel 899, 57, 1, 1, 4.80374e+19
Pixel 898, 57, 1, 1, 4.80374e+19
Pixel 898, 58, 1, 1, 4.80374e+19
Pixel 899, 58, 1, 1, 4.80374e+19
=== 2218541 ===
--- pALPIDEfs_2 ---
Pixel 693, 417, 1, 1, 4.80374e+19
Pixel 693, 418, 1, 1, 4.80374e+19
Pixel 695, 417, 1, 1, 4.80374e+19
Pixel 694, 417, 1, 1, 4.80374e+19
Pixel 694, 418, 1, 1, 4.80374e+19
=== 2233667 ===
--- pALPIDEfs_2 ---
Pixel 667, 458, 1, 1, 4.80374e+19
Pixel 667, 459, 1, 1, 4.80374e+19
Pixel 668, 459, 1, 1, 4.80374e+19
=== 2235953 ===
--- pALPIDEfs_4 ---
Pixel 747, 404, 1, 1, 4.80374e+19
Pixel 748, 404, 1, 1, 4.80374e+19
Pixel 749, 404, 1, 1, 4.80374e+19
Pixel 749, 405, 1, 1, 4.80374e+19
Pixel 748, 405, 1, 1, 4.80374e+19
Pixel 751, 405, 1, 1, 4.80374e+19
Pixel 750, 405, 1, 1, 4.80374e+19
Pixel 750, 406, 1, 1, 4.80374e+19
Pixel 751, 406, 1, 1, 4.80374e+19
=== 2249906 ===
--- pALPIDEfs_5 ---
Pixel 921, 511, 1, 1, 4.80374e+19
Pixel 922, 511, 1, 1, 4.80374e+19
=== 2249907 ===
--- pALPIDEfs_5 ---
Pixel 921, 511, 1, 1, 4.80374e+19
Pixel 922, 511, 1, 1, 4.80374e+19
=== 2284093 ===
--- pALPIDEfs_4 ---
Pixel 673, 85, 1, 1, 4.80374e+19
Pixel 673, 86, 1, 1, 4.80374e+19
Pixel 674, 85, 1, 1, 4.80374e+19
Pixel 674, 86, 1, 1, 4.80374e+19
Pixel 675, 86, 1, 1, 4.80374e+19
=== 2291669 ===
--- pALPIDEfs_0 ---
Pixel 913, 329, 1, 1, 4.80374e+19
=== 2291670 ===
--- pALPIDEfs_0 ---
Pixel 913, 329, 1, 1, 4.80374e+19
=== 2322212 ===
--- pALPIDEfs_0 ---
Pixel 702, 396, 1, 1, 4.80374e+19
Pixel 702, 397, 1, 1, 4.80374e+19
=== 2341746 ===
--- pALPIDEfs_6 ---
Pixel 738, 453, 1, 1, 4.80374e+19
=== 2361169 ===
--- pALPIDEfs_0 ---
Pixel 560, 380, 1, 1, 4.80374e+19
Pixel 561, 380, 1, 1, 4.80374e+19
Pixel 560, 381, 1, 1, 4.80374e+19
=== 2362836 ===
--- pALPIDEfs_5 ---
Pixel 695, 29, 1, 1, 4.80374e+19
Pixel 695, 30, 1, 1, 4.80374e+19
Pixel 696, 29, 1, 1, 4.80374e+19
Pixel 696, 30, 1, 1, 4.80374e+19
=== 2383614 ===
--- pALPIDEfs_6 ---
Pixel 400, 232, 1, 1, 4.80374e+19
=== 2388668 ===
--- pALPIDEfs_0 ---
Pixel 271, 397, 1, 1, 4.80374e+19
Pixel 270, 397, 1, 1, 4.80374e+19
Pixel 270, 398, 1, 1, 4.80374e+19
=== 2390605 ===
--- pALPIDEfs_6 ---
Pixel 518, 34, 1, 1, 4.80374e+19
Pixel 518, 35, 1, 1, 4.80374e+19
=== 2395918 ===
--- pALPIDEfs_2 ---
Pixel 63, 263, 1, 1, 4.80374e+19
Pixel 63, 264, 1, 1, 4.80374e+19
Pixel 64, 264, 1, 1, 4.80374e+19
Pixel 65, 265, 1, 1, 4.80374e+19
Pixel 64, 265, 1, 1, 4.80374e+19
=== 2421305 ===
--- pALPIDEfs_0 ---
Pixel 737, 51, 1, 1, 4.80374e+19
Pixel 736, 51, 1, 1, 4.80374e+19
=== 2424401 ===
--- pALPIDEfs_1 ---
Pixel 251, 115, 1, 1, 4.80374e+19
Pixel 252, 115, 1, 1, 4.80374e+19
Pixel 252, 116, 1, 1, 4.80374e+19
Pixel 253, 116, 1, 1, 4.80374e+19
Pixel 253, 117, 1, 1, 4.80374e+19
Pixel 254, 117, 1, 1, 4.80374e+19
Pixel 254, 118, 1, 1, 4.80374e+19
Pixel 255, 118, 1, 1, 4.80374e+19
=== 2445599 ===
--- pALPIDEfs_3 ---
Pixel 447, 450, 1, 1, 4.80374e+19
Pixel 448, 449, 1, 1, 4.80374e+19
Pixel 448, 450, 1, 1, 4.80374e+19
=== 2469380 ===
--- pALPIDEfs_1 ---
Pixel 731, 198, 1, 1, 4.80374e+19
Pixel 731, 199, 1, 1, 4.80374e+19
Pixel 732, 197, 1, 1, 4.80374e+19
Pixel 732, 198, 1, 1, 4.80374e+19
Pixel 733, 198, 1, 1, 4.80374e+19
Pixel 733, 199, 1, 1, 4.80374e+19
Pixel 732, 199, 1, 1, 4.80374e+19
=== 2469729 ===
--- pALPIDEfs_4 ---
Pixel 19, 363, 1, 1, 4.80374e+19
Pixel 20, 363, 1, 1, 4.80374e+19
=== 2473561 ===
--- pALPIDEfs_3 ---
Pixel 84, 194, 1, 1, 4.80374e+19
=== 2498226 ===
--- pALPIDEfs_2 ---
Pixel 250, 444, 1, 1, 4.80374e+19
Pixel 251, 444, 1, 1, 4.80374e+19
Pixel 251, 445, 1, 1, 4.80374e+19
Pixel 250, 445, 1, 1, 4.80374e+19
Pixel 250, 446, 1, 1, 4.80374e+19
Pixel 251, 446, 1, 1, 4.80374e+19
Pixel 252, 445, 1, 1, 4.80374e+19
=== 2502419 ===
--- pALPIDEfs_0 ---
Pixel 549, 431, 1, 1, 4.80374e+19
Pixel 550, 431, 1, 1, 4.80374e+19
=== 2518110 ===
--- pALPIDEfs_3 ---
Pixel 599, 111, 1, 1, 4.80374e+19
Pixel 598, 112, 1, 1, 4.80374e+19
Pixel 599, 112, 1, 1, 4.80374e+19
Pixel 599, 113, 1, 1, 4.80374e+19
Pixel 598, 113, 1, 1, 4.80374e+19
Pixel 598, 114, 1, 1, 4.80374e+19
Pixel 600, 110, 1, 1, 4.80374e+19
Pixel 601, 110, 1, 1, 4.80374e+19
Pixel 601, 111, 1, 1, 4.80374e+19
Pixel 600, 111, 1, 1, 4.80374e+19
Pixel 600, 112, 1, 1, 4.80374e+19
Pixel 600, 113, 1, 1, 4.80374e+19
=== 2520306 ===
--- pALPIDEfs_4 ---
Pixel 528, 384, 1, 1, 4.80374e+19
Pixel 529, 384, 1, 1, 4.80374e+19
Pixel 529, 385, 1, 1, 4.80374e+19
Pixel 528, 385, 1, 1, 4.80374e+19
=== 2522622 ===
--- pALPIDEfs_3 ---
Pixel 357, 383, 1, 1, 4.80374e+19
Pixel 357, 384, 1, 1, 4.80374e+19
=== 2533170 ===
--- pALPIDEfs_4 ---
Pixel 542, 344, 1, 1, 4.80374e+19
Pixel 543, 344, 1, 1, 4.80374e+19
Pixel 543, 345, 1, 1, 4.80374e+19
Pixel 542, 345, 1, 1, 4.80374e+19
--- pALPIDEfs_5 ---
Pixel 317, 147, 1, 1, 4.80374e+19
Pixel 316, 147, 1, 1, 4.80374e+19
--- pALPIDEfs_6 ---
Pixel 399, 276, 1, 1, 4.80374e+19
Pixel 400, 275, 1, 1, 4.80374e+19
Pixel 400, 276, 1, 1, 4.80374e+19
=== 2545143 ===
--- pALPIDEfs_4 ---
Pixel 786, 206, 1, 1, 4.80374e+19
=== 2564402 ===
--- pALPIDEfs_5 ---
Pixel 866, 338, 1, 1, 4.80374e+19
Pixel 867, 338, 1, 1, 4.80374e+19
Pixel 867, 339, 1, 1, 4.80374e+19
Pixel 866, 339, 1, 1, 4.80374e+19
=== 2574916 ===
--- pALPIDEfs_0 ---
Pixel 486, 19, 1, 1, 4.80374e+19
Pixel 486, 20, 1, 1, 4.80374e+19
=== 2583315 ===
--- pALPIDEfs_1 ---
Pixel 391, 134, 1, 1, 4.80374e+19
Pixel 392, 134, 1, 1, 4.80374e+19
Pixel 392, 135, 1, 1, 4.80374e+19
--- pALPIDEfs_2 ---
Pixel 890, 184, 1, 1, 4.80374e+19
Pixel 891, 184, 1, 1, 4.80374e+19
=== 2597110 ===
--- pALPIDEfs_0 ---
Pixel 958, 102, 1, 1, 4.80374e+19
--- pALPIDEfs_1 ---
Pixel 816, 339, 1, 1, 4.80374e+19
--- pALPIDEfs_2 ---
Pixel 868, 454, 1, 1, 4.80374e+19
Pixel 869, 455, 1, 1, 4.80374e+19
Pixel 868, 455, 1, 1, 4.80374e+19
=== 2604701 ===
--- pALPIDEfs_0 ---
Pixel 130, 400, 1, 1, 4.80374e+19
=== 2617327 ===
--- pALPIDEfs_5 ---
Pixel 387, 429, 1, 1, 4.80374e+19
Pixel 387, 430, 1, 1, 4.80374e+19
Pixel 388, 429, 1, 1, 4.80374e+19
Pixel 388, 430, 1, 1, 4.80374e+19
=== 2627438 ===
--- pALPIDEfs_1 ---
Pixel 789, 304, 1, 1, 4.80374e+19
Pixel 789, 305, 1, 1, 4.80374e+19
=== 2636423 ===
--- pALPIDEfs_5 ---
Pixel 392, 294, 1, 1, 4.80374e+19
Pixel 392, 295, 1, 1, 4.80374e+19
=== 2641031 ===
--- pALPIDEfs_1 ---
Pixel 761, 394, 1, 1, 4.80374e+19
Pixel 761, 395, 1, 1, 4.80374e+19
Pixel 762, 394, 1, 1, 4.80374e+19
Pixel 762, 395, 1, 1, 4.80374e+19
=== 2651386 ===
--- pALPIDEfs_3 ---
Pixel 325, 488, 1, 1, 4.80374e+19
Pixel 325, 489, 1, 1, 4.80374e+19
Pixel 326, 488, 1, 1, 4.80374e+19
Pixel 327, 488, 1, 1, 4.80374e+19
Pixel 327, 489, 1, 1, 4.80374e+19
Pixel 326, 489, 1, 1, 4.80374e+19
=== 2658395 ===
--- pALPIDEfs_0 ---
Pixel 703, 401, 1, 1, 4.80374e+19
Pixel 703, 402, 1, 1, 4.80374e+19
Pixel 704, 401, 1, 1, 4.80374e+19
Pixel 704, 402, 1, 1, 4.80374e+19
Pixel 705, 402, 1, 1, 4.80374e+19
=== 2661671 ===
--- pALPIDEfs_1 ---
Pixel 664, 421, 1, 1, 4.80374e+19
Pixel 664, 422, 1, 1, 4.80374e+19
=== 2673910 ===
--- pALPIDEfs_4 ---
Pixel 104, 428, 1, 1, 4.80374e+19
Pixel 105, 428, 1, 1, 4.80374e+19
Pixel 105, 429, 1, 1, 4.80374e+19
Pixel 104, 429, 1, 1, 4.80374e+19
=== 2699532 ===
--- pALPIDEfs_3 ---
Pixel 994, 24, 1, 1, 4.80374e+19
Pixel 995, 24, 1, 1, 4.80374e+19
Pixel 995, 25, 1, 1, 4.80374e+19
Pixel 994, 25, 1, 1, 4.80374e+19
Pixel 994, 26, 1, 1, 4.80374e+19
Pixel 995, 26, 1, 1, 4.80374e+19
=== 2709784 ===
--- pALPIDEfs_1 ---
Pixel 827, 329, 1, 1, 4.80374e+19
Pixel 827, 330, 1, 1, 4.80374e+19
Pixel 828, 330, 1, 1, 4.80374e+19
=== 2718197 ===
--- pALPIDEfs_2 ---
Pixel 439, 477, 1, 1, 4.80374e+19
Pixel 438, 478, 1, 1, 4.80374e+19
Pixel 439, 478, 1, 1, 4.80374e+19
Pixel 446, 483, 1, 1, 4.80374e+19
Pixel 446, 484, 1, 1, 4.80374e+19
Pixel 447, 484, 1, 1, 4.80374e+19
=== 2719953 ===
--- pALPIDEfs_1 ---
Pixel 649, 141, 1, 1, 4.80374e+19
Pixel 648, 141, 1, 1, 4.80374e+19
Pixel 648, 142, 1, 1, 4.80374e+19
Pixel 649, 142, 1, 1, 4.80374e+19
=== 2729943 ===
--- pALPIDEfs_6 ---
Pixel 891, 385, 1, 1, 4.80374e+19
Pixel 890, 385, 1, 1, 4.80374e+19
Pixel 890, 386, 1, 1, 4.80374e+19
Pixel 891, 386, 1, 1, 4.80374e+19
Pixel 891, 387, 1, 1, 4.80374e+19
Pixel 890, 387, 1, 1, 4.80374e+19
=== 2744373 ===
--- pALPIDEfs_2 ---
Pixel 24, 100, 1, 1, 4.80374e+19
Pixel 25, 100, 1, 1, 4.80374e+19
Pixel 25, 101, 1, 1, 4.80374e+19
--- pALPIDEfs_3 ---
Pixel 128, 58, 1, 1, 4.80374e+19
Pixel 129, 58, 1, 1, 4.80374e+19
Pixel 129, 59, 1, 1, 4.80374e+19
=== 2747043 ===
--- pALPIDEfs_3 ---
Pixel 373, 255, 1, 1, 4.80374e+19
=== 2810427 ===
--- pALPIDEfs_4 ---
Pixel 40, 64, 1, 1, 4.80374e+19
Pixel 41, 64, 1, 1, 4.80374e+19
Pixel 41, 65, 1, 1, 4.80374e+19
Pixel 40, 65, 1, 1, 4.80374e+19
--- pALPIDEfs_5 ---
Pixel 172, 45, 1, 1, 4.80374e+19
=== 2824629 ===
--- pALPIDEfs_3 ---
Pixel 611, 453, 1, 1, 4.80374e+19
Pixel 611, 454, 1, 1, 4.80374e+19
--- pALPIDEfs_4 ---
Pixel 790, 83, 1, 1, 4.80374e+19
Pixel 790, 84, 1, 1, 4.80374e+19
=== 2831944 ===
--- pALPIDEfs_2 ---
Pixel 325, 355, 1, 1, 4.80374e+19
Pixel 324, 356, 1, 1, 4.80374e+19
Pixel 325, 356, 1, 1, 4.80374e+19
Pixel 325, 357, 1, 1, 4.80374e+19
Pixel 324, 357, 1, 1, 4.80374e+19
Pixel 324, 358, 1, 1, 4.80374e+19
=== 2847341 ===
--- pALPIDEfs_0 ---
Pixel 559, 423, 1, 1, 4.80374e+19
Pixel 560, 423, 1, 1, 4.80374e+19
=== 2849823 ===
--- pALPIDEfs_0 ---
Pixel 565, 317, 1, 1, 4.80374e+19
Pixel 565, 318, 1, 1, 4.80374e+19
=== 2859370 ===
--- pALPIDEfs_5 ---
Pixel 867, 387, 1, 1, 4.80374e+19
Pixel 867, 388, 1, 1, 4.80374e+19
Pixel 867, 389, 1, 1, 4.80374e+19
Pixel 868, 388, 1, 1, 4.80374e+19
=== 2863617 ===
--- pALPIDEfs_5 ---
Pixel 429, 153, 1, 1, 4.80374e+19
Pixel 429, 154, 1, 1, 4.80374e+19
Pixel 430, 153, 1, 1, 4.80374e+19
Pixel 430, 154, 1, 1, 4.80374e+19
=== 2869437 ===
--- pALPIDEfs_4 ---
Pixel 985, 237, 1, 1, 4.80374e+19
Pixel 985, 238, 1, 1, 4.80374e+19
Pixel 985, 239, 1, 1, 4.80374e+19
Pixel 985, 240, 1, 1, 4.80374e+19
Pixel 985, 241, 1, 1, 4.80374e+19
Pixel 986, 239, 1, 1, 4.80374e+19
Pixel 986, 240, 1, 1, 4.80374e+19
=== 2879050 ===
--- pALPIDEfs_3 ---
Pixel 659, 242, 1, 1, 4.80374e+19
Pixel 659, 243, 1, 1, 4.80374e+19
=== 2890534 ===
--- pALPIDEfs_1 ---
Pixel 651, 26, 1, 1, 4.80374e+19
--- pALPIDEfs_2 ---
Pixel 727, 39, 1, 1, 4.80374e+19
--- pALPIDEfs_3 ---
Pixel 806, 122, 1, 1, 4.80374e+19
Pixel 807, 122, 1, 1, 4.80374e+19
Pixel 807, 123, 1, 1, 4.80374e+19
Pixel 806, 123, 1, 1, 4.80374e+19
--- pALPIDEfs_4 ---
Pixel 908, 195, 1, 1, 4.80374e+19
--- pALPIDEfs_5 ---
Pixel 979, 308, 1, 1, 4.80374e+19
Pixel 979, 309, 1, 1, 4.80374e+19
=== 2900297 ===
--- pALPIDEfs_2 ---
Pixel 39, 347, 1, 1, 4.80374e+19
Pixel 38, 347, 1, 1, 4.80374e+19
Pixel 39, 348, 1, 1, 4.80374e+19
=== 2959650 ===
--- pALPIDEfs_3 ---
Pixel 37, 49, 1, 1, 4.80374e+19
Pixel 36, 49, 1, 1, 4.80374e+19
Pixel 36, 50, 1, 1, 4.80374e+19
Pixel 37, 50, 1, 1, 4.80374e+19
=== 2967190 ===
--- pALPIDEfs_0 ---
Pixel 197, 410, 1, 1, 4.80374e+19
Pixel 197, 411, 1, 1, 4.80374e+19
Pixel 198, 408, 1, 1, 4.80374e+19
Pixel 198, 409, 1, 1, 4.80374e+19
Pixel 198, 410, 1, 1, 4.80374e+19
=== 2971327 ===
--- pALPIDEfs_4 ---
Pixel 40, 438, 1, 1, 4.80374e+19
Pixel 41, 438, 1, 1, 4.80374e+19
Pixel 41, 439, 1, 1, 4.80374e+19
=== 2978562 ===
--- pALPIDEfs_3 ---
Pixel 395, 299, 1, 1, 4.80374e+19
=== 2994277 ===
--- pALPIDEfs_5 ---
Pixel 82, 2, 1, 1, 4.80374e+19
=== 2998617 ===
--- pALPIDEfs_4 ---
Pixel 37, 497, 1, 1, 4.80374e+19
Pixel 36, 497, 1, 1, 4.80374e+19
Pixel 37, 498, 1, 1, 4.80374e+19
Pixel 38, 497, 1, 1, 4.80374e+19
=== 3007038 ===
--- pALPIDEfs_3 ---
Pixel 57, 420, 1, 1, 4.80374e+19
Pixel 57, 421, 1, 1, 4.80374e+19
Pixel 58, 420, 1, 1, 4.80374e+19
Pixel 58, 421, 1, 1, 4.80374e+19
--- pALPIDEfs_4 ---
Pixel 171, 25, 1, 1, 4.80374e+19
Pixel 170, 25, 1, 1, 4.80374e+19
Pixel 170, 26, 1, 1, 4.80374e+19
=== 3020252 ===
--- pALPIDEfs_4 ---
Pixel 285, 33, 1, 1, 4.80374e+19
Pixel 286, 32, 1, 1, 4.80374e+19
Pixel 286, 33, 1, 1, 4.80374e+19
--- pALPIDEfs_5 ---
Pixel 93, 358, 1, 1, 4.80374e+19
Pixel 93, 359, 1, 1, 4.80374e+19
=== 3026162 ===
--- pALPIDEfs_3 ---
Pixel 67, 106, 1, 1, 4.80374e+19
Pixel 67, 107, 1, 1, 4.80374e+19
Pixel 68, 106, 1, 1, 4.80374e+19
=== 3066837 ===
--- pALPIDEfs_1 ---
Pixel 183, 247, 1, 1, 4.80374e+19
=== 3074747 ===
--- pALPIDEfs_6 ---
Pixel 355, 110, 1, 1, 4.80374e+19
Pixel 355, 111, 1, 1, 4.80374e+19
Pixel 356, 110, 1, 1, 4.80374e+19
Pixel 356, 111, 1, 1, 4.80374e+19
=== 3080858 ===
--- pALPIDEfs_3 ---
Pixel 969, 263, 1, 1, 4.80374e+19
=== 3090394 ===
--- pALPIDEfs_6 ---
Pixel 625, 104, 1, 1, 4.80374e+19
Pixel 625, 105, 1, 1, 4.80374e+19
Pixel 626, 104, 1, 1, 4.80374e+19
Pixel 626, 105, 1, 1, 4.80374e+19
=== 3091294 ===
--- pALPIDEfs_2 ---
Pixel 912, 330, 1, 1, 4.80374e+19
=== 3095654 ===
--- pALPIDEfs_6 ---
Pixel 255, 441, 1, 1, 4.80374e+19
Pixel 255, 442, 1, 1, 4.80374e+19
Pixel 255, 443, 1, 1, 4.80374e+19
Pixel 254, 443, 1, 1, 4.80374e+19
Pixel 254, 444, 1, 1, 4.80374e+19
Pixel 254, 445, 1, 1, 4.80374e+19
=== 3096906 ===
--- pALPIDEfs_4 ---
Pixel 1021, 489, 1, 1, 4.80374e+19
Pixel 1020, 489, 1, 1, 4.80374e+19
=== 3100915 ===
--- pALPIDEfs_2 ---
Pixel 725, 169, 1, 1, 4.80374e+19
Pixel 724, 169, 1, 1, 4.80374e+19
Pixel 724, 170, 1, 1, 4.80374e+19
Pixel 725, 170, 1, 1, 4.80374e+19
Pixel 725, 171, 1, 1, 4.80374e+19
Pixel 724, 171, 1, 1, 4.80374e+19
=== 3109440 ===
--- pALPIDEfs_0 ---
Pixel 672, 276, 1, 1, 4.80374e+19
=== 3113844 ===
--- pALPIDEfs_0 ---
Pixel 294, 489, 1, 1, 4.80374e+19
=== 3125416 ===
--- pALPIDEfs_6 ---
Pixel 923, 400, 1, 1, 4.80374e+19
Pixel 924, 400, 1, 1, 4.80374e+19
=== 3130994 ===
--- pALPIDEfs_6 ---
Pixel 148, 209, 1, 1, 4.80374e+19
Pixel 148, 210, 1, 1, 4.80374e+19
=== 3134744 ===
--- pALPIDEfs_4 ---
Pixel 0, 220, 1, 1, 4.80374e+19
Pixel 1, 220, 1, 1, 4.80374e+19
Pixel 1, 221, 1, 1, 4.80374e+19
Pixel 2, 220, 1, 1, 4.80374e+19
Pixel 2, 221, 1, 1, 4.80374e+19
=== 3141487 ===
--- pALPIDEfs_1 ---
Pixel 330, 97, 1, 1, 4.80374e+19
=== 3147604 ===
--- pALPIDEfs_0 ---
Pixel 877, 46, 1, 1, 4.80374e+19
Pixel 878, 46, 1, 1, 4.80374e+19
=== 3148487 ===
--- pALPIDEfs_6 ---
Pixel 123, 219, 1, 1, 4.80374e+19
Pixel 124, 219, 1, 1, 4.80374e+19
=== 3180160 ===
--- pALPIDEfs_1 ---
Pixel 676, 443, 1, 1, 4.80374e+19
Pixel 676, 444, 1, 1, 4.80374e+19
Pixel 676, 445, 1, 1, 4.80374e+19
=== 3183595 ===
--- pALPIDEfs_0 ---
Pixel 645, 226, 1, 1, 4.80374e+19
Pixel 645, 227, 1, 1, 4.80374e+19
Pixel 646, 226, 1, 1, 4.80374e+19
Pixel 646, 227, 1, 1, 4.80374e+19
=== 3235635 ===
--- pALPIDEfs_0 ---
Pixel 149, 119, 1, 1, 4.80374e+19
Pixel 150, 119, 1, 1, 4.80374e+19
=== 3237232 ===
--- pALPIDEfs_3 ---
Pixel 389, 375, 1, 1, 4.80374e+19
Pixel 389, 376, 1, 1, 4.80374e+19
Pixel 390, 375, 1, 1, 4.80374e+19
Pixel 390, 376, 1, 1, 4.80374e+19
=== 3240632 ===
--- pALPIDEfs_3 ---
Pixel 533, 386, 1, 1, 4.80374e+19
Pixel 533, 387, 1, 1, 4.80374e+19
Pixel 534, 386, 1, 1, 4.80374e+19
Pixel 534, 387, 1, 1, 4.80374e+19
=== 3257407 ===
--- pALPIDEfs_2 ---
Pixel 557, 143, 1, 1, 4.80374e+19
Pixel 556, 143, 1, 1, 4.80374e+19
Pixel 556, 144, 1, 1, 4.80374e+19
Pixel 557, 144, 1, 1, 4.80374e+19
=== 3259179 ===
--- pALPIDEfs_5 ---
Pixel 953, 301, 1, 1, 4.80374e+19
=== 3263195 ===
--- pALPIDEfs_1 ---
Pixel 162, 316, 1, 1, 4.80374e+19
Pixel 163, 317, 1, 1, 4.80374e+19
Pixel 162, 317, 1, 1, 4.80374e+19
Pixel 163, 318, 1, 1, 4.80374e+19
Pixel 163, 319, 1, 1, 4.80374e+19
Pixel 604, 443, 1, 1, 4.80374e+19
Pixel 604, 444, 1, 1, 4.80374e+19
=== 3269295 ===
--- pALPIDEfs_4 ---
Pixel 789, 141, 1, 1, 4.80374e+19
Pixel 788, 141, 1, 1, 4.80374e+19
Pixel 788, 142, 1, 1, 4.80374e+19
Pixel 789, 142, 1, 1, 4.80374e+19
Pixel 791, 141, 1, 1, 4.80374e+19
Pixel 790, 141, 1, 1, 4.80374e+19
Pixel 790, 142, 1, 1, 4.80374e+19
Pixel 791, 142, 1, 1, 4.80374e+19
Pixel 792, 142, 1, 1, 4.80374e+19
=== 3269296 ===
--- pALPIDEfs_4 ---
Pixel 789, 141, 1, 1, 4.80374e+19
Pixel 788, 141, 1, 1, 4.80374e+19
Pixel 788, 142, 1, 1, 4.80374e+19
Pixel 789, 142, 1, 1, 4.80374e+19
Pixel 791, 141, 1, 1, 4.80374e+19
Pixel 790, 141, 1, 1, 4.80374e+19
Pixel 790, 142, 1, 1, 4.80374e+19
Pixel 791, 142, 1, 1, 4.80374e+19
Pixel 792, 141, 1, 1, 4.80374e+19
Pixel 792, 142, 1, 1, 4.80374e+19
=== 3278266 ===
--- pALPIDEfs_2 ---
Pixel 299, 244, 1, 1, 4.80374e+19
Pixel 299, 245, 1, 1, 4.80374e+19
Pixel 299, 246, 1, 1, 4.80374e+19
=== 3293422 ===
--- pALPIDEfs_2 ---
Pixel 611, 428, 1, 1, 4.80374e+19
=== 3300182 ===
--- pALPIDEfs_2 ---
Pixel 334, 458, 1, 1, 4.80374e+19
Pixel 342, 457, 1, 1, 4.80374e+19
=== 3320187 ===
--- pALPIDEfs_2 ---
Pixel 307, 484, 1, 1, 4.80374e+19
Pixel 307, 485, 1, 1, 4.80374e+19
Pixel 308, 484, 1, 1, 4.80374e+19
Pixel 308, 485, 1, 1, 4.80374e+19
=== 3323440 ===
--- pALPIDEfs_2 ---
Pixel 129, 485, 1, 1, 4.80374e+19
Pixel 131, 485, 1, 1, 4.80374e+19
Pixel 130, 485, 1, 1, 4.80374e+19
Pixel 130, 486, 1, 1, 4.80374e+19
Pixel 131, 486, 1, 1, 4.80374e+19
Pixel 136, 490, 1, 1, 4.80374e+19
Pixel 136, 491, 1, 1, 4.80374e+19
=== 3329035 ===
--- pALPIDEfs_0 ---
Pixel 853, 210, 1, 1, 4.80374e+19
Pixel 853, 211, 1, 1, 4.80374e+19
=== 3331529 ===
--- pALPIDEfs_1 ---
Pixel 269, 86, 1, 1, 4.80374e+19
Pixel 269, 87, 1, 1, 4.80374e+19
Pixel 269, 88, 1, 1, 4.80374e+19
=== 3332248 ===
--- pALPIDEfs_3 ---
Pixel 888, 203, 1, 1, 4.80374e+19
--- pALPIDEfs_4 ---
Pixel 749, 323, 1, 1, 4.80374e+19
=== 3348049 ===
--- pALPIDEfs_1 ---
Pixel 171, 487, 1, 1, 4.80374e+19
=== 3348244 ===
--- pALPIDEfs_0 ---
Pixel 369, 370, 1, 1, 4.80374e+19
Pixel 370, 369, 1, 1, 4.80374e+19
Pixel 370, 370, 1, 1, 4.80374e+19
=== 3356623 ===
--- pALPIDEfs_5 ---
Pixel 827, 415, 1, 1, 4.80374e+19
Pixel 826, 415, 1, 1, 4.80374e+19
Pixel 827, 416, 1, 1, 4.80374e+19
Pixel 828, 419, 1, 1, 4.80374e+19
Pixel 828, 420, 1, 1, 4.80374e+19
Pixel 828, 421, 1, 1, 4.80374e+19
Pixel 828, 422, 1, 1, 4.80374e+19
Pixel 828, 423, 1, 1, 4.80374e+19
Pixel 828, 424, 1, 1, 4.80374e+19
Pixel 829, 424, 1, 1, 4.80374e+19
Pixel 829, 425, 1, 1, 4.80374e+19
Pixel 828, 425, 1, 1, 4.80374e+19
=== 3366006 ===
--- pALPIDEfs_2 ---
Pixel 595, 247, 1, 1, 4.80374e+19
Pixel 595, 248, 1, 1, 4.80374e+19
Pixel 594, 250, 1, 1, 4.80374e+19
Pixel 594, 251, 1, 1, 4.80374e+19
Pixel 594, 252, 1, 1, 4.80374e+19
Pixel 596, 246, 1, 1, 4.80374e+19
Pixel 596, 247, 1, 1, 4.80374e+19
=== 3366899 ===
--- pALPIDEfs_0 ---
Pixel 859, 272, 1, 1, 4.80374e+19
Pixel 859, 273, 1, 1, 4.80374e+19
=== 3369055 ===
--- pALPIDEfs_4 ---
Pixel 233, 326, 1, 1, 4.80374e+19
Pixel 233, 327, 1, 1, 4.80374e+19
Pixel 234, 326, 1, 1, 4.80374e+19
=== 3382762 ===
--- pALPIDEfs_0 ---
Pixel 464, 222, 1, 1, 4.80374e+19
Pixel 465, 222, 1, 1, 4.80374e+19
Pixel 465, 223, 1, 1, 4.80374e+19
Pixel 464, 223, 1, 1, 4.80374e+19
=== 3385222 ===
--- pALPIDEfs_3 ---
Pixel 57, 258, 1, 1, 4.80374e+19
Pixel 57, 259, 1, 1, 4.80374e+19
Pixel 58, 258, 1, 1, 4.80374e+19
Pixel 58, 259, 1, 1, 4.80374e+19
=== 3388237 ===
--- pALPIDEfs_4 ---
Pixel 551, 238, 1, 1, 4.80374e+19
Pixel 551, 239, 1, 1, 4.80374e+19
Pixel 552, 239, 1, 1, 4.80374e+19
=== 3396730 ===
--- pALPIDEfs_1 ---
Pixel 517, 79, 1, 1, 4.80374e+19
Pixel 517, 80, 1, 1, 4.80374e+19
Pixel 518, 79, 1, 1, 4.80374e+19
=== 3406243 ===
--- pALPIDEfs_1 ---
Pixel 249, 417, 1, 1, 4.80374e+19
Pixel 249, 418, 1, 1, 4.80374e+19
Pixel 250, 417, 1, 1, 4.80374e+19
Pixel 250, 418, 1, 1, 4.80374e+19
=== 3409385 ===
--- pALPIDEfs_3 ---
Pixel 671, 64, 1, 1, 4.80374e+19
Pixel 671, 65, 1, 1, 4.80374e+19
Pixel 671, 66, 1, 1, 4.80374e+19
Pixel 672, 64, 1, 1, 4.80374e+19
Pixel 672, 65, 1, 1, 4.80374e+19
--- pALPIDEfs_4 ---
Pixel 244, 407, 1, 1, 4.80374e+19
Pixel 244, 408, 1, 1, 4.80374e+19
=== 3427266 ===
--- pALPIDEfs_4 ---
Pixel 839, 132, 1, 1, 4.80374e+19
Pixel 839, 133, 1, 1, 4.80374e+19
Pixel 840, 133, 1, 1, 4.80374e+19
=== 3431677 ===
--- pALPIDEfs_2 ---
Pixel 921, 227, 1, 1, 4.80374e+19
Pixel 921, 228, 1, 1, 4.80374e+19
=== 3455671 ===
--- pALPIDEfs_6 ---
Pixel 18, 313, 1, 1, 4.80374e+19
=== 3529409 ===
--- pALPIDEfs_3 ---
Pixel 953, 210, 1, 1, 4.80374e+19
Pixel 953, 211, 1, 1, 4.80374e+19
=== 3530341 ===
--- pALPIDEfs_4 ---
Pixel 743, 376, 1, 1, 4.80374e+19
Pixel 744, 374, 1, 1, 4.80374e+19
Pixel 744, 375, 1, 1, 4.80374e+19
Pixel 744, 376, 1, 1, 4.80374e+19
=== 3530853 ===
--- pALPIDEfs_1 ---
Pixel 192, 88, 1, 1, 4.80374e+19
Pixel 192, 89, 1, 1, 4.80374e+19
=== 3562548 ===
--- pALPIDEfs_0 ---
Pixel 784, 162, 1, 1, 4.80374e+19
Pixel 785, 162, 1, 1, 4.80374e+19
=== 3574473 ===
--- pALPIDEfs_3 ---
Pixel 81, 420, 1, 1, 4.80374e+19
Pixel 83, 419, 1, 1, 4.80374e+19
Pixel 82, 419, 1, 1, 4.80374e+19
Pixel 82, 420, 1, 1, 4.80374e+19
Pixel 83, 420, 1, 1, 4.80374e+19
Pixel 85, 419, 1, 1, 4.80374e+19
Pixel 84, 419, 1, 1, 4.80374e+19
Pixel 84, 420, 1, 1, 4.80374e+19
Pixel 85, 420, 1, 1, 4.80374e+19
Pixel 86, 420, 1, 1, 4.80374e+19
=== 3576626 ===
--- pALPIDEfs_2 ---
Pixel 176, 289, 1, 1, 4.80374e+19
Pixel 176, 290, 1, 1, 4.80374e+19
--- pALPIDEfs_3 ---
Pixel 153, 12, 1, 1, 4.80374e+19
Pixel 153, 13, 1, 1, 4.80374e+19
=== 3591782 ===
--- pALPIDEfs_0 ---
Pixel 221, 250, 1, 1, 4.80374e+19
--- pALPIDEfs_1 ---
Pixel 725, 129, 1, 1, 4.80374e+19
=== 3600533 ===
--- pALPIDEfs_3 ---
Pixel 136, 284, 1, 1, 4.80374e+19
Pixel 137, 285, 1, 1, 4.80374e+19
Pixel 136, 285, 1, 1, 4.80374e+19
Pixel 136, 286, 1, 1, 4.80374e+19
Pixel 137, 286, 1, 1, 4.80374e+19
=== 3603196 ===
--- pALPIDEfs_0 ---
Pixel 589, 421, 1, 1, 4.80374e+19
Pixel 588, 421, 1, 1, 4.80374e+19
Pixel 588, 422, 1, 1, 4.80374e+19
Pixel 589, 422, 1, 1, 4.80374e+19
Pixel 590, 422, 1, 1, 4.80374e+19
Pixel 591, 422, 1, 1, 4.80374e+19
--- pALPIDEfs_1 ---
Pixel 673, 280, 1, 1, 4.80374e+19
Pixel 674, 280, 1, 1, 4.80374e+19
=== 3610687 ===
--- pALPIDEfs_2 ---
Pixel 620, 386, 1, 1, 4.80374e+19
--- pALPIDEfs_3 ---
Pixel 786, 160, 1, 1, 4.80374e+19
Pixel 787, 160, 1, 1, 4.80374e+19
Pixel 787, 161, 1, 1, 4.80374e+19
Pixel 786, 161, 1, 1, 4.80374e+19
=== 3610688 ===
--- pALPIDEfs_2 ---
Pixel 620, 386, 1, 1, 4.80374e+19
--- pALPIDEfs_3 ---
Pixel 786, 160, 1, 1, 4.80374e+19
Pixel 786, 161, 1, 1, 4.80374e+19
=== 3630179 ===
--- pALPIDEfs_4 ---
Pixel 183, 118, 1, 1, 4.80374e+19
Pixel 183, 119, 1, 1, 4.80374e+19
Pixel 182, 119, 1, 1, 4.80374e+19
=== 3635270 ===
--- pALPIDEfs_1 ---
Pixel 199, 97, 1, 1, 4.80374e+19
Pixel 199, 98, 1, 1, 4.80374e+19
Pixel 200, 97, 1, 1, 4.80374e+19
Pixel 200, 98, 1, 1, 4.80374e+19
=== 3711383 ===
--- pALPIDEfs_0 ---
Pixel 707, 323, 1, 1, 4.80374e+19
=== 3744530 ===
--- pALPIDEfs_3 ---
Pixel 395, 299, 1, 1, 4.80374e+19
=== 3750234 ===
--- pALPIDEfs_2 ---
Pixel 601, 267, 1, 1, 4.80374e+19
Pixel 600, 268, 1, 1, 4.80374e+19
Pixel 601, 268, 1, 1, 4.80374e+19
Pixel 601, 269, 1, 1, 4.80374e+19
Pixel 600, 269, 1, 1, 4.80374e+19
Pixel 602, 268, 1, 1, 4.80374e+19
Pixel 602, 269, 1, 1, 4.80374e+19
=== 3751349 ===
--- pALPIDEfs_2 ---
Pixel 476, 84, 1, 1, 4.80374e+19
Pixel 477, 84, 1, 1, 4.80374e+19
--- pALPIDEfs_3 ---
Pixel 1002, 21, 1, 1, 4.80374e+19
=== 3772245 ===
--- pALPIDEfs_5 ---
Pixel 185, 132, 1, 1, 4.80374e+19
Pixel 186, 132, 1, 1, 4.80374e+19
=== 3779999 ===
--- pALPIDEfs_1 ---
Pixel 985, 160, 1, 1, 4.80374e+19
Pixel 985, 161, 1, 1, 4.80374e+19
Pixel 985, 162, 1, 1, 4.80374e+19
Pixel 986, 160, 1, 1, 4.80374e+19
Pixel 987, 161, 1, 1, 4.80374e+19
Pixel 986, 161, 1, 1, 4.80374e+19
Pixel 986, 162, 1, 1, 4.80374e+19
Pixel 987, 162, 1, 1, 4.80374e+19
=== 3783777 ===
--- pALPIDEfs_0 ---
Pixel 321, 487, 1, 1, 4.80374e+19
Pixel 320, 487, 1, 1, 4.80374e+19
Pixel 320, 488, 1, 1, 4.80374e+19
Pixel 321, 488, 1, 1, 4.80374e+19
=== 3833057 ===
--- pALPIDEfs_1 ---
Pixel 233, 419, 1, 1, 4.80374e+19
Pixel 232, 420, 1, 1, 4.80374e+19
Pixel 233, 420, 1, 1, 4.80374e+19
=== 3881125 ===
--- pALPIDEfs_2 ---
Pixel 279, 220, 1, 1, 4.80374e+19
Pixel 280, 219, 1, 1, 4.80374e+19
=== 3886185 ===
--- pALPIDEfs_0 ---
Pixel 312, 219, 1, 1, 4.80374e+19
Pixel 312, 220, 1, 1, 4.80374e+19
--- pALPIDEfs_1 ---
Pixel 88, 318, 1, 1, 4.80374e+19
Pixel 89, 318, 1, 1, 4.80374e+19
Pixel 89, 319, 1, 1, 4.80374e+19
Pixel 88, 319, 1, 1, 4.80374e+19
=== 3890965 ===
--- pALPIDEfs_6 ---
Pixel 871, 71, 1, 1, 4.80374e+19
Pixel 871, 72, 1, 1, 4.80374e+19
Pixel 872, 71, 1, 1, 4.80374e+19
Pixel 872, 72, 1, 1, 4.80374e+19
=== 3894510 ===
--- pALPIDEfs_6 ---
Pixel 377, 326, 1, 1, 4.80374e+19
Pixel 377, 327, 1, 1, 4.80374e+19
Pixel 377, 328, 1, 1, 4.80374e+19
Pixel 378, 326, 1, 1, 4.80374e+19
Pixel 378, 327, 1, 1, 4.80374e+19
Pixel 378, 328, 1, 1, 4.80374e+19
=== 3894881 ===
--- pALPIDEfs_0 ---
Pixel 780, 275, 1, 1, 4.80374e+19
Pixel 780, 276, 1, 1, 4.80374e+19
--- pALPIDEfs_1 ---
Pixel 700, 326, 1, 1, 4.80374e+19
Pixel 701, 326, 1, 1, 4.80374e+19
Pixel 701, 327, 1, 1, 4.80374e+19
Pixel 700, 327, 1, 1, 4.80374e+19
Pixel 700, 328, 1, 1, 4.80374e+19
Pixel 701, 328, 1, 1, 4.80374e+19
=== 3899479 ===
--- pALPIDEfs_0 ---
Pixel 715, 55, 1, 1, 4.80374e+19
Pixel 769, 399, 1, 1, 4.80374e+19
Pixel 768, 399, 1, 1, 4.80374e+19
Pixel 768, 400, 1, 1, 4.80374e+19
Pixel 769, 400, 1, 1, 4.80374e+19
=== 3908710 ===
--- pALPIDEfs_5 ---
Pixel 15, 161, 1, 1, 4.80374e+19
Pixel 15, 162, 1, 1, 4.80374e+19
=== 3910409 ===
--- pALPIDEfs_3 ---
Pixel 413, 175, 1, 1, 4.80374e+19
Pixel 412, 175, 1, 1, 4.80374e+19
Pixel 412, 176, 1, 1, 4.80374e+19
Pixel 413, 176, 1, 1, 4.80374e+19
=== 3939836 ===
--- pALPIDEfs_3 ---
Pixel 691, 476, 1, 1, 4.80374e+19
Pixel 692, 476, 1, 1, 4.80374e+19
--- pALPIDEfs_4 ---
Pixel 385, 481, 1, 1, 4.80374e+19
Pixel 384, 481, 1, 1, 4.80374e+19
=== 3952443 ===
--- pALPIDEfs_4 ---
Pixel 191, 224, 1, 1, 4.80374e+19
Pixel 191, 225, 1, 1, 4.80374e+19
Pixel 190, 225, 1, 1, 4.80374e+19
=== 3952619 ===
--- pALPIDEfs_3 ---
Pixel 33, 212, 1, 1, 4.80374e+19
Pixel 33, 213, 1, 1, 4.80374e+19
Pixel 33, 214, 1, 1, 4.80374e+19
=== 3957394 ===
--- pALPIDEfs_0 ---
Pixel 614, 257, 1, 1, 4.80374e+19
Pixel 614, 258, 1, 1, 4.80374e+19
=== 3957986 ===
--- pALPIDEfs_3 ---
Pixel 632, 328, 1, 1, 4.80374e+19
Pixel 633, 328, 1, 1, 4.80374e+19
Pixel 633, 329, 1, 1, 4.80374e+19
Pixel 632, 329, 1, 1, 4.80374e+19
=== 3958159 ===
--- pALPIDEfs_1 ---
Pixel 861, 234, 1, 1, 4.80374e+19
Pixel 861, 235, 1, 1, 4.80374e+19
Pixel 860, 235, 1, 1, 4.80374e+19
Pixel 862, 235, 1, 1, 4.80374e+19
=== 3958160 ===
--- pALPIDEfs_1 ---
Pixel 861, 234, 1, 1, 4.80374e+19
Pixel 860, 235, 1, 1, 4.80374e+19
Pixel 862, 235, 1, 1, 4.80374e+19
=== 3969444 ===
--- pALPIDEfs_3 ---
Pixel 705, 16, 1, 1, 4.80374e+19
--- pALPIDEfs_4 ---
Pixel 709, 176, 1, 1, 4.80374e+19
Pixel 709, 177, 1, 1, 4.80374e+19
Pixel 710, 176, 1, 1, 4.80374e+19
Pixel 710, 177, 1, 1, 4.80374e+19
--- pALPIDEfs_5 ---
Pixel 685, 379, 1, 1, 4.80374e+19
Pixel 685, 380, 1, 1, 4.80374e+19
=== 3986345 ===
--- pALPIDEfs_4 ---
Pixel 754, 494, 1, 1, 4.80374e+19
Pixel 754, 495, 1, 1, 4.80374e+19
=== 3991117 ===
--- pALPIDEfs_0 ---
Pixel 503, 396, 1, 1, 4.80374e+19
Pixel 503, 397, 1, 1, 4.80374e+19
Pixel 504, 396, 1, 1, 4.80374e+19
Pixel 504, 397, 1, 1, 4.80374e+19
=== 3999443 ===
--- pALPIDEfs_5 ---
Pixel 679, 355, 1, 1, 4.80374e+19
Pixel 678, 355, 1, 1, 4.80374e+19
=== 4008445 ===
--- pALPIDEfs_3 ---
Pixel 595, 161, 1, 1, 4.80374e+19
Pixel 596, 161, 1, 1, 4.80374e+19
Pixel 596, 162, 1, 1, 4.80374e+19
Pixel 597, 162, 1, 1, 4.80374e+19
Pixel 597, 163, 1, 1, 4.80374e+19
Pixel 598, 162, 1, 1, 4.80374e+19
Pixel 598, 163, 1, 1, 4.80374e+19
=== 4009940 ===
--- pALPIDEfs_0 ---
Pixel 19, 212, 1, 1, 4.80374e+19
Pixel 19, 213, 1, 1, 4.80374e+19
Pixel 20, 212, 1, 1, 4.80374e+19
Pixel 20, 213, 1, 1, 4.80374e+19
=== 4025177 ===
--- pALPIDEfs_0 ---
Pixel 699, 135, 1, 1, 4.80374e+19
Pixel 698, 135, 1, 1, 4.80374e+19
Pixel 698, 136, 1, 1, 4.80374e+19
Pixel 699, 136, 1, 1, 4.80374e+19
Pixel 700, 135, 1, 1, 4.80374e+19
Pixel 700, 136, 1, 1, 4.80374e+19
=== 4044801 ===
--- pALPIDEfs_3 ---
Pixel 930, 16, 1, 1, 4.80374e+19
Pixel 931, 16, 1, 1, 4.80374e+19
=== 4046311 ===
--- pALPIDEfs_4 ---
Pixel 868, 244, 1, 1, 4.80374e+19
=== 4046471 ===
--- pALPIDEfs_0 ---
Pixel 163, 298, 1, 1, 4.80374e+19
Pixel 163, 299, 1, 1, 4.80374e+19
=== 4058621 ===
--- pALPIDEfs_4 ---
Pixel 726, 419, 1, 1, 4.80374e+19
Pixel 726, 420, 1, 1, 4.80374e+19
Pixel 726, 421, 1, 1, 4.80374e+19
=== 4063482 ===
--- pALPIDEfs_4 ---
Pixel 925, 504, 1, 1, 4.80374e+19
Pixel 927, 504, 1, 1, 4.80374e+19
Pixel 926, 505, 1, 1, 4.80374e+19
=== 4067393 ===
--- pALPIDEfs_2 ---
Pixel 69, 376, 1, 1, 4.80374e+19
=== 4091742 ===
--- pALPIDEfs_1 ---
Pixel 842, 250, 1, 1, 4.80374e+19
Pixel 843, 250, 1, 1, 4.80374e+19
--- pALPIDEfs_2 ---
Pixel 855, 355, 1, 1, 4.80374e+19
Pixel 855, 356, 1, 1, 4.80374e+19
=== 4103468 ===
--- pALPIDEfs_0 ---
Pixel 81, 146, 1, 1, 4.80374e+19
Pixel 81, 147, 1, 1, 4.80374e+19
Pixel 82, 147, 1, 1, 4.80374e+19
=== 4114137 ===
--- pALPIDEfs_0 ---
Pixel 333, 341, 1, 1, 4.80374e+19
Pixel 333, 342, 1, 1, 4.80374e+19
Pixel 334, 341, 1, 1, 4.80374e+19
Pixel 334, 342, 1, 1, 4.80374e+19
=== 4119560 ===
--- pALPIDEfs_2 ---
Pixel 195, 387, 1, 1, 4.80374e+19
Pixel 194, 387, 1, 1, 4.80374e+19
=== 4135872 ===
--- pALPIDEfs_3 ---
Pixel 974, 58, 1, 1, 4.80374e+19
=== 4136461 ===
--- pALPIDEfs_6 ---
Pixel 859, 334, 1, 1, 4.80374e+19
Pixel 860, 334, 1, 1, 4.80374e+19
=== 4150835 ===
--- pALPIDEfs_3 ---
Pixel 1007, 74, 1, 1, 4.80374e+19
=== 4152322 ===
--- pALPIDEfs_1 ---
Pixel 188, 36, 1, 1, 4.80374e+19
Pixel 189, 36, 1, 1, 4.80374e+19
--- pALPIDEfs_2 ---
Pixel 280, 437, 1, 1, 4.80374e+19
Pixel 280, 438, 1, 1, 4.80374e+19
=== 4174723 ===
--- pALPIDEfs_0 ---
Pixel 847, 190, 1, 1, 4.80374e+19
Pixel 847, 191, 1, 1, 4.80374e+19
Pixel 848, 191, 1, 1, 4.80374e+19
=== 4176129 ===
--- pALPIDEfs_4 ---
Pixel 462, 332, 1, 1, 4.80374e+19
=== 4197126 ===
--- pALPIDEfs_2 ---
Pixel 827, 114, 1, 1, 4.80374e+19
Pixel 828, 114, 1, 1, 4.80374e+19
=== 4203307 ===
--- pALPIDEfs_3 ---
Pixel 957, 309, 1, 1, 4.80374e+19
Pixel 957, 310, 1, 1, 4.80374e+19
Pixel 958, 309, 1, 1, 4.80374e+19
Pixel 958, 310, 1, 1, 4.80374e+19
--- pALPIDEfs_4 ---
Pixel 998, 450, 1, 1, 4.80374e+19
Pixel 999, 450, 1, 1, 4.80374e+19
Pixel 999, 451, 1, 1, 4.80374e+19
Pixel 998, 451, 1, 1, 4.80374e+19
Pixel 999, 452, 1, 1, 4.80374e+19
Pixel 1000, 450, 1, 1, 4.80374e+19
Pixel 1000, 451, 1, 1, 4.80374e+19
Pixel 1000, 452, 1, 1, 4.80374e+19
=== 4214453 ===
--- pALPIDEfs_6 ---
Pixel 1, 335, 1, 1, 4.80374e+19
Pixel 0, 336, 1, 1, 4.80374e+19
Pixel 1, 336, 1, 1, 4.80374e+19
=== 4214454 ===
--- pALPIDEfs_6 ---
Pixel 0, 336, 1, 1, 4.80374e+19
Pixel 1, 336, 1, 1, 4.80374e+19
=== 4217421 ===
--- pALPIDEfs_0 ---
Pixel 563, 181, 1, 1, 4.80374e+19
Pixel 564, 180, 1, 1, 4.80374e+19
Pixel 564, 181, 1, 1, 4.80374e+19
--- pALPIDEfs_1 ---
Pixel 407, 191, 1, 1, 4.80374e+19
Pixel 407, 192, 1, 1, 4.80374e+19
=== 4218943 ===
--- pALPIDEfs_5 ---
Pixel 91, 160, 1, 1, 4.80374e+19
Pixel 91, 161, 1, 1, 4.80374e+19
Pixel 92, 160, 1, 1, 4.80374e+19
Pixel 92, 161, 1, 1, 4.80374e+19
=== 4227773 ===
--- pALPIDEfs_5 ---
Pixel 183, 346, 1, 1, 4.80374e+19
Pixel 183, 347, 1, 1, 4.80374e+19
Pixel 184, 346, 1, 1, 4.80374e+19
Pixel 184, 347, 1, 1, 4.80374e+19
=== 4239847 ===
--- pALPIDEfs_4 ---
Pixel 866, 34, 1, 1, 4.80374e+19
=== 4242664 ===
--- pALPIDEfs_4 ---
Pixel 297, 229, 1, 1, 4.80374e+19
Pixel 297, 230, 1, 1, 4.80374e+19
Pixel 299, 229, 1, 1, 4.80374e+19
Pixel 298, 229, 1, 1, 4.80374e+19
Pixel 298, 230, 1, 1, 4.80374e+19
Pixel 299, 230, 1, 1, 4.80374e+19
=== 4280724 ===
--- pALPIDEfs_3 ---
Pixel 513, 382, 1, 1, 4.80374e+19
--- pALPIDEfs_4 ---
Pixel 357, 141, 1, 1, 4.80374e+19
Pixel 356, 141, 1, 1, 4.80374e+19
=== 4314227 ===
--- pALPIDEfs_3 ---
Pixel 527, 469, 1, 1, 4.80374e+19
Pixel 526, 469, 1, 1, 4.80374e+19
Pixel 526, 470, 1, 1, 4.80374e+19
--- pALPIDEfs_4 ---
Pixel 272, 331, 1, 1, 4.80374e+19
Pixel 272, 332, 1, 1, 4.80374e+19
=== 4319874 ===
--- pALPIDEfs_3 ---
Pixel 137, 82, 1, 1, 4.80374e+19
Pixel 137, 83, 1, 1, 4.80374e+19
Pixel 138, 82, 1, 1, 4.80374e+19
Pixel 139, 82, 1, 1, 4.80374e+19
Pixel 139, 83, 1, 1, 4.80374e+19
Pixel 138, 83, 1, 1, 4.80374e+19
Pixel 140, 82, 1, 1, 4.80374e+19
Pixel 140, 83, 1, 1, 4.80374e+19
=== 4330290 ===
--- pALPIDEfs_5 ---
Pixel 353, 259, 1, 1, 4.80374e+19
Pixel 353, 260, 1, 1, 4.80374e+19
=== 4334248 ===
--- pALPIDEfs_6 ---
Pixel 548, 169, 1, 1, 4.80374e+19
Pixel 548, 170, 1, 1, 4.80374e+19
Pixel 549, 170, 1, 1, 4.80374e+19
=== 4338270 ===
--- pALPIDEfs_4 ---
Pixel 61, 16, 1, 1, 4.80374e+19
=== 4348456 ===
--- pALPIDEfs_4 ---
Pixel 706, 206, 1, 1, 4.80374e+19
Pixel 707, 206, 1, 1, 4.80374e+19
Pixel 707, 207, 1, 1, 4.80374e+19
Pixel 706, 207, 1, 1, 4.80374e+19
=== 4351801 ===
--- pALPIDEfs_6 ---
Pixel 202, 442, 1, 1, 4.80374e+19
=== 4354000 ===
--- pALPIDEfs_0 ---
Pixel 371, 83, 1, 1, 4.80374e+19
Pixel 371, 84, 1, 1, 4.80374e+19
=== 4376512 ===
--- pALPIDEfs_2 ---
Pixel 336, 138, 1, 1, 4.80374e+19
=== 4385102 ===
--- pALPIDEfs_6 ---
Pixel 530, 100, 1, 1, 4.80374e+19
Pixel 531, 100, 1, 1, 4.80374e+19
=== 4385426 ===
--- pALPIDEfs_6 ---
Pixel 64, 273, 1, 1, 4.80374e+19
=== 4403224 ===
--- pALPIDEfs_6 ---
Pixel 45, 307, 1, 1, 4.80374e+19
=== 4411028 ===
--- pALPIDEfs_0 ---
Pixel 936, 448, 1, 1, 4.80374e+19
--- pALPIDEfs_4 ---
Pixel 949, 7, 1, 1, 4.80374e+19
Pixel 948, 7, 1, 1, 4.80374e+19
=== 4457609 ===
--- pALPIDEfs_3 ---
Pixel 413, 240, 1, 1, 4.80374e+19
=== 4463351 ===
--- pALPIDEfs_3 ---
Pixel 856, 349, 1, 1, 4.80374e+19
Pixel 856, 350, 1, 1, 4.80374e+19
Pixel 857, 350, 1, 1, 4.80374e+19
--- pALPIDEfs_4 ---
Pixel 361, 153, 1, 1, 4.80374e+19
Pixel 360, 153, 1, 1, 4.80374e+19
=== 4491516 ===
--- pALPIDEfs_2 ---
Pixel 801, 286, 1, 1, 4.80374e+19
Pixel 802, 286, 1, 1, 4.80374e+19
=== 4511332 ===
--- pALPIDEfs_0 ---
Pixel 712, 303, 1, 1, 4.80374e+19
=== 4512358 ===
--- pALPIDEfs_1 ---
Pixel 131, 451, 1, 1, 4.80374e+19
Pixel 130, 451, 1, 1, 4.80374e+19
Pixel 130, 452, 1, 1, 4.80374e+19
Pixel 131, 452, 1, 1, 4.80374e+19
=== 4537058 ===
--- pALPIDEfs_0 ---
Pixel 186, 412, 1, 1, 4.80374e+19
Pixel 187, 412, 1, 1, 4.80374e+19
Pixel 187, 413, 1, 1, 4.80374e+19
Pixel 186, 413, 1, 1, 4.80374e+19
=== 4545418 ===
--- pALPIDEfs_3 ---
Pixel 567, 302, 1, 1, 4.80374e+19
=== 4545419 ===
--- pALPIDEfs_3 ---
Pixel 567, 302, 1, 1, 4.80374e+19
=== 4552555 ===
--- pALPIDEfs_3 ---
Pixel 110, 144, 1, 1, 4.80374e+19
Pixel 111, 144, 1, 1, 4.80374e+19
Pixel 111, 145, 1, 1, 4.80374e+19
Pixel 110, 145, 1, 1, 4.80374e+19
=== 4598443 ===
--- pALPIDEfs_3 ---
Pixel 135, 124, 1, 1, 4.80374e+19
Pixel 136, 124, 1, 1, 4.80374e+19
=== 4600952 ===
--- pALPIDEfs_2 ---
Pixel 317, 422, 1, 1, 4.80374e+19
Pixel 317, 423, 1, 1, 4.80374e+19
Pixel 318, 422, 1, 1, 4.80374e+19
Pixel 318, 423, 1, 1, 4.80374e+19
=== 4606998 ===
--- pALPIDEfs_3 ---
Pixel 806, 336, 1, 1, 4.80374e+19
Pixel 806, 337, 1, 1, 4.80374e+19
=== 4609732 ===
--- pALPIDEfs_4 ---
Pixel 612, 100, 1, 1, 4.80374e+19
Pixel 613, 100, 1, 1, 4.80374e+19
=== 4624536 ===
--- pALPIDEfs_5 ---
Pixel 428, 122, 1, 1, 4.80374e+19
Pixel 429, 122, 1, 1, 4.80374e+19
Pixel 429, 123, 1, 1, 4.80374e+19
Pixel 428, 123, 1, 1, 4.80374e+19
Pixel 430, 123, 1, 1, 4.80374e+19
=== 4637088 ===
--- pALPIDEfs_2 ---
Pixel 353, 395, 1, 1, 4.80374e+19
Pixel 354, 395, 1, 1, 4.80374e+19
=== 4692092 ===
--- pALPIDEfs_6 ---
Pixel 821, 86, 1, 1, 4.80374e+19
Pixel 821, 87, 1, 1, 4.80374e+19
Pixel 822, 86, 1, 1, 4.80374e+19
=== 4706700 ===
--- pALPIDEfs_4 ---
Pixel 605, 81, 1, 1, 4.80374e+19
Pixel 604, 81, 1, 1, 4.80374e+19
Pixel 604, 82, 1, 1, 4.80374e+19
Pixel 605, 82, 1, 1, 4.80374e+19
=== 4724349 ===
--- pALPIDEfs_3 ---
Pixel 308, 480, 1, 1, 4.80374e+19
Pixel 309, 480, 1, 1, 4.80374e+19
Pixel 308, 481, 1, 1, 4.80374e+19
=== 4725750 ===
--- pALPIDEfs_6 ---
Pixel 944, 284, 1, 1, 4.80374e+19
Pixel 945, 284, 1, 1, 4.80374e+19
Pixel 945, 285, 1, 1, 4.80374e+19
Pixel 944, 285, 1, 1, 4.80374e+19
=== 4766638 ===
--- pALPIDEfs_0 ---
Pixel 721, 104, 1, 1, 4.80374e+19
Pixel 721, 105, 1, 1, 4.80374e+19
Pixel 722, 104, 1, 1, 4.80374e+19
Pixel 723, 105, 1, 1, 4.80374e+19
Pixel 722, 105, 1, 1, 4.80374e+19
Pixel 722, 106, 1, 1, 4.80374e+19
=== 4790671 ===
--- pALPIDEfs_2 ---
Pixel 220, 397, 1, 1, 4.80374e+19
Pixel 220, 398, 1, 1, 4.80374e+19
=== 4805270 ===
--- pALPIDEfs_0 ---
Pixel 382, 449, 1, 1, 4.80374e+19
Pixel 382, 450, 1, 1, 4.80374e+19
Pixel 383, 450, 1, 1, 4.80374e+19
=== 4806070 ===
--- pALPIDEfs_3 ---
Pixel 259, 277, 1, 1, 4.80374e+19
Pixel 258, 277, 1, 1, 4.80374e+19
--- pALPIDEfs_4 ---
Pixel 424, 483, 1, 1, 4.80374e+19
=== 4811770 ===
--- pALPIDEfs_5 ---
Pixel 741, 94, 1, 1, 4.80374e+19
Pixel 741, 95, 1, 1, 4.80374e+19
Pixel 742, 94, 1, 1, 4.80374e+19
Pixel 742, 95, 1, 1, 4.80374e+19
--- pALPIDEfs_6 ---
Pixel 165, 337, 1, 1, 4.80374e+19
Pixel 165, 338, 1, 1, 4.80374e+19
=== 4811771 ===
--- pALPIDEfs_5 ---
Pixel 741, 94, 1, 1, 4.80374e+19
Pixel 741, 95, 1, 1, 4.80374e+19
Pixel 742, 95, 1, 1, 4.80374e+19
=== 4815509 ===
--- pALPIDEfs_6 ---
Pixel 425, 193, 1, 1, 4.80374e+19
Pixel 425, 194, 1, 1, 4.80374e+19
=== 4823580 ===
--- pALPIDEfs_6 ---
Pixel 766, 368, 1, 1, 4.80374e+19
Pixel 767, 368, 1, 1, 4.80374e+19
Pixel 767, 369, 1, 1, 4.80374e+19
Pixel 766, 369, 1, 1, 4.80374e+19
=== 4832978 ===
--- pALPIDEfs_0 ---
Pixel 175, 30, 1, 1, 4.80374e+19
=== 4835373 ===
--- pALPIDEfs_1 ---
Pixel 377, 441, 1, 1, 4.80374e+19
Pixel 378, 441, 1, 1, 4.80374e+19
Pixel 378, 442, 1, 1, 4.80374e+19
Pixel 379, 442, 1, 1, 4.80374e+19
Pixel 378, 448, 1, 1, 4.80374e+19
Pixel 379, 448, 1, 1, 4.80374e+19
=== 4842225 ===
--- pALPIDEfs_4 ---
Pixel 263, 509, 1, 1, 4.80374e+19
Pixel 263, 510, 1, 1, 4.80374e+19
Pixel 264, 509, 1, 1, 4.80374e+19
Pixel 264, 510, 1, 1, 4.80374e+19
=== 4844224 ===
--- pALPIDEfs_1 ---
Pixel 189, 129, 1, 1, 4.80374e+19
Pixel 189, 130, 1, 1, 4.80374e+19
--- pALPIDEfs_2 ---
Pixel 262, 493, 1, 1, 4.80374e+19
=== 4849443 ===
--- pALPIDEfs_0 ---
Pixel 751, 168, 1, 1, 4.80374e+19
Pixel 751, 169, 1, 1, 4.80374e+19
Pixel 750, 169, 1, 1, 4.80374e+19
=== 4860482 ===
--- pALPIDEfs_3 ---
Pixel 413, 240, 1, 1, 4.80374e+19
=== 4871784 ===
--- pALPIDEfs_6 ---
Pixel 785, 455, 1, 1, 4.80374e+19
Pixel 784, 455, 1, 1, 4.80374e+19
Pixel 786, 455, 1, 1, 4.80374e+19
=== 4878737 ===
--- pALPIDEfs_1 ---
Pixel 166, 486, 1, 1, 4.80374e+19
Pixel 167, 487, 1, 1, 4.80374e+19
Pixel 166, 487, 1, 1, 4.80374e+19
=== 4891861 ===
--- pALPIDEfs_6 ---
Pixel 887, 311, 1, 1, 4.80374e+19
Pixel 886, 312, 1, 1, 4.80374e+19
Pixel 887, 312, 1, 1, 4.80374e+19
Pixel 887, 313, 1, 1, 4.80374e+19
Pixel 886, 313, 1, 1, 4.80374e+19
Pixel 886, 314, 1, 1, 4.80374e+19
Pixel 887, 314, 1, 1, 4.80374e+19
Pixel 887, 315, 1, 1, 4.80374e+19
Pixel 886, 315, 1, 1, 4.80374e+19
Pixel 886, 316, 1, 1, 4.80374e+19
Pixel 887, 316, 1, 1, 4.80374e+19
Pixel 887, 317, 1, 1, 4.80374e+19
Pixel 888, 311, 1, 1, 4.80374e+19
Pixel 888, 312, 1, 1, 4.80374e+19
Pixel 889, 312, 1, 1, 4.80374e+19
Pixel 889, 313, 1, 1, 4.80374e+19
Pixel 888, 313, 1, 1, 4.80374e+19
=== 4895279 ===
--- pALPIDEfs_0 ---
Pixel 651, 441, 1, 1, 4.80374e+19
=== 4896661 ===
--- pALPIDEfs_3 ---
Pixel 959, 71, 1, 1, 4.80374e+19
Pixel 959, 72, 1, 1, 4.80374e+19
=== 4941705 ===
--- pALPIDEfs_2 ---
Pixel 169, 193, 1, 1, 4.80374e+19
Pixel 169, 194, 1, 1, 4.80374e+19
Pixel 170, 193, 1, 1, 4.80374e+19
Pixel 170, 194, 1, 1, 4.80374e+19
=== 4949633 ===
--- pALPIDEfs_2 ---
Pixel 516, 248, 1, 1, 4.80374e+19
Pixel 516, 249, 1, 1, 4.80374e+19
=== 4949634 ===
--- pALPIDEfs_2 ---
Pixel 516, 248, 1, 1, 4.80374e+19
Pixel 516, 249, 1, 1, 4.80374e+19
=== 4953151 ===
--- pALPIDEfs_1 ---
Pixel 456, 168, 1, 1, 4.80374e+19
--- pALPIDEfs_2 ---
Pixel 883, 275, 1, 1, 4.80374e+19
Pixel 883, 276, 1, 1, 4.80374e+19
=== 4979817 ===
--- pALPIDEfs_0 ---
Pixel 878, 434, 1, 1, 4.80374e+19
--- pALPIDEfs_1 ---
Pixel 228, 209, 1, 1, 4.80374e+19
Pixel 228, 210, 1, 1, 4.80374e+19
=== 5003764 ===
--- pALPIDEfs_3 ---
Pixel 1011, 172, 1, 1, 4.80374e+19
Pixel 1012, 171, 1, 1, 4.80374e+19
Pixel 1012, 172, 1, 1, 4.80374e+19
