Run: Cosmics000399
=== 2 ===
--- pALPIDEfs_3 ---
Pixel 238, 320, 1, 1, 4.80374e+19
Pixel 238, 320, 1, 1, 4.80374e+19
=== 3 ===
--- pALPIDEfs_0 ---
Pixel 92, 0, 1, 1, 4.80374e+19
Pixel 93, 0, 1, 1, 4.80374e+19
Pixel 93, 1, 1, 1, 4.80374e+19
Pixel 92, 1, 1, 1, 4.80374e+19
Pixel 92, 2, 1, 1, 4.80374e+19
Pixel 93, 2, 1, 1, 4.80374e+19
Pixel 93, 3, 1, 1, 4.80374e+19
Pixel 92, 3, 1, 1, 4.80374e+19
Pixel 92, 4, 1, 1, 4.80374e+19
Pixel 93, 4, 1, 1, 4.80374e+19
Pixel 93, 5, 1, 1, 4.80374e+19
Pixel 92, 5, 1, 1, 4.80374e+19
Pixel 92, 6, 1, 1, 4.80374e+19
Pixel 93, 6, 1, 1, 4.80374e+19
Pixel 93, 7, 1, 1, 4.80374e+19
Pixel 92, 7, 1, 1, 4.80374e+19
Pixel 92, 8, 1, 1, 4.80374e+19
Pixel 93, 8, 1, 1, 4.80374e+19
Pixel 93, 9, 1, 1, 4.80374e+19
Pixel 92, 9, 1, 1, 4.80374e+19
Pixel 92, 10, 1, 1, 4.80374e+19
Pixel 93, 10, 1, 1, 4.80374e+19
Pixel 93, 11, 1, 1, 4.80374e+19
Pixel 92, 11, 1, 1, 4.80374e+19
Pixel 92, 12, 1, 1, 4.80374e+19
Pixel 93, 12, 1, 1, 4.80374e+19
Pixel 93, 13, 1, 1, 4.80374e+19
Pixel 92, 13, 1, 1, 4.80374e+19
Pixel 92, 14, 1, 1, 4.80374e+19
Pixel 93, 14, 1, 1, 4.80374e+19
Pixel 93, 15, 1, 1, 4.80374e+19
Pixel 92, 15, 1, 1, 4.80374e+19
Pixel 92, 16, 1, 1, 4.80374e+19
Pixel 93, 16, 1, 1, 4.80374e+19
Pixel 93, 17, 1, 1, 4.80374e+19
Pixel 92, 17, 1, 1, 4.80374e+19
Pixel 92, 18, 1, 1, 4.80374e+19
Pixel 93, 18, 1, 1, 4.80374e+19
Pixel 93, 19, 1, 1, 4.80374e+19
Pixel 92, 19, 1, 1, 4.80374e+19
Pixel 92, 20, 1, 1, 4.80374e+19
Pixel 93, 20, 1, 1, 4.80374e+19
Pixel 93, 21, 1, 1, 4.80374e+19
Pixel 92, 21, 1, 1, 4.80374e+19
Pixel 92, 22, 1, 1, 4.80374e+19
Pixel 93, 22, 1, 1, 4.80374e+19
Pixel 93, 23, 1, 1, 4.80374e+19
Pixel 92, 23, 1, 1, 4.80374e+19
Pixel 92, 24, 1, 1, 4.80374e+19
Pixel 93, 24, 1, 1, 4.80374e+19
Pixel 93, 25, 1, 1, 4.80374e+19
Pixel 92, 25, 1, 1, 4.80374e+19
Pixel 92, 26, 1, 1, 4.80374e+19
Pixel 93, 26, 1, 1, 4.80374e+19
Pixel 93, 27, 1, 1, 4.80374e+19
Pixel 92, 27, 1, 1, 4.80374e+19
Pixel 92, 28, 1, 1, 4.80374e+19
Pixel 93, 28, 1, 1, 4.80374e+19
Pixel 93, 29, 1, 1, 4.80374e+19
Pixel 92, 29, 1, 1, 4.80374e+19
Pixel 92, 30, 1, 1, 4.80374e+19
Pixel 93, 30, 1, 1, 4.80374e+19
Pixel 93, 31, 1, 1, 4.80374e+19
Pixel 92, 31, 1, 1, 4.80374e+19
Pixel 92, 32, 1, 1, 4.80374e+19
Pixel 93, 32, 1, 1, 4.80374e+19
Pixel 93, 33, 1, 1, 4.80374e+19
Pixel 92, 33, 1, 1, 4.80374e+19
Pixel 92, 34, 1, 1, 4.80374e+19
Pixel 93, 34, 1, 1, 4.80374e+19
Pixel 93, 35, 1, 1, 4.80374e+19
Pixel 92, 35, 1, 1, 4.80374e+19
Pixel 92, 36, 1, 1, 4.80374e+19
Pixel 93, 36, 1, 1, 4.80374e+19
Pixel 93, 37, 1, 1, 4.80374e+19
Pixel 92, 37, 1, 1, 4.80374e+19
Pixel 92, 38, 1, 1, 4.80374e+19
Pixel 93, 38, 1, 1, 4.80374e+19
Pixel 93, 39, 1, 1, 4.80374e+19
Pixel 92, 39, 1, 1, 4.80374e+19
Pixel 92, 40, 1, 1, 4.80374e+19
Pixel 93, 40, 1, 1, 4.80374e+19
Pixel 93, 41, 1, 1, 4.80374e+19
Pixel 92, 41, 1, 1, 4.80374e+19
Pixel 92, 42, 1, 1, 4.80374e+19
Pixel 93, 42, 1, 1, 4.80374e+19
Pixel 93, 43, 1, 1, 4.80374e+19
Pixel 92, 43, 1, 1, 4.80374e+19
Pixel 92, 44, 1, 1, 4.80374e+19
Pixel 93, 44, 1, 1, 4.80374e+19
Pixel 93, 45, 1, 1, 4.80374e+19
Pixel 92, 45, 1, 1, 4.80374e+19
Pixel 92, 46, 1, 1, 4.80374e+19
Pixel 93, 46, 1, 1, 4.80374e+19
Pixel 93, 47, 1, 1, 4.80374e+19
Pixel 92, 47, 1, 1, 4.80374e+19
Pixel 92, 48, 1, 1, 4.80374e+19
Pixel 93, 48, 1, 1, 4.80374e+19
Pixel 93, 49, 1, 1, 4.80374e+19
Pixel 92, 49, 1, 1, 4.80374e+19
Pixel 92, 50, 1, 1, 4.80374e+19
Pixel 93, 50, 1, 1, 4.80374e+19
Pixel 93, 51, 1, 1, 4.80374e+19
Pixel 92, 51, 1, 1, 4.80374e+19
Pixel 92, 52, 1, 1, 4.80374e+19
Pixel 93, 52, 1, 1, 4.80374e+19
Pixel 93, 53, 1, 1, 4.80374e+19
Pixel 92, 53, 1, 1, 4.80374e+19
Pixel 92, 54, 1, 1, 4.80374e+19
Pixel 93, 54, 1, 1, 4.80374e+19
Pixel 93, 55, 1, 1, 4.80374e+19
Pixel 92, 55, 1, 1, 4.80374e+19
Pixel 92, 56, 1, 1, 4.80374e+19
Pixel 93, 56, 1, 1, 4.80374e+19
Pixel 93, 57, 1, 1, 4.80374e+19
Pixel 92, 57, 1, 1, 4.80374e+19
Pixel 92, 58, 1, 1, 4.80374e+19
Pixel 93, 58, 1, 1, 4.80374e+19
Pixel 93, 59, 1, 1, 4.80374e+19
Pixel 92, 59, 1, 1, 4.80374e+19
Pixel 92, 60, 1, 1, 4.80374e+19
Pixel 93, 60, 1, 1, 4.80374e+19
Pixel 93, 61, 1, 1, 4.80374e+19
Pixel 92, 61, 1, 1, 4.80374e+19
Pixel 92, 62, 1, 1, 4.80374e+19
Pixel 93, 62, 1, 1, 4.80374e+19
Pixel 93, 63, 1, 1, 4.80374e+19
Pixel 92, 63, 1, 1, 4.80374e+19
Pixel 92, 64, 1, 1, 4.80374e+19
Pixel 93, 64, 1, 1, 4.80374e+19
Pixel 93, 65, 1, 1, 4.80374e+19
Pixel 92, 65, 1, 1, 4.80374e+19
Pixel 92, 66, 1, 1, 4.80374e+19
Pixel 93, 66, 1, 1, 4.80374e+19
Pixel 93, 67, 1, 1, 4.80374e+19
Pixel 92, 67, 1, 1, 4.80374e+19
Pixel 92, 68, 1, 1, 4.80374e+19
Pixel 93, 68, 1, 1, 4.80374e+19
Pixel 93, 69, 1, 1, 4.80374e+19
Pixel 92, 69, 1, 1, 4.80374e+19
Pixel 92, 70, 1, 1, 4.80374e+19
Pixel 93, 70, 1, 1, 4.80374e+19
Pixel 93, 71, 1, 1, 4.80374e+19
Pixel 92, 71, 1, 1, 4.80374e+19
Pixel 92, 72, 1, 1, 4.80374e+19
Pixel 93, 72, 1, 1, 4.80374e+19
Pixel 93, 73, 1, 1, 4.80374e+19
Pixel 92, 73, 1, 1, 4.80374e+19
Pixel 92, 74, 1, 1, 4.80374e+19
Pixel 93, 74, 1, 1, 4.80374e+19
Pixel 93, 75, 1, 1, 4.80374e+19
Pixel 92, 75, 1, 1, 4.80374e+19
Pixel 92, 76, 1, 1, 4.80374e+19
Pixel 93, 76, 1, 1, 4.80374e+19
Pixel 93, 77, 1, 1, 4.80374e+19
Pixel 92, 77, 1, 1, 4.80374e+19
Pixel 92, 78, 1, 1, 4.80374e+19
Pixel 93, 78, 1, 1, 4.80374e+19
Pixel 93, 79, 1, 1, 4.80374e+19
Pixel 92, 79, 1, 1, 4.80374e+19
Pixel 92, 80, 1, 1, 4.80374e+19
Pixel 93, 80, 1, 1, 4.80374e+19
Pixel 93, 81, 1, 1, 4.80374e+19
Pixel 92, 81, 1, 1, 4.80374e+19
Pixel 92, 82, 1, 1, 4.80374e+19
Pixel 93, 82, 1, 1, 4.80374e+19
Pixel 93, 83, 1, 1, 4.80374e+19
Pixel 92, 83, 1, 1, 4.80374e+19
Pixel 92, 84, 1, 1, 4.80374e+19
Pixel 93, 84, 1, 1, 4.80374e+19
Pixel 93, 85, 1, 1, 4.80374e+19
Pixel 92, 85, 1, 1, 4.80374e+19
Pixel 92, 86, 1, 1, 4.80374e+19
Pixel 93, 86, 1, 1, 4.80374e+19
Pixel 93, 87, 1, 1, 4.80374e+19
Pixel 92, 87, 1, 1, 4.80374e+19
Pixel 92, 88, 1, 1, 4.80374e+19
Pixel 93, 88, 1, 1, 4.80374e+19
Pixel 93, 89, 1, 1, 4.80374e+19
Pixel 92, 89, 1, 1, 4.80374e+19
Pixel 92, 90, 1, 1, 4.80374e+19
Pixel 93, 90, 1, 1, 4.80374e+19
Pixel 93, 91, 1, 1, 4.80374e+19
Pixel 92, 91, 1, 1, 4.80374e+19
Pixel 92, 92, 1, 1, 4.80374e+19
Pixel 93, 92, 1, 1, 4.80374e+19
Pixel 93, 93, 1, 1, 4.80374e+19
Pixel 92, 93, 1, 1, 4.80374e+19
Pixel 92, 94, 1, 1, 4.80374e+19
Pixel 93, 94, 1, 1, 4.80374e+19
Pixel 93, 95, 1, 1, 4.80374e+19
Pixel 92, 95, 1, 1, 4.80374e+19
Pixel 92, 96, 1, 1, 4.80374e+19
Pixel 93, 96, 1, 1, 4.80374e+19
Pixel 93, 97, 1, 1, 4.80374e+19
Pixel 92, 97, 1, 1, 4.80374e+19
Pixel 92, 98, 1, 1, 4.80374e+19
Pixel 93, 98, 1, 1, 4.80374e+19
Pixel 93, 99, 1, 1, 4.80374e+19
Pixel 92, 99, 1, 1, 4.80374e+19
Pixel 92, 100, 1, 1, 4.80374e+19
Pixel 93, 100, 1, 1, 4.80374e+19
Pixel 93, 101, 1, 1, 4.80374e+19
Pixel 92, 101, 1, 1, 4.80374e+19
Pixel 92, 102, 1, 1, 4.80374e+19
Pixel 93, 102, 1, 1, 4.80374e+19
Pixel 93, 103, 1, 1, 4.80374e+19
Pixel 92, 103, 1, 1, 4.80374e+19
Pixel 92, 104, 1, 1, 4.80374e+19
Pixel 93, 104, 1, 1, 4.80374e+19
Pixel 93, 105, 1, 1, 4.80374e+19
Pixel 92, 105, 1, 1, 4.80374e+19
Pixel 92, 106, 1, 1, 4.80374e+19
Pixel 93, 106, 1, 1, 4.80374e+19
Pixel 93, 107, 1, 1, 4.80374e+19
Pixel 92, 107, 1, 1, 4.80374e+19
Pixel 92, 108, 1, 1, 4.80374e+19
Pixel 93, 108, 1, 1, 4.80374e+19
Pixel 93, 109, 1, 1, 4.80374e+19
Pixel 92, 109, 1, 1, 4.80374e+19
Pixel 92, 110, 1, 1, 4.80374e+19
Pixel 93, 110, 1, 1, 4.80374e+19
Pixel 93, 111, 1, 1, 4.80374e+19
Pixel 92, 111, 1, 1, 4.80374e+19
Pixel 92, 112, 1, 1, 4.80374e+19
Pixel 93, 112, 1, 1, 4.80374e+19
Pixel 93, 113, 1, 1, 4.80374e+19
Pixel 92, 113, 1, 1, 4.80374e+19
Pixel 92, 114, 1, 1, 4.80374e+19
Pixel 93, 114, 1, 1, 4.80374e+19
Pixel 93, 115, 1, 1, 4.80374e+19
Pixel 92, 115, 1, 1, 4.80374e+19
Pixel 92, 116, 1, 1, 4.80374e+19
Pixel 93, 116, 1, 1, 4.80374e+19
Pixel 93, 117, 1, 1, 4.80374e+19
Pixel 92, 117, 1, 1, 4.80374e+19
Pixel 92, 118, 1, 1, 4.80374e+19
Pixel 93, 118, 1, 1, 4.80374e+19
Pixel 93, 119, 1, 1, 4.80374e+19
Pixel 92, 119, 1, 1, 4.80374e+19
Pixel 92, 120, 1, 1, 4.80374e+19
Pixel 93, 120, 1, 1, 4.80374e+19
Pixel 93, 121, 1, 1, 4.80374e+19
Pixel 92, 121, 1, 1, 4.80374e+19
Pixel 92, 122, 1, 1, 4.80374e+19
Pixel 93, 122, 1, 1, 4.80374e+19
Pixel 93, 123, 1, 1, 4.80374e+19
Pixel 92, 123, 1, 1, 4.80374e+19
Pixel 92, 124, 1, 1, 4.80374e+19
Pixel 93, 124, 1, 1, 4.80374e+19
Pixel 93, 125, 1, 1, 4.80374e+19
Pixel 92, 125, 1, 1, 4.80374e+19
Pixel 92, 126, 1, 1, 4.80374e+19
Pixel 93, 126, 1, 1, 4.80374e+19
Pixel 93, 127, 1, 1, 4.80374e+19
Pixel 92, 127, 1, 1, 4.80374e+19
Pixel 92, 128, 1, 1, 4.80374e+19
Pixel 93, 128, 1, 1, 4.80374e+19
Pixel 93, 129, 1, 1, 4.80374e+19
Pixel 92, 129, 1, 1, 4.80374e+19
Pixel 92, 130, 1, 1, 4.80374e+19
Pixel 93, 130, 1, 1, 4.80374e+19
Pixel 93, 131, 1, 1, 4.80374e+19
Pixel 92, 131, 1, 1, 4.80374e+19
Pixel 92, 132, 1, 1, 4.80374e+19
Pixel 93, 132, 1, 1, 4.80374e+19
Pixel 93, 133, 1, 1, 4.80374e+19
Pixel 92, 133, 1, 1, 4.80374e+19
Pixel 92, 134, 1, 1, 4.80374e+19
Pixel 93, 134, 1, 1, 4.80374e+19
Pixel 93, 135, 1, 1, 4.80374e+19
Pixel 92, 135, 1, 1, 4.80374e+19
Pixel 92, 136, 1, 1, 4.80374e+19
Pixel 93, 136, 1, 1, 4.80374e+19
Pixel 93, 137, 1, 1, 4.80374e+19
Pixel 92, 137, 1, 1, 4.80374e+19
Pixel 92, 138, 1, 1, 4.80374e+19
Pixel 93, 138, 1, 1, 4.80374e+19
Pixel 93, 139, 1, 1, 4.80374e+19
Pixel 92, 139, 1, 1, 4.80374e+19
Pixel 92, 140, 1, 1, 4.80374e+19
Pixel 93, 140, 1, 1, 4.80374e+19
Pixel 93, 141, 1, 1, 4.80374e+19
Pixel 92, 141, 1, 1, 4.80374e+19
Pixel 92, 142, 1, 1, 4.80374e+19
Pixel 93, 142, 1, 1, 4.80374e+19
Pixel 93, 143, 1, 1, 4.80374e+19
Pixel 92, 143, 1, 1, 4.80374e+19
Pixel 92, 144, 1, 1, 4.80374e+19
Pixel 93, 144, 1, 1, 4.80374e+19
Pixel 93, 145, 1, 1, 4.80374e+19
Pixel 92, 145, 1, 1, 4.80374e+19
Pixel 92, 146, 1, 1, 4.80374e+19
Pixel 93, 146, 1, 1, 4.80374e+19
Pixel 93, 147, 1, 1, 4.80374e+19
Pixel 92, 147, 1, 1, 4.80374e+19
Pixel 92, 148, 1, 1, 4.80374e+19
Pixel 93, 148, 1, 1, 4.80374e+19
Pixel 93, 149, 1, 1, 4.80374e+19
Pixel 92, 149, 1, 1, 4.80374e+19
Pixel 92, 150, 1, 1, 4.80374e+19
Pixel 93, 150, 1, 1, 4.80374e+19
Pixel 93, 151, 1, 1, 4.80374e+19
Pixel 92, 151, 1, 1, 4.80374e+19
Pixel 92, 152, 1, 1, 4.80374e+19
Pixel 93, 152, 1, 1, 4.80374e+19
Pixel 93, 153, 1, 1, 4.80374e+19
Pixel 92, 153, 1, 1, 4.80374e+19
Pixel 92, 154, 1, 1, 4.80374e+19
Pixel 93, 154, 1, 1, 4.80374e+19
Pixel 93, 155, 1, 1, 4.80374e+19
Pixel 92, 155, 1, 1, 4.80374e+19
Pixel 92, 156, 1, 1, 4.80374e+19
Pixel 93, 156, 1, 1, 4.80374e+19
Pixel 93, 157, 1, 1, 4.80374e+19
Pixel 92, 157, 1, 1, 4.80374e+19
Pixel 92, 158, 1, 1, 4.80374e+19
Pixel 93, 158, 1, 1, 4.80374e+19
Pixel 93, 159, 1, 1, 4.80374e+19
Pixel 92, 159, 1, 1, 4.80374e+19
Pixel 92, 160, 1, 1, 4.80374e+19
Pixel 93, 160, 1, 1, 4.80374e+19
Pixel 93, 161, 1, 1, 4.80374e+19
Pixel 92, 161, 1, 1, 4.80374e+19
Pixel 92, 162, 1, 1, 4.80374e+19
Pixel 93, 162, 1, 1, 4.80374e+19
Pixel 93, 163, 1, 1, 4.80374e+19
Pixel 92, 163, 1, 1, 4.80374e+19
Pixel 92, 164, 1, 1, 4.80374e+19
Pixel 93, 164, 1, 1, 4.80374e+19
Pixel 93, 165, 1, 1, 4.80374e+19
Pixel 92, 165, 1, 1, 4.80374e+19
Pixel 92, 166, 1, 1, 4.80374e+19
Pixel 93, 166, 1, 1, 4.80374e+19
Pixel 93, 167, 1, 1, 4.80374e+19
Pixel 92, 167, 1, 1, 4.80374e+19
Pixel 92, 168, 1, 1, 4.80374e+19
Pixel 93, 168, 1, 1, 4.80374e+19
Pixel 93, 169, 1, 1, 4.80374e+19
Pixel 92, 169, 1, 1, 4.80374e+19
Pixel 92, 170, 1, 1, 4.80374e+19
Pixel 93, 170, 1, 1, 4.80374e+19
Pixel 93, 171, 1, 1, 4.80374e+19
Pixel 92, 171, 1, 1, 4.80374e+19
Pixel 92, 172, 1, 1, 4.80374e+19
Pixel 93, 172, 1, 1, 4.80374e+19
Pixel 93, 173, 1, 1, 4.80374e+19
Pixel 92, 173, 1, 1, 4.80374e+19
Pixel 92, 174, 1, 1, 4.80374e+19
Pixel 93, 174, 1, 1, 4.80374e+19
Pixel 93, 175, 1, 1, 4.80374e+19
Pixel 92, 175, 1, 1, 4.80374e+19
Pixel 92, 176, 1, 1, 4.80374e+19
Pixel 93, 176, 1, 1, 4.80374e+19
Pixel 93, 177, 1, 1, 4.80374e+19
Pixel 92, 177, 1, 1, 4.80374e+19
Pixel 92, 178, 1, 1, 4.80374e+19
Pixel 93, 178, 1, 1, 4.80374e+19
Pixel 93, 179, 1, 1, 4.80374e+19
Pixel 92, 179, 1, 1, 4.80374e+19
Pixel 92, 180, 1, 1, 4.80374e+19
Pixel 93, 180, 1, 1, 4.80374e+19
Pixel 93, 181, 1, 1, 4.80374e+19
Pixel 92, 181, 1, 1, 4.80374e+19
Pixel 92, 182, 1, 1, 4.80374e+19
Pixel 93, 182, 1, 1, 4.80374e+19
Pixel 93, 183, 1, 1, 4.80374e+19
Pixel 92, 183, 1, 1, 4.80374e+19
Pixel 92, 184, 1, 1, 4.80374e+19
Pixel 93, 184, 1, 1, 4.80374e+19
Pixel 93, 185, 1, 1, 4.80374e+19
Pixel 92, 185, 1, 1, 4.80374e+19
Pixel 92, 186, 1, 1, 4.80374e+19
Pixel 93, 186, 1, 1, 4.80374e+19
Pixel 93, 187, 1, 1, 4.80374e+19
Pixel 92, 187, 1, 1, 4.80374e+19
Pixel 92, 188, 1, 1, 4.80374e+19
Pixel 93, 188, 1, 1, 4.80374e+19
Pixel 93, 189, 1, 1, 4.80374e+19
Pixel 92, 189, 1, 1, 4.80374e+19
Pixel 92, 190, 1, 1, 4.80374e+19
Pixel 93, 190, 1, 1, 4.80374e+19
Pixel 93, 191, 1, 1, 4.80374e+19
Pixel 92, 191, 1, 1, 4.80374e+19
Pixel 92, 192, 1, 1, 4.80374e+19
Pixel 93, 192, 1, 1, 4.80374e+19
Pixel 93, 193, 1, 1, 4.80374e+19
Pixel 92, 193, 1, 1, 4.80374e+19
Pixel 92, 194, 1, 1, 4.80374e+19
Pixel 93, 194, 1, 1, 4.80374e+19
Pixel 93, 195, 1, 1, 4.80374e+19
Pixel 92, 195, 1, 1, 4.80374e+19
Pixel 92, 196, 1, 1, 4.80374e+19
Pixel 93, 196, 1, 1, 4.80374e+19
Pixel 93, 197, 1, 1, 4.80374e+19
Pixel 92, 197, 1, 1, 4.80374e+19
Pixel 92, 198, 1, 1, 4.80374e+19
Pixel 93, 198, 1, 1, 4.80374e+19
Pixel 93, 199, 1, 1, 4.80374e+19
Pixel 92, 199, 1, 1, 4.80374e+19
Pixel 92, 200, 1, 1, 4.80374e+19
Pixel 93, 200, 1, 1, 4.80374e+19
Pixel 93, 201, 1, 1, 4.80374e+19
Pixel 92, 201, 1, 1, 4.80374e+19
Pixel 92, 202, 1, 1, 4.80374e+19
Pixel 93, 202, 1, 1, 4.80374e+19
Pixel 93, 203, 1, 1, 4.80374e+19
Pixel 92, 203, 1, 1, 4.80374e+19
Pixel 92, 204, 1, 1, 4.80374e+19
Pixel 93, 204, 1, 1, 4.80374e+19
Pixel 93, 205, 1, 1, 4.80374e+19
Pixel 92, 205, 1, 1, 4.80374e+19
Pixel 92, 206, 1, 1, 4.80374e+19
Pixel 93, 206, 1, 1, 4.80374e+19
Pixel 93, 207, 1, 1, 4.80374e+19
Pixel 92, 207, 1, 1, 4.80374e+19
Pixel 92, 208, 1, 1, 4.80374e+19
Pixel 93, 208, 1, 1, 4.80374e+19
Pixel 93, 209, 1, 1, 4.80374e+19
Pixel 92, 209, 1, 1, 4.80374e+19
Pixel 92, 210, 1, 1, 4.80374e+19
Pixel 93, 210, 1, 1, 4.80374e+19
Pixel 93, 211, 1, 1, 4.80374e+19
Pixel 92, 211, 1, 1, 4.80374e+19
Pixel 92, 212, 1, 1, 4.80374e+19
Pixel 93, 212, 1, 1, 4.80374e+19
Pixel 93, 213, 1, 1, 4.80374e+19
Pixel 92, 213, 1, 1, 4.80374e+19
Pixel 92, 214, 1, 1, 4.80374e+19
Pixel 93, 214, 1, 1, 4.80374e+19
Pixel 93, 215, 1, 1, 4.80374e+19
Pixel 92, 215, 1, 1, 4.80374e+19
Pixel 92, 216, 1, 1, 4.80374e+19
Pixel 93, 216, 1, 1, 4.80374e+19
Pixel 93, 217, 1, 1, 4.80374e+19
Pixel 92, 217, 1, 1, 4.80374e+19
Pixel 92, 218, 1, 1, 4.80374e+19
Pixel 93, 218, 1, 1, 4.80374e+19
Pixel 93, 219, 1, 1, 4.80374e+19
Pixel 92, 219, 1, 1, 4.80374e+19
Pixel 92, 220, 1, 1, 4.80374e+19
Pixel 93, 220, 1, 1, 4.80374e+19
Pixel 93, 221, 1, 1, 4.80374e+19
Pixel 92, 221, 1, 1, 4.80374e+19
Pixel 92, 222, 1, 1, 4.80374e+19
Pixel 93, 222, 1, 1, 4.80374e+19
Pixel 93, 223, 1, 1, 4.80374e+19
Pixel 92, 223, 1, 1, 4.80374e+19
Pixel 92, 224, 1, 1, 4.80374e+19
Pixel 93, 224, 1, 1, 4.80374e+19
Pixel 93, 225, 1, 1, 4.80374e+19
Pixel 92, 225, 1, 1, 4.80374e+19
Pixel 92, 226, 1, 1, 4.80374e+19
Pixel 93, 226, 1, 1, 4.80374e+19
Pixel 93, 227, 1, 1, 4.80374e+19
Pixel 92, 227, 1, 1, 4.80374e+19
Pixel 92, 228, 1, 1, 4.80374e+19
Pixel 93, 228, 1, 1, 4.80374e+19
Pixel 93, 229, 1, 1, 4.80374e+19
Pixel 92, 229, 1, 1, 4.80374e+19
Pixel 92, 230, 1, 1, 4.80374e+19
Pixel 93, 230, 1, 1, 4.80374e+19
Pixel 93, 231, 1, 1, 4.80374e+19
Pixel 92, 231, 1, 1, 4.80374e+19
Pixel 92, 232, 1, 1, 4.80374e+19
Pixel 93, 232, 1, 1, 4.80374e+19
Pixel 93, 233, 1, 1, 4.80374e+19
Pixel 92, 233, 1, 1, 4.80374e+19
Pixel 92, 234, 1, 1, 4.80374e+19
Pixel 93, 234, 1, 1, 4.80374e+19
Pixel 93, 235, 1, 1, 4.80374e+19
Pixel 92, 235, 1, 1, 4.80374e+19
Pixel 92, 236, 1, 1, 4.80374e+19
Pixel 93, 236, 1, 1, 4.80374e+19
Pixel 93, 237, 1, 1, 4.80374e+19
Pixel 92, 237, 1, 1, 4.80374e+19
Pixel 92, 238, 1, 1, 4.80374e+19
Pixel 93, 238, 1, 1, 4.80374e+19
Pixel 93, 239, 1, 1, 4.80374e+19
Pixel 92, 239, 1, 1, 4.80374e+19
Pixel 92, 240, 1, 1, 4.80374e+19
Pixel 93, 240, 1, 1, 4.80374e+19
Pixel 93, 241, 1, 1, 4.80374e+19
Pixel 92, 241, 1, 1, 4.80374e+19
Pixel 92, 242, 1, 1, 4.80374e+19
Pixel 93, 242, 1, 1, 4.80374e+19
Pixel 93, 243, 1, 1, 4.80374e+19
Pixel 92, 243, 1, 1, 4.80374e+19
Pixel 92, 244, 1, 1, 4.80374e+19
Pixel 93, 244, 1, 1, 4.80374e+19
Pixel 93, 245, 1, 1, 4.80374e+19
Pixel 92, 245, 1, 1, 4.80374e+19
Pixel 92, 246, 1, 1, 4.80374e+19
Pixel 93, 246, 1, 1, 4.80374e+19
Pixel 93, 247, 1, 1, 4.80374e+19
Pixel 92, 247, 1, 1, 4.80374e+19
Pixel 92, 248, 1, 1, 4.80374e+19
Pixel 93, 248, 1, 1, 4.80374e+19
Pixel 93, 249, 1, 1, 4.80374e+19
Pixel 92, 249, 1, 1, 4.80374e+19
Pixel 92, 250, 1, 1, 4.80374e+19
Pixel 93, 250, 1, 1, 4.80374e+19
Pixel 93, 251, 1, 1, 4.80374e+19
Pixel 92, 251, 1, 1, 4.80374e+19
Pixel 92, 252, 1, 1, 4.80374e+19
Pixel 93, 252, 1, 1, 4.80374e+19
Pixel 93, 253, 1, 1, 4.80374e+19
Pixel 92, 253, 1, 1, 4.80374e+19
Pixel 92, 254, 1, 1, 4.80374e+19
Pixel 93, 254, 1, 1, 4.80374e+19
Pixel 93, 255, 1, 1, 4.80374e+19
Pixel 92, 255, 1, 1, 4.80374e+19
=== 21158 ===
--- pALPIDEfs_6 ---
Pixel 221, 298, 1, 1, 4.80374e+19
Pixel 222, 296, 1, 1, 4.80374e+19
Pixel 223, 296, 1, 1, 4.80374e+19
Pixel 223, 297, 1, 1, 4.80374e+19
Pixel 222, 297, 1, 1, 4.80374e+19
Pixel 222, 298, 1, 1, 4.80374e+19
=== 28380 ===
--- pALPIDEfs_4 ---
Pixel 52, 438, 1, 1, 4.80374e+19
--- pALPIDEfs_5 ---
Pixel 305, 391, 1, 1, 4.80374e+19
--- pALPIDEfs_6 ---
Pixel 613, 284, 1, 1, 4.80374e+19
Pixel 614, 284, 1, 1, 4.80374e+19
=== 44793 ===
--- pALPIDEfs_1 ---
Pixel 239, 185, 1, 1, 4.80374e+19
Pixel 240, 184, 1, 1, 4.80374e+19
Pixel 240, 185, 1, 1, 4.80374e+19
=== 47017 ===
--- pALPIDEfs_3 ---
Pixel 395, 299, 1, 1, 4.80374e+19
=== 67945 ===
--- pALPIDEfs_5 ---
Pixel 42, 374, 1, 1, 4.80374e+19
=== 74447 ===
--- pALPIDEfs_5 ---
Pixel 785, 115, 1, 1, 4.80374e+19
Pixel 786, 115, 1, 1, 4.80374e+19
Pixel 786, 116, 1, 1, 4.80374e+19
=== 83233 ===
--- pALPIDEfs_1 ---
Pixel 295, 119, 1, 1, 4.80374e+19
=== 90550 ===
--- pALPIDEfs_1 ---
Pixel 385, 175, 1, 1, 4.80374e+19
--- pALPIDEfs_2 ---
Pixel 620, 491, 1, 1, 4.80374e+19
Pixel 620, 492, 1, 1, 4.80374e+19
=== 111094 ===
--- pALPIDEfs_4 ---
Pixel 682, 490, 1, 1, 4.80374e+19
Pixel 683, 490, 1, 1, 4.80374e+19
Pixel 683, 491, 1, 1, 4.80374e+19
Pixel 682, 491, 1, 1, 4.80374e+19
Pixel 683, 492, 1, 1, 4.80374e+19
Pixel 684, 492, 1, 1, 4.80374e+19
Pixel 687, 497, 1, 1, 4.80374e+19
Pixel 687, 498, 1, 1, 4.80374e+19
Pixel 688, 497, 1, 1, 4.80374e+19
Pixel 688, 498, 1, 1, 4.80374e+19
Pixel 689, 499, 1, 1, 4.80374e+19
=== 112301 ===
--- pALPIDEfs_4 ---
Pixel 19, 313, 1, 1, 4.80374e+19
Pixel 18, 313, 1, 1, 4.80374e+19
Pixel 18, 314, 1, 1, 4.80374e+19
Pixel 19, 314, 1, 1, 4.80374e+19
=== 112302 ===
--- pALPIDEfs_4 ---
Pixel 18, 313, 1, 1, 4.80374e+19
=== 124091 ===
--- pALPIDEfs_4 ---
Pixel 772, 41, 1, 1, 4.80374e+19
Pixel 772, 42, 1, 1, 4.80374e+19
=== 134765 ===
--- pALPIDEfs_4 ---
Pixel 159, 168, 1, 1, 4.80374e+19
Pixel 160, 168, 1, 1, 4.80374e+19
--- pALPIDEfs_5 ---
Pixel 977, 127, 1, 1, 4.80374e+19
Pixel 976, 128, 1, 1, 4.80374e+19
Pixel 977, 128, 1, 1, 4.80374e+19
=== 136091 ===
--- pALPIDEfs_5 ---
Pixel 417, 412, 1, 1, 4.80374e+19
Pixel 417, 413, 1, 1, 4.80374e+19
Pixel 418, 411, 1, 1, 4.80374e+19
Pixel 418, 412, 1, 1, 4.80374e+19
Pixel 419, 412, 1, 1, 4.80374e+19
Pixel 418, 413, 1, 1, 4.80374e+19
--- pALPIDEfs_6 ---
Pixel 103, 218, 1, 1, 4.80374e+19
Pixel 103, 219, 1, 1, 4.80374e+19
Pixel 104, 218, 1, 1, 4.80374e+19
Pixel 104, 219, 1, 1, 4.80374e+19
=== 141414 ===
--- pALPIDEfs_0 ---
Pixel 283, 205, 1, 1, 4.80374e+19
Pixel 282, 206, 1, 1, 4.80374e+19
Pixel 283, 206, 1, 1, 4.80374e+19
--- pALPIDEfs_1 ---
Pixel 423, 111, 1, 1, 4.80374e+19
Pixel 422, 111, 1, 1, 4.80374e+19
Pixel 422, 112, 1, 1, 4.80374e+19
Pixel 423, 112, 1, 1, 4.80374e+19
=== 148079 ===
--- pALPIDEfs_5 ---
Pixel 781, 83, 1, 1, 4.80374e+19
Pixel 782, 83, 1, 1, 4.80374e+19
Pixel 782, 84, 1, 1, 4.80374e+19
=== 165213 ===
--- pALPIDEfs_4 ---
Pixel 419, 508, 1, 1, 4.80374e+19
Pixel 419, 509, 1, 1, 4.80374e+19
Pixel 420, 508, 1, 1, 4.80374e+19
Pixel 420, 509, 1, 1, 4.80374e+19
--- pALPIDEfs_5 ---
Pixel 164, 142, 1, 1, 4.80374e+19
Pixel 164, 143, 1, 1, 4.80374e+19
Pixel 753, 471, 1, 1, 4.80374e+19
Pixel 752, 471, 1, 1, 4.80374e+19
=== 174939 ===
--- pALPIDEfs_2 ---
Pixel 693, 349, 1, 1, 4.80374e+19
Pixel 693, 350, 1, 1, 4.80374e+19
Pixel 694, 349, 1, 1, 4.80374e+19
Pixel 694, 350, 1, 1, 4.80374e+19
=== 204357 ===
--- pALPIDEfs_4 ---
Pixel 98, 334, 1, 1, 4.80374e+19
=== 205150 ===
--- pALPIDEfs_6 ---
Pixel 1008, 104, 1, 1, 4.80374e+19
Pixel 1009, 104, 1, 1, 4.80374e+19
=== 217128 ===
--- pALPIDEfs_1 ---
Pixel 143, 148, 1, 1, 4.80374e+19
Pixel 143, 149, 1, 1, 4.80374e+19
Pixel 144, 148, 1, 1, 4.80374e+19
Pixel 144, 149, 1, 1, 4.80374e+19
=== 220683 ===
--- pALPIDEfs_2 ---
Pixel 189, 151, 1, 1, 4.80374e+19
Pixel 188, 151, 1, 1, 4.80374e+19
Pixel 188, 152, 1, 1, 4.80374e+19
Pixel 189, 152, 1, 1, 4.80374e+19
=== 240950 ===
--- pALPIDEfs_0 ---
Pixel 759, 483, 1, 1, 4.80374e+19
Pixel 758, 484, 1, 1, 4.80374e+19
Pixel 759, 484, 1, 1, 4.80374e+19
=== 244355 ===
--- pALPIDEfs_3 ---
Pixel 269, 181, 1, 1, 4.80374e+19
Pixel 269, 182, 1, 1, 4.80374e+19
Pixel 270, 181, 1, 1, 4.80374e+19
=== 244779 ===
--- pALPIDEfs_6 ---
Pixel 261, 420, 1, 1, 4.80374e+19
Pixel 262, 420, 1, 1, 4.80374e+19
Pixel 263, 420, 1, 1, 4.80374e+19
Pixel 263, 421, 1, 1, 4.80374e+19
Pixel 262, 421, 1, 1, 4.80374e+19
=== 247990 ===
--- pALPIDEfs_0 ---
Pixel 719, 280, 1, 1, 4.80374e+19
Pixel 719, 281, 1, 1, 4.80374e+19
Pixel 720, 280, 1, 1, 4.80374e+19
=== 250272 ===
--- pALPIDEfs_5 ---
Pixel 637, 176, 1, 1, 4.80374e+19
Pixel 637, 177, 1, 1, 4.80374e+19
Pixel 638, 176, 1, 1, 4.80374e+19
Pixel 639, 177, 1, 1, 4.80374e+19
Pixel 638, 177, 1, 1, 4.80374e+19
Pixel 638, 178, 1, 1, 4.80374e+19
Pixel 639, 178, 1, 1, 4.80374e+19
=== 255532 ===
--- pALPIDEfs_6 ---
Pixel 669, 319, 1, 1, 4.80374e+19
Pixel 668, 319, 1, 1, 4.80374e+19
Pixel 668, 320, 1, 1, 4.80374e+19
Pixel 669, 320, 1, 1, 4.80374e+19
=== 267207 ===
--- pALPIDEfs_0 ---
Pixel 3, 265, 1, 1, 4.80374e+19
Pixel 3, 266, 1, 1, 4.80374e+19
Pixel 3, 267, 1, 1, 4.80374e+19
Pixel 3, 268, 1, 1, 4.80374e+19
Pixel 3, 269, 1, 1, 4.80374e+19
Pixel 4, 268, 1, 1, 4.80374e+19
Pixel 4, 269, 1, 1, 4.80374e+19
=== 267930 ===
--- pALPIDEfs_1 ---
Pixel 208, 385, 1, 1, 4.80374e+19
Pixel 391, 380, 1, 1, 4.80374e+19
Pixel 391, 381, 1, 1, 4.80374e+19
=== 277945 ===
--- pALPIDEfs_0 ---
Pixel 938, 54, 1, 1, 4.80374e+19
Pixel 939, 54, 1, 1, 4.80374e+19
Pixel 939, 55, 1, 1, 4.80374e+19
Pixel 940, 54, 1, 1, 4.80374e+19
Pixel 940, 55, 1, 1, 4.80374e+19
=== 282941 ===
--- pALPIDEfs_0 ---
Pixel 521, 191, 1, 1, 4.80374e+19
Pixel 521, 192, 1, 1, 4.80374e+19
Pixel 522, 191, 1, 1, 4.80374e+19
Pixel 522, 192, 1, 1, 4.80374e+19
=== 323068 ===
--- pALPIDEfs_6 ---
Pixel 1003, 97, 1, 1, 4.80374e+19
Pixel 1002, 97, 1, 1, 4.80374e+19
Pixel 1002, 98, 1, 1, 4.80374e+19
Pixel 1003, 98, 1, 1, 4.80374e+19
=== 339576 ===
--- pALPIDEfs_3 ---
Pixel 920, 364, 1, 1, 4.80374e+19
Pixel 921, 364, 1, 1, 4.80374e+19
Pixel 921, 365, 1, 1, 4.80374e+19
=== 341720 ===
--- pALPIDEfs_1 ---
Pixel 906, 91, 1, 1, 4.80374e+19
=== 344300 ===
--- pALPIDEfs_2 ---
Pixel 217, 419, 1, 1, 4.80374e+19
=== 345918 ===
--- pALPIDEfs_3 ---
Pixel 716, 109, 1, 1, 4.80374e+19
Pixel 716, 110, 1, 1, 4.80374e+19
=== 354142 ===
--- pALPIDEfs_6 ---
Pixel 690, 476, 1, 1, 4.80374e+19
Pixel 691, 476, 1, 1, 4.80374e+19
Pixel 691, 477, 1, 1, 4.80374e+19
Pixel 690, 477, 1, 1, 4.80374e+19
=== 357534 ===
--- pALPIDEfs_2 ---
Pixel 695, 367, 1, 1, 4.80374e+19
Pixel 695, 368, 1, 1, 4.80374e+19
Pixel 696, 367, 1, 1, 4.80374e+19
Pixel 696, 368, 1, 1, 4.80374e+19
Pixel 697, 368, 1, 1, 4.80374e+19
Pixel 698, 368, 1, 1, 4.80374e+19
=== 358027 ===
--- pALPIDEfs_6 ---
Pixel 37, 154, 1, 1, 4.80374e+19
Pixel 37, 155, 1, 1, 4.80374e+19
Pixel 38, 155, 1, 1, 4.80374e+19
=== 392979 ===
--- pALPIDEfs_4 ---
Pixel 149, 80, 1, 1, 4.80374e+19
Pixel 149, 81, 1, 1, 4.80374e+19
Pixel 148, 81, 1, 1, 4.80374e+19
Pixel 149, 82, 1, 1, 4.80374e+19
Pixel 150, 81, 1, 1, 4.80374e+19
Pixel 150, 82, 1, 1, 4.80374e+19
=== 397768 ===
--- pALPIDEfs_0 ---
Pixel 943, 300, 1, 1, 4.80374e+19
Pixel 943, 301, 1, 1, 4.80374e+19
Pixel 944, 300, 1, 1, 4.80374e+19
Pixel 944, 301, 1, 1, 4.80374e+19
=== 405756 ===
--- pALPIDEfs_1 ---
Pixel 518, 431, 1, 1, 4.80374e+19
--- pALPIDEfs_2 ---
Pixel 403, 193, 1, 1, 4.80374e+19
Pixel 404, 193, 1, 1, 4.80374e+19
--- pALPIDEfs_3 ---
Pixel 289, 24, 1, 1, 4.80374e+19
=== 437478 ===
--- pALPIDEfs_6 ---
Pixel 18, 328, 1, 1, 4.80374e+19
Pixel 18, 329, 1, 1, 4.80374e+19
=== 444544 ===
--- pALPIDEfs_4 ---
Pixel 649, 279, 1, 1, 4.80374e+19
Pixel 649, 280, 1, 1, 4.80374e+19
Pixel 650, 279, 1, 1, 4.80374e+19
=== 450784 ===
--- pALPIDEfs_1 ---
Pixel 536, 168, 1, 1, 4.80374e+19
Pixel 536, 169, 1, 1, 4.80374e+19
=== 455428 ===
--- pALPIDEfs_3 ---
Pixel 485, 332, 1, 1, 4.80374e+19
Pixel 485, 333, 1, 1, 4.80374e+19
Pixel 486, 332, 1, 1, 4.80374e+19
Pixel 486, 333, 1, 1, 4.80374e+19
=== 476774 ===
--- pALPIDEfs_5 ---
Pixel 898, 298, 1, 1, 4.80374e+19
Pixel 899, 298, 1, 1, 4.80374e+19
Pixel 899, 299, 1, 1, 4.80374e+19
Pixel 898, 299, 1, 1, 4.80374e+19
=== 487916 ===
--- pALPIDEfs_2 ---
Pixel 13, 495, 1, 1, 4.80374e+19
Pixel 12, 495, 1, 1, 4.80374e+19
Pixel 497, 69, 1, 1, 4.80374e+19
Pixel 497, 70, 1, 1, 4.80374e+19
Pixel 498, 69, 1, 1, 4.80374e+19
Pixel 498, 70, 1, 1, 4.80374e+19
--- pALPIDEfs_3 ---
Pixel 673, 451, 1, 1, 4.80374e+19
Pixel 672, 451, 1, 1, 4.80374e+19
=== 488630 ===
--- pALPIDEfs_5 ---
Pixel 867, 23, 1, 1, 4.80374e+19
Pixel 868, 22, 1, 1, 4.80374e+19
Pixel 868, 23, 1, 1, 4.80374e+19
=== 497969 ===
--- pALPIDEfs_1 ---
Pixel 61, 486, 1, 1, 4.80374e+19
=== 501877 ===
--- pALPIDEfs_0 ---
Pixel 579, 211, 1, 1, 4.80374e+19
Pixel 579, 212, 1, 1, 4.80374e+19
Pixel 580, 212, 1, 1, 4.80374e+19
--- pALPIDEfs_1 ---
Pixel 456, 125, 1, 1, 4.80374e+19
--- pALPIDEfs_2 ---
Pixel 309, 107, 1, 1, 4.80374e+19
Pixel 309, 108, 1, 1, 4.80374e+19
--- pALPIDEfs_3 ---
Pixel 58, 278, 1, 1, 4.80374e+19
Pixel 58, 279, 1, 1, 4.80374e+19
=== 503859 ===
--- pALPIDEfs_5 ---
Pixel 428, 321, 1, 1, 4.80374e+19
Pixel 428, 322, 1, 1, 4.80374e+19
=== 513741 ===
--- pALPIDEfs_2 ---
Pixel 512, 81, 1, 1, 4.80374e+19
Pixel 512, 82, 1, 1, 4.80374e+19
=== 543217 ===
--- pALPIDEfs_5 ---
Pixel 501, 257, 1, 1, 4.80374e+19
Pixel 501, 258, 1, 1, 4.80374e+19
Pixel 501, 259, 1, 1, 4.80374e+19
=== 546357 ===
--- pALPIDEfs_5 ---
Pixel 720, 220, 1, 1, 4.80374e+19
Pixel 720, 221, 1, 1, 4.80374e+19
=== 559972 ===
--- pALPIDEfs_1 ---
Pixel 74, 374, 1, 1, 4.80374e+19
=== 562864 ===
--- pALPIDEfs_0 ---
Pixel 23, 95, 1, 1, 4.80374e+19
Pixel 22, 95, 1, 1, 4.80374e+19
Pixel 23, 96, 1, 1, 4.80374e+19
Pixel 25, 95, 1, 1, 4.80374e+19
Pixel 24, 95, 1, 1, 4.80374e+19
Pixel 24, 96, 1, 1, 4.80374e+19
Pixel 25, 96, 1, 1, 4.80374e+19
Pixel 25, 97, 1, 1, 4.80374e+19
Pixel 26, 96, 1, 1, 4.80374e+19
Pixel 26, 97, 1, 1, 4.80374e+19
=== 570474 ===
--- pALPIDEfs_3 ---
Pixel 915, 11, 1, 1, 4.80374e+19
Pixel 914, 11, 1, 1, 4.80374e+19
--- pALPIDEfs_4 ---
Pixel 729, 27, 1, 1, 4.80374e+19
Pixel 729, 28, 1, 1, 4.80374e+19
Pixel 730, 27, 1, 1, 4.80374e+19
Pixel 730, 28, 1, 1, 4.80374e+19
=== 575259 ===
--- pALPIDEfs_2 ---
Pixel 792, 380, 1, 1, 4.80374e+19
Pixel 793, 380, 1, 1, 4.80374e+19
Pixel 793, 381, 1, 1, 4.80374e+19
Pixel 794, 381, 1, 1, 4.80374e+19
=== 577854 ===
--- pALPIDEfs_3 ---
Pixel 441, 403, 1, 1, 4.80374e+19
Pixel 441, 404, 1, 1, 4.80374e+19
Pixel 442, 403, 1, 1, 4.80374e+19
Pixel 442, 404, 1, 1, 4.80374e+19
=== 581637 ===
--- pALPIDEfs_4 ---
Pixel 435, 195, 1, 1, 4.80374e+19
Pixel 434, 195, 1, 1, 4.80374e+19
--- pALPIDEfs_5 ---
Pixel 675, 497, 1, 1, 4.80374e+19
Pixel 674, 498, 1, 1, 4.80374e+19
Pixel 675, 498, 1, 1, 4.80374e+19
=== 583043 ===
--- pALPIDEfs_3 ---
Pixel 785, 417, 1, 1, 4.80374e+19
Pixel 786, 417, 1, 1, 4.80374e+19
=== 586293 ===
--- pALPIDEfs_0 ---
Pixel 752, 234, 1, 1, 4.80374e+19
Pixel 752, 235, 1, 1, 4.80374e+19
--- pALPIDEfs_1 ---
Pixel 752, 369, 1, 1, 4.80374e+19
--- pALPIDEfs_2 ---
Pixel 777, 398, 1, 1, 4.80374e+19
--- pALPIDEfs_3 ---
Pixel 803, 504, 1, 1, 4.80374e+19
Pixel 803, 505, 1, 1, 4.80374e+19
Pixel 804, 504, 1, 1, 4.80374e+19
Pixel 804, 505, 1, 1, 4.80374e+19
=== 596106 ===
--- pALPIDEfs_0 ---
Pixel 827, 113, 1, 1, 4.80374e+19
Pixel 826, 113, 1, 1, 4.80374e+19
Pixel 826, 114, 1, 1, 4.80374e+19
Pixel 827, 114, 1, 1, 4.80374e+19
=== 598343 ===
--- pALPIDEfs_4 ---
Pixel 752, 99, 1, 1, 4.80374e+19
Pixel 752, 100, 1, 1, 4.80374e+19
--- pALPIDEfs_5 ---
Pixel 465, 461, 1, 1, 4.80374e+19
Pixel 464, 461, 1, 1, 4.80374e+19
Pixel 464, 462, 1, 1, 4.80374e+19
Pixel 465, 462, 1, 1, 4.80374e+19
=== 617709 ===
--- pALPIDEfs_6 ---
Pixel 639, 443, 1, 1, 4.80374e+19
Pixel 640, 443, 1, 1, 4.80374e+19
=== 621214 ===
--- pALPIDEfs_4 ---
Pixel 247, 149, 1, 1, 4.80374e+19
Pixel 247, 150, 1, 1, 4.80374e+19
Pixel 248, 149, 1, 1, 4.80374e+19
Pixel 248, 150, 1, 1, 4.80374e+19
=== 624092 ===
--- pALPIDEfs_4 ---
Pixel 379, 339, 1, 1, 4.80374e+19
Pixel 379, 340, 1, 1, 4.80374e+19
=== 625087 ===
--- pALPIDEfs_3 ---
Pixel 97, 369, 1, 1, 4.80374e+19
Pixel 97, 370, 1, 1, 4.80374e+19
Pixel 98, 369, 1, 1, 4.80374e+19
Pixel 98, 370, 1, 1, 4.80374e+19
=== 625835 ===
--- pALPIDEfs_4 ---
Pixel 1007, 453, 1, 1, 4.80374e+19
Pixel 1006, 453, 1, 1, 4.80374e+19
=== 626043 ===
--- pALPIDEfs_0 ---
Pixel 121, 146, 1, 1, 4.80374e+19
Pixel 121, 147, 1, 1, 4.80374e+19
Pixel 122, 146, 1, 1, 4.80374e+19
Pixel 123, 146, 1, 1, 4.80374e+19
Pixel 123, 147, 1, 1, 4.80374e+19
Pixel 122, 147, 1, 1, 4.80374e+19
Pixel 124, 146, 1, 1, 4.80374e+19
Pixel 125, 146, 1, 1, 4.80374e+19
Pixel 125, 147, 1, 1, 4.80374e+19
Pixel 124, 147, 1, 1, 4.80374e+19
Pixel 126, 145, 1, 1, 4.80374e+19
Pixel 126, 146, 1, 1, 4.80374e+19
Pixel 127, 146, 1, 1, 4.80374e+19
=== 638259 ===
--- pALPIDEfs_4 ---
Pixel 574, 88, 1, 1, 4.80374e+19
Pixel 575, 88, 1, 1, 4.80374e+19
Pixel 575, 89, 1, 1, 4.80374e+19
Pixel 574, 89, 1, 1, 4.80374e+19
Pixel 574, 90, 1, 1, 4.80374e+19
Pixel 575, 90, 1, 1, 4.80374e+19
--- pALPIDEfs_5 ---
Pixel 500, 16, 1, 1, 4.80374e+19
Pixel 501, 16, 1, 1, 4.80374e+19
Pixel 501, 17, 1, 1, 4.80374e+19
=== 643768 ===
--- pALPIDEfs_3 ---
Pixel 243, 100, 1, 1, 4.80374e+19
--- pALPIDEfs_4 ---
Pixel 541, 161, 1, 1, 4.80374e+19
--- pALPIDEfs_5 ---
Pixel 830, 480, 1, 1, 4.80374e+19
Pixel 830, 481, 1, 1, 4.80374e+19
=== 673099 ===
--- pALPIDEfs_2 ---
Pixel 475, 36, 1, 1, 4.80374e+19
Pixel 475, 37, 1, 1, 4.80374e+19
Pixel 476, 36, 1, 1, 4.80374e+19
Pixel 477, 36, 1, 1, 4.80374e+19
Pixel 478, 36, 1, 1, 4.80374e+19
Pixel 479, 36, 1, 1, 4.80374e+19
Pixel 479, 37, 1, 1, 4.80374e+19
=== 675538 ===
--- pALPIDEfs_0 ---
Pixel 113, 18, 1, 1, 4.80374e+19
Pixel 113, 19, 1, 1, 4.80374e+19
=== 678346 ===
--- pALPIDEfs_3 ---
Pixel 895, 498, 1, 1, 4.80374e+19
Pixel 895, 499, 1, 1, 4.80374e+19
Pixel 896, 498, 1, 1, 4.80374e+19
Pixel 896, 499, 1, 1, 4.80374e+19
=== 678347 ===
--- pALPIDEfs_3 ---
Pixel 895, 498, 1, 1, 4.80374e+19
Pixel 895, 499, 1, 1, 4.80374e+19
Pixel 896, 498, 1, 1, 4.80374e+19
Pixel 896, 499, 1, 1, 4.80374e+19
=== 707326 ===
--- pALPIDEfs_4 ---
Pixel 809, 359, 1, 1, 4.80374e+19
Pixel 808, 359, 1, 1, 4.80374e+19
Pixel 808, 360, 1, 1, 4.80374e+19
Pixel 809, 360, 1, 1, 4.80374e+19
=== 718160 ===
--- pALPIDEfs_4 ---
Pixel 40, 240, 1, 1, 4.80374e+19
Pixel 41, 240, 1, 1, 4.80374e+19
=== 733351 ===
--- pALPIDEfs_1 ---
Pixel 112, 213, 1, 1, 4.80374e+19
Pixel 112, 214, 1, 1, 4.80374e+19
--- pALPIDEfs_2 ---
Pixel 358, 326, 1, 1, 4.80374e+19
Pixel 359, 326, 1, 1, 4.80374e+19
--- pALPIDEfs_3 ---
Pixel 607, 506, 1, 1, 4.80374e+19
Pixel 607, 507, 1, 1, 4.80374e+19
Pixel 608, 507, 1, 1, 4.80374e+19
=== 740416 ===
--- pALPIDEfs_3 ---
Pixel 118, 148, 1, 1, 4.80374e+19
Pixel 118, 149, 1, 1, 4.80374e+19
=== 760255 ===
--- pALPIDEfs_3 ---
Pixel 70, 234, 1, 1, 4.80374e+19
=== 795682 ===
--- pALPIDEfs_4 ---
Pixel 374, 51, 1, 1, 4.80374e+19
Pixel 374, 52, 1, 1, 4.80374e+19
=== 804389 ===
--- pALPIDEfs_5 ---
Pixel 320, 58, 1, 1, 4.80374e+19
Pixel 321, 58, 1, 1, 4.80374e+19
Pixel 321, 59, 1, 1, 4.80374e+19
Pixel 320, 59, 1, 1, 4.80374e+19
=== 830608 ===
--- pALPIDEfs_4 ---
Pixel 217, 238, 1, 1, 4.80374e+19
Pixel 217, 239, 1, 1, 4.80374e+19
Pixel 218, 238, 1, 1, 4.80374e+19
Pixel 219, 239, 1, 1, 4.80374e+19
Pixel 218, 239, 1, 1, 4.80374e+19
Pixel 218, 240, 1, 1, 4.80374e+19
Pixel 219, 240, 1, 1, 4.80374e+19
Pixel 219, 241, 1, 1, 4.80374e+19
=== 836962 ===
--- pALPIDEfs_3 ---
Pixel 377, 157, 1, 1, 4.80374e+19
Pixel 376, 158, 1, 1, 4.80374e+19
Pixel 377, 158, 1, 1, 4.80374e+19
=== 838948 ===
--- pALPIDEfs_1 ---
Pixel 459, 499, 1, 1, 4.80374e+19
Pixel 460, 499, 1, 1, 4.80374e+19
=== 866340 ===
--- pALPIDEfs_1 ---
Pixel 163, 280, 1, 1, 4.80374e+19
Pixel 163, 281, 1, 1, 4.80374e+19
Pixel 164, 281, 1, 1, 4.80374e+19
=== 870120 ===
--- pALPIDEfs_4 ---
Pixel 839, 120, 1, 1, 4.80374e+19
Pixel 840, 120, 1, 1, 4.80374e+19
=== 894150 ===
--- pALPIDEfs_2 ---
Pixel 837, 106, 1, 1, 4.80374e+19
=== 899434 ===
--- pALPIDEfs_3 ---
Pixel 587, 297, 1, 1, 4.80374e+19
Pixel 586, 298, 1, 1, 4.80374e+19
Pixel 587, 298, 1, 1, 4.80374e+19
Pixel 587, 299, 1, 1, 4.80374e+19
Pixel 586, 299, 1, 1, 4.80374e+19
=== 907033 ===
--- pALPIDEfs_0 ---
Pixel 920, 128, 1, 1, 4.80374e+19
Pixel 921, 128, 1, 1, 4.80374e+19
=== 918470 ===
--- pALPIDEfs_4 ---
Pixel 140, 109, 1, 1, 4.80374e+19
Pixel 140, 110, 1, 1, 4.80374e+19
=== 943217 ===
--- pALPIDEfs_5 ---
Pixel 422, 221, 1, 1, 4.80374e+19
--- pALPIDEfs_6 ---
Pixel 382, 499, 1, 1, 4.80374e+19
=== 956094 ===
--- pALPIDEfs_6 ---
Pixel 903, 332, 1, 1, 4.80374e+19
Pixel 904, 332, 1, 1, 4.80374e+19
Pixel 904, 333, 1, 1, 4.80374e+19
=== 965523 ===
--- pALPIDEfs_6 ---
Pixel 599, 361, 1, 1, 4.80374e+19
Pixel 598, 361, 1, 1, 4.80374e+19
Pixel 598, 362, 1, 1, 4.80374e+19
Pixel 599, 362, 1, 1, 4.80374e+19
Pixel 600, 361, 1, 1, 4.80374e+19
Pixel 600, 362, 1, 1, 4.80374e+19
=== 990147 ===
--- pALPIDEfs_3 ---
Pixel 57, 4, 1, 1, 4.80374e+19
Pixel 58, 4, 1, 1, 4.80374e+19
--- pALPIDEfs_5 ---
Pixel 259, 27, 1, 1, 4.80374e+19
--- pALPIDEfs_6 ---
Pixel 400, 3, 1, 1, 4.80374e+19
Pixel 400, 4, 1, 1, 4.80374e+19
=== 1005858 ===
--- pALPIDEfs_3 ---
Pixel 717, 35, 1, 1, 4.80374e+19
Pixel 717, 36, 1, 1, 4.80374e+19
Pixel 718, 35, 1, 1, 4.80374e+19
Pixel 718, 36, 1, 1, 4.80374e+19
--- pALPIDEfs_4 ---
Pixel 543, 500, 1, 1, 4.80374e+19
Pixel 544, 499, 1, 1, 4.80374e+19
Pixel 544, 500, 1, 1, 4.80374e+19
=== 1012053 ===
--- pALPIDEfs_6 ---
Pixel 629, 476, 1, 1, 4.80374e+19
Pixel 629, 477, 1, 1, 4.80374e+19
Pixel 630, 476, 1, 1, 4.80374e+19
=== 1018777 ===
--- pALPIDEfs_2 ---
Pixel 189, 305, 1, 1, 4.80374e+19
Pixel 188, 306, 1, 1, 4.80374e+19
Pixel 189, 306, 1, 1, 4.80374e+19
Pixel 191, 304, 1, 1, 4.80374e+19
Pixel 191, 305, 1, 1, 4.80374e+19
Pixel 190, 305, 1, 1, 4.80374e+19
Pixel 193, 303, 1, 1, 4.80374e+19
Pixel 192, 304, 1, 1, 4.80374e+19
Pixel 193, 304, 1, 1, 4.80374e+19
Pixel 194, 302, 1, 1, 4.80374e+19
Pixel 195, 302, 1, 1, 4.80374e+19
Pixel 194, 303, 1, 1, 4.80374e+19
=== 1032078 ===
--- pALPIDEfs_0 ---
Pixel 680, 264, 1, 1, 4.80374e+19
=== 1061790 ===
--- pALPIDEfs_6 ---
Pixel 652, 410, 1, 1, 4.80374e+19
Pixel 653, 410, 1, 1, 4.80374e+19
Pixel 653, 411, 1, 1, 4.80374e+19
Pixel 652, 411, 1, 1, 4.80374e+19
=== 1080798 ===
--- pALPIDEfs_3 ---
Pixel 835, 387, 1, 1, 4.80374e+19
Pixel 834, 387, 1, 1, 4.80374e+19
Pixel 834, 388, 1, 1, 4.80374e+19
Pixel 835, 388, 1, 1, 4.80374e+19
Pixel 836, 388, 1, 1, 4.80374e+19
Pixel 837, 388, 1, 1, 4.80374e+19
Pixel 838, 388, 1, 1, 4.80374e+19
Pixel 839, 388, 1, 1, 4.80374e+19
Pixel 839, 389, 1, 1, 4.80374e+19
Pixel 838, 389, 1, 1, 4.80374e+19
Pixel 841, 389, 1, 1, 4.80374e+19
Pixel 840, 389, 1, 1, 4.80374e+19
Pixel 840, 390, 1, 1, 4.80374e+19
Pixel 841, 390, 1, 1, 4.80374e+19
Pixel 842, 390, 1, 1, 4.80374e+19
--- pALPIDEfs_4 ---
Pixel 158, 504, 1, 1, 4.80374e+19
Pixel 158, 505, 1, 1, 4.80374e+19
=== 1081505 ===
--- pALPIDEfs_0 ---
Pixel 723, 36, 1, 1, 4.80374e+19
Pixel 724, 36, 1, 1, 4.80374e+19
Pixel 724, 37, 1, 1, 4.80374e+19
=== 1092694 ===
--- pALPIDEfs_0 ---
Pixel 816, 88, 1, 1, 4.80374e+19
Pixel 817, 88, 1, 1, 4.80374e+19
Pixel 817, 89, 1, 1, 4.80374e+19
Pixel 816, 89, 1, 1, 4.80374e+19
=== 1102898 ===
--- pALPIDEfs_3 ---
Pixel 775, 64, 1, 1, 4.80374e+19
Pixel 775, 65, 1, 1, 4.80374e+19
=== 1111399 ===
--- pALPIDEfs_4 ---
Pixel 841, 85, 1, 1, 4.80374e+19
Pixel 841, 86, 1, 1, 4.80374e+19
=== 1117127 ===
--- pALPIDEfs_6 ---
Pixel 714, 390, 1, 1, 4.80374e+19
Pixel 715, 390, 1, 1, 4.80374e+19
Pixel 715, 391, 1, 1, 4.80374e+19
Pixel 714, 391, 1, 1, 4.80374e+19
Pixel 717, 385, 1, 1, 4.80374e+19
Pixel 716, 385, 1, 1, 4.80374e+19
Pixel 716, 386, 1, 1, 4.80374e+19
Pixel 717, 386, 1, 1, 4.80374e+19
Pixel 717, 388, 1, 1, 4.80374e+19
Pixel 717, 389, 1, 1, 4.80374e+19
Pixel 716, 389, 1, 1, 4.80374e+19
Pixel 716, 390, 1, 1, 4.80374e+19
Pixel 717, 390, 1, 1, 4.80374e+19
Pixel 718, 388, 1, 1, 4.80374e+19
Pixel 718, 389, 1, 1, 4.80374e+19
=== 1122976 ===
--- pALPIDEfs_0 ---
Pixel 275, 494, 1, 1, 4.80374e+19
Pixel 277, 493, 1, 1, 4.80374e+19
Pixel 276, 493, 1, 1, 4.80374e+19
Pixel 276, 494, 1, 1, 4.80374e+19
Pixel 277, 494, 1, 1, 4.80374e+19
Pixel 282, 493, 1, 1, 4.80374e+19
Pixel 282, 494, 1, 1, 4.80374e+19
=== 1125184 ===
--- pALPIDEfs_6 ---
Pixel 666, 385, 1, 1, 4.80374e+19
Pixel 666, 386, 1, 1, 4.80374e+19
=== 1139934 ===
--- pALPIDEfs_4 ---
Pixel 621, 432, 1, 1, 4.80374e+19
=== 1154075 ===
--- pALPIDEfs_3 ---
Pixel 431, 114, 1, 1, 4.80374e+19
Pixel 431, 115, 1, 1, 4.80374e+19
Pixel 431, 116, 1, 1, 4.80374e+19
Pixel 432, 114, 1, 1, 4.80374e+19
Pixel 433, 114, 1, 1, 4.80374e+19
Pixel 433, 115, 1, 1, 4.80374e+19
Pixel 432, 115, 1, 1, 4.80374e+19
Pixel 432, 116, 1, 1, 4.80374e+19
=== 1161649 ===
--- pALPIDEfs_6 ---
Pixel 591, 370, 1, 1, 4.80374e+19
Pixel 591, 371, 1, 1, 4.80374e+19
Pixel 592, 370, 1, 1, 4.80374e+19
=== 1172569 ===
--- pALPIDEfs_0 ---
Pixel 1021, 39, 1, 1, 4.80374e+19
--- pALPIDEfs_1 ---
Pixel 833, 290, 1, 1, 4.80374e+19
--- pALPIDEfs_2 ---
Pixel 667, 433, 1, 1, 4.80374e+19
Pixel 667, 434, 1, 1, 4.80374e+19
=== 1184115 ===
--- pALPIDEfs_2 ---
Pixel 876, 148, 1, 1, 4.80374e+19
Pixel 877, 149, 1, 1, 4.80374e+19
Pixel 876, 149, 1, 1, 4.80374e+19
=== 1193596 ===
--- pALPIDEfs_5 ---
Pixel 979, 235, 1, 1, 4.80374e+19
Pixel 978, 235, 1, 1, 4.80374e+19
Pixel 978, 236, 1, 1, 4.80374e+19
Pixel 979, 236, 1, 1, 4.80374e+19
Pixel 981, 234, 1, 1, 4.80374e+19
Pixel 981, 235, 1, 1, 4.80374e+19
Pixel 980, 235, 1, 1, 4.80374e+19
Pixel 980, 236, 1, 1, 4.80374e+19
Pixel 983, 233, 1, 1, 4.80374e+19
Pixel 982, 233, 1, 1, 4.80374e+19
Pixel 982, 234, 1, 1, 4.80374e+19
Pixel 983, 234, 1, 1, 4.80374e+19
Pixel 982, 235, 1, 1, 4.80374e+19
=== 1201464 ===
--- pALPIDEfs_6 ---
Pixel 841, 56, 1, 1, 4.80374e+19
Pixel 841, 57, 1, 1, 4.80374e+19
Pixel 842, 56, 1, 1, 4.80374e+19
Pixel 843, 56, 1, 1, 4.80374e+19
Pixel 843, 57, 1, 1, 4.80374e+19
Pixel 842, 57, 1, 1, 4.80374e+19
Pixel 844, 56, 1, 1, 4.80374e+19
=== 1204566 ===
--- pALPIDEfs_0 ---
Pixel 227, 127, 1, 1, 4.80374e+19
Pixel 228, 127, 1, 1, 4.80374e+19
=== 1208157 ===
--- pALPIDEfs_6 ---
Pixel 753, 382, 1, 1, 4.80374e+19
=== 1209410 ===
--- pALPIDEfs_2 ---
Pixel 315, 418, 1, 1, 4.80374e+19
--- pALPIDEfs_3 ---
Pixel 305, 485, 1, 1, 4.80374e+19
Pixel 306, 485, 1, 1, 4.80374e+19
=== 1248250 ===
--- pALPIDEfs_4 ---
Pixel 492, 98, 1, 1, 4.80374e+19
=== 1255444 ===
--- pALPIDEfs_4 ---
Pixel 524, 288, 1, 1, 4.80374e+19
Pixel 525, 288, 1, 1, 4.80374e+19
=== 1258375 ===
--- pALPIDEfs_1 ---
Pixel 125, 61, 1, 1, 4.80374e+19
Pixel 126, 61, 1, 1, 4.80374e+19
Pixel 126, 62, 1, 1, 4.80374e+19
--- pALPIDEfs_2 ---
Pixel 850, 369, 1, 1, 4.80374e+19
Pixel 850, 370, 1, 1, 4.80374e+19
=== 1292484 ===
--- pALPIDEfs_5 ---
Pixel 465, 146, 1, 1, 4.80374e+19
Pixel 465, 147, 1, 1, 4.80374e+19
Pixel 466, 146, 1, 1, 4.80374e+19
=== 1295614 ===
--- pALPIDEfs_3 ---
Pixel 111, 382, 1, 1, 4.80374e+19
Pixel 111, 383, 1, 1, 4.80374e+19
Pixel 111, 384, 1, 1, 4.80374e+19
Pixel 111, 385, 1, 1, 4.80374e+19
=== 1305502 ===
--- pALPIDEfs_4 ---
Pixel 6, 277, 1, 1, 4.80374e+19
Pixel 6, 278, 1, 1, 4.80374e+19
=== 1314344 ===
--- pALPIDEfs_0 ---
Pixel 732, 373, 1, 1, 4.80374e+19
Pixel 732, 374, 1, 1, 4.80374e+19
Pixel 733, 374, 1, 1, 4.80374e+19
=== 1315931 ===
--- pALPIDEfs_4 ---
Pixel 150, 216, 1, 1, 4.80374e+19
Pixel 150, 217, 1, 1, 4.80374e+19
=== 1316465 ===
--- pALPIDEfs_5 ---
Pixel 907, 294, 1, 1, 4.80374e+19
Pixel 908, 294, 1, 1, 4.80374e+19
=== 1327971 ===
--- pALPIDEfs_6 ---
Pixel 759, 91, 1, 1, 4.80374e+19
Pixel 759, 92, 1, 1, 4.80374e+19
Pixel 759, 93, 1, 1, 4.80374e+19
Pixel 760, 92, 1, 1, 4.80374e+19
Pixel 760, 93, 1, 1, 4.80374e+19
=== 1341399 ===
--- pALPIDEfs_4 ---
Pixel 749, 136, 1, 1, 4.80374e+19
Pixel 749, 137, 1, 1, 4.80374e+19
Pixel 751, 135, 1, 1, 4.80374e+19
Pixel 750, 135, 1, 1, 4.80374e+19
Pixel 750, 136, 1, 1, 4.80374e+19
Pixel 751, 136, 1, 1, 4.80374e+19
Pixel 750, 137, 1, 1, 4.80374e+19
Pixel 753, 130, 1, 1, 4.80374e+19
Pixel 753, 131, 1, 1, 4.80374e+19
Pixel 753, 132, 1, 1, 4.80374e+19
Pixel 753, 133, 1, 1, 4.80374e+19
Pixel 752, 134, 1, 1, 4.80374e+19
Pixel 753, 134, 1, 1, 4.80374e+19
Pixel 753, 135, 1, 1, 4.80374e+19
Pixel 752, 135, 1, 1, 4.80374e+19
Pixel 754, 130, 1, 1, 4.80374e+19
Pixel 754, 131, 1, 1, 4.80374e+19
Pixel 754, 132, 1, 1, 4.80374e+19
Pixel 754, 133, 1, 1, 4.80374e+19
Pixel 754, 134, 1, 1, 4.80374e+19
=== 1351493 ===
--- pALPIDEfs_2 ---
Pixel 92, 420, 1, 1, 4.80374e+19
Pixel 93, 420, 1, 1, 4.80374e+19
Pixel 93, 421, 1, 1, 4.80374e+19
Pixel 92, 421, 1, 1, 4.80374e+19
=== 1366572 ===
--- pALPIDEfs_2 ---
Pixel 885, 359, 1, 1, 4.80374e+19
Pixel 886, 358, 1, 1, 4.80374e+19
Pixel 887, 358, 1, 1, 4.80374e+19
Pixel 887, 359, 1, 1, 4.80374e+19
Pixel 886, 359, 1, 1, 4.80374e+19
Pixel 888, 358, 1, 1, 4.80374e+19
Pixel 888, 359, 1, 1, 4.80374e+19
=== 1383632 ===
--- pALPIDEfs_4 ---
Pixel 937, 497, 1, 1, 4.80374e+19
Pixel 937, 498, 1, 1, 4.80374e+19
Pixel 938, 497, 1, 1, 4.80374e+19
Pixel 938, 498, 1, 1, 4.80374e+19
=== 1395998 ===
--- pALPIDEfs_4 ---
Pixel 50, 354, 1, 1, 4.80374e+19
Pixel 50, 355, 1, 1, 4.80374e+19
=== 1429347 ===
--- pALPIDEfs_6 ---
Pixel 79, 61, 1, 1, 4.80374e+19
Pixel 79, 62, 1, 1, 4.80374e+19
Pixel 80, 61, 1, 1, 4.80374e+19
Pixel 80, 62, 1, 1, 4.80374e+19
=== 1429420 ===
--- pALPIDEfs_2 ---
Pixel 79, 424, 1, 1, 4.80374e+19
Pixel 79, 425, 1, 1, 4.80374e+19
=== 1458181 ===
--- pALPIDEfs_4 ---
Pixel 3, 27, 1, 1, 4.80374e+19
Pixel 3, 28, 1, 1, 4.80374e+19
Pixel 4, 28, 1, 1, 4.80374e+19
=== 1467557 ===
--- pALPIDEfs_5 ---
Pixel 824, 88, 1, 1, 4.80374e+19
Pixel 824, 89, 1, 1, 4.80374e+19
=== 1482399 ===
--- pALPIDEfs_6 ---
Pixel 854, 394, 1, 1, 4.80374e+19
Pixel 855, 394, 1, 1, 4.80374e+19
Pixel 855, 395, 1, 1, 4.80374e+19
Pixel 854, 395, 1, 1, 4.80374e+19
Pixel 856, 395, 1, 1, 4.80374e+19
Pixel 856, 396, 1, 1, 4.80374e+19
=== 1484888 ===
--- pALPIDEfs_1 ---
Pixel 874, 178, 1, 1, 4.80374e+19
Pixel 874, 179, 1, 1, 4.80374e+19
=== 1493764 ===
--- pALPIDEfs_2 ---
Pixel 156, 57, 1, 1, 4.80374e+19
Pixel 156, 58, 1, 1, 4.80374e+19
=== 1531248 ===
--- pALPIDEfs_0 ---
Pixel 927, 278, 1, 1, 4.80374e+19
--- pALPIDEfs_2 ---
Pixel 530, 436, 1, 1, 4.80374e+19
=== 1534774 ===
--- pALPIDEfs_3 ---
Pixel 955, 365, 1, 1, 4.80374e+19
Pixel 955, 366, 1, 1, 4.80374e+19
=== 1545666 ===
--- pALPIDEfs_3 ---
Pixel 505, 266, 1, 1, 4.80374e+19
Pixel 505, 267, 1, 1, 4.80374e+19
Pixel 506, 267, 1, 1, 4.80374e+19
Pixel 506, 268, 1, 1, 4.80374e+19
Pixel 507, 268, 1, 1, 4.80374e+19
Pixel 507, 269, 1, 1, 4.80374e+19
Pixel 506, 269, 1, 1, 4.80374e+19
Pixel 506, 270, 1, 1, 4.80374e+19
Pixel 507, 270, 1, 1, 4.80374e+19
=== 1551386 ===
--- pALPIDEfs_6 ---
Pixel 645, 410, 1, 1, 4.80374e+19
Pixel 645, 411, 1, 1, 4.80374e+19
Pixel 646, 411, 1, 1, 4.80374e+19
=== 1567490 ===
--- pALPIDEfs_3 ---
Pixel 977, 210, 1, 1, 4.80374e+19
Pixel 977, 211, 1, 1, 4.80374e+19
Pixel 978, 210, 1, 1, 4.80374e+19
Pixel 978, 211, 1, 1, 4.80374e+19
=== 1584544 ===
--- pALPIDEfs_1 ---
Pixel 503, 110, 1, 1, 4.80374e+19
Pixel 504, 110, 1, 1, 4.80374e+19
=== 1612266 ===
--- pALPIDEfs_5 ---
Pixel 84, 152, 1, 1, 4.80374e+19
Pixel 85, 153, 1, 1, 4.80374e+19
Pixel 84, 153, 1, 1, 4.80374e+19
--- pALPIDEfs_6 ---
Pixel 473, 134, 1, 1, 4.80374e+19
Pixel 473, 135, 1, 1, 4.80374e+19
Pixel 472, 135, 1, 1, 4.80374e+19
Pixel 472, 136, 1, 1, 4.80374e+19
=== 1613741 ===
--- pALPIDEfs_0 ---
Pixel 296, 40, 1, 1, 4.80374e+19
Pixel 296, 41, 1, 1, 4.80374e+19
Pixel 296, 42, 1, 1, 4.80374e+19
=== 1626727 ===
--- pALPIDEfs_4 ---
Pixel 47, 333, 1, 1, 4.80374e+19
Pixel 47, 334, 1, 1, 4.80374e+19
=== 1637137 ===
--- pALPIDEfs_6 ---
Pixel 139, 373, 1, 1, 4.80374e+19
=== 1644183 ===
--- pALPIDEfs_2 ---
Pixel 215, 431, 1, 1, 4.80374e+19
--- pALPIDEfs_3 ---
Pixel 14, 152, 1, 1, 4.80374e+19
Pixel 15, 152, 1, 1, 4.80374e+19
Pixel 15, 153, 1, 1, 4.80374e+19
Pixel 14, 153, 1, 1, 4.80374e+19
=== 1672516 ===
--- pALPIDEfs_1 ---
Pixel 61, 395, 1, 1, 4.80374e+19
=== 1680809 ===
--- pALPIDEfs_5 ---
Pixel 541, 98, 1, 1, 4.80374e+19
Pixel 542, 98, 1, 1, 4.80374e+19
Pixel 542, 99, 1, 1, 4.80374e+19
=== 1689240 ===
--- pALPIDEfs_5 ---
Pixel 875, 84, 1, 1, 4.80374e+19
Pixel 875, 85, 1, 1, 4.80374e+19
Pixel 876, 83, 1, 1, 4.80374e+19
Pixel 876, 84, 1, 1, 4.80374e+19
Pixel 877, 84, 1, 1, 4.80374e+19
Pixel 877, 85, 1, 1, 4.80374e+19
Pixel 876, 85, 1, 1, 4.80374e+19
=== 1695642 ===
--- pALPIDEfs_1 ---
Pixel 778, 82, 1, 1, 4.80374e+19
--- pALPIDEfs_2 ---
Pixel 547, 114, 1, 1, 4.80374e+19
Pixel 547, 115, 1, 1, 4.80374e+19
--- pALPIDEfs_3 ---
Pixel 297, 208, 1, 1, 4.80374e+19
Pixel 298, 207, 1, 1, 4.80374e+19
Pixel 298, 208, 1, 1, 4.80374e+19
--- pALPIDEfs_4 ---
Pixel 55, 296, 1, 1, 4.80374e+19
=== 1707542 ===
--- pALPIDEfs_1 ---
Pixel 820, 26, 1, 1, 4.80374e+19
Pixel 821, 26, 1, 1, 4.80374e+19
Pixel 821, 27, 1, 1, 4.80374e+19
Pixel 820, 27, 1, 1, 4.80374e+19
=== 1708609 ===
--- pALPIDEfs_0 ---
Pixel 749, 203, 1, 1, 4.80374e+19
Pixel 748, 203, 1, 1, 4.80374e+19
Pixel 748, 204, 1, 1, 4.80374e+19
Pixel 749, 204, 1, 1, 4.80374e+19
=== 1722104 ===
--- pALPIDEfs_5 ---
Pixel 39, 293, 1, 1, 4.80374e+19
Pixel 39, 294, 1, 1, 4.80374e+19
Pixel 39, 295, 1, 1, 4.80374e+19
Pixel 40, 294, 1, 1, 4.80374e+19
Pixel 40, 295, 1, 1, 4.80374e+19
=== 1722469 ===
--- pALPIDEfs_4 ---
Pixel 795, 339, 1, 1, 4.80374e+19
Pixel 795, 340, 1, 1, 4.80374e+19
Pixel 796, 339, 1, 1, 4.80374e+19
Pixel 796, 340, 1, 1, 4.80374e+19
=== 1729456 ===
--- pALPIDEfs_0 ---
Pixel 871, 214, 1, 1, 4.80374e+19
Pixel 871, 215, 1, 1, 4.80374e+19
Pixel 870, 215, 1, 1, 4.80374e+19
=== 1731913 ===
--- pALPIDEfs_4 ---
Pixel 669, 463, 1, 1, 4.80374e+19
=== 1739376 ===
--- pALPIDEfs_1 ---
Pixel 925, 416, 1, 1, 4.80374e+19
Pixel 925, 417, 1, 1, 4.80374e+19
Pixel 926, 415, 1, 1, 4.80374e+19
Pixel 926, 416, 1, 1, 4.80374e+19
=== 1743792 ===
--- pALPIDEfs_5 ---
Pixel 91, 108, 1, 1, 4.80374e+19
Pixel 92, 108, 1, 1, 4.80374e+19
=== 1748022 ===
--- pALPIDEfs_1 ---
Pixel 142, 356, 1, 1, 4.80374e+19
=== 1755668 ===
--- pALPIDEfs_1 ---
Pixel 395, 414, 1, 1, 4.80374e+19
Pixel 396, 414, 1, 1, 4.80374e+19
=== 1756655 ===
--- pALPIDEfs_0 ---
Pixel 193, 192, 1, 1, 4.80374e+19
Pixel 194, 192, 1, 1, 4.80374e+19
--- pALPIDEfs_1 ---
Pixel 899, 84, 1, 1, 4.80374e+19
Pixel 899, 85, 1, 1, 4.80374e+19
Pixel 900, 84, 1, 1, 4.80374e+19
Pixel 900, 85, 1, 1, 4.80374e+19
=== 1822454 ===
--- pALPIDEfs_0 ---
Pixel 663, 28, 1, 1, 4.80374e+19
Pixel 663, 29, 1, 1, 4.80374e+19
Pixel 662, 29, 1, 1, 4.80374e+19
Pixel 663, 30, 1, 1, 4.80374e+19
Pixel 664, 28, 1, 1, 4.80374e+19
Pixel 664, 29, 1, 1, 4.80374e+19
=== 1829265 ===
--- pALPIDEfs_1 ---
Pixel 708, 200, 1, 1, 4.80374e+19
Pixel 708, 201, 1, 1, 4.80374e+19
Pixel 708, 202, 1, 1, 4.80374e+19
Pixel 708, 203, 1, 1, 4.80374e+19
=== 1840019 ===
--- pALPIDEfs_4 ---
Pixel 154, 429, 1, 1, 4.80374e+19
Pixel 154, 430, 1, 1, 4.80374e+19
Pixel 155, 430, 1, 1, 4.80374e+19
=== 1860842 ===
--- pALPIDEfs_2 ---
Pixel 29, 283, 1, 1, 4.80374e+19
Pixel 29, 284, 1, 1, 4.80374e+19
Pixel 29, 285, 1, 1, 4.80374e+19
Pixel 29, 286, 1, 1, 4.80374e+19
Pixel 30, 285, 1, 1, 4.80374e+19
Pixel 30, 286, 1, 1, 4.80374e+19
Pixel 30, 287, 1, 1, 4.80374e+19
=== 1870231 ===
--- pALPIDEfs_5 ---
Pixel 211, 70, 1, 1, 4.80374e+19
Pixel 211, 71, 1, 1, 4.80374e+19
Pixel 212, 70, 1, 1, 4.80374e+19
Pixel 212, 71, 1, 1, 4.80374e+19
=== 1899570 ===
--- pALPIDEfs_3 ---
Pixel 488, 48, 1, 1, 4.80374e+19
=== 1904074 ===
--- pALPIDEfs_3 ---
Pixel 431, 446, 1, 1, 4.80374e+19
Pixel 431, 447, 1, 1, 4.80374e+19
Pixel 431, 448, 1, 1, 4.80374e+19
Pixel 432, 447, 1, 1, 4.80374e+19
Pixel 432, 448, 1, 1, 4.80374e+19
=== 1912092 ===
--- pALPIDEfs_3 ---
Pixel 833, 397, 1, 1, 4.80374e+19
Pixel 832, 397, 1, 1, 4.80374e+19
Pixel 832, 398, 1, 1, 4.80374e+19
Pixel 833, 398, 1, 1, 4.80374e+19
=== 1930639 ===
--- pALPIDEfs_4 ---
Pixel 200, 398, 1, 1, 4.80374e+19
Pixel 200, 399, 1, 1, 4.80374e+19
=== 1930904 ===
--- pALPIDEfs_1 ---
Pixel 112, 491, 1, 1, 4.80374e+19
=== 1969498 ===
--- pALPIDEfs_2 ---
Pixel 451, 14, 1, 1, 4.80374e+19
Pixel 451, 15, 1, 1, 4.80374e+19
Pixel 452, 14, 1, 1, 4.80374e+19
Pixel 452, 15, 1, 1, 4.80374e+19
=== 1983196 ===
--- pALPIDEfs_0 ---
Pixel 812, 464, 1, 1, 4.80374e+19
Pixel 812, 465, 1, 1, 4.80374e+19
=== 2013823 ===
--- pALPIDEfs_3 ---
Pixel 395, 299, 1, 1, 4.80374e+19
=== 2013825 ===
--- pALPIDEfs_4 ---
Pixel 512, 500, 1, 1, 4.80374e+19
Pixel 513, 501, 1, 1, 4.80374e+19
Pixel 512, 501, 1, 1, 4.80374e+19
=== 2029923 ===
--- pALPIDEfs_4 ---
Pixel 179, 391, 1, 1, 4.80374e+19
Pixel 180, 391, 1, 1, 4.80374e+19
Pixel 180, 392, 1, 1, 4.80374e+19
=== 2037889 ===
--- pALPIDEfs_6 ---
Pixel 845, 293, 1, 1, 4.80374e+19
Pixel 844, 293, 1, 1, 4.80374e+19
Pixel 844, 294, 1, 1, 4.80374e+19
Pixel 845, 294, 1, 1, 4.80374e+19
=== 2051089 ===
--- pALPIDEfs_4 ---
Pixel 841, 125, 1, 1, 4.80374e+19
=== 2058009 ===
--- pALPIDEfs_6 ---
Pixel 1007, 280, 1, 1, 4.80374e+19
Pixel 1007, 281, 1, 1, 4.80374e+19
Pixel 1007, 282, 1, 1, 4.80374e+19
Pixel 1008, 279, 1, 1, 4.80374e+19
Pixel 1008, 280, 1, 1, 4.80374e+19
Pixel 1008, 281, 1, 1, 4.80374e+19
Pixel 1008, 282, 1, 1, 4.80374e+19
=== 2130495 ===
--- pALPIDEfs_3 ---
Pixel 927, 444, 1, 1, 4.80374e+19
--- pALPIDEfs_4 ---
Pixel 741, 33, 1, 1, 4.80374e+19
Pixel 740, 33, 1, 1, 4.80374e+19
=== 2131137 ===
--- pALPIDEfs_4 ---
Pixel 871, 199, 1, 1, 4.80374e+19
Pixel 871, 200, 1, 1, 4.80374e+19
Pixel 872, 200, 1, 1, 4.80374e+19
=== 2142489 ===
--- pALPIDEfs_4 ---
Pixel 833, 241, 1, 1, 4.80374e+19
Pixel 833, 242, 1, 1, 4.80374e+19
=== 2154862 ===
--- pALPIDEfs_0 ---
Pixel 970, 58, 1, 1, 4.80374e+19
Pixel 971, 59, 1, 1, 4.80374e+19
Pixel 970, 59, 1, 1, 4.80374e+19
=== 2194819 ===
--- pALPIDEfs_4 ---
Pixel 299, 41, 1, 1, 4.80374e+19
Pixel 299, 42, 1, 1, 4.80374e+19
Pixel 300, 42, 1, 1, 4.80374e+19
=== 2206379 ===
--- pALPIDEfs_5 ---
Pixel 776, 392, 1, 1, 4.80374e+19
Pixel 778, 392, 1, 1, 4.80374e+19
=== 2206542 ===
--- pALPIDEfs_3 ---
Pixel 983, 483, 1, 1, 4.80374e+19
Pixel 983, 484, 1, 1, 4.80374e+19
Pixel 984, 483, 1, 1, 4.80374e+19
Pixel 984, 484, 1, 1, 4.80374e+19
=== 2214210 ===
--- pALPIDEfs_3 ---
Pixel 127, 390, 1, 1, 4.80374e+19
Pixel 128, 389, 1, 1, 4.80374e+19
Pixel 128, 390, 1, 1, 4.80374e+19
=== 2214871 ===
--- pALPIDEfs_3 ---
Pixel 97, 46, 1, 1, 4.80374e+19
Pixel 97, 47, 1, 1, 4.80374e+19
Pixel 98, 46, 1, 1, 4.80374e+19
Pixel 1023, 37, 1, 1, 4.80374e+19
=== 2234168 ===
--- pALPIDEfs_4 ---
Pixel 775, 124, 1, 1, 4.80374e+19
Pixel 775, 125, 1, 1, 4.80374e+19
Pixel 775, 126, 1, 1, 4.80374e+19
Pixel 776, 124, 1, 1, 4.80374e+19
Pixel 776, 125, 1, 1, 4.80374e+19
Pixel 776, 126, 1, 1, 4.80374e+19
=== 2283363 ===
--- pALPIDEfs_4 ---
Pixel 765, 333, 1, 1, 4.80374e+19
Pixel 765, 334, 1, 1, 4.80374e+19
=== 2299897 ===
--- pALPIDEfs_2 ---
Pixel 371, 246, 1, 1, 4.80374e+19
=== 2302236 ===
--- pALPIDEfs_4 ---
Pixel 277, 482, 1, 1, 4.80374e+19
Pixel 278, 482, 1, 1, 4.80374e+19
=== 2312599 ===
--- pALPIDEfs_0 ---
Pixel 1, 264, 1, 1, 4.80374e+19
Pixel 1, 265, 1, 1, 4.80374e+19
Pixel 3, 262, 1, 1, 4.80374e+19
Pixel 3, 263, 1, 1, 4.80374e+19
Pixel 2, 263, 1, 1, 4.80374e+19
Pixel 2, 264, 1, 1, 4.80374e+19
Pixel 3, 264, 1, 1, 4.80374e+19
Pixel 2, 265, 1, 1, 4.80374e+19
Pixel 4, 262, 1, 1, 4.80374e+19
Pixel 4, 263, 1, 1, 4.80374e+19
=== 2314778 ===
--- pALPIDEfs_1 ---
Pixel 626, 24, 1, 1, 4.80374e+19
--- pALPIDEfs_2 ---
Pixel 232, 24, 1, 1, 4.80374e+19
=== 2326103 ===
--- pALPIDEfs_6 ---
Pixel 9, 271, 1, 1, 4.80374e+19
Pixel 8, 271, 1, 1, 4.80374e+19
Pixel 8, 272, 1, 1, 4.80374e+19
Pixel 9, 272, 1, 1, 4.80374e+19
Pixel 9, 273, 1, 1, 4.80374e+19
Pixel 8, 273, 1, 1, 4.80374e+19
=== 2330014 ===
--- pALPIDEfs_3 ---
Pixel 939, 179, 1, 1, 4.80374e+19
Pixel 939, 180, 1, 1, 4.80374e+19
Pixel 940, 179, 1, 1, 4.80374e+19
Pixel 940, 180, 1, 1, 4.80374e+19
Pixel 941, 180, 1, 1, 4.80374e+19
=== 2331333 ===
--- pALPIDEfs_3 ---
Pixel 438, 386, 1, 1, 4.80374e+19
Pixel 438, 387, 1, 1, 4.80374e+19
=== 2388581 ===
--- pALPIDEfs_1 ---
Pixel 319, 147, 1, 1, 4.80374e+19
Pixel 320, 147, 1, 1, 4.80374e+19
Pixel 320, 148, 1, 1, 4.80374e+19
=== 2408829 ===
--- pALPIDEfs_5 ---
Pixel 733, 65, 1, 1, 4.80374e+19
Pixel 734, 65, 1, 1, 4.80374e+19
--- pALPIDEfs_6 ---
Pixel 957, 327, 1, 1, 4.80374e+19
Pixel 956, 327, 1, 1, 4.80374e+19
=== 2434824 ===
--- pALPIDEfs_2 ---
Pixel 394, 432, 1, 1, 4.80374e+19
Pixel 395, 432, 1, 1, 4.80374e+19
Pixel 395, 433, 1, 1, 4.80374e+19
Pixel 394, 433, 1, 1, 4.80374e+19
Pixel 396, 432, 1, 1, 4.80374e+19
Pixel 396, 433, 1, 1, 4.80374e+19
=== 2438582 ===
--- pALPIDEfs_1 ---
Pixel 147, 144, 1, 1, 4.80374e+19
Pixel 148, 143, 1, 1, 4.80374e+19
Pixel 148, 144, 1, 1, 4.80374e+19
=== 2443503 ===
--- pALPIDEfs_0 ---
Pixel 924, 218, 1, 1, 4.80374e+19
Pixel 925, 218, 1, 1, 4.80374e+19
Pixel 925, 219, 1, 1, 4.80374e+19
Pixel 924, 219, 1, 1, 4.80374e+19
=== 2476964 ===
--- pALPIDEfs_2 ---
Pixel 851, 417, 1, 1, 4.80374e+19
Pixel 850, 417, 1, 1, 4.80374e+19
=== 2477958 ===
--- pALPIDEfs_2 ---
Pixel 964, 33, 1, 1, 4.80374e+19
Pixel 964, 34, 1, 1, 4.80374e+19
=== 2525956 ===
--- pALPIDEfs_4 ---
Pixel 181, 184, 1, 1, 4.80374e+19
=== 2525957 ===
--- pALPIDEfs_4 ---
Pixel 181, 184, 1, 1, 4.80374e+19
=== 2531776 ===
--- pALPIDEfs_1 ---
Pixel 712, 259, 1, 1, 4.80374e+19
Pixel 712, 260, 1, 1, 4.80374e+19
=== 2552557 ===
--- pALPIDEfs_6 ---
Pixel 30, 303, 1, 1, 4.80374e+19
Pixel 30, 304, 1, 1, 4.80374e+19
=== 2555644 ===
--- pALPIDEfs_4 ---
Pixel 975, 329, 1, 1, 4.80374e+19
Pixel 976, 328, 1, 1, 4.80374e+19
Pixel 977, 329, 1, 1, 4.80374e+19
Pixel 976, 329, 1, 1, 4.80374e+19
Pixel 976, 330, 1, 1, 4.80374e+19
=== 2564570 ===
--- pALPIDEfs_0 ---
Pixel 862, 72, 1, 1, 4.80374e+19
Pixel 863, 72, 1, 1, 4.80374e+19
Pixel 863, 73, 1, 1, 4.80374e+19
Pixel 862, 73, 1, 1, 4.80374e+19
=== 2581501 ===
--- pALPIDEfs_0 ---
Pixel 858, 95, 1, 1, 4.80374e+19
=== 2597554 ===
--- pALPIDEfs_6 ---
Pixel 574, 190, 1, 1, 4.80374e+19
Pixel 574, 191, 1, 1, 4.80374e+19
Pixel 574, 192, 1, 1, 4.80374e+19
Pixel 575, 192, 1, 1, 4.80374e+19
=== 2608296 ===
--- pALPIDEfs_5 ---
Pixel 317, 79, 1, 1, 4.80374e+19
Pixel 316, 79, 1, 1, 4.80374e+19
Pixel 316, 80, 1, 1, 4.80374e+19
Pixel 317, 80, 1, 1, 4.80374e+19
Pixel 317, 81, 1, 1, 4.80374e+19
Pixel 318, 80, 1, 1, 4.80374e+19
--- pALPIDEfs_6 ---
Pixel 178, 322, 1, 1, 4.80374e+19
Pixel 179, 322, 1, 1, 4.80374e+19
Pixel 179, 323, 1, 1, 4.80374e+19
Pixel 178, 323, 1, 1, 4.80374e+19
=== 2609906 ===
--- pALPIDEfs_3 ---
Pixel 151, 231, 1, 1, 4.80374e+19
Pixel 151, 232, 1, 1, 4.80374e+19
Pixel 152, 231, 1, 1, 4.80374e+19
=== 2613227 ===
--- pALPIDEfs_4 ---
Pixel 989, 440, 1, 1, 4.80374e+19
Pixel 989, 441, 1, 1, 4.80374e+19
=== 2648771 ===
--- pALPIDEfs_4 ---
Pixel 873, 139, 1, 1, 4.80374e+19
Pixel 872, 139, 1, 1, 4.80374e+19
=== 2654503 ===
--- pALPIDEfs_1 ---
Pixel 213, 75, 1, 1, 4.80374e+19
=== 2654777 ===
--- pALPIDEfs_0 ---
Pixel 161, 84, 1, 1, 4.80374e+19
Pixel 162, 83, 1, 1, 4.80374e+19
Pixel 162, 84, 1, 1, 4.80374e+19
=== 2679235 ===
--- pALPIDEfs_6 ---
Pixel 865, 182, 1, 1, 4.80374e+19
Pixel 865, 183, 1, 1, 4.80374e+19
Pixel 866, 182, 1, 1, 4.80374e+19
Pixel 866, 183, 1, 1, 4.80374e+19
=== 2701856 ===
--- pALPIDEfs_1 ---
Pixel 38, 170, 1, 1, 4.80374e+19
=== 2711652 ===
--- pALPIDEfs_6 ---
Pixel 299, 490, 1, 1, 4.80374e+19
Pixel 300, 490, 1, 1, 4.80374e+19
=== 2712672 ===
--- pALPIDEfs_1 ---
Pixel 859, 5, 1, 1, 4.80374e+19
--- pALPIDEfs_2 ---
Pixel 763, 460, 1, 1, 4.80374e+19
Pixel 763, 461, 1, 1, 4.80374e+19
Pixel 762, 461, 1, 1, 4.80374e+19
=== 2715153 ===
--- pALPIDEfs_4 ---
Pixel 361, 205, 1, 1, 4.80374e+19
Pixel 360, 205, 1, 1, 4.80374e+19
Pixel 360, 206, 1, 1, 4.80374e+19
Pixel 361, 206, 1, 1, 4.80374e+19
Pixel 361, 207, 1, 1, 4.80374e+19
Pixel 360, 207, 1, 1, 4.80374e+19
Pixel 360, 208, 1, 1, 4.80374e+19
Pixel 361, 208, 1, 1, 4.80374e+19
Pixel 361, 209, 1, 1, 4.80374e+19
Pixel 360, 209, 1, 1, 4.80374e+19
Pixel 360, 210, 1, 1, 4.80374e+19
Pixel 361, 210, 1, 1, 4.80374e+19
Pixel 362, 206, 1, 1, 4.80374e+19
Pixel 362, 207, 1, 1, 4.80374e+19
=== 2718943 ===
--- pALPIDEfs_3 ---
Pixel 297, 384, 1, 1, 4.80374e+19
Pixel 297, 385, 1, 1, 4.80374e+19
Pixel 296, 385, 1, 1, 4.80374e+19
--- pALPIDEfs_4 ---
Pixel 809, 70, 1, 1, 4.80374e+19
Pixel 810, 70, 1, 1, 4.80374e+19
=== 2722326 ===
--- pALPIDEfs_6 ---
Pixel 362, 168, 1, 1, 4.80374e+19
Pixel 362, 169, 1, 1, 4.80374e+19
=== 2724602 ===
--- pALPIDEfs_3 ---
Pixel 379, 337, 1, 1, 4.80374e+19
Pixel 378, 338, 1, 1, 4.80374e+19
Pixel 379, 338, 1, 1, 4.80374e+19
=== 2725152 ===
--- pALPIDEfs_4 ---
Pixel 218, 224, 1, 1, 4.80374e+19
Pixel 219, 225, 1, 1, 4.80374e+19
Pixel 218, 225, 1, 1, 4.80374e+19
Pixel 218, 226, 1, 1, 4.80374e+19
=== 2732195 ===
--- pALPIDEfs_2 ---
Pixel 703, 469, 1, 1, 4.80374e+19
=== 2760731 ===
--- pALPIDEfs_1 ---
Pixel 271, 459, 1, 1, 4.80374e+19
=== 2762946 ===
--- pALPIDEfs_4 ---
Pixel 770, 218, 1, 1, 4.80374e+19
=== 2764869 ===
--- pALPIDEfs_5 ---
Pixel 896, 382, 1, 1, 4.80374e+19
Pixel 897, 382, 1, 1, 4.80374e+19
=== 2765178 ===
--- pALPIDEfs_6 ---
Pixel 760, 186, 1, 1, 4.80374e+19
=== 2765356 ===
--- pALPIDEfs_1 ---
Pixel 989, 305, 1, 1, 4.80374e+19
=== 2786314 ===
--- pALPIDEfs_1 ---
Pixel 374, 151, 1, 1, 4.80374e+19
--- pALPIDEfs_2 ---
Pixel 688, 403, 1, 1, 4.80374e+19
Pixel 688, 404, 1, 1, 4.80374e+19
=== 2796588 ===
--- pALPIDEfs_2 ---
Pixel 93, 355, 1, 1, 4.80374e+19
Pixel 92, 355, 1, 1, 4.80374e+19
Pixel 92, 356, 1, 1, 4.80374e+19
Pixel 93, 356, 1, 1, 4.80374e+19
=== 2809189 ===
--- pALPIDEfs_4 ---
Pixel 605, 379, 1, 1, 4.80374e+19
Pixel 606, 379, 1, 1, 4.80374e+19
Pixel 606, 380, 1, 1, 4.80374e+19
=== 2812197 ===
--- pALPIDEfs_0 ---
Pixel 370, 408, 1, 1, 4.80374e+19
Pixel 370, 409, 1, 1, 4.80374e+19
--- pALPIDEfs_1 ---
Pixel 451, 225, 1, 1, 4.80374e+19
=== 2818129 ===
--- pALPIDEfs_2 ---
Pixel 610, 230, 1, 1, 4.80374e+19
Pixel 611, 230, 1, 1, 4.80374e+19
=== 2822364 ===
--- pALPIDEfs_0 ---
Pixel 811, 196, 1, 1, 4.80374e+19
Pixel 811, 197, 1, 1, 4.80374e+19
--- pALPIDEfs_1 ---
Pixel 727, 494, 1, 1, 4.80374e+19
=== 2828258 ===
--- pALPIDEfs_6 ---
Pixel 489, 423, 1, 1, 4.80374e+19
Pixel 488, 423, 1, 1, 4.80374e+19
Pixel 488, 424, 1, 1, 4.80374e+19
Pixel 489, 424, 1, 1, 4.80374e+19
=== 2829885 ===
--- pALPIDEfs_2 ---
Pixel 275, 82, 1, 1, 4.80374e+19
=== 2873975 ===
--- pALPIDEfs_0 ---
Pixel 129, 372, 1, 1, 4.80374e+19
Pixel 129, 373, 1, 1, 4.80374e+19
Pixel 128, 373, 1, 1, 4.80374e+19
Pixel 128, 374, 1, 1, 4.80374e+19
Pixel 130, 371, 1, 1, 4.80374e+19
=== 2876523 ===
--- pALPIDEfs_3 ---
Pixel 601, 336, 1, 1, 4.80374e+19
Pixel 602, 334, 1, 1, 4.80374e+19
Pixel 603, 335, 1, 1, 4.80374e+19
Pixel 602, 335, 1, 1, 4.80374e+19
Pixel 602, 336, 1, 1, 4.80374e+19
Pixel 603, 336, 1, 1, 4.80374e+19
Pixel 603, 337, 1, 1, 4.80374e+19
Pixel 602, 337, 1, 1, 4.80374e+19
=== 2883852 ===
--- pALPIDEfs_1 ---
Pixel 821, 264, 1, 1, 4.80374e+19
Pixel 822, 264, 1, 1, 4.80374e+19
--- pALPIDEfs_2 ---
Pixel 587, 82, 1, 1, 4.80374e+19
Pixel 588, 82, 1, 1, 4.80374e+19
Pixel 588, 83, 1, 1, 4.80374e+19
=== 2894518 ===
--- pALPIDEfs_2 ---
Pixel 431, 97, 1, 1, 4.80374e+19
Pixel 430, 97, 1, 1, 4.80374e+19
Pixel 430, 98, 1, 1, 4.80374e+19
Pixel 431, 98, 1, 1, 4.80374e+19
=== 2906866 ===
--- pALPIDEfs_1 ---
Pixel 305, 319, 1, 1, 4.80374e+19
Pixel 305, 320, 1, 1, 4.80374e+19
Pixel 306, 319, 1, 1, 4.80374e+19
Pixel 306, 320, 1, 1, 4.80374e+19
=== 2929846 ===
--- pALPIDEfs_3 ---
Pixel 151, 323, 1, 1, 4.80374e+19
Pixel 152, 323, 1, 1, 4.80374e+19
=== 2930920 ===
--- pALPIDEfs_4 ---
Pixel 289, 162, 1, 1, 4.80374e+19
Pixel 289, 163, 1, 1, 4.80374e+19
Pixel 289, 164, 1, 1, 4.80374e+19
Pixel 289, 165, 1, 1, 4.80374e+19
Pixel 290, 162, 1, 1, 4.80374e+19
Pixel 291, 162, 1, 1, 4.80374e+19
Pixel 291, 163, 1, 1, 4.80374e+19
Pixel 290, 163, 1, 1, 4.80374e+19
Pixel 290, 164, 1, 1, 4.80374e+19
Pixel 290, 165, 1, 1, 4.80374e+19
=== 2959820 ===
--- pALPIDEfs_1 ---
Pixel 141, 32, 1, 1, 4.80374e+19
Pixel 141, 33, 1, 1, 4.80374e+19
Pixel 142, 32, 1, 1, 4.80374e+19
=== 2976830 ===
--- pALPIDEfs_1 ---
Pixel 489, 290, 1, 1, 4.80374e+19
Pixel 490, 290, 1, 1, 4.80374e+19
=== 2977059 ===
--- pALPIDEfs_0 ---
Pixel 32, 319, 1, 1, 4.80374e+19
Pixel 32, 320, 1, 1, 4.80374e+19
Pixel 32, 321, 1, 1, 4.80374e+19
=== 2987193 ===
--- pALPIDEfs_6 ---
Pixel 51, 59, 1, 1, 4.80374e+19
Pixel 51, 60, 1, 1, 4.80374e+19
=== 3006897 ===
--- pALPIDEfs_2 ---
Pixel 748, 278, 1, 1, 4.80374e+19
Pixel 748, 279, 1, 1, 4.80374e+19
--- pALPIDEfs_3 ---
Pixel 768, 76, 1, 1, 4.80374e+19
=== 3041259 ===
--- pALPIDEfs_3 ---
Pixel 413, 240, 1, 1, 4.80374e+19
=== 3047574 ===
--- pALPIDEfs_0 ---
Pixel 1017, 193, 1, 1, 4.80374e+19
Pixel 1016, 193, 1, 1, 4.80374e+19
--- pALPIDEfs_1 ---
Pixel 616, 208, 1, 1, 4.80374e+19
Pixel 616, 209, 1, 1, 4.80374e+19
--- pALPIDEfs_2 ---
Pixel 269, 154, 1, 1, 4.80374e+19
=== 3047958 ===
--- pALPIDEfs_3 ---
Pixel 811, 282, 1, 1, 4.80374e+19
Pixel 811, 283, 1, 1, 4.80374e+19
Pixel 811, 284, 1, 1, 4.80374e+19
Pixel 812, 282, 1, 1, 4.80374e+19
Pixel 812, 283, 1, 1, 4.80374e+19
=== 3051416 ===
--- pALPIDEfs_2 ---
Pixel 737, 387, 1, 1, 4.80374e+19
Pixel 738, 387, 1, 1, 4.80374e+19
=== 3069772 ===
--- pALPIDEfs_6 ---
Pixel 285, 333, 1, 1, 4.80374e+19
Pixel 284, 333, 1, 1, 4.80374e+19
Pixel 284, 334, 1, 1, 4.80374e+19
Pixel 285, 334, 1, 1, 4.80374e+19
=== 3088339 ===
--- pALPIDEfs_6 ---
Pixel 669, 36, 1, 1, 4.80374e+19
Pixel 669, 37, 1, 1, 4.80374e+19
Pixel 669, 38, 1, 1, 4.80374e+19
Pixel 670, 36, 1, 1, 4.80374e+19
Pixel 670, 37, 1, 1, 4.80374e+19
Pixel 670, 38, 1, 1, 4.80374e+19
=== 3101031 ===
--- pALPIDEfs_5 ---
Pixel 980, 444, 1, 1, 4.80374e+19
Pixel 980, 445, 1, 1, 4.80374e+19
=== 3122436 ===
--- pALPIDEfs_5 ---
Pixel 149, 280, 1, 1, 4.80374e+19
Pixel 149, 281, 1, 1, 4.80374e+19
Pixel 150, 280, 1, 1, 4.80374e+19
Pixel 150, 281, 1, 1, 4.80374e+19
Pixel 399, 139, 1, 1, 4.80374e+19
Pixel 400, 139, 1, 1, 4.80374e+19
Pixel 400, 140, 1, 1, 4.80374e+19
=== 3123460 ===
--- pALPIDEfs_3 ---
Pixel 176, 404, 1, 1, 4.80374e+19
Pixel 177, 404, 1, 1, 4.80374e+19
=== 3126416 ===
--- pALPIDEfs_4 ---
Pixel 506, 125, 1, 1, 4.80374e+19
Pixel 506, 126, 1, 1, 4.80374e+19
--- pALPIDEfs_5 ---
Pixel 864, 402, 1, 1, 4.80374e+19
Pixel 865, 402, 1, 1, 4.80374e+19
=== 3133026 ===
--- pALPIDEfs_1 ---
Pixel 992, 213, 1, 1, 4.80374e+19
=== 3133959 ===
--- pALPIDEfs_5 ---
Pixel 135, 58, 1, 1, 4.80374e+19
Pixel 136, 58, 1, 1, 4.80374e+19
=== 3143171 ===
--- pALPIDEfs_3 ---
Pixel 321, 394, 1, 1, 4.80374e+19
Pixel 321, 395, 1, 1, 4.80374e+19
Pixel 322, 395, 1, 1, 4.80374e+19
=== 3145200 ===
--- pALPIDEfs_2 ---
Pixel 934, 256, 1, 1, 4.80374e+19
=== 3157300 ===
--- pALPIDEfs_4 ---
Pixel 111, 238, 1, 1, 4.80374e+19
Pixel 111, 239, 1, 1, 4.80374e+19
Pixel 111, 240, 1, 1, 4.80374e+19
Pixel 111, 241, 1, 1, 4.80374e+19
Pixel 110, 241, 1, 1, 4.80374e+19
Pixel 110, 242, 1, 1, 4.80374e+19
Pixel 111, 242, 1, 1, 4.80374e+19
=== 3182150 ===
--- pALPIDEfs_5 ---
Pixel 522, 107, 1, 1, 4.80374e+19
Pixel 522, 108, 1, 1, 4.80374e+19
=== 3187515 ===
--- pALPIDEfs_2 ---
Pixel 520, 358, 1, 1, 4.80374e+19
Pixel 521, 358, 1, 1, 4.80374e+19
Pixel 521, 359, 1, 1, 4.80374e+19
Pixel 520, 359, 1, 1, 4.80374e+19
Pixel 522, 358, 1, 1, 4.80374e+19
Pixel 523, 358, 1, 1, 4.80374e+19
Pixel 523, 359, 1, 1, 4.80374e+19
Pixel 522, 359, 1, 1, 4.80374e+19
=== 3187870 ===
--- pALPIDEfs_0 ---
Pixel 689, 270, 1, 1, 4.80374e+19
Pixel 689, 271, 1, 1, 4.80374e+19
=== 3204326 ===
--- pALPIDEfs_5 ---
Pixel 463, 210, 1, 1, 4.80374e+19
Pixel 463, 211, 1, 1, 4.80374e+19
Pixel 463, 212, 1, 1, 4.80374e+19
Pixel 463, 213, 1, 1, 4.80374e+19
Pixel 462, 213, 1, 1, 4.80374e+19
Pixel 462, 214, 1, 1, 4.80374e+19
Pixel 463, 214, 1, 1, 4.80374e+19
Pixel 463, 215, 1, 1, 4.80374e+19
Pixel 462, 215, 1, 1, 4.80374e+19
Pixel 463, 216, 1, 1, 4.80374e+19
=== 3223247 ===
--- pALPIDEfs_6 ---
Pixel 287, 47, 1, 1, 4.80374e+19
Pixel 287, 48, 1, 1, 4.80374e+19
Pixel 287, 49, 1, 1, 4.80374e+19
Pixel 289, 47, 1, 1, 4.80374e+19
Pixel 288, 47, 1, 1, 4.80374e+19
Pixel 288, 48, 1, 1, 4.80374e+19
Pixel 289, 48, 1, 1, 4.80374e+19
Pixel 288, 49, 1, 1, 4.80374e+19
=== 3230513 ===
--- pALPIDEfs_3 ---
Pixel 517, 295, 1, 1, 4.80374e+19
Pixel 517, 296, 1, 1, 4.80374e+19
Pixel 519, 295, 1, 1, 4.80374e+19
Pixel 518, 295, 1, 1, 4.80374e+19
Pixel 518, 296, 1, 1, 4.80374e+19
Pixel 519, 296, 1, 1, 4.80374e+19
Pixel 518, 297, 1, 1, 4.80374e+19
Pixel 521, 295, 1, 1, 4.80374e+19
Pixel 520, 295, 1, 1, 4.80374e+19
Pixel 520, 296, 1, 1, 4.80374e+19
Pixel 521, 296, 1, 1, 4.80374e+19
Pixel 522, 295, 1, 1, 4.80374e+19
Pixel 522, 296, 1, 1, 4.80374e+19
--- pALPIDEfs_4 ---
Pixel 179, 297, 1, 1, 4.80374e+19
Pixel 178, 297, 1, 1, 4.80374e+19
=== 3231687 ===
--- pALPIDEfs_0 ---
Pixel 81, 234, 1, 1, 4.80374e+19
=== 3255217 ===
--- pALPIDEfs_4 ---
Pixel 1007, 504, 1, 1, 4.80374e+19
Pixel 1007, 505, 1, 1, 4.80374e+19
Pixel 1007, 508, 1, 1, 4.80374e+19
Pixel 1007, 509, 1, 1, 4.80374e+19
Pixel 1007, 510, 1, 1, 4.80374e+19
Pixel 1007, 511, 1, 1, 4.80374e+19
Pixel 1006, 511, 1, 1, 4.80374e+19
Pixel 1008, 504, 1, 1, 4.80374e+19
Pixel 1009, 504, 1, 1, 4.80374e+19
Pixel 1009, 505, 1, 1, 4.80374e+19
Pixel 1008, 505, 1, 1, 4.80374e+19
Pixel 1010, 504, 1, 1, 4.80374e+19
Pixel 1011, 504, 1, 1, 4.80374e+19
Pixel 1011, 505, 1, 1, 4.80374e+19
Pixel 1010, 505, 1, 1, 4.80374e+19
Pixel 1012, 504, 1, 1, 4.80374e+19
Pixel 1012, 505, 1, 1, 4.80374e+19
=== 3261964 ===
--- pALPIDEfs_4 ---
Pixel 705, 189, 1, 1, 4.80374e+19
Pixel 704, 189, 1, 1, 4.80374e+19
Pixel 705, 190, 1, 1, 4.80374e+19
Pixel 707, 189, 1, 1, 4.80374e+19
Pixel 706, 189, 1, 1, 4.80374e+19
Pixel 706, 190, 1, 1, 4.80374e+19
Pixel 707, 190, 1, 1, 4.80374e+19
=== 3267827 ===
--- pALPIDEfs_1 ---
Pixel 31, 502, 1, 1, 4.80374e+19
--- pALPIDEfs_2 ---
Pixel 6, 149, 1, 1, 4.80374e+19
=== 3286716 ===
--- pALPIDEfs_3 ---
Pixel 623, 238, 1, 1, 4.80374e+19
Pixel 623, 239, 1, 1, 4.80374e+19
Pixel 622, 239, 1, 1, 4.80374e+19
Pixel 622, 240, 1, 1, 4.80374e+19
Pixel 623, 240, 1, 1, 4.80374e+19
Pixel 624, 239, 1, 1, 4.80374e+19
Pixel 624, 240, 1, 1, 4.80374e+19
=== 3292460 ===
--- pALPIDEfs_5 ---
Pixel 465, 225, 1, 1, 4.80374e+19
Pixel 466, 225, 1, 1, 4.80374e+19
=== 3327357 ===
--- pALPIDEfs_1 ---
Pixel 449, 59, 1, 1, 4.80374e+19
Pixel 449, 60, 1, 1, 4.80374e+19
Pixel 450, 59, 1, 1, 4.80374e+19
Pixel 450, 60, 1, 1, 4.80374e+19
--- pALPIDEfs_2 ---
Pixel 27, 256, 1, 1, 4.80374e+19
Pixel 28, 256, 1, 1, 4.80374e+19
=== 3366186 ===
--- pALPIDEfs_5 ---
Pixel 395, 58, 1, 1, 4.80374e+19
Pixel 395, 59, 1, 1, 4.80374e+19
=== 3373787 ===
--- pALPIDEfs_2 ---
Pixel 59, 231, 1, 1, 4.80374e+19
Pixel 58, 232, 1, 1, 4.80374e+19
Pixel 59, 232, 1, 1, 4.80374e+19
=== 3395664 ===
--- pALPIDEfs_0 ---
Pixel 223, 347, 1, 1, 4.80374e+19
=== 3404438 ===
--- pALPIDEfs_4 ---
Pixel 13, 304, 1, 1, 4.80374e+19
Pixel 13, 305, 1, 1, 4.80374e+19
Pixel 14, 304, 1, 1, 4.80374e+19
Pixel 14, 305, 1, 1, 4.80374e+19
=== 3406070 ===
--- pALPIDEfs_2 ---
Pixel 251, 99, 1, 1, 4.80374e+19
Pixel 251, 100, 1, 1, 4.80374e+19
=== 3426675 ===
--- pALPIDEfs_0 ---
Pixel 545, 437, 1, 1, 4.80374e+19
Pixel 544, 437, 1, 1, 4.80374e+19
Pixel 545, 438, 1, 1, 4.80374e+19
=== 3448384 ===
--- pALPIDEfs_4 ---
Pixel 234, 409, 1, 1, 4.80374e+19
=== 3461587 ===
--- pALPIDEfs_1 ---
Pixel 295, 268, 1, 1, 4.80374e+19
Pixel 295, 269, 1, 1, 4.80374e+19
Pixel 296, 268, 1, 1, 4.80374e+19
Pixel 296, 269, 1, 1, 4.80374e+19
=== 3488313 ===
--- pALPIDEfs_5 ---
Pixel 386, 20, 1, 1, 4.80374e+19
Pixel 387, 20, 1, 1, 4.80374e+19
Pixel 387, 21, 1, 1, 4.80374e+19
--- pALPIDEfs_6 ---
Pixel 535, 205, 1, 1, 4.80374e+19
Pixel 536, 205, 1, 1, 4.80374e+19
=== 3508717 ===
--- pALPIDEfs_6 ---
Pixel 143, 329, 1, 1, 4.80374e+19
=== 3509529 ===
--- pALPIDEfs_2 ---
Pixel 717, 291, 1, 1, 4.80374e+19
Pixel 718, 290, 1, 1, 4.80374e+19
Pixel 718, 291, 1, 1, 4.80374e+19
=== 3513371 ===
--- pALPIDEfs_0 ---
Pixel 321, 53, 1, 1, 4.80374e+19
Pixel 321, 54, 1, 1, 4.80374e+19
=== 3520311 ===
--- pALPIDEfs_6 ---
Pixel 475, 246, 1, 1, 4.80374e+19
Pixel 529, 107, 1, 1, 4.80374e+19
Pixel 530, 107, 1, 1, 4.80374e+19
=== 3536939 ===
--- pALPIDEfs_4 ---
Pixel 624, 182, 1, 1, 4.80374e+19
Pixel 625, 182, 1, 1, 4.80374e+19
=== 3540405 ===
--- pALPIDEfs_4 ---
Pixel 119, 319, 1, 1, 4.80374e+19
Pixel 119, 320, 1, 1, 4.80374e+19
Pixel 120, 320, 1, 1, 4.80374e+19
=== 3544292 ===
--- pALPIDEfs_0 ---
Pixel 997, 22, 1, 1, 4.80374e+19
--- pALPIDEfs_1 ---
Pixel 836, 54, 1, 1, 4.80374e+19
Pixel 837, 54, 1, 1, 4.80374e+19
=== 3545323 ===
--- pALPIDEfs_3 ---
Pixel 6, 252, 1, 1, 4.80374e+19
Pixel 6, 253, 1, 1, 4.80374e+19
=== 3619536 ===
--- pALPIDEfs_0 ---
Pixel 614, 104, 1, 1, 4.80374e+19
Pixel 615, 105, 1, 1, 4.80374e+19
Pixel 614, 105, 1, 1, 4.80374e+19
=== 3627973 ===
--- pALPIDEfs_3 ---
Pixel 395, 299, 1, 1, 4.80374e+19
=== 3634535 ===
--- pALPIDEfs_3 ---
Pixel 989, 459, 1, 1, 4.80374e+19
Pixel 989, 460, 1, 1, 4.80374e+19
Pixel 989, 461, 1, 1, 4.80374e+19
Pixel 988, 461, 1, 1, 4.80374e+19
Pixel 988, 462, 1, 1, 4.80374e+19
Pixel 989, 462, 1, 1, 4.80374e+19
Pixel 990, 458, 1, 1, 4.80374e+19
Pixel 990, 459, 1, 1, 4.80374e+19
Pixel 990, 460, 1, 1, 4.80374e+19
=== 3637551 ===
--- pALPIDEfs_4 ---
Pixel 297, 326, 1, 1, 4.80374e+19
Pixel 297, 327, 1, 1, 4.80374e+19
Pixel 296, 327, 1, 1, 4.80374e+19
Pixel 296, 328, 1, 1, 4.80374e+19
Pixel 297, 328, 1, 1, 4.80374e+19
=== 3642035 ===
--- pALPIDEfs_0 ---
Pixel 516, 233, 1, 1, 4.80374e+19
=== 3651145 ===
--- pALPIDEfs_1 ---
Pixel 587, 48, 1, 1, 4.80374e+19
Pixel 588, 48, 1, 1, 4.80374e+19
--- pALPIDEfs_2 ---
Pixel 856, 243, 1, 1, 4.80374e+19
Pixel 856, 244, 1, 1, 4.80374e+19
=== 3656115 ===
--- pALPIDEfs_4 ---
Pixel 753, 305, 1, 1, 4.80374e+19
Pixel 753, 306, 1, 1, 4.80374e+19
=== 3664064 ===
--- pALPIDEfs_4 ---
Pixel 307, 133, 1, 1, 4.80374e+19
Pixel 307, 134, 1, 1, 4.80374e+19
=== 3670508 ===
--- pALPIDEfs_1 ---
Pixel 261, 409, 1, 1, 4.80374e+19
Pixel 262, 410, 1, 1, 4.80374e+19
Pixel 263, 410, 1, 1, 4.80374e+19
=== 3676866 ===
--- pALPIDEfs_0 ---
Pixel 771, 156, 1, 1, 4.80374e+19
--- pALPIDEfs_1 ---
Pixel 345, 477, 1, 1, 4.80374e+19
Pixel 344, 477, 1, 1, 4.80374e+19
=== 3710953 ===
--- pALPIDEfs_1 ---
Pixel 225, 119, 1, 1, 4.80374e+19
Pixel 225, 120, 1, 1, 4.80374e+19
Pixel 225, 121, 1, 1, 4.80374e+19
Pixel 226, 119, 1, 1, 4.80374e+19
Pixel 226, 120, 1, 1, 4.80374e+19
Pixel 226, 121, 1, 1, 4.80374e+19
--- pALPIDEfs_2 ---
Pixel 34, 388, 1, 1, 4.80374e+19
Pixel 35, 388, 1, 1, 4.80374e+19
Pixel 35, 389, 1, 1, 4.80374e+19
Pixel 34, 389, 1, 1, 4.80374e+19
=== 3719425 ===
--- pALPIDEfs_6 ---
Pixel 763, 473, 1, 1, 4.80374e+19
Pixel 764, 473, 1, 1, 4.80374e+19
=== 3727342 ===
--- pALPIDEfs_2 ---
Pixel 53, 407, 1, 1, 4.80374e+19
Pixel 54, 407, 1, 1, 4.80374e+19
--- pALPIDEfs_3 ---
Pixel 558, 144, 1, 1, 4.80374e+19
Pixel 559, 144, 1, 1, 4.80374e+19
Pixel 559, 145, 1, 1, 4.80374e+19
Pixel 558, 145, 1, 1, 4.80374e+19
=== 3745409 ===
--- pALPIDEfs_0 ---
Pixel 218, 1, 1, 1, 4.80374e+19
--- pALPIDEfs_1 ---
Pixel 635, 296, 1, 1, 4.80374e+19
Pixel 636, 296, 1, 1, 4.80374e+19
=== 3780576 ===
--- pALPIDEfs_0 ---
Pixel 607, 59, 1, 1, 4.80374e+19
Pixel 607, 60, 1, 1, 4.80374e+19
=== 3783368 ===
--- pALPIDEfs_1 ---
Pixel 573, 447, 1, 1, 4.80374e+19
=== 3783714 ===
--- pALPIDEfs_1 ---
Pixel 263, 420, 1, 1, 4.80374e+19
Pixel 263, 421, 1, 1, 4.80374e+19
Pixel 264, 420, 1, 1, 4.80374e+19
=== 3794438 ===
--- pALPIDEfs_5 ---
Pixel 82, 1, 1, 1, 4.80374e+19
=== 3795610 ===
--- pALPIDEfs_3 ---
Pixel 819, 480, 1, 1, 4.80374e+19
Pixel 819, 481, 1, 1, 4.80374e+19
Pixel 820, 480, 1, 1, 4.80374e+19
Pixel 821, 480, 1, 1, 4.80374e+19
Pixel 821, 481, 1, 1, 4.80374e+19
Pixel 820, 481, 1, 1, 4.80374e+19
=== 3802729 ===
--- pALPIDEfs_3 ---
Pixel 395, 299, 1, 1, 4.80374e+19
=== 3827743 ===
--- pALPIDEfs_5 ---
Pixel 83, 427, 1, 1, 4.80374e+19
Pixel 82, 427, 1, 1, 4.80374e+19
Pixel 82, 428, 1, 1, 4.80374e+19
=== 3841393 ===
--- pALPIDEfs_3 ---
Pixel 721, 30, 1, 1, 4.80374e+19
Pixel 721, 31, 1, 1, 4.80374e+19
Pixel 722, 30, 1, 1, 4.80374e+19
Pixel 722, 31, 1, 1, 4.80374e+19
=== 3859028 ===
--- pALPIDEfs_0 ---
Pixel 568, 144, 1, 1, 4.80374e+19
Pixel 569, 144, 1, 1, 4.80374e+19
=== 3874764 ===
--- pALPIDEfs_0 ---
Pixel 885, 325, 1, 1, 4.80374e+19
=== 3893193 ===
--- pALPIDEfs_4 ---
Pixel 100, 324, 1, 1, 4.80374e+19
Pixel 100, 325, 1, 1, 4.80374e+19
=== 3893989 ===
--- pALPIDEfs_0 ---
Pixel 397, 97, 1, 1, 4.80374e+19
Pixel 396, 97, 1, 1, 4.80374e+19
Pixel 396, 98, 1, 1, 4.80374e+19
Pixel 397, 98, 1, 1, 4.80374e+19
Pixel 398, 97, 1, 1, 4.80374e+19
Pixel 398, 98, 1, 1, 4.80374e+19
=== 3900866 ===
--- pALPIDEfs_1 ---
Pixel 622, 40, 1, 1, 4.80374e+19
=== 3923488 ===
--- pALPIDEfs_5 ---
Pixel 395, 85, 1, 1, 4.80374e+19
Pixel 394, 85, 1, 1, 4.80374e+19
Pixel 394, 86, 1, 1, 4.80374e+19
Pixel 395, 86, 1, 1, 4.80374e+19
--- pALPIDEfs_6 ---
Pixel 554, 234, 1, 1, 4.80374e+19
Pixel 555, 234, 1, 1, 4.80374e+19
Pixel 555, 235, 1, 1, 4.80374e+19
Pixel 554, 235, 1, 1, 4.80374e+19
=== 3925888 ===
--- pALPIDEfs_4 ---
Pixel 191, 89, 1, 1, 4.80374e+19
Pixel 190, 89, 1, 1, 4.80374e+19
Pixel 190, 90, 1, 1, 4.80374e+19
Pixel 191, 90, 1, 1, 4.80374e+19
=== 3933370 ===
--- pALPIDEfs_4 ---
Pixel 545, 299, 1, 1, 4.80374e+19
Pixel 544, 299, 1, 1, 4.80374e+19
Pixel 545, 300, 1, 1, 4.80374e+19
Pixel 546, 299, 1, 1, 4.80374e+19
=== 3963597 ===
--- pALPIDEfs_4 ---
Pixel 653, 389, 1, 1, 4.80374e+19
Pixel 655, 389, 1, 1, 4.80374e+19
Pixel 654, 389, 1, 1, 4.80374e+19
Pixel 654, 390, 1, 1, 4.80374e+19
Pixel 655, 390, 1, 1, 4.80374e+19
Pixel 657, 389, 1, 1, 4.80374e+19
Pixel 656, 389, 1, 1, 4.80374e+19
Pixel 656, 390, 1, 1, 4.80374e+19
Pixel 657, 390, 1, 1, 4.80374e+19
Pixel 659, 389, 1, 1, 4.80374e+19
Pixel 658, 389, 1, 1, 4.80374e+19
Pixel 662, 388, 1, 1, 4.80374e+19
Pixel 663, 388, 1, 1, 4.80374e+19
Pixel 665, 387, 1, 1, 4.80374e+19
Pixel 664, 387, 1, 1, 4.80374e+19
Pixel 664, 388, 1, 1, 4.80374e+19
Pixel 665, 388, 1, 1, 4.80374e+19
Pixel 666, 387, 1, 1, 4.80374e+19
Pixel 670, 387, 1, 1, 4.80374e+19
=== 3964334 ===
--- pALPIDEfs_5 ---
Pixel 362, 460, 1, 1, 4.80374e+19
Pixel 363, 460, 1, 1, 4.80374e+19
Pixel 363, 461, 1, 1, 4.80374e+19
Pixel 362, 461, 1, 1, 4.80374e+19
=== 3970954 ===
--- pALPIDEfs_1 ---
Pixel 377, 37, 1, 1, 4.80374e+19
Pixel 378, 37, 1, 1, 4.80374e+19
=== 3978342 ===
--- pALPIDEfs_6 ---
Pixel 214, 490, 1, 1, 4.80374e+19
=== 4001404 ===
--- pALPIDEfs_5 ---
Pixel 275, 458, 1, 1, 4.80374e+19
=== 4002995 ===
--- pALPIDEfs_4 ---
Pixel 389, 365, 1, 1, 4.80374e+19
Pixel 389, 366, 1, 1, 4.80374e+19
Pixel 389, 367, 1, 1, 4.80374e+19
Pixel 390, 365, 1, 1, 4.80374e+19
Pixel 390, 366, 1, 1, 4.80374e+19
Pixel 390, 367, 1, 1, 4.80374e+19
=== 4017714 ===
--- pALPIDEfs_4 ---
Pixel 5, 67, 1, 1, 4.80374e+19
Pixel 7, 63, 1, 1, 4.80374e+19
Pixel 6, 63, 1, 1, 4.80374e+19
Pixel 15, 57, 1, 1, 4.80374e+19
Pixel 14, 57, 1, 1, 4.80374e+19
=== 4020816 ===
--- pALPIDEfs_3 ---
Pixel 621, 357, 1, 1, 4.80374e+19
Pixel 621, 358, 1, 1, 4.80374e+19
Pixel 622, 357, 1, 1, 4.80374e+19
Pixel 622, 358, 1, 1, 4.80374e+19
--- pALPIDEfs_4 ---
Pixel 845, 85, 1, 1, 4.80374e+19
=== 4026750 ===
--- pALPIDEfs_3 ---
Pixel 523, 78, 1, 1, 4.80374e+19
Pixel 523, 79, 1, 1, 4.80374e+19
Pixel 857, 117, 1, 1, 4.80374e+19
Pixel 856, 117, 1, 1, 4.80374e+19
Pixel 856, 118, 1, 1, 4.80374e+19
Pixel 857, 118, 1, 1, 4.80374e+19
Pixel 856, 119, 1, 1, 4.80374e+19
=== 4039386 ===
--- pALPIDEfs_3 ---
Pixel 343, 257, 1, 1, 4.80374e+19
Pixel 343, 258, 1, 1, 4.80374e+19
Pixel 343, 259, 1, 1, 4.80374e+19
Pixel 343, 260, 1, 1, 4.80374e+19
Pixel 343, 261, 1, 1, 4.80374e+19
=== 4041327 ===
--- pALPIDEfs_2 ---
Pixel 882, 46, 1, 1, 4.80374e+19
Pixel 883, 46, 1, 1, 4.80374e+19
Pixel 883, 47, 1, 1, 4.80374e+19
Pixel 884, 46, 1, 1, 4.80374e+19
Pixel 885, 47, 1, 1, 4.80374e+19
Pixel 884, 47, 1, 1, 4.80374e+19
Pixel 885, 48, 1, 1, 4.80374e+19
Pixel 886, 48, 1, 1, 4.80374e+19
Pixel 887, 48, 1, 1, 4.80374e+19
Pixel 887, 49, 1, 1, 4.80374e+19
Pixel 886, 49, 1, 1, 4.80374e+19
=== 4063174 ===
--- pALPIDEfs_1 ---
Pixel 893, 39, 1, 1, 4.80374e+19
Pixel 893, 40, 1, 1, 4.80374e+19
--- pALPIDEfs_2 ---
Pixel 908, 1, 1, 1, 4.80374e+19
=== 4067837 ===
--- pALPIDEfs_5 ---
Pixel 408, 61, 1, 1, 4.80374e+19
Pixel 408, 62, 1, 1, 4.80374e+19
=== 4080157 ===
--- pALPIDEfs_0 ---
Pixel 634, 449, 1, 1, 4.80374e+19
--- pALPIDEfs_2 ---
Pixel 60, 506, 1, 1, 4.80374e+19
Pixel 60, 507, 1, 1, 4.80374e+19
=== 4081024 ===
--- pALPIDEfs_2 ---
Pixel 447, 142, 1, 1, 4.80374e+19
Pixel 447, 143, 1, 1, 4.80374e+19
Pixel 448, 142, 1, 1, 4.80374e+19
Pixel 448, 143, 1, 1, 4.80374e+19
=== 4084069 ===
--- pALPIDEfs_4 ---
Pixel 1015, 510, 1, 1, 4.80374e+19
Pixel 1016, 510, 1, 1, 4.80374e+19
Pixel 1016, 511, 1, 1, 4.80374e+19
=== 4090577 ===
--- pALPIDEfs_3 ---
Pixel 196, 386, 1, 1, 4.80374e+19
Pixel 197, 386, 1, 1, 4.80374e+19
Pixel 197, 387, 1, 1, 4.80374e+19
=== 4098556 ===
--- pALPIDEfs_1 ---
Pixel 49, 311, 1, 1, 4.80374e+19
Pixel 49, 312, 1, 1, 4.80374e+19
Pixel 50, 311, 1, 1, 4.80374e+19
Pixel 50, 312, 1, 1, 4.80374e+19
=== 4118879 ===
--- pALPIDEfs_3 ---
Pixel 681, 111, 1, 1, 4.80374e+19
Pixel 681, 112, 1, 1, 4.80374e+19
Pixel 681, 113, 1, 1, 4.80374e+19
Pixel 682, 112, 1, 1, 4.80374e+19
Pixel 682, 113, 1, 1, 4.80374e+19
=== 4129772 ===
--- pALPIDEfs_5 ---
Pixel 612, 210, 1, 1, 4.80374e+19
Pixel 612, 211, 1, 1, 4.80374e+19
--- pALPIDEfs_6 ---
Pixel 907, 485, 1, 1, 4.80374e+19
Pixel 906, 485, 1, 1, 4.80374e+19
=== 4142887 ===
--- pALPIDEfs_6 ---
Pixel 349, 343, 1, 1, 4.80374e+19
Pixel 348, 343, 1, 1, 4.80374e+19
Pixel 350, 343, 1, 1, 4.80374e+19
Pixel 350, 344, 1, 1, 4.80374e+19
=== 4152953 ===
--- pALPIDEfs_5 ---
Pixel 189, 120, 1, 1, 4.80374e+19
Pixel 190, 120, 1, 1, 4.80374e+19
=== 4181237 ===
--- pALPIDEfs_2 ---
Pixel 989, 356, 1, 1, 4.80374e+19
--- pALPIDEfs_3 ---
Pixel 241, 127, 1, 1, 4.80374e+19
Pixel 240, 127, 1, 1, 4.80374e+19
=== 4187897 ===
--- pALPIDEfs_0 ---
Pixel 682, 211, 1, 1, 4.80374e+19
=== 4199538 ===
--- pALPIDEfs_3 ---
Pixel 131, 466, 1, 1, 4.80374e+19
=== 4202960 ===
--- pALPIDEfs_2 ---
Pixel 638, 461, 1, 1, 4.80374e+19
Pixel 638, 462, 1, 1, 4.80374e+19
=== 4209157 ===
--- pALPIDEfs_4 ---
Pixel 323, 99, 1, 1, 4.80374e+19
--- pALPIDEfs_5 ---
Pixel 780, 23, 1, 1, 4.80374e+19
=== 4212568 ===
--- pALPIDEfs_0 ---
Pixel 32, 243, 1, 1, 4.80374e+19
=== 4214834 ===
--- pALPIDEfs_0 ---
Pixel 611, 4, 1, 1, 4.80374e+19
--- pALPIDEfs_1 ---
Pixel 966, 476, 1, 1, 4.80374e+19
Pixel 967, 477, 1, 1, 4.80374e+19
Pixel 966, 477, 1, 1, 4.80374e+19
=== 4218581 ===
--- pALPIDEfs_1 ---
Pixel 564, 150, 1, 1, 4.80374e+19
Pixel 565, 150, 1, 1, 4.80374e+19
Pixel 565, 151, 1, 1, 4.80374e+19
Pixel 564, 151, 1, 1, 4.80374e+19
=== 4222459 ===
--- pALPIDEfs_3 ---
Pixel 348, 34, 1, 1, 4.80374e+19
Pixel 349, 34, 1, 1, 4.80374e+19
Pixel 348, 35, 1, 1, 4.80374e+19
=== 4257806 ===
--- pALPIDEfs_1 ---
Pixel 821, 336, 1, 1, 4.80374e+19
=== 4261200 ===
--- pALPIDEfs_6 ---
Pixel 899, 160, 1, 1, 4.80374e+19
=== 4261839 ===
--- pALPIDEfs_2 ---
Pixel 778, 136, 1, 1, 4.80374e+19
Pixel 779, 136, 1, 1, 4.80374e+19
Pixel 779, 137, 1, 1, 4.80374e+19
Pixel 780, 136, 1, 1, 4.80374e+19
=== 4299743 ===
--- pALPIDEfs_1 ---
Pixel 593, 335, 1, 1, 4.80374e+19
Pixel 593, 336, 1, 1, 4.80374e+19
Pixel 593, 337, 1, 1, 4.80374e+19
Pixel 592, 338, 1, 1, 4.80374e+19
Pixel 594, 334, 1, 1, 4.80374e+19
Pixel 594, 335, 1, 1, 4.80374e+19
Pixel 594, 336, 1, 1, 4.80374e+19
=== 4300817 ===
--- pALPIDEfs_0 ---
Pixel 197, 280, 1, 1, 4.80374e+19
=== 4303231 ===
--- pALPIDEfs_3 ---
Pixel 395, 299, 1, 1, 4.80374e+19
=== 4314576 ===
--- pALPIDEfs_2 ---
Pixel 806, 227, 1, 1, 4.80374e+19
=== 4339450 ===
--- pALPIDEfs_4 ---
Pixel 701, 183, 1, 1, 4.80374e+19
--- pALPIDEfs_5 ---
Pixel 187, 89, 1, 1, 4.80374e+19
Pixel 187, 90, 1, 1, 4.80374e+19
Pixel 188, 89, 1, 1, 4.80374e+19
Pixel 188, 90, 1, 1, 4.80374e+19
=== 4343215 ===
--- pALPIDEfs_4 ---
Pixel 42, 330, 1, 1, 4.80374e+19
Pixel 42, 331, 1, 1, 4.80374e+19
=== 4366797 ===
--- pALPIDEfs_1 ---
Pixel 236, 171, 1, 1, 4.80374e+19
=== 4372900 ===
--- pALPIDEfs_6 ---
Pixel 176, 507, 1, 1, 4.80374e+19
Pixel 176, 508, 1, 1, 4.80374e+19
=== 4397465 ===
--- pALPIDEfs_0 ---
Pixel 857, 303, 1, 1, 4.80374e+19
=== 4403039 ===
--- pALPIDEfs_2 ---
Pixel 496, 476, 1, 1, 4.80374e+19
Pixel 497, 476, 1, 1, 4.80374e+19
Pixel 497, 477, 1, 1, 4.80374e+19
Pixel 496, 477, 1, 1, 4.80374e+19
=== 4409780 ===
--- pALPIDEfs_6 ---
Pixel 89, 203, 1, 1, 4.80374e+19
Pixel 89, 204, 1, 1, 4.80374e+19
Pixel 90, 203, 1, 1, 4.80374e+19
Pixel 90, 204, 1, 1, 4.80374e+19
=== 4466530 ===
--- pALPIDEfs_3 ---
Pixel 799, 421, 1, 1, 4.80374e+19
Pixel 799, 422, 1, 1, 4.80374e+19
Pixel 800, 420, 1, 1, 4.80374e+19
Pixel 801, 421, 1, 1, 4.80374e+19
Pixel 800, 421, 1, 1, 4.80374e+19
Pixel 800, 422, 1, 1, 4.80374e+19
=== 4478765 ===
--- pALPIDEfs_1 ---
Pixel 308, 445, 1, 1, 4.80374e+19
=== 4482526 ===
--- pALPIDEfs_2 ---
Pixel 85, 307, 1, 1, 4.80374e+19
Pixel 86, 307, 1, 1, 4.80374e+19
=== 4490892 ===
--- pALPIDEfs_4 ---
Pixel 669, 221, 1, 1, 4.80374e+19
Pixel 670, 221, 1, 1, 4.80374e+19
Pixel 670, 222, 1, 1, 4.80374e+19
Pixel 671, 223, 1, 1, 4.80374e+19
Pixel 670, 223, 1, 1, 4.80374e+19
Pixel 671, 224, 1, 1, 4.80374e+19
Pixel 672, 224, 1, 1, 4.80374e+19
Pixel 672, 225, 1, 1, 4.80374e+19
=== 4521632 ===
--- pALPIDEfs_6 ---
Pixel 338, 73, 1, 1, 4.80374e+19
Pixel 338, 74, 1, 1, 4.80374e+19
=== 4537115 ===
--- pALPIDEfs_6 ---
Pixel 653, 53, 1, 1, 4.80374e+19
Pixel 652, 53, 1, 1, 4.80374e+19
=== 4549423 ===
--- pALPIDEfs_4 ---
Pixel 117, 235, 1, 1, 4.80374e+19
Pixel 117, 236, 1, 1, 4.80374e+19
Pixel 118, 235, 1, 1, 4.80374e+19
Pixel 118, 236, 1, 1, 4.80374e+19
=== 4560698 ===
--- pALPIDEfs_3 ---
Pixel 335, 317, 1, 1, 4.80374e+19
Pixel 335, 318, 1, 1, 4.80374e+19
Pixel 337, 317, 1, 1, 4.80374e+19
Pixel 336, 317, 1, 1, 4.80374e+19
Pixel 336, 318, 1, 1, 4.80374e+19
Pixel 337, 318, 1, 1, 4.80374e+19
=== 4562500 ===
--- pALPIDEfs_5 ---
Pixel 375, 154, 1, 1, 4.80374e+19
Pixel 377, 151, 1, 1, 4.80374e+19
Pixel 377, 152, 1, 1, 4.80374e+19
Pixel 377, 153, 1, 1, 4.80374e+19
Pixel 376, 153, 1, 1, 4.80374e+19
Pixel 376, 154, 1, 1, 4.80374e+19
Pixel 377, 154, 1, 1, 4.80374e+19
Pixel 378, 150, 1, 1, 4.80374e+19
Pixel 379, 150, 1, 1, 4.80374e+19
Pixel 378, 151, 1, 1, 4.80374e+19
Pixel 378, 152, 1, 1, 4.80374e+19
Pixel 380, 148, 1, 1, 4.80374e+19
Pixel 381, 148, 1, 1, 4.80374e+19
Pixel 381, 149, 1, 1, 4.80374e+19
Pixel 380, 149, 1, 1, 4.80374e+19
Pixel 382, 148, 1, 1, 4.80374e+19
Pixel 383, 148, 1, 1, 4.80374e+19
Pixel 383, 149, 1, 1, 4.80374e+19
Pixel 382, 149, 1, 1, 4.80374e+19
Pixel 384, 148, 1, 1, 4.80374e+19
=== 4565665 ===
--- pALPIDEfs_6 ---
Pixel 446, 384, 1, 1, 4.80374e+19
Pixel 446, 385, 1, 1, 4.80374e+19
=== 4570646 ===
--- pALPIDEfs_1 ---
Pixel 102, 24, 1, 1, 4.80374e+19
Pixel 102, 25, 1, 1, 4.80374e+19
=== 4584381 ===
--- pALPIDEfs_3 ---
Pixel 413, 240, 1, 1, 4.80374e+19
=== 4586436 ===
--- pALPIDEfs_4 ---
Pixel 507, 249, 1, 1, 4.80374e+19
=== 4596860 ===
--- pALPIDEfs_3 ---
Pixel 453, 395, 1, 1, 4.80374e+19
Pixel 452, 395, 1, 1, 4.80374e+19
=== 4601770 ===
--- pALPIDEfs_1 ---
Pixel 506, 377, 1, 1, 4.80374e+19
--- pALPIDEfs_2 ---
Pixel 400, 30, 1, 1, 4.80374e+19
Pixel 401, 30, 1, 1, 4.80374e+19
=== 4604220 ===
--- pALPIDEfs_1 ---
Pixel 665, 85, 1, 1, 4.80374e+19
Pixel 666, 85, 1, 1, 4.80374e+19
=== 4622605 ===
--- pALPIDEfs_2 ---
Pixel 123, 419, 1, 1, 4.80374e+19
Pixel 123, 420, 1, 1, 4.80374e+19
=== 4694711 ===
--- pALPIDEfs_0 ---
Pixel 86, 212, 1, 1, 4.80374e+19
Pixel 86, 213, 1, 1, 4.80374e+19
=== 4699132 ===
--- pALPIDEfs_0 ---
Pixel 843, 231, 1, 1, 4.80374e+19
Pixel 844, 231, 1, 1, 4.80374e+19
=== 4715447 ===
--- pALPIDEfs_5 ---
Pixel 978, 45, 1, 1, 4.80374e+19
Pixel 978, 46, 1, 1, 4.80374e+19
Pixel 979, 46, 1, 1, 4.80374e+19
=== 4723710 ===
--- pALPIDEfs_4 ---
Pixel 943, 207, 1, 1, 4.80374e+19
Pixel 943, 208, 1, 1, 4.80374e+19
=== 4731292 ===
--- pALPIDEfs_3 ---
Pixel 557, 180, 1, 1, 4.80374e+19
=== 4742035 ===
--- pALPIDEfs_6 ---
Pixel 833, 8, 1, 1, 4.80374e+19
Pixel 835, 7, 1, 1, 4.80374e+19
Pixel 834, 7, 1, 1, 4.80374e+19
Pixel 834, 8, 1, 1, 4.80374e+19
Pixel 835, 8, 1, 1, 4.80374e+19
Pixel 836, 8, 1, 1, 4.80374e+19
Pixel 837, 9, 1, 1, 4.80374e+19
Pixel 836, 9, 1, 1, 4.80374e+19
=== 4743766 ===
--- pALPIDEfs_5 ---
Pixel 1, 195, 1, 1, 4.80374e+19
Pixel 0, 196, 1, 1, 4.80374e+19
Pixel 1, 196, 1, 1, 4.80374e+19
Pixel 2, 194, 1, 1, 4.80374e+19
Pixel 2, 195, 1, 1, 4.80374e+19
=== 4744251 ===
--- pALPIDEfs_1 ---
Pixel 206, 10, 1, 1, 4.80374e+19
Pixel 207, 10, 1, 1, 4.80374e+19
Pixel 207, 11, 1, 1, 4.80374e+19
Pixel 206, 11, 1, 1, 4.80374e+19
Pixel 208, 11, 1, 1, 4.80374e+19
=== 4772900 ===
--- pALPIDEfs_0 ---
Pixel 400, 124, 1, 1, 4.80374e+19
Pixel 400, 125, 1, 1, 4.80374e+19
--- pALPIDEfs_1 ---
Pixel 659, 109, 1, 1, 4.80374e+19
Pixel 658, 109, 1, 1, 4.80374e+19
Pixel 658, 110, 1, 1, 4.80374e+19
=== 4774031 ===
--- pALPIDEfs_3 ---
Pixel 844, 19, 1, 1, 4.80374e+19
Pixel 844, 20, 1, 1, 4.80374e+19
=== 4792641 ===
--- pALPIDEfs_6 ---
Pixel 586, 310, 1, 1, 4.80374e+19
Pixel 587, 310, 1, 1, 4.80374e+19
Pixel 587, 311, 1, 1, 4.80374e+19
Pixel 586, 311, 1, 1, 4.80374e+19
Pixel 588, 310, 1, 1, 4.80374e+19
Pixel 588, 311, 1, 1, 4.80374e+19
=== 4859070 ===
--- pALPIDEfs_4 ---
Pixel 183, 475, 1, 1, 4.80374e+19
Pixel 182, 475, 1, 1, 4.80374e+19
--- pALPIDEfs_5 ---
Pixel 5, 461, 1, 1, 4.80374e+19
Pixel 4, 461, 1, 1, 4.80374e+19
Pixel 4, 462, 1, 1, 4.80374e+19
Pixel 5, 462, 1, 1, 4.80374e+19
=== 4870658 ===
--- pALPIDEfs_6 ---
Pixel 494, 32, 1, 1, 4.80374e+19
Pixel 494, 33, 1, 1, 4.80374e+19
=== 4871742 ===
--- pALPIDEfs_1 ---
Pixel 924, 490, 1, 1, 4.80374e+19
Pixel 924, 491, 1, 1, 4.80374e+19
=== 4877208 ===
--- pALPIDEfs_3 ---
Pixel 671, 364, 1, 1, 4.80374e+19
Pixel 671, 365, 1, 1, 4.80374e+19
Pixel 672, 364, 1, 1, 4.80374e+19
Pixel 672, 365, 1, 1, 4.80374e+19
Pixel 991, 373, 1, 1, 4.80374e+19
Pixel 990, 374, 1, 1, 4.80374e+19
Pixel 991, 374, 1, 1, 4.80374e+19
Pixel 992, 374, 1, 1, 4.80374e+19
--- pALPIDEfs_4 ---
Pixel 569, 433, 1, 1, 4.80374e+19
Pixel 568, 433, 1, 1, 4.80374e+19
Pixel 568, 434, 1, 1, 4.80374e+19
Pixel 569, 434, 1, 1, 4.80374e+19
=== 4885120 ===
--- pALPIDEfs_3 ---
Pixel 151, 149, 1, 1, 4.80374e+19
Pixel 151, 150, 1, 1, 4.80374e+19
--- pALPIDEfs_4 ---
Pixel 181, 101, 1, 1, 4.80374e+19
Pixel 182, 101, 1, 1, 4.80374e+19
Pixel 182, 102, 1, 1, 4.80374e+19
=== 4895826 ===
--- pALPIDEfs_2 ---
Pixel 301, 484, 1, 1, 4.80374e+19
Pixel 301, 485, 1, 1, 4.80374e+19
Pixel 302, 484, 1, 1, 4.80374e+19
=== 4896257 ===
--- pALPIDEfs_0 ---
Pixel 847, 441, 1, 1, 4.80374e+19
=== 4903637 ===
--- pALPIDEfs_1 ---
Pixel 807, 210, 1, 1, 4.80374e+19
Pixel 807, 211, 1, 1, 4.80374e+19
=== 4909253 ===
--- pALPIDEfs_6 ---
Pixel 851, 167, 1, 1, 4.80374e+19
Pixel 850, 168, 1, 1, 4.80374e+19
Pixel 851, 168, 1, 1, 4.80374e+19
Pixel 851, 169, 1, 1, 4.80374e+19
=== 4929872 ===
--- pALPIDEfs_5 ---
Pixel 148, 268, 1, 1, 4.80374e+19
Pixel 148, 269, 1, 1, 4.80374e+19
=== 4933911 ===
--- pALPIDEfs_2 ---
Pixel 390, 56, 1, 1, 4.80374e+19
Pixel 391, 56, 1, 1, 4.80374e+19
=== 4939473 ===
--- pALPIDEfs_4 ---
Pixel 701, 360, 1, 1, 4.80374e+19
Pixel 701, 361, 1, 1, 4.80374e+19
=== 4962794 ===
--- pALPIDEfs_1 ---
Pixel 623, 152, 1, 1, 4.80374e+19
Pixel 623, 153, 1, 1, 4.80374e+19
Pixel 624, 152, 1, 1, 4.80374e+19
Pixel 624, 153, 1, 1, 4.80374e+19
Pixel 624, 154, 1, 1, 4.80374e+19
Pixel 624, 155, 1, 1, 4.80374e+19
=== 4966530 ===
--- pALPIDEfs_1 ---
Pixel 871, 257, 1, 1, 4.80374e+19
Pixel 870, 257, 1, 1, 4.80374e+19
Pixel 871, 258, 1, 1, 4.80374e+19
Pixel 873, 257, 1, 1, 4.80374e+19
Pixel 872, 257, 1, 1, 4.80374e+19
Pixel 872, 258, 1, 1, 4.80374e+19
Pixel 873, 258, 1, 1, 4.80374e+19
Pixel 873, 259, 1, 1, 4.80374e+19
Pixel 872, 259, 1, 1, 4.80374e+19
=== 4981687 ===
--- pALPIDEfs_6 ---
Pixel 997, 114, 1, 1, 4.80374e+19
Pixel 997, 115, 1, 1, 4.80374e+19
Pixel 996, 116, 1, 1, 4.80374e+19
Pixel 997, 116, 1, 1, 4.80374e+19
Pixel 997, 117, 1, 1, 4.80374e+19
Pixel 996, 117, 1, 1, 4.80374e+19
Pixel 996, 118, 1, 1, 4.80374e+19
Pixel 997, 118, 1, 1, 4.80374e+19
Pixel 998, 114, 1, 1, 4.80374e+19
Pixel 998, 115, 1, 1, 4.80374e+19
Pixel 998, 116, 1, 1, 4.80374e+19
=== 4985943 ===
--- pALPIDEfs_5 ---
Pixel 363, 89, 1, 1, 4.80374e+19
Pixel 362, 89, 1, 1, 4.80374e+19
Pixel 363, 90, 1, 1, 4.80374e+19
=== 4987105 ===
--- pALPIDEfs_1 ---
Pixel 649, 145, 1, 1, 4.80374e+19
Pixel 650, 145, 1, 1, 4.80374e+19
=== 4988741 ===
--- pALPIDEfs_3 ---
Pixel 413, 240, 1, 1, 4.80374e+19
=== 4989330 ===
--- pALPIDEfs_1 ---
Pixel 205, 221, 1, 1, 4.80374e+19
Pixel 205, 222, 1, 1, 4.80374e+19
Pixel 206, 222, 1, 1, 4.80374e+19
=== 4995398 ===
--- pALPIDEfs_6 ---
Pixel 434, 348, 1, 1, 4.80374e+19
Pixel 435, 348, 1, 1, 4.80374e+19
Pixel 435, 349, 1, 1, 4.80374e+19
Pixel 434, 349, 1, 1, 4.80374e+19
=== 4996715 ===
--- pALPIDEfs_0 ---
Pixel 165, 119, 1, 1, 4.80374e+19
Pixel 164, 119, 1, 1, 4.80374e+19
Pixel 164, 120, 1, 1, 4.80374e+19
Pixel 165, 120, 1, 1, 4.80374e+19
Pixel 165, 121, 1, 1, 4.80374e+19
Pixel 166, 120, 1, 1, 4.80374e+19
Pixel 166, 121, 1, 1, 4.80374e+19
=== 5003760 ===
--- pALPIDEfs_0 ---
Pixel 464, 481, 1, 1, 4.80374e+19
=== 5004407 ===
--- pALPIDEfs_4 ---
Pixel 270, 115, 1, 1, 4.80374e+19
Pixel 270, 116, 1, 1, 4.80374e+19
=== 5015608 ===
--- pALPIDEfs_5 ---
Pixel 724, 168, 1, 1, 4.80374e+19
Pixel 725, 169, 1, 1, 4.80374e+19
Pixel 724, 169, 1, 1, 4.80374e+19
Pixel 724, 170, 1, 1, 4.80374e+19
Pixel 725, 170, 1, 1, 4.80374e+19
Pixel 725, 171, 1, 1, 4.80374e+19
Pixel 726, 174, 1, 1, 4.80374e+19
Pixel 727, 174, 1, 1, 4.80374e+19
Pixel 727, 175, 1, 1, 4.80374e+19
Pixel 726, 175, 1, 1, 4.80374e+19
Pixel 727, 176, 1, 1, 4.80374e+19
Pixel 728, 176, 1, 1, 4.80374e+19
=== 5018341 ===
--- pALPIDEfs_2 ---
Pixel 897, 11, 1, 1, 4.80374e+19
Pixel 897, 12, 1, 1, 4.80374e+19
Pixel 898, 11, 1, 1, 4.80374e+19
Pixel 898, 12, 1, 1, 4.80374e+19
--- pALPIDEfs_3 ---
Pixel 804, 339, 1, 1, 4.80374e+19
=== 5018938 ===
--- pALPIDEfs_3 ---
Pixel 557, 180, 1, 1, 4.80374e+19
