Run: Cosmics000404
=== 2 ===
--- pALPIDEfs_3 ---
Pixel 238, 320, 1, 1, 4.80374e+19
Pixel 238, 320, 1, 1, 4.80374e+19
=== 3 ===
--- pALPIDEfs_0 ---
Pixel 92, 0, 1, 1, 4.80374e+19
Pixel 93, 0, 1, 1, 4.80374e+19
Pixel 93, 1, 1, 1, 4.80374e+19
Pixel 92, 1, 1, 1, 4.80374e+19
Pixel 92, 2, 1, 1, 4.80374e+19
Pixel 93, 2, 1, 1, 4.80374e+19
Pixel 93, 3, 1, 1, 4.80374e+19
Pixel 92, 3, 1, 1, 4.80374e+19
Pixel 92, 4, 1, 1, 4.80374e+19
Pixel 93, 4, 1, 1, 4.80374e+19
Pixel 93, 5, 1, 1, 4.80374e+19
Pixel 92, 5, 1, 1, 4.80374e+19
Pixel 92, 6, 1, 1, 4.80374e+19
Pixel 93, 6, 1, 1, 4.80374e+19
Pixel 93, 7, 1, 1, 4.80374e+19
Pixel 92, 7, 1, 1, 4.80374e+19
Pixel 92, 8, 1, 1, 4.80374e+19
Pixel 93, 8, 1, 1, 4.80374e+19
Pixel 93, 9, 1, 1, 4.80374e+19
Pixel 92, 9, 1, 1, 4.80374e+19
Pixel 92, 10, 1, 1, 4.80374e+19
Pixel 93, 10, 1, 1, 4.80374e+19
Pixel 93, 11, 1, 1, 4.80374e+19
Pixel 92, 11, 1, 1, 4.80374e+19
Pixel 92, 12, 1, 1, 4.80374e+19
Pixel 93, 12, 1, 1, 4.80374e+19
Pixel 93, 13, 1, 1, 4.80374e+19
Pixel 92, 13, 1, 1, 4.80374e+19
Pixel 92, 14, 1, 1, 4.80374e+19
Pixel 93, 14, 1, 1, 4.80374e+19
Pixel 93, 15, 1, 1, 4.80374e+19
Pixel 92, 15, 1, 1, 4.80374e+19
Pixel 92, 16, 1, 1, 4.80374e+19
Pixel 93, 16, 1, 1, 4.80374e+19
Pixel 93, 17, 1, 1, 4.80374e+19
Pixel 92, 17, 1, 1, 4.80374e+19
Pixel 92, 18, 1, 1, 4.80374e+19
Pixel 93, 18, 1, 1, 4.80374e+19
Pixel 93, 19, 1, 1, 4.80374e+19
Pixel 92, 19, 1, 1, 4.80374e+19
Pixel 92, 20, 1, 1, 4.80374e+19
Pixel 93, 20, 1, 1, 4.80374e+19
Pixel 93, 21, 1, 1, 4.80374e+19
Pixel 92, 21, 1, 1, 4.80374e+19
Pixel 92, 22, 1, 1, 4.80374e+19
Pixel 93, 22, 1, 1, 4.80374e+19
Pixel 93, 23, 1, 1, 4.80374e+19
Pixel 92, 23, 1, 1, 4.80374e+19
Pixel 92, 24, 1, 1, 4.80374e+19
Pixel 93, 24, 1, 1, 4.80374e+19
Pixel 93, 25, 1, 1, 4.80374e+19
Pixel 92, 25, 1, 1, 4.80374e+19
Pixel 92, 26, 1, 1, 4.80374e+19
Pixel 93, 26, 1, 1, 4.80374e+19
Pixel 93, 27, 1, 1, 4.80374e+19
Pixel 92, 27, 1, 1, 4.80374e+19
Pixel 92, 28, 1, 1, 4.80374e+19
Pixel 93, 28, 1, 1, 4.80374e+19
Pixel 93, 29, 1, 1, 4.80374e+19
Pixel 92, 29, 1, 1, 4.80374e+19
Pixel 92, 30, 1, 1, 4.80374e+19
Pixel 93, 30, 1, 1, 4.80374e+19
Pixel 93, 31, 1, 1, 4.80374e+19
Pixel 92, 31, 1, 1, 4.80374e+19
Pixel 92, 32, 1, 1, 4.80374e+19
Pixel 93, 32, 1, 1, 4.80374e+19
Pixel 93, 33, 1, 1, 4.80374e+19
Pixel 92, 33, 1, 1, 4.80374e+19
Pixel 92, 34, 1, 1, 4.80374e+19
Pixel 93, 34, 1, 1, 4.80374e+19
Pixel 93, 35, 1, 1, 4.80374e+19
Pixel 92, 35, 1, 1, 4.80374e+19
Pixel 92, 36, 1, 1, 4.80374e+19
Pixel 93, 36, 1, 1, 4.80374e+19
Pixel 93, 37, 1, 1, 4.80374e+19
Pixel 92, 37, 1, 1, 4.80374e+19
Pixel 92, 38, 1, 1, 4.80374e+19
Pixel 93, 38, 1, 1, 4.80374e+19
Pixel 93, 39, 1, 1, 4.80374e+19
Pixel 92, 39, 1, 1, 4.80374e+19
Pixel 92, 40, 1, 1, 4.80374e+19
Pixel 93, 40, 1, 1, 4.80374e+19
Pixel 93, 41, 1, 1, 4.80374e+19
Pixel 92, 41, 1, 1, 4.80374e+19
Pixel 92, 42, 1, 1, 4.80374e+19
Pixel 93, 42, 1, 1, 4.80374e+19
Pixel 93, 43, 1, 1, 4.80374e+19
Pixel 92, 43, 1, 1, 4.80374e+19
Pixel 92, 44, 1, 1, 4.80374e+19
Pixel 93, 44, 1, 1, 4.80374e+19
Pixel 93, 45, 1, 1, 4.80374e+19
Pixel 92, 45, 1, 1, 4.80374e+19
Pixel 92, 46, 1, 1, 4.80374e+19
Pixel 93, 46, 1, 1, 4.80374e+19
Pixel 93, 47, 1, 1, 4.80374e+19
Pixel 92, 47, 1, 1, 4.80374e+19
Pixel 92, 48, 1, 1, 4.80374e+19
Pixel 93, 48, 1, 1, 4.80374e+19
Pixel 93, 49, 1, 1, 4.80374e+19
Pixel 92, 49, 1, 1, 4.80374e+19
Pixel 92, 50, 1, 1, 4.80374e+19
Pixel 93, 50, 1, 1, 4.80374e+19
Pixel 93, 51, 1, 1, 4.80374e+19
Pixel 92, 51, 1, 1, 4.80374e+19
Pixel 92, 52, 1, 1, 4.80374e+19
Pixel 93, 52, 1, 1, 4.80374e+19
Pixel 93, 53, 1, 1, 4.80374e+19
Pixel 92, 53, 1, 1, 4.80374e+19
Pixel 92, 54, 1, 1, 4.80374e+19
Pixel 93, 54, 1, 1, 4.80374e+19
Pixel 93, 55, 1, 1, 4.80374e+19
Pixel 92, 55, 1, 1, 4.80374e+19
Pixel 92, 56, 1, 1, 4.80374e+19
Pixel 93, 56, 1, 1, 4.80374e+19
Pixel 93, 57, 1, 1, 4.80374e+19
Pixel 92, 57, 1, 1, 4.80374e+19
Pixel 92, 58, 1, 1, 4.80374e+19
Pixel 93, 58, 1, 1, 4.80374e+19
Pixel 93, 59, 1, 1, 4.80374e+19
Pixel 92, 59, 1, 1, 4.80374e+19
Pixel 92, 60, 1, 1, 4.80374e+19
Pixel 93, 60, 1, 1, 4.80374e+19
Pixel 93, 61, 1, 1, 4.80374e+19
Pixel 92, 61, 1, 1, 4.80374e+19
Pixel 92, 62, 1, 1, 4.80374e+19
Pixel 93, 62, 1, 1, 4.80374e+19
Pixel 93, 63, 1, 1, 4.80374e+19
Pixel 92, 63, 1, 1, 4.80374e+19
Pixel 92, 64, 1, 1, 4.80374e+19
Pixel 93, 64, 1, 1, 4.80374e+19
Pixel 93, 65, 1, 1, 4.80374e+19
Pixel 92, 65, 1, 1, 4.80374e+19
Pixel 92, 66, 1, 1, 4.80374e+19
Pixel 93, 66, 1, 1, 4.80374e+19
Pixel 93, 67, 1, 1, 4.80374e+19
Pixel 92, 67, 1, 1, 4.80374e+19
Pixel 92, 68, 1, 1, 4.80374e+19
Pixel 93, 68, 1, 1, 4.80374e+19
Pixel 93, 69, 1, 1, 4.80374e+19
Pixel 92, 69, 1, 1, 4.80374e+19
Pixel 92, 70, 1, 1, 4.80374e+19
Pixel 93, 70, 1, 1, 4.80374e+19
Pixel 93, 71, 1, 1, 4.80374e+19
Pixel 92, 71, 1, 1, 4.80374e+19
Pixel 92, 72, 1, 1, 4.80374e+19
Pixel 93, 72, 1, 1, 4.80374e+19
Pixel 93, 73, 1, 1, 4.80374e+19
Pixel 92, 73, 1, 1, 4.80374e+19
Pixel 92, 74, 1, 1, 4.80374e+19
Pixel 93, 74, 1, 1, 4.80374e+19
Pixel 93, 75, 1, 1, 4.80374e+19
Pixel 92, 75, 1, 1, 4.80374e+19
Pixel 92, 76, 1, 1, 4.80374e+19
Pixel 93, 76, 1, 1, 4.80374e+19
Pixel 93, 77, 1, 1, 4.80374e+19
Pixel 92, 77, 1, 1, 4.80374e+19
Pixel 92, 78, 1, 1, 4.80374e+19
Pixel 93, 78, 1, 1, 4.80374e+19
Pixel 93, 79, 1, 1, 4.80374e+19
Pixel 92, 79, 1, 1, 4.80374e+19
Pixel 92, 80, 1, 1, 4.80374e+19
Pixel 93, 80, 1, 1, 4.80374e+19
Pixel 93, 81, 1, 1, 4.80374e+19
Pixel 92, 81, 1, 1, 4.80374e+19
Pixel 92, 82, 1, 1, 4.80374e+19
Pixel 93, 82, 1, 1, 4.80374e+19
Pixel 93, 83, 1, 1, 4.80374e+19
Pixel 92, 83, 1, 1, 4.80374e+19
Pixel 92, 84, 1, 1, 4.80374e+19
Pixel 93, 84, 1, 1, 4.80374e+19
Pixel 93, 85, 1, 1, 4.80374e+19
Pixel 92, 85, 1, 1, 4.80374e+19
Pixel 92, 86, 1, 1, 4.80374e+19
Pixel 93, 86, 1, 1, 4.80374e+19
Pixel 93, 87, 1, 1, 4.80374e+19
Pixel 92, 87, 1, 1, 4.80374e+19
Pixel 92, 88, 1, 1, 4.80374e+19
Pixel 93, 88, 1, 1, 4.80374e+19
Pixel 93, 89, 1, 1, 4.80374e+19
Pixel 92, 89, 1, 1, 4.80374e+19
Pixel 92, 90, 1, 1, 4.80374e+19
Pixel 93, 90, 1, 1, 4.80374e+19
Pixel 93, 91, 1, 1, 4.80374e+19
Pixel 92, 91, 1, 1, 4.80374e+19
Pixel 92, 92, 1, 1, 4.80374e+19
Pixel 93, 92, 1, 1, 4.80374e+19
Pixel 93, 93, 1, 1, 4.80374e+19
Pixel 92, 93, 1, 1, 4.80374e+19
Pixel 92, 94, 1, 1, 4.80374e+19
Pixel 93, 94, 1, 1, 4.80374e+19
Pixel 93, 95, 1, 1, 4.80374e+19
Pixel 92, 95, 1, 1, 4.80374e+19
Pixel 92, 96, 1, 1, 4.80374e+19
Pixel 93, 96, 1, 1, 4.80374e+19
Pixel 93, 97, 1, 1, 4.80374e+19
Pixel 92, 97, 1, 1, 4.80374e+19
Pixel 92, 98, 1, 1, 4.80374e+19
Pixel 93, 98, 1, 1, 4.80374e+19
Pixel 93, 99, 1, 1, 4.80374e+19
Pixel 92, 99, 1, 1, 4.80374e+19
Pixel 92, 100, 1, 1, 4.80374e+19
Pixel 93, 100, 1, 1, 4.80374e+19
Pixel 93, 101, 1, 1, 4.80374e+19
Pixel 92, 101, 1, 1, 4.80374e+19
Pixel 92, 102, 1, 1, 4.80374e+19
Pixel 93, 102, 1, 1, 4.80374e+19
Pixel 93, 103, 1, 1, 4.80374e+19
Pixel 92, 103, 1, 1, 4.80374e+19
Pixel 92, 104, 1, 1, 4.80374e+19
Pixel 93, 104, 1, 1, 4.80374e+19
Pixel 93, 105, 1, 1, 4.80374e+19
Pixel 92, 105, 1, 1, 4.80374e+19
Pixel 92, 106, 1, 1, 4.80374e+19
Pixel 93, 106, 1, 1, 4.80374e+19
Pixel 93, 107, 1, 1, 4.80374e+19
Pixel 92, 107, 1, 1, 4.80374e+19
Pixel 92, 108, 1, 1, 4.80374e+19
Pixel 93, 108, 1, 1, 4.80374e+19
Pixel 93, 109, 1, 1, 4.80374e+19
Pixel 92, 109, 1, 1, 4.80374e+19
Pixel 92, 110, 1, 1, 4.80374e+19
Pixel 93, 110, 1, 1, 4.80374e+19
Pixel 93, 111, 1, 1, 4.80374e+19
Pixel 92, 111, 1, 1, 4.80374e+19
Pixel 92, 112, 1, 1, 4.80374e+19
Pixel 93, 112, 1, 1, 4.80374e+19
Pixel 93, 113, 1, 1, 4.80374e+19
Pixel 92, 113, 1, 1, 4.80374e+19
Pixel 92, 114, 1, 1, 4.80374e+19
Pixel 93, 114, 1, 1, 4.80374e+19
Pixel 93, 115, 1, 1, 4.80374e+19
Pixel 92, 115, 1, 1, 4.80374e+19
Pixel 92, 116, 1, 1, 4.80374e+19
Pixel 93, 116, 1, 1, 4.80374e+19
Pixel 93, 117, 1, 1, 4.80374e+19
Pixel 92, 117, 1, 1, 4.80374e+19
Pixel 92, 118, 1, 1, 4.80374e+19
Pixel 93, 118, 1, 1, 4.80374e+19
Pixel 93, 119, 1, 1, 4.80374e+19
Pixel 92, 119, 1, 1, 4.80374e+19
Pixel 92, 120, 1, 1, 4.80374e+19
Pixel 93, 120, 1, 1, 4.80374e+19
Pixel 93, 121, 1, 1, 4.80374e+19
Pixel 92, 121, 1, 1, 4.80374e+19
Pixel 92, 122, 1, 1, 4.80374e+19
Pixel 93, 122, 1, 1, 4.80374e+19
Pixel 93, 123, 1, 1, 4.80374e+19
Pixel 92, 123, 1, 1, 4.80374e+19
Pixel 92, 124, 1, 1, 4.80374e+19
Pixel 93, 124, 1, 1, 4.80374e+19
Pixel 93, 125, 1, 1, 4.80374e+19
Pixel 92, 125, 1, 1, 4.80374e+19
Pixel 92, 126, 1, 1, 4.80374e+19
Pixel 93, 126, 1, 1, 4.80374e+19
Pixel 93, 127, 1, 1, 4.80374e+19
Pixel 92, 127, 1, 1, 4.80374e+19
Pixel 92, 128, 1, 1, 4.80374e+19
Pixel 93, 128, 1, 1, 4.80374e+19
Pixel 93, 129, 1, 1, 4.80374e+19
Pixel 92, 129, 1, 1, 4.80374e+19
Pixel 92, 130, 1, 1, 4.80374e+19
Pixel 93, 130, 1, 1, 4.80374e+19
Pixel 93, 131, 1, 1, 4.80374e+19
Pixel 92, 131, 1, 1, 4.80374e+19
Pixel 92, 132, 1, 1, 4.80374e+19
Pixel 93, 132, 1, 1, 4.80374e+19
Pixel 93, 133, 1, 1, 4.80374e+19
Pixel 92, 133, 1, 1, 4.80374e+19
Pixel 92, 134, 1, 1, 4.80374e+19
Pixel 93, 134, 1, 1, 4.80374e+19
Pixel 93, 135, 1, 1, 4.80374e+19
Pixel 92, 135, 1, 1, 4.80374e+19
Pixel 92, 136, 1, 1, 4.80374e+19
Pixel 93, 136, 1, 1, 4.80374e+19
Pixel 93, 137, 1, 1, 4.80374e+19
Pixel 92, 137, 1, 1, 4.80374e+19
Pixel 92, 138, 1, 1, 4.80374e+19
Pixel 93, 138, 1, 1, 4.80374e+19
Pixel 93, 139, 1, 1, 4.80374e+19
Pixel 92, 139, 1, 1, 4.80374e+19
Pixel 92, 140, 1, 1, 4.80374e+19
Pixel 93, 140, 1, 1, 4.80374e+19
Pixel 93, 141, 1, 1, 4.80374e+19
Pixel 92, 141, 1, 1, 4.80374e+19
Pixel 92, 142, 1, 1, 4.80374e+19
Pixel 93, 142, 1, 1, 4.80374e+19
Pixel 93, 143, 1, 1, 4.80374e+19
Pixel 92, 143, 1, 1, 4.80374e+19
Pixel 92, 144, 1, 1, 4.80374e+19
Pixel 93, 144, 1, 1, 4.80374e+19
Pixel 93, 145, 1, 1, 4.80374e+19
Pixel 92, 145, 1, 1, 4.80374e+19
Pixel 92, 146, 1, 1, 4.80374e+19
Pixel 93, 146, 1, 1, 4.80374e+19
Pixel 93, 147, 1, 1, 4.80374e+19
Pixel 92, 147, 1, 1, 4.80374e+19
Pixel 92, 148, 1, 1, 4.80374e+19
Pixel 93, 148, 1, 1, 4.80374e+19
Pixel 93, 149, 1, 1, 4.80374e+19
Pixel 92, 149, 1, 1, 4.80374e+19
Pixel 92, 150, 1, 1, 4.80374e+19
Pixel 93, 150, 1, 1, 4.80374e+19
Pixel 93, 151, 1, 1, 4.80374e+19
Pixel 92, 151, 1, 1, 4.80374e+19
Pixel 92, 152, 1, 1, 4.80374e+19
Pixel 93, 152, 1, 1, 4.80374e+19
Pixel 93, 153, 1, 1, 4.80374e+19
Pixel 92, 153, 1, 1, 4.80374e+19
Pixel 92, 154, 1, 1, 4.80374e+19
Pixel 93, 154, 1, 1, 4.80374e+19
Pixel 93, 155, 1, 1, 4.80374e+19
Pixel 92, 155, 1, 1, 4.80374e+19
Pixel 92, 156, 1, 1, 4.80374e+19
Pixel 93, 156, 1, 1, 4.80374e+19
Pixel 93, 157, 1, 1, 4.80374e+19
Pixel 92, 157, 1, 1, 4.80374e+19
Pixel 92, 158, 1, 1, 4.80374e+19
Pixel 93, 158, 1, 1, 4.80374e+19
Pixel 93, 159, 1, 1, 4.80374e+19
Pixel 92, 159, 1, 1, 4.80374e+19
Pixel 92, 160, 1, 1, 4.80374e+19
Pixel 93, 160, 1, 1, 4.80374e+19
Pixel 93, 161, 1, 1, 4.80374e+19
Pixel 92, 161, 1, 1, 4.80374e+19
Pixel 92, 162, 1, 1, 4.80374e+19
Pixel 93, 162, 1, 1, 4.80374e+19
Pixel 93, 163, 1, 1, 4.80374e+19
Pixel 92, 163, 1, 1, 4.80374e+19
Pixel 92, 164, 1, 1, 4.80374e+19
Pixel 93, 164, 1, 1, 4.80374e+19
Pixel 93, 165, 1, 1, 4.80374e+19
Pixel 92, 165, 1, 1, 4.80374e+19
Pixel 92, 166, 1, 1, 4.80374e+19
Pixel 93, 166, 1, 1, 4.80374e+19
Pixel 93, 167, 1, 1, 4.80374e+19
Pixel 92, 167, 1, 1, 4.80374e+19
Pixel 92, 168, 1, 1, 4.80374e+19
Pixel 93, 168, 1, 1, 4.80374e+19
Pixel 93, 169, 1, 1, 4.80374e+19
Pixel 92, 169, 1, 1, 4.80374e+19
Pixel 92, 170, 1, 1, 4.80374e+19
Pixel 93, 170, 1, 1, 4.80374e+19
Pixel 93, 171, 1, 1, 4.80374e+19
Pixel 92, 171, 1, 1, 4.80374e+19
Pixel 92, 172, 1, 1, 4.80374e+19
Pixel 93, 172, 1, 1, 4.80374e+19
Pixel 93, 173, 1, 1, 4.80374e+19
Pixel 92, 173, 1, 1, 4.80374e+19
Pixel 92, 174, 1, 1, 4.80374e+19
Pixel 93, 174, 1, 1, 4.80374e+19
Pixel 93, 175, 1, 1, 4.80374e+19
Pixel 92, 175, 1, 1, 4.80374e+19
Pixel 92, 176, 1, 1, 4.80374e+19
Pixel 93, 176, 1, 1, 4.80374e+19
Pixel 93, 177, 1, 1, 4.80374e+19
Pixel 92, 177, 1, 1, 4.80374e+19
Pixel 92, 178, 1, 1, 4.80374e+19
Pixel 93, 178, 1, 1, 4.80374e+19
Pixel 93, 179, 1, 1, 4.80374e+19
Pixel 92, 179, 1, 1, 4.80374e+19
Pixel 92, 180, 1, 1, 4.80374e+19
Pixel 93, 180, 1, 1, 4.80374e+19
Pixel 93, 181, 1, 1, 4.80374e+19
Pixel 92, 181, 1, 1, 4.80374e+19
Pixel 92, 182, 1, 1, 4.80374e+19
Pixel 93, 182, 1, 1, 4.80374e+19
Pixel 93, 183, 1, 1, 4.80374e+19
Pixel 92, 183, 1, 1, 4.80374e+19
Pixel 92, 184, 1, 1, 4.80374e+19
Pixel 93, 184, 1, 1, 4.80374e+19
Pixel 93, 185, 1, 1, 4.80374e+19
Pixel 92, 185, 1, 1, 4.80374e+19
Pixel 92, 186, 1, 1, 4.80374e+19
Pixel 93, 186, 1, 1, 4.80374e+19
Pixel 93, 187, 1, 1, 4.80374e+19
Pixel 92, 187, 1, 1, 4.80374e+19
Pixel 92, 188, 1, 1, 4.80374e+19
Pixel 93, 188, 1, 1, 4.80374e+19
Pixel 93, 189, 1, 1, 4.80374e+19
Pixel 92, 189, 1, 1, 4.80374e+19
Pixel 92, 190, 1, 1, 4.80374e+19
Pixel 93, 190, 1, 1, 4.80374e+19
Pixel 93, 191, 1, 1, 4.80374e+19
Pixel 92, 191, 1, 1, 4.80374e+19
Pixel 92, 192, 1, 1, 4.80374e+19
Pixel 93, 192, 1, 1, 4.80374e+19
Pixel 93, 193, 1, 1, 4.80374e+19
Pixel 92, 193, 1, 1, 4.80374e+19
Pixel 92, 194, 1, 1, 4.80374e+19
Pixel 93, 194, 1, 1, 4.80374e+19
Pixel 93, 195, 1, 1, 4.80374e+19
Pixel 92, 195, 1, 1, 4.80374e+19
Pixel 92, 196, 1, 1, 4.80374e+19
Pixel 93, 196, 1, 1, 4.80374e+19
Pixel 93, 197, 1, 1, 4.80374e+19
Pixel 92, 197, 1, 1, 4.80374e+19
Pixel 92, 198, 1, 1, 4.80374e+19
Pixel 93, 198, 1, 1, 4.80374e+19
Pixel 93, 199, 1, 1, 4.80374e+19
Pixel 92, 199, 1, 1, 4.80374e+19
Pixel 92, 200, 1, 1, 4.80374e+19
Pixel 93, 200, 1, 1, 4.80374e+19
Pixel 93, 201, 1, 1, 4.80374e+19
Pixel 92, 201, 1, 1, 4.80374e+19
Pixel 92, 202, 1, 1, 4.80374e+19
Pixel 93, 202, 1, 1, 4.80374e+19
Pixel 93, 203, 1, 1, 4.80374e+19
Pixel 92, 203, 1, 1, 4.80374e+19
Pixel 92, 204, 1, 1, 4.80374e+19
Pixel 93, 204, 1, 1, 4.80374e+19
Pixel 93, 205, 1, 1, 4.80374e+19
Pixel 92, 205, 1, 1, 4.80374e+19
Pixel 92, 206, 1, 1, 4.80374e+19
Pixel 93, 206, 1, 1, 4.80374e+19
Pixel 93, 207, 1, 1, 4.80374e+19
Pixel 92, 207, 1, 1, 4.80374e+19
Pixel 92, 208, 1, 1, 4.80374e+19
Pixel 93, 208, 1, 1, 4.80374e+19
Pixel 93, 209, 1, 1, 4.80374e+19
Pixel 92, 209, 1, 1, 4.80374e+19
Pixel 92, 210, 1, 1, 4.80374e+19
Pixel 93, 210, 1, 1, 4.80374e+19
Pixel 93, 211, 1, 1, 4.80374e+19
Pixel 92, 211, 1, 1, 4.80374e+19
Pixel 92, 212, 1, 1, 4.80374e+19
Pixel 93, 212, 1, 1, 4.80374e+19
Pixel 93, 213, 1, 1, 4.80374e+19
Pixel 92, 213, 1, 1, 4.80374e+19
Pixel 92, 214, 1, 1, 4.80374e+19
Pixel 93, 214, 1, 1, 4.80374e+19
Pixel 93, 215, 1, 1, 4.80374e+19
Pixel 92, 215, 1, 1, 4.80374e+19
Pixel 92, 216, 1, 1, 4.80374e+19
Pixel 93, 216, 1, 1, 4.80374e+19
Pixel 93, 217, 1, 1, 4.80374e+19
Pixel 92, 217, 1, 1, 4.80374e+19
Pixel 92, 218, 1, 1, 4.80374e+19
Pixel 93, 218, 1, 1, 4.80374e+19
Pixel 93, 219, 1, 1, 4.80374e+19
Pixel 92, 219, 1, 1, 4.80374e+19
Pixel 92, 220, 1, 1, 4.80374e+19
Pixel 93, 220, 1, 1, 4.80374e+19
Pixel 93, 221, 1, 1, 4.80374e+19
Pixel 92, 221, 1, 1, 4.80374e+19
Pixel 92, 222, 1, 1, 4.80374e+19
Pixel 93, 222, 1, 1, 4.80374e+19
Pixel 93, 223, 1, 1, 4.80374e+19
Pixel 92, 223, 1, 1, 4.80374e+19
Pixel 92, 224, 1, 1, 4.80374e+19
Pixel 93, 224, 1, 1, 4.80374e+19
Pixel 93, 225, 1, 1, 4.80374e+19
Pixel 92, 225, 1, 1, 4.80374e+19
Pixel 92, 226, 1, 1, 4.80374e+19
Pixel 93, 226, 1, 1, 4.80374e+19
Pixel 93, 227, 1, 1, 4.80374e+19
Pixel 92, 227, 1, 1, 4.80374e+19
Pixel 92, 228, 1, 1, 4.80374e+19
Pixel 93, 228, 1, 1, 4.80374e+19
Pixel 93, 229, 1, 1, 4.80374e+19
Pixel 92, 229, 1, 1, 4.80374e+19
Pixel 92, 230, 1, 1, 4.80374e+19
Pixel 93, 230, 1, 1, 4.80374e+19
Pixel 93, 231, 1, 1, 4.80374e+19
Pixel 92, 231, 1, 1, 4.80374e+19
Pixel 92, 232, 1, 1, 4.80374e+19
Pixel 93, 232, 1, 1, 4.80374e+19
Pixel 93, 233, 1, 1, 4.80374e+19
Pixel 92, 233, 1, 1, 4.80374e+19
Pixel 92, 234, 1, 1, 4.80374e+19
Pixel 93, 234, 1, 1, 4.80374e+19
Pixel 93, 235, 1, 1, 4.80374e+19
Pixel 92, 235, 1, 1, 4.80374e+19
Pixel 92, 236, 1, 1, 4.80374e+19
Pixel 93, 236, 1, 1, 4.80374e+19
Pixel 93, 237, 1, 1, 4.80374e+19
Pixel 92, 237, 1, 1, 4.80374e+19
Pixel 92, 238, 1, 1, 4.80374e+19
Pixel 93, 238, 1, 1, 4.80374e+19
Pixel 93, 239, 1, 1, 4.80374e+19
Pixel 92, 239, 1, 1, 4.80374e+19
Pixel 92, 240, 1, 1, 4.80374e+19
Pixel 93, 240, 1, 1, 4.80374e+19
Pixel 93, 241, 1, 1, 4.80374e+19
Pixel 92, 241, 1, 1, 4.80374e+19
Pixel 92, 242, 1, 1, 4.80374e+19
Pixel 93, 242, 1, 1, 4.80374e+19
Pixel 93, 243, 1, 1, 4.80374e+19
Pixel 92, 243, 1, 1, 4.80374e+19
Pixel 92, 244, 1, 1, 4.80374e+19
Pixel 93, 244, 1, 1, 4.80374e+19
Pixel 93, 245, 1, 1, 4.80374e+19
Pixel 92, 245, 1, 1, 4.80374e+19
Pixel 92, 246, 1, 1, 4.80374e+19
Pixel 93, 246, 1, 1, 4.80374e+19
Pixel 93, 247, 1, 1, 4.80374e+19
Pixel 92, 247, 1, 1, 4.80374e+19
Pixel 92, 248, 1, 1, 4.80374e+19
Pixel 93, 248, 1, 1, 4.80374e+19
Pixel 93, 249, 1, 1, 4.80374e+19
Pixel 92, 249, 1, 1, 4.80374e+19
Pixel 92, 250, 1, 1, 4.80374e+19
Pixel 93, 250, 1, 1, 4.80374e+19
Pixel 93, 251, 1, 1, 4.80374e+19
Pixel 92, 251, 1, 1, 4.80374e+19
Pixel 92, 252, 1, 1, 4.80374e+19
Pixel 93, 252, 1, 1, 4.80374e+19
Pixel 93, 253, 1, 1, 4.80374e+19
Pixel 92, 253, 1, 1, 4.80374e+19
Pixel 92, 254, 1, 1, 4.80374e+19
Pixel 93, 254, 1, 1, 4.80374e+19
Pixel 93, 255, 1, 1, 4.80374e+19
Pixel 92, 255, 1, 1, 4.80374e+19
=== 18301 ===
--- pALPIDEfs_6 ---
Pixel 481, 163, 1, 1, 4.80374e+19
Pixel 480, 163, 1, 1, 4.80374e+19
Pixel 481, 164, 1, 1, 4.80374e+19
Pixel 481, 165, 1, 1, 4.80374e+19
Pixel 482, 164, 1, 1, 4.80374e+19
Pixel 482, 165, 1, 1, 4.80374e+19
=== 20327 ===
--- pALPIDEfs_6 ---
Pixel 673, 330, 1, 1, 4.80374e+19
Pixel 673, 331, 1, 1, 4.80374e+19
Pixel 674, 330, 1, 1, 4.80374e+19
Pixel 674, 331, 1, 1, 4.80374e+19
=== 25944 ===
--- pALPIDEfs_3 ---
Pixel 884, 294, 1, 1, 4.80374e+19
Pixel 884, 295, 1, 1, 4.80374e+19
--- pALPIDEfs_4 ---
Pixel 824, 245, 1, 1, 4.80374e+19
Pixel 824, 246, 1, 1, 4.80374e+19
=== 27721 ===
--- pALPIDEfs_5 ---
Pixel 368, 388, 1, 1, 4.80374e+19
Pixel 368, 389, 1, 1, 4.80374e+19
=== 28618 ===
--- pALPIDEfs_5 ---
Pixel 125, 499, 1, 1, 4.80374e+19
Pixel 125, 500, 1, 1, 4.80374e+19
Pixel 126, 499, 1, 1, 4.80374e+19
Pixel 126, 500, 1, 1, 4.80374e+19
=== 31536 ===
--- pALPIDEfs_3 ---
Pixel 557, 180, 1, 1, 4.80374e+19
=== 42925 ===
--- pALPIDEfs_5 ---
Pixel 76, 421, 1, 1, 4.80374e+19
=== 84605 ===
--- pALPIDEfs_1 ---
Pixel 192, 216, 1, 1, 4.80374e+19
Pixel 193, 216, 1, 1, 4.80374e+19
Pixel 192, 217, 1, 1, 4.80374e+19
=== 116383 ===
--- pALPIDEfs_2 ---
Pixel 392, 149, 1, 1, 4.80374e+19
Pixel 392, 150, 1, 1, 4.80374e+19
Pixel 393, 150, 1, 1, 4.80374e+19
=== 138647 ===
--- pALPIDEfs_2 ---
Pixel 689, 205, 1, 1, 4.80374e+19
=== 155039 ===
--- pALPIDEfs_6 ---
Pixel 237, 19, 1, 1, 4.80374e+19
Pixel 237, 20, 1, 1, 4.80374e+19
Pixel 239, 19, 1, 1, 4.80374e+19
Pixel 238, 19, 1, 1, 4.80374e+19
Pixel 238, 20, 1, 1, 4.80374e+19
Pixel 239, 20, 1, 1, 4.80374e+19
Pixel 241, 14, 1, 1, 4.80374e+19
Pixel 241, 15, 1, 1, 4.80374e+19
Pixel 241, 16, 1, 1, 4.80374e+19
Pixel 241, 17, 1, 1, 4.80374e+19
Pixel 240, 18, 1, 1, 4.80374e+19
Pixel 241, 18, 1, 1, 4.80374e+19
Pixel 241, 19, 1, 1, 4.80374e+19
Pixel 240, 19, 1, 1, 4.80374e+19
=== 159182 ===
--- pALPIDEfs_5 ---
Pixel 775, 116, 1, 1, 4.80374e+19
Pixel 775, 117, 1, 1, 4.80374e+19
Pixel 776, 116, 1, 1, 4.80374e+19
Pixel 776, 117, 1, 1, 4.80374e+19
=== 159777 ===
--- pALPIDEfs_4 ---
Pixel 941, 409, 1, 1, 4.80374e+19
=== 161949 ===
--- pALPIDEfs_3 ---
Pixel 705, 443, 1, 1, 4.80374e+19
Pixel 704, 443, 1, 1, 4.80374e+19
Pixel 704, 444, 1, 1, 4.80374e+19
Pixel 705, 444, 1, 1, 4.80374e+19
--- pALPIDEfs_4 ---
Pixel 107, 211, 1, 1, 4.80374e+19
Pixel 106, 211, 1, 1, 4.80374e+19
Pixel 106, 212, 1, 1, 4.80374e+19
Pixel 107, 212, 1, 1, 4.80374e+19
=== 166374 ===
--- pALPIDEfs_4 ---
Pixel 40, 340, 1, 1, 4.80374e+19
Pixel 41, 340, 1, 1, 4.80374e+19
Pixel 40, 341, 1, 1, 4.80374e+19
=== 174133 ===
--- pALPIDEfs_5 ---
Pixel 118, 98, 1, 1, 4.80374e+19
Pixel 119, 98, 1, 1, 4.80374e+19
Pixel 119, 99, 1, 1, 4.80374e+19
Pixel 118, 99, 1, 1, 4.80374e+19
Pixel 119, 100, 1, 1, 4.80374e+19
=== 183156 ===
--- pALPIDEfs_6 ---
Pixel 892, 160, 1, 1, 4.80374e+19
Pixel 892, 161, 1, 1, 4.80374e+19
=== 186542 ===
--- pALPIDEfs_3 ---
Pixel 557, 180, 1, 1, 4.80374e+19
=== 194800 ===
--- pALPIDEfs_5 ---
Pixel 1008, 142, 1, 1, 4.80374e+19
Pixel 1009, 142, 1, 1, 4.80374e+19
Pixel 1009, 143, 1, 1, 4.80374e+19
Pixel 1008, 143, 1, 1, 4.80374e+19
=== 198792 ===
--- pALPIDEfs_5 ---
Pixel 706, 416, 1, 1, 4.80374e+19
Pixel 707, 416, 1, 1, 4.80374e+19
Pixel 707, 417, 1, 1, 4.80374e+19
Pixel 706, 417, 1, 1, 4.80374e+19
=== 212555 ===
--- pALPIDEfs_2 ---
Pixel 567, 135, 1, 1, 4.80374e+19
Pixel 568, 134, 1, 1, 4.80374e+19
Pixel 568, 135, 1, 1, 4.80374e+19
--- pALPIDEfs_3 ---
Pixel 325, 432, 1, 1, 4.80374e+19
Pixel 325, 433, 1, 1, 4.80374e+19
Pixel 326, 432, 1, 1, 4.80374e+19
Pixel 326, 433, 1, 1, 4.80374e+19
=== 218076 ===
--- pALPIDEfs_3 ---
Pixel 557, 180, 1, 1, 4.80374e+19
=== 227955 ===
--- pALPIDEfs_6 ---
Pixel 363, 352, 1, 1, 4.80374e+19
Pixel 363, 353, 1, 1, 4.80374e+19
=== 250333 ===
--- pALPIDEfs_4 ---
Pixel 29, 457, 1, 1, 4.80374e+19
Pixel 29, 458, 1, 1, 4.80374e+19
Pixel 30, 457, 1, 1, 4.80374e+19
Pixel 30, 458, 1, 1, 4.80374e+19
=== 260906 ===
--- pALPIDEfs_6 ---
Pixel 815, 104, 1, 1, 4.80374e+19
Pixel 816, 103, 1, 1, 4.80374e+19
Pixel 816, 104, 1, 1, 4.80374e+19
=== 270646 ===
--- pALPIDEfs_5 ---
Pixel 307, 340, 1, 1, 4.80374e+19
Pixel 307, 341, 1, 1, 4.80374e+19
Pixel 308, 340, 1, 1, 4.80374e+19
Pixel 308, 341, 1, 1, 4.80374e+19
=== 311315 ===
--- pALPIDEfs_4 ---
Pixel 892, 318, 1, 1, 4.80374e+19
Pixel 893, 318, 1, 1, 4.80374e+19
Pixel 894, 318, 1, 1, 4.80374e+19
Pixel 991, 140, 1, 1, 4.80374e+19
Pixel 993, 139, 1, 1, 4.80374e+19
Pixel 992, 139, 1, 1, 4.80374e+19
Pixel 992, 140, 1, 1, 4.80374e+19
Pixel 993, 140, 1, 1, 4.80374e+19
=== 317830 ===
--- pALPIDEfs_3 ---
Pixel 229, 47, 1, 1, 4.80374e+19
Pixel 228, 47, 1, 1, 4.80374e+19
Pixel 228, 48, 1, 1, 4.80374e+19
Pixel 229, 48, 1, 1, 4.80374e+19
=== 336467 ===
--- pALPIDEfs_3 ---
Pixel 89, 189, 1, 1, 4.80374e+19
Pixel 89, 190, 1, 1, 4.80374e+19
Pixel 90, 189, 1, 1, 4.80374e+19
Pixel 90, 190, 1, 1, 4.80374e+19
=== 351050 ===
--- pALPIDEfs_0 ---
Pixel 408, 47, 1, 1, 4.80374e+19
=== 352250 ===
--- pALPIDEfs_2 ---
Pixel 478, 118, 1, 1, 4.80374e+19
=== 353015 ===
--- pALPIDEfs_2 ---
Pixel 613, 48, 1, 1, 4.80374e+19
Pixel 613, 49, 1, 1, 4.80374e+19
Pixel 614, 47, 1, 1, 4.80374e+19
Pixel 614, 48, 1, 1, 4.80374e+19
Pixel 614, 49, 1, 1, 4.80374e+19
=== 360330 ===
--- pALPIDEfs_0 ---
Pixel 534, 199, 1, 1, 4.80374e+19
Pixel 534, 200, 1, 1, 4.80374e+19
=== 365553 ===
--- pALPIDEfs_3 ---
Pixel 557, 180, 1, 1, 4.80374e+19
=== 368163 ===
--- pALPIDEfs_3 ---
Pixel 393, 297, 1, 1, 4.80374e+19
Pixel 393, 298, 1, 1, 4.80374e+19
Pixel 394, 297, 1, 1, 4.80374e+19
Pixel 394, 298, 1, 1, 4.80374e+19
=== 390261 ===
--- pALPIDEfs_5 ---
Pixel 669, 119, 1, 1, 4.80374e+19
Pixel 668, 119, 1, 1, 4.80374e+19
Pixel 668, 120, 1, 1, 4.80374e+19
Pixel 669, 120, 1, 1, 4.80374e+19
Pixel 670, 119, 1, 1, 4.80374e+19
Pixel 670, 120, 1, 1, 4.80374e+19
Pixel 671, 120, 1, 1, 4.80374e+19
Pixel 671, 121, 1, 1, 4.80374e+19
Pixel 673, 121, 1, 1, 4.80374e+19
Pixel 672, 121, 1, 1, 4.80374e+19
Pixel 673, 122, 1, 1, 4.80374e+19
Pixel 674, 120, 1, 1, 4.80374e+19
Pixel 674, 121, 1, 1, 4.80374e+19
=== 404459 ===
--- pALPIDEfs_0 ---
Pixel 1001, 203, 1, 1, 4.80374e+19
Pixel 1000, 203, 1, 1, 4.80374e+19
Pixel 1001, 204, 1, 1, 4.80374e+19
=== 423885 ===
--- pALPIDEfs_3 ---
Pixel 1003, 2, 1, 1, 4.80374e+19
=== 426197 ===
--- pALPIDEfs_0 ---
Pixel 677, 266, 1, 1, 4.80374e+19
=== 428096 ===
--- pALPIDEfs_0 ---
Pixel 988, 326, 1, 1, 4.80374e+19
Pixel 988, 327, 1, 1, 4.80374e+19
=== 428945 ===
--- pALPIDEfs_5 ---
Pixel 898, 462, 1, 1, 4.80374e+19
Pixel 898, 463, 1, 1, 4.80374e+19
=== 435216 ===
--- pALPIDEfs_4 ---
Pixel 389, 40, 1, 1, 4.80374e+19
Pixel 389, 41, 1, 1, 4.80374e+19
Pixel 390, 42, 1, 1, 4.80374e+19
Pixel 391, 42, 1, 1, 4.80374e+19
Pixel 391, 43, 1, 1, 4.80374e+19
Pixel 390, 43, 1, 1, 4.80374e+19
Pixel 393, 41, 1, 1, 4.80374e+19
Pixel 392, 42, 1, 1, 4.80374e+19
Pixel 393, 42, 1, 1, 4.80374e+19
Pixel 393, 43, 1, 1, 4.80374e+19
Pixel 392, 43, 1, 1, 4.80374e+19
Pixel 394, 41, 1, 1, 4.80374e+19
Pixel 394, 42, 1, 1, 4.80374e+19
=== 439070 ===
--- pALPIDEfs_6 ---
Pixel 979, 153, 1, 1, 4.80374e+19
Pixel 979, 154, 1, 1, 4.80374e+19
=== 446872 ===
--- pALPIDEfs_1 ---
Pixel 601, 362, 1, 1, 4.80374e+19
Pixel 601, 363, 1, 1, 4.80374e+19
Pixel 602, 362, 1, 1, 4.80374e+19
Pixel 602, 363, 1, 1, 4.80374e+19
=== 464564 ===
--- pALPIDEfs_1 ---
Pixel 89, 308, 1, 1, 4.80374e+19
Pixel 90, 308, 1, 1, 4.80374e+19
--- pALPIDEfs_2 ---
Pixel 33, 51, 1, 1, 4.80374e+19
Pixel 33, 52, 1, 1, 4.80374e+19
Pixel 34, 50, 1, 1, 4.80374e+19
Pixel 35, 51, 1, 1, 4.80374e+19
Pixel 34, 51, 1, 1, 4.80374e+19
Pixel 34, 52, 1, 1, 4.80374e+19
Pixel 35, 52, 1, 1, 4.80374e+19
=== 465925 ===
--- pALPIDEfs_2 ---
Pixel 1014, 308, 1, 1, 4.80374e+19
Pixel 1015, 308, 1, 1, 4.80374e+19
Pixel 1015, 309, 1, 1, 4.80374e+19
Pixel 1014, 309, 1, 1, 4.80374e+19
=== 476067 ===
--- pALPIDEfs_3 ---
Pixel 11, 215, 1, 1, 4.80374e+19
Pixel 12, 214, 1, 1, 4.80374e+19
Pixel 12, 215, 1, 1, 4.80374e+19
=== 476705 ===
--- pALPIDEfs_1 ---
Pixel 614, 292, 1, 1, 4.80374e+19
Pixel 615, 292, 1, 1, 4.80374e+19
Pixel 615, 293, 1, 1, 4.80374e+19
Pixel 614, 293, 1, 1, 4.80374e+19
--- pALPIDEfs_2 ---
Pixel 115, 313, 1, 1, 4.80374e+19
Pixel 115, 314, 1, 1, 4.80374e+19
Pixel 116, 313, 1, 1, 4.80374e+19
Pixel 116, 314, 1, 1, 4.80374e+19
Pixel 360, 250, 1, 1, 4.80374e+19
Pixel 360, 251, 1, 1, 4.80374e+19
=== 479115 ===
--- pALPIDEfs_3 ---
Pixel 107, 78, 1, 1, 4.80374e+19
Pixel 107, 79, 1, 1, 4.80374e+19
Pixel 108, 78, 1, 1, 4.80374e+19
Pixel 108, 79, 1, 1, 4.80374e+19
=== 512054 ===
--- pALPIDEfs_4 ---
Pixel 796, 424, 1, 1, 4.80374e+19
Pixel 797, 424, 1, 1, 4.80374e+19
Pixel 797, 425, 1, 1, 4.80374e+19
Pixel 796, 425, 1, 1, 4.80374e+19
Pixel 798, 424, 1, 1, 4.80374e+19
Pixel 798, 425, 1, 1, 4.80374e+19
=== 532008 ===
--- pALPIDEfs_5 ---
Pixel 460, 194, 1, 1, 4.80374e+19
Pixel 461, 195, 1, 1, 4.80374e+19
Pixel 460, 195, 1, 1, 4.80374e+19
=== 532138 ===
--- pALPIDEfs_4 ---
Pixel 767, 44, 1, 1, 4.80374e+19
Pixel 768, 44, 1, 1, 4.80374e+19
--- pALPIDEfs_5 ---
Pixel 298, 498, 1, 1, 4.80374e+19
Pixel 299, 498, 1, 1, 4.80374e+19
Pixel 299, 499, 1, 1, 4.80374e+19
Pixel 298, 499, 1, 1, 4.80374e+19
=== 540984 ===
--- pALPIDEfs_5 ---
Pixel 759, 75, 1, 1, 4.80374e+19
Pixel 758, 75, 1, 1, 4.80374e+19
Pixel 758, 76, 1, 1, 4.80374e+19
Pixel 759, 76, 1, 1, 4.80374e+19
=== 548243 ===
--- pALPIDEfs_3 ---
Pixel 557, 180, 1, 1, 4.80374e+19
=== 548803 ===
--- pALPIDEfs_3 ---
Pixel 507, 278, 1, 1, 4.80374e+19
Pixel 507, 279, 1, 1, 4.80374e+19
Pixel 507, 280, 1, 1, 4.80374e+19
Pixel 508, 278, 1, 1, 4.80374e+19
Pixel 508, 279, 1, 1, 4.80374e+19
Pixel 508, 280, 1, 1, 4.80374e+19
=== 559950 ===
--- pALPIDEfs_3 ---
Pixel 180, 78, 1, 1, 4.80374e+19
Pixel 181, 78, 1, 1, 4.80374e+19
Pixel 181, 79, 1, 1, 4.80374e+19
Pixel 180, 79, 1, 1, 4.80374e+19
Pixel 180, 80, 1, 1, 4.80374e+19
Pixel 181, 80, 1, 1, 4.80374e+19
Pixel 181, 81, 1, 1, 4.80374e+19
=== 592118 ===
--- pALPIDEfs_3 ---
Pixel 557, 180, 1, 1, 4.80374e+19
=== 593880 ===
--- pALPIDEfs_1 ---
Pixel 125, 267, 1, 1, 4.80374e+19
Pixel 126, 267, 1, 1, 4.80374e+19
=== 600514 ===
--- pALPIDEfs_3 ---
Pixel 557, 180, 1, 1, 4.80374e+19
=== 604167 ===
--- pALPIDEfs_5 ---
Pixel 903, 333, 1, 1, 4.80374e+19
Pixel 905, 333, 1, 1, 4.80374e+19
Pixel 904, 333, 1, 1, 4.80374e+19
Pixel 904, 334, 1, 1, 4.80374e+19
Pixel 905, 334, 1, 1, 4.80374e+19
=== 612886 ===
--- pALPIDEfs_2 ---
Pixel 615, 306, 1, 1, 4.80374e+19
Pixel 615, 307, 1, 1, 4.80374e+19
Pixel 616, 306, 1, 1, 4.80374e+19
Pixel 616, 307, 1, 1, 4.80374e+19
Pixel 616, 308, 1, 1, 4.80374e+19
Pixel 616, 309, 1, 1, 4.80374e+19
=== 624656 ===
--- pALPIDEfs_3 ---
Pixel 895, 132, 1, 1, 4.80374e+19
Pixel 895, 133, 1, 1, 4.80374e+19
Pixel 897, 131, 1, 1, 4.80374e+19
Pixel 896, 131, 1, 1, 4.80374e+19
Pixel 896, 132, 1, 1, 4.80374e+19
Pixel 897, 132, 1, 1, 4.80374e+19
Pixel 896, 133, 1, 1, 4.80374e+19
=== 650954 ===
--- pALPIDEfs_4 ---
Pixel 146, 506, 1, 1, 4.80374e+19
=== 663692 ===
--- pALPIDEfs_3 ---
Pixel 1009, 78, 1, 1, 4.80374e+19
Pixel 1010, 78, 1, 1, 4.80374e+19
Pixel 1010, 79, 1, 1, 4.80374e+19
=== 670264 ===
--- pALPIDEfs_1 ---
Pixel 939, 150, 1, 1, 4.80374e+19
=== 675314 ===
--- pALPIDEfs_1 ---
Pixel 583, 476, 1, 1, 4.80374e+19
Pixel 583, 477, 1, 1, 4.80374e+19
Pixel 583, 478, 1, 1, 4.80374e+19
Pixel 584, 476, 1, 1, 4.80374e+19
=== 677462 ===
--- pALPIDEfs_3 ---
Pixel 1005, 464, 1, 1, 4.80374e+19
Pixel 1006, 464, 1, 1, 4.80374e+19
Pixel 1007, 464, 1, 1, 4.80374e+19
Pixel 1007, 465, 1, 1, 4.80374e+19
Pixel 1009, 461, 1, 1, 4.80374e+19
Pixel 1009, 462, 1, 1, 4.80374e+19
Pixel 1009, 463, 1, 1, 4.80374e+19
Pixel 1008, 463, 1, 1, 4.80374e+19
Pixel 1008, 464, 1, 1, 4.80374e+19
Pixel 1009, 464, 1, 1, 4.80374e+19
Pixel 1008, 465, 1, 1, 4.80374e+19
Pixel 1010, 460, 1, 1, 4.80374e+19
Pixel 1010, 461, 1, 1, 4.80374e+19
Pixel 1010, 462, 1, 1, 4.80374e+19
=== 677833 ===
--- pALPIDEfs_1 ---
Pixel 111, 303, 1, 1, 4.80374e+19
Pixel 110, 304, 1, 1, 4.80374e+19
Pixel 111, 304, 1, 1, 4.80374e+19
Pixel 112, 303, 1, 1, 4.80374e+19
Pixel 112, 304, 1, 1, 4.80374e+19
=== 685818 ===
--- pALPIDEfs_2 ---
Pixel 925, 65, 1, 1, 4.80374e+19
Pixel 924, 65, 1, 1, 4.80374e+19
=== 716095 ===
--- pALPIDEfs_5 ---
Pixel 86, 93, 1, 1, 4.80374e+19
Pixel 86, 94, 1, 1, 4.80374e+19
Pixel 87, 94, 1, 1, 4.80374e+19
=== 740331 ===
--- pALPIDEfs_4 ---
Pixel 838, 7, 1, 1, 4.80374e+19
Pixel 838, 8, 1, 1, 4.80374e+19
--- pALPIDEfs_5 ---
Pixel 905, 127, 1, 1, 4.80374e+19
Pixel 905, 128, 1, 1, 4.80374e+19
Pixel 906, 127, 1, 1, 4.80374e+19
--- pALPIDEfs_6 ---
Pixel 479, 113, 1, 1, 4.80374e+19
Pixel 478, 113, 1, 1, 4.80374e+19
Pixel 478, 114, 1, 1, 4.80374e+19
Pixel 479, 114, 1, 1, 4.80374e+19
=== 756697 ===
--- pALPIDEfs_6 ---
Pixel 949, 368, 1, 1, 4.80374e+19
Pixel 949, 369, 1, 1, 4.80374e+19
Pixel 950, 368, 1, 1, 4.80374e+19
Pixel 950, 369, 1, 1, 4.80374e+19
=== 769315 ===
--- pALPIDEfs_2 ---
Pixel 22, 475, 1, 1, 4.80374e+19
Pixel 22, 476, 1, 1, 4.80374e+19
=== 772911 ===
--- pALPIDEfs_5 ---
Pixel 217, 53, 1, 1, 4.80374e+19
Pixel 216, 53, 1, 1, 4.80374e+19
=== 779962 ===
--- pALPIDEfs_5 ---
Pixel 925, 114, 1, 1, 4.80374e+19
Pixel 925, 115, 1, 1, 4.80374e+19
=== 786669 ===
--- pALPIDEfs_1 ---
Pixel 573, 190, 1, 1, 4.80374e+19
--- pALPIDEfs_2 ---
Pixel 287, 339, 1, 1, 4.80374e+19
Pixel 286, 339, 1, 1, 4.80374e+19
--- pALPIDEfs_3 ---
Pixel 150, 443, 1, 1, 4.80374e+19
=== 835478 ===
--- pALPIDEfs_5 ---
Pixel 127, 506, 1, 1, 4.80374e+19
=== 861780 ===
--- pALPIDEfs_4 ---
Pixel 667, 481, 1, 1, 4.80374e+19
Pixel 667, 482, 1, 1, 4.80374e+19
Pixel 667, 490, 1, 1, 4.80374e+19
Pixel 667, 491, 1, 1, 4.80374e+19
Pixel 666, 491, 1, 1, 4.80374e+19
Pixel 666, 492, 1, 1, 4.80374e+19
Pixel 667, 492, 1, 1, 4.80374e+19
Pixel 668, 481, 1, 1, 4.80374e+19
Pixel 668, 482, 1, 1, 4.80374e+19
=== 870507 ===
--- pALPIDEfs_4 ---
Pixel 603, 264, 1, 1, 4.80374e+19
Pixel 603, 265, 1, 1, 4.80374e+19
=== 880291 ===
--- pALPIDEfs_1 ---
Pixel 1002, 70, 1, 1, 4.80374e+19
Pixel 1003, 70, 1, 1, 4.80374e+19
Pixel 1003, 71, 1, 1, 4.80374e+19
Pixel 1002, 71, 1, 1, 4.80374e+19
=== 881921 ===
--- pALPIDEfs_4 ---
Pixel 447, 383, 1, 1, 4.80374e+19
Pixel 448, 382, 1, 1, 4.80374e+19
Pixel 448, 383, 1, 1, 4.80374e+19
=== 887003 ===
--- pALPIDEfs_0 ---
Pixel 177, 239, 1, 1, 4.80374e+19
Pixel 178, 239, 1, 1, 4.80374e+19
=== 895761 ===
--- pALPIDEfs_1 ---
Pixel 203, 464, 1, 1, 4.80374e+19
--- pALPIDEfs_2 ---
Pixel 528, 171, 1, 1, 4.80374e+19
Pixel 528, 172, 1, 1, 4.80374e+19
=== 899493 ===
--- pALPIDEfs_4 ---
Pixel 1005, 335, 1, 1, 4.80374e+19
=== 910560 ===
--- pALPIDEfs_6 ---
Pixel 253, 503, 1, 1, 4.80374e+19
Pixel 252, 503, 1, 1, 4.80374e+19
Pixel 252, 504, 1, 1, 4.80374e+19
Pixel 253, 504, 1, 1, 4.80374e+19
Pixel 253, 505, 1, 1, 4.80374e+19
=== 921267 ===
--- pALPIDEfs_2 ---
Pixel 527, 159, 1, 1, 4.80374e+19
Pixel 526, 159, 1, 1, 4.80374e+19
--- pALPIDEfs_3 ---
Pixel 471, 99, 1, 1, 4.80374e+19
Pixel 471, 100, 1, 1, 4.80374e+19
Pixel 471, 101, 1, 1, 4.80374e+19
Pixel 472, 100, 1, 1, 4.80374e+19
=== 923533 ===
--- pALPIDEfs_6 ---
Pixel 849, 44, 1, 1, 4.80374e+19
Pixel 849, 45, 1, 1, 4.80374e+19
Pixel 849, 46, 1, 1, 4.80374e+19
Pixel 849, 47, 1, 1, 4.80374e+19
Pixel 850, 44, 1, 1, 4.80374e+19
Pixel 850, 45, 1, 1, 4.80374e+19
Pixel 850, 46, 1, 1, 4.80374e+19
=== 949839 ===
--- pALPIDEfs_5 ---
Pixel 853, 441, 1, 1, 4.80374e+19
Pixel 852, 442, 1, 1, 4.80374e+19
Pixel 853, 442, 1, 1, 4.80374e+19
=== 957108 ===
--- pALPIDEfs_1 ---
Pixel 18, 152, 1, 1, 4.80374e+19
Pixel 19, 152, 1, 1, 4.80374e+19
=== 957565 ===
--- pALPIDEfs_4 ---
Pixel 793, 400, 1, 1, 4.80374e+19
Pixel 793, 401, 1, 1, 4.80374e+19
Pixel 792, 401, 1, 1, 4.80374e+19
Pixel 792, 402, 1, 1, 4.80374e+19
Pixel 794, 400, 1, 1, 4.80374e+19
--- pALPIDEfs_5 ---
Pixel 824, 186, 1, 1, 4.80374e+19
=== 958739 ===
--- pALPIDEfs_5 ---
Pixel 964, 72, 1, 1, 4.80374e+19
Pixel 965, 72, 1, 1, 4.80374e+19
=== 959454 ===
--- pALPIDEfs_3 ---
Pixel 348, 382, 1, 1, 4.80374e+19
Pixel 349, 383, 1, 1, 4.80374e+19
Pixel 348, 383, 1, 1, 4.80374e+19
=== 964948 ===
--- pALPIDEfs_5 ---
Pixel 871, 207, 1, 1, 4.80374e+19
Pixel 871, 208, 1, 1, 4.80374e+19
Pixel 871, 209, 1, 1, 4.80374e+19
Pixel 872, 207, 1, 1, 4.80374e+19
Pixel 872, 208, 1, 1, 4.80374e+19
Pixel 872, 209, 1, 1, 4.80374e+19
=== 977390 ===
--- pALPIDEfs_2 ---
Pixel 936, 157, 1, 1, 4.80374e+19
Pixel 936, 158, 1, 1, 4.80374e+19
Pixel 937, 158, 1, 1, 4.80374e+19
=== 987489 ===
--- pALPIDEfs_4 ---
Pixel 321, 432, 1, 1, 4.80374e+19
Pixel 322, 432, 1, 1, 4.80374e+19
--- pALPIDEfs_5 ---
Pixel 35, 404, 1, 1, 4.80374e+19
Pixel 35, 405, 1, 1, 4.80374e+19
Pixel 34, 405, 1, 1, 4.80374e+19
=== 992593 ===
--- pALPIDEfs_3 ---
Pixel 477, 415, 1, 1, 4.80374e+19
Pixel 478, 415, 1, 1, 4.80374e+19
Pixel 478, 416, 1, 1, 4.80374e+19
=== 1002704 ===
--- pALPIDEfs_1 ---
Pixel 708, 280, 1, 1, 4.80374e+19
Pixel 709, 281, 1, 1, 4.80374e+19
Pixel 708, 281, 1, 1, 4.80374e+19
=== 1004364 ===
--- pALPIDEfs_2 ---
Pixel 147, 400, 1, 1, 4.80374e+19
Pixel 148, 400, 1, 1, 4.80374e+19
=== 1004424 ===
--- pALPIDEfs_2 ---
Pixel 181, 16, 1, 1, 4.80374e+19
=== 1006324 ===
--- pALPIDEfs_0 ---
Pixel 550, 332, 1, 1, 4.80374e+19
Pixel 551, 332, 1, 1, 4.80374e+19
Pixel 550, 333, 1, 1, 4.80374e+19
--- pALPIDEfs_1 ---
Pixel 326, 310, 1, 1, 4.80374e+19
Pixel 327, 311, 1, 1, 4.80374e+19
Pixel 326, 311, 1, 1, 4.80374e+19
=== 1044359 ===
--- pALPIDEfs_2 ---
Pixel 303, 346, 1, 1, 4.80374e+19
=== 1056812 ===
--- pALPIDEfs_5 ---
Pixel 235, 145, 1, 1, 4.80374e+19
=== 1060895 ===
--- pALPIDEfs_2 ---
Pixel 378, 240, 1, 1, 4.80374e+19
=== 1064201 ===
--- pALPIDEfs_0 ---
Pixel 573, 83, 1, 1, 4.80374e+19
Pixel 574, 83, 1, 1, 4.80374e+19
--- pALPIDEfs_1 ---
Pixel 205, 332, 1, 1, 4.80374e+19
Pixel 205, 333, 1, 1, 4.80374e+19
Pixel 204, 333, 1, 1, 4.80374e+19
=== 1066323 ===
--- pALPIDEfs_2 ---
Pixel 385, 226, 1, 1, 4.80374e+19
Pixel 385, 227, 1, 1, 4.80374e+19
Pixel 386, 227, 1, 1, 4.80374e+19
Pixel 386, 228, 1, 1, 4.80374e+19
=== 1078717 ===
--- pALPIDEfs_1 ---
Pixel 653, 117, 1, 1, 4.80374e+19
Pixel 652, 117, 1, 1, 4.80374e+19
Pixel 652, 118, 1, 1, 4.80374e+19
Pixel 653, 118, 1, 1, 4.80374e+19
=== 1087635 ===
--- pALPIDEfs_4 ---
Pixel 583, 405, 1, 1, 4.80374e+19
Pixel 583, 406, 1, 1, 4.80374e+19
=== 1096901 ===
--- pALPIDEfs_5 ---
Pixel 402, 394, 1, 1, 4.80374e+19
Pixel 403, 394, 1, 1, 4.80374e+19
Pixel 403, 395, 1, 1, 4.80374e+19
Pixel 402, 395, 1, 1, 4.80374e+19
--- pALPIDEfs_6 ---
Pixel 903, 385, 1, 1, 4.80374e+19
Pixel 903, 386, 1, 1, 4.80374e+19
Pixel 903, 387, 1, 1, 4.80374e+19
Pixel 904, 385, 1, 1, 4.80374e+19
Pixel 904, 386, 1, 1, 4.80374e+19
Pixel 905, 386, 1, 1, 4.80374e+19
=== 1110275 ===
--- pALPIDEfs_3 ---
Pixel 385, 329, 1, 1, 4.80374e+19
Pixel 385, 330, 1, 1, 4.80374e+19
Pixel 387, 327, 1, 1, 4.80374e+19
Pixel 386, 328, 1, 1, 4.80374e+19
Pixel 387, 328, 1, 1, 4.80374e+19
Pixel 386, 329, 1, 1, 4.80374e+19
Pixel 386, 330, 1, 1, 4.80374e+19
Pixel 389, 325, 1, 1, 4.80374e+19
Pixel 388, 326, 1, 1, 4.80374e+19
Pixel 389, 326, 1, 1, 4.80374e+19
Pixel 389, 327, 1, 1, 4.80374e+19
Pixel 388, 327, 1, 1, 4.80374e+19
Pixel 391, 324, 1, 1, 4.80374e+19
Pixel 391, 325, 1, 1, 4.80374e+19
Pixel 390, 325, 1, 1, 4.80374e+19
Pixel 390, 326, 1, 1, 4.80374e+19
Pixel 393, 323, 1, 1, 4.80374e+19
Pixel 392, 324, 1, 1, 4.80374e+19
Pixel 393, 324, 1, 1, 4.80374e+19
Pixel 394, 320, 1, 1, 4.80374e+19
Pixel 395, 321, 1, 1, 4.80374e+19
Pixel 394, 321, 1, 1, 4.80374e+19
Pixel 394, 322, 1, 1, 4.80374e+19
Pixel 394, 323, 1, 1, 4.80374e+19
Pixel 394, 324, 1, 1, 4.80374e+19
=== 1114518 ===
--- pALPIDEfs_1 ---
Pixel 311, 373, 1, 1, 4.80374e+19
--- pALPIDEfs_2 ---
Pixel 17, 70, 1, 1, 4.80374e+19
Pixel 17, 71, 1, 1, 4.80374e+19
Pixel 18, 70, 1, 1, 4.80374e+19
Pixel 18, 71, 1, 1, 4.80374e+19
=== 1119963 ===
--- pALPIDEfs_3 ---
Pixel 557, 180, 1, 1, 4.80374e+19
=== 1127617 ===
--- pALPIDEfs_0 ---
Pixel 975, 509, 1, 1, 4.80374e+19
Pixel 974, 509, 1, 1, 4.80374e+19
Pixel 975, 510, 1, 1, 4.80374e+19
=== 1133843 ===
--- pALPIDEfs_5 ---
Pixel 433, 70, 1, 1, 4.80374e+19
Pixel 433, 71, 1, 1, 4.80374e+19
=== 1139720 ===
--- pALPIDEfs_5 ---
Pixel 891, 288, 1, 1, 4.80374e+19
Pixel 892, 288, 1, 1, 4.80374e+19
Pixel 892, 289, 1, 1, 4.80374e+19
=== 1153982 ===
--- pALPIDEfs_3 ---
Pixel 513, 16, 1, 1, 4.80374e+19
Pixel 513, 17, 1, 1, 4.80374e+19
Pixel 513, 18, 1, 1, 4.80374e+19
Pixel 514, 16, 1, 1, 4.80374e+19
Pixel 515, 17, 1, 1, 4.80374e+19
Pixel 514, 17, 1, 1, 4.80374e+19
Pixel 514, 18, 1, 1, 4.80374e+19
=== 1165624 ===
--- pALPIDEfs_6 ---
Pixel 534, 257, 1, 1, 4.80374e+19
Pixel 534, 258, 1, 1, 4.80374e+19
Pixel 534, 259, 1, 1, 4.80374e+19
=== 1168772 ===
--- pALPIDEfs_1 ---
Pixel 415, 395, 1, 1, 4.80374e+19
=== 1169732 ===
--- pALPIDEfs_4 ---
Pixel 1007, 443, 1, 1, 4.80374e+19
Pixel 1006, 444, 1, 1, 4.80374e+19
Pixel 1007, 444, 1, 1, 4.80374e+19
=== 1173412 ===
--- pALPIDEfs_4 ---
Pixel 886, 418, 1, 1, 4.80374e+19
Pixel 887, 418, 1, 1, 4.80374e+19
--- pALPIDEfs_5 ---
Pixel 597, 306, 1, 1, 4.80374e+19
Pixel 598, 306, 1, 1, 4.80374e+19
--- pALPIDEfs_6 ---
Pixel 360, 138, 1, 1, 4.80374e+19
=== 1188451 ===
--- pALPIDEfs_6 ---
Pixel 86, 158, 1, 1, 4.80374e+19
Pixel 86, 159, 1, 1, 4.80374e+19
=== 1191657 ===
--- pALPIDEfs_3 ---
Pixel 201, 222, 1, 1, 4.80374e+19
Pixel 201, 223, 1, 1, 4.80374e+19
Pixel 201, 224, 1, 1, 4.80374e+19
Pixel 201, 225, 1, 1, 4.80374e+19
Pixel 202, 222, 1, 1, 4.80374e+19
Pixel 202, 223, 1, 1, 4.80374e+19
Pixel 202, 224, 1, 1, 4.80374e+19
Pixel 203, 224, 1, 1, 4.80374e+19
Pixel 202, 225, 1, 1, 4.80374e+19
=== 1207582 ===
--- pALPIDEfs_3 ---
Pixel 771, 498, 1, 1, 4.80374e+19
Pixel 771, 499, 1, 1, 4.80374e+19
Pixel 772, 498, 1, 1, 4.80374e+19
Pixel 772, 499, 1, 1, 4.80374e+19
=== 1263178 ===
--- pALPIDEfs_2 ---
Pixel 618, 124, 1, 1, 4.80374e+19
=== 1272326 ===
--- pALPIDEfs_0 ---
Pixel 1005, 340, 1, 1, 4.80374e+19
=== 1280668 ===
--- pALPIDEfs_3 ---
Pixel 557, 180, 1, 1, 4.80374e+19
=== 1285378 ===
--- pALPIDEfs_3 ---
Pixel 739, 53, 1, 1, 4.80374e+19
Pixel 738, 53, 1, 1, 4.80374e+19
Pixel 738, 54, 1, 1, 4.80374e+19
Pixel 739, 54, 1, 1, 4.80374e+19
=== 1303053 ===
--- pALPIDEfs_3 ---
Pixel 163, 167, 1, 1, 4.80374e+19
Pixel 162, 167, 1, 1, 4.80374e+19
Pixel 162, 168, 1, 1, 4.80374e+19
Pixel 163, 168, 1, 1, 4.80374e+19
Pixel 163, 169, 1, 1, 4.80374e+19
=== 1307650 ===
--- pALPIDEfs_2 ---
Pixel 985, 94, 1, 1, 4.80374e+19
--- pALPIDEfs_3 ---
Pixel 760, 56, 1, 1, 4.80374e+19
Pixel 761, 56, 1, 1, 4.80374e+19
--- pALPIDEfs_4 ---
Pixel 557, 3, 1, 1, 4.80374e+19
Pixel 557, 4, 1, 1, 4.80374e+19
=== 1313177 ===
--- pALPIDEfs_1 ---
Pixel 100, 238, 1, 1, 4.80374e+19
Pixel 101, 238, 1, 1, 4.80374e+19
Pixel 101, 239, 1, 1, 4.80374e+19
Pixel 100, 239, 1, 1, 4.80374e+19
Pixel 100, 240, 1, 1, 4.80374e+19
Pixel 101, 240, 1, 1, 4.80374e+19
Pixel 101, 241, 1, 1, 4.80374e+19
Pixel 101, 243, 1, 1, 4.80374e+19
Pixel 100, 244, 1, 1, 4.80374e+19
Pixel 101, 244, 1, 1, 4.80374e+19
Pixel 102, 238, 1, 1, 4.80374e+19
Pixel 102, 239, 1, 1, 4.80374e+19
=== 1319606 ===
--- pALPIDEfs_1 ---
Pixel 687, 403, 1, 1, 4.80374e+19
--- pALPIDEfs_2 ---
Pixel 994, 128, 1, 1, 4.80374e+19
=== 1331474 ===
--- pALPIDEfs_0 ---
Pixel 149, 388, 1, 1, 4.80374e+19
Pixel 150, 388, 1, 1, 4.80374e+19
Pixel 151, 389, 1, 1, 4.80374e+19
Pixel 150, 389, 1, 1, 4.80374e+19
Pixel 151, 390, 1, 1, 4.80374e+19
Pixel 152, 389, 1, 1, 4.80374e+19
Pixel 152, 390, 1, 1, 4.80374e+19
=== 1356110 ===
--- pALPIDEfs_0 ---
Pixel 802, 307, 1, 1, 4.80374e+19
Pixel 802, 308, 1, 1, 4.80374e+19
=== 1361379 ===
--- pALPIDEfs_2 ---
Pixel 699, 312, 1, 1, 4.80374e+19
=== 1373761 ===
--- pALPIDEfs_4 ---
Pixel 113, 382, 1, 1, 4.80374e+19
=== 1382148 ===
--- pALPIDEfs_1 ---
Pixel 103, 27, 1, 1, 4.80374e+19
Pixel 104, 26, 1, 1, 4.80374e+19
Pixel 104, 27, 1, 1, 4.80374e+19
=== 1397605 ===
--- pALPIDEfs_2 ---
Pixel 307, 451, 1, 1, 4.80374e+19
Pixel 308, 451, 1, 1, 4.80374e+19
=== 1409313 ===
--- pALPIDEfs_3 ---
Pixel 846, 440, 1, 1, 4.80374e+19
Pixel 847, 440, 1, 1, 4.80374e+19
Pixel 847, 441, 1, 1, 4.80374e+19
Pixel 846, 441, 1, 1, 4.80374e+19
Pixel 848, 441, 1, 1, 4.80374e+19
=== 1409685 ===
--- pALPIDEfs_3 ---
Pixel 282, 161, 1, 1, 4.80374e+19
=== 1423607 ===
--- pALPIDEfs_0 ---
Pixel 99, 46, 1, 1, 4.80374e+19
Pixel 100, 46, 1, 1, 4.80374e+19
Pixel 100, 47, 1, 1, 4.80374e+19
=== 1454821 ===
--- pALPIDEfs_2 ---
Pixel 348, 2, 1, 1, 4.80374e+19
Pixel 349, 2, 1, 1, 4.80374e+19
Pixel 349, 3, 1, 1, 4.80374e+19
Pixel 348, 3, 1, 1, 4.80374e+19
--- pALPIDEfs_3 ---
Pixel 1000, 156, 1, 1, 4.80374e+19
Pixel 1001, 156, 1, 1, 4.80374e+19
=== 1454976 ===
--- pALPIDEfs_2 ---
Pixel 779, 159, 1, 1, 4.80374e+19
Pixel 778, 159, 1, 1, 4.80374e+19
=== 1460945 ===
--- pALPIDEfs_5 ---
Pixel 7, 355, 1, 1, 4.80374e+19
--- pALPIDEfs_6 ---
Pixel 136, 357, 1, 1, 4.80374e+19
Pixel 136, 358, 1, 1, 4.80374e+19
=== 1465843 ===
--- pALPIDEfs_0 ---
Pixel 71, 374, 1, 1, 4.80374e+19
Pixel 72, 374, 1, 1, 4.80374e+19
--- pALPIDEfs_1 ---
Pixel 142, 346, 1, 1, 4.80374e+19
Pixel 142, 347, 1, 1, 4.80374e+19
--- pALPIDEfs_2 ---
Pixel 998, 350, 1, 1, 4.80374e+19
Pixel 999, 350, 1, 1, 4.80374e+19
Pixel 999, 351, 1, 1, 4.80374e+19
Pixel 998, 351, 1, 1, 4.80374e+19
=== 1468408 ===
--- pALPIDEfs_1 ---
Pixel 512, 431, 1, 1, 4.80374e+19
=== 1503219 ===
--- pALPIDEfs_4 ---
Pixel 690, 285, 1, 1, 4.80374e+19
Pixel 690, 286, 1, 1, 4.80374e+19
=== 1529454 ===
--- pALPIDEfs_3 ---
Pixel 405, 262, 1, 1, 4.80374e+19
Pixel 405, 263, 1, 1, 4.80374e+19
Pixel 406, 263, 1, 1, 4.80374e+19
--- pALPIDEfs_4 ---
Pixel 985, 44, 1, 1, 4.80374e+19
=== 1541351 ===
--- pALPIDEfs_2 ---
Pixel 520, 377, 1, 1, 4.80374e+19
=== 1543552 ===
--- pALPIDEfs_0 ---
Pixel 716, 18, 1, 1, 4.80374e+19
--- pALPIDEfs_1 ---
Pixel 734, 160, 1, 1, 4.80374e+19
--- pALPIDEfs_2 ---
Pixel 219, 0, 1, 1, 4.80374e+19
Pixel 725, 192, 1, 1, 4.80374e+19
Pixel 725, 193, 1, 1, 4.80374e+19
Pixel 726, 192, 1, 1, 4.80374e+19
Pixel 726, 193, 1, 1, 4.80374e+19
--- pALPIDEfs_3 ---
Pixel 598, 114, 1, 1, 4.80374e+19
Pixel 599, 114, 1, 1, 4.80374e+19
Pixel 662, 172, 1, 1, 4.80374e+19
Pixel 662, 173, 1, 1, 4.80374e+19
--- pALPIDEfs_4 ---
Pixel 1003, 9, 1, 1, 4.80374e+19
Pixel 1002, 9, 1, 1, 4.80374e+19
Pixel 1002, 10, 1, 1, 4.80374e+19
Pixel 1014, 18, 1, 1, 4.80374e+19
Pixel 1015, 18, 1, 1, 4.80374e+19
Pixel 1015, 19, 1, 1, 4.80374e+19
=== 1569480 ===
--- pALPIDEfs_2 ---
Pixel 354, 489, 1, 1, 4.80374e+19
=== 1570327 ===
--- pALPIDEfs_2 ---
Pixel 976, 495, 1, 1, 4.80374e+19
Pixel 976, 496, 1, 1, 4.80374e+19
=== 1618797 ===
--- pALPIDEfs_2 ---
Pixel 786, 280, 1, 1, 4.80374e+19
Pixel 786, 281, 1, 1, 4.80374e+19
--- pALPIDEfs_3 ---
Pixel 323, 270, 1, 1, 4.80374e+19
Pixel 324, 270, 1, 1, 4.80374e+19
=== 1626646 ===
--- pALPIDEfs_4 ---
Pixel 368, 500, 1, 1, 4.80374e+19
Pixel 369, 500, 1, 1, 4.80374e+19
=== 1630683 ===
--- pALPIDEfs_1 ---
Pixel 957, 263, 1, 1, 4.80374e+19
Pixel 958, 262, 1, 1, 4.80374e+19
=== 1641775 ===
--- pALPIDEfs_2 ---
Pixel 450, 456, 1, 1, 4.80374e+19
Pixel 451, 456, 1, 1, 4.80374e+19
Pixel 451, 457, 1, 1, 4.80374e+19
Pixel 452, 456, 1, 1, 4.80374e+19
=== 1654313 ===
--- pALPIDEfs_1 ---
Pixel 522, 8, 1, 1, 4.80374e+19
=== 1657941 ===
--- pALPIDEfs_1 ---
Pixel 3, 325, 1, 1, 4.80374e+19
Pixel 3, 326, 1, 1, 4.80374e+19
=== 1669791 ===
--- pALPIDEfs_0 ---
Pixel 733, 479, 1, 1, 4.80374e+19
Pixel 733, 483, 1, 1, 4.80374e+19
Pixel 732, 483, 1, 1, 4.80374e+19
Pixel 734, 479, 1, 1, 4.80374e+19
=== 1673993 ===
--- pALPIDEfs_5 ---
Pixel 873, 346, 1, 1, 4.80374e+19
Pixel 873, 347, 1, 1, 4.80374e+19
Pixel 874, 347, 1, 1, 4.80374e+19
Pixel 874, 348, 1, 1, 4.80374e+19
Pixel 875, 348, 1, 1, 4.80374e+19
Pixel 875, 349, 1, 1, 4.80374e+19
Pixel 874, 349, 1, 1, 4.80374e+19
Pixel 875, 350, 1, 1, 4.80374e+19
Pixel 875, 466, 1, 1, 4.80374e+19
Pixel 875, 467, 1, 1, 4.80374e+19
--- pALPIDEfs_6 ---
Pixel 973, 236, 1, 1, 4.80374e+19
=== 1692842 ===
--- pALPIDEfs_6 ---
Pixel 105, 97, 1, 1, 4.80374e+19
Pixel 107, 97, 1, 1, 4.80374e+19
Pixel 106, 97, 1, 1, 4.80374e+19
Pixel 106, 98, 1, 1, 4.80374e+19
Pixel 107, 98, 1, 1, 4.80374e+19
=== 1705508 ===
--- pALPIDEfs_6 ---
Pixel 89, 242, 1, 1, 4.80374e+19
Pixel 89, 243, 1, 1, 4.80374e+19
=== 1754360 ===
--- pALPIDEfs_1 ---
Pixel 492, 155, 1, 1, 4.80374e+19
Pixel 492, 156, 1, 1, 4.80374e+19
--- pALPIDEfs_2 ---
Pixel 506, 126, 1, 1, 4.80374e+19
Pixel 507, 126, 1, 1, 4.80374e+19
--- pALPIDEfs_3 ---
Pixel 665, 143, 1, 1, 4.80374e+19
Pixel 665, 144, 1, 1, 4.80374e+19
--- pALPIDEfs_4 ---
Pixel 671, 450, 1, 1, 4.80374e+19
Pixel 671, 451, 1, 1, 4.80374e+19
Pixel 672, 451, 1, 1, 4.80374e+19
=== 1767148 ===
--- pALPIDEfs_2 ---
Pixel 26, 343, 1, 1, 4.80374e+19
Pixel 26, 344, 1, 1, 4.80374e+19
Pixel 27, 344, 1, 1, 4.80374e+19
=== 1783412 ===
--- pALPIDEfs_4 ---
Pixel 160, 196, 1, 1, 4.80374e+19
Pixel 161, 196, 1, 1, 4.80374e+19
Pixel 161, 197, 1, 1, 4.80374e+19
=== 1783991 ===
--- pALPIDEfs_4 ---
Pixel 498, 160, 1, 1, 4.80374e+19
Pixel 499, 160, 1, 1, 4.80374e+19
=== 1789512 ===
--- pALPIDEfs_5 ---
Pixel 693, 176, 1, 1, 4.80374e+19
Pixel 693, 177, 1, 1, 4.80374e+19
=== 1798588 ===
--- pALPIDEfs_3 ---
Pixel 983, 367, 1, 1, 4.80374e+19
=== 1809164 ===
--- pALPIDEfs_3 ---
Pixel 741, 466, 1, 1, 4.80374e+19
Pixel 743, 465, 1, 1, 4.80374e+19
Pixel 742, 465, 1, 1, 4.80374e+19
Pixel 742, 466, 1, 1, 4.80374e+19
Pixel 743, 466, 1, 1, 4.80374e+19
=== 1815437 ===
--- pALPIDEfs_2 ---
Pixel 541, 376, 1, 1, 4.80374e+19
Pixel 541, 377, 1, 1, 4.80374e+19
Pixel 542, 376, 1, 1, 4.80374e+19
--- pALPIDEfs_3 ---
Pixel 435, 257, 1, 1, 4.80374e+19
Pixel 435, 258, 1, 1, 4.80374e+19
--- pALPIDEfs_4 ---
Pixel 493, 259, 1, 1, 4.80374e+19
Pixel 495, 259, 1, 1, 4.80374e+19
Pixel 494, 259, 1, 1, 4.80374e+19
Pixel 494, 260, 1, 1, 4.80374e+19
Pixel 495, 260, 1, 1, 4.80374e+19
Pixel 496, 260, 1, 1, 4.80374e+19
Pixel 721, 469, 1, 1, 4.80374e+19
Pixel 722, 469, 1, 1, 4.80374e+19
=== 1818050 ===
--- pALPIDEfs_3 ---
Pixel 555, 459, 1, 1, 4.80374e+19
Pixel 554, 459, 1, 1, 4.80374e+19
Pixel 554, 460, 1, 1, 4.80374e+19
Pixel 555, 460, 1, 1, 4.80374e+19
=== 1829889 ===
--- pALPIDEfs_2 ---
Pixel 845, 420, 1, 1, 4.80374e+19
Pixel 845, 421, 1, 1, 4.80374e+19
Pixel 846, 420, 1, 1, 4.80374e+19
Pixel 846, 421, 1, 1, 4.80374e+19
=== 1842096 ===
--- pALPIDEfs_6 ---
Pixel 275, 264, 1, 1, 4.80374e+19
Pixel 275, 265, 1, 1, 4.80374e+19
=== 1844873 ===
--- pALPIDEfs_6 ---
Pixel 644, 257, 1, 1, 4.80374e+19
Pixel 644, 258, 1, 1, 4.80374e+19
Pixel 645, 258, 1, 1, 4.80374e+19
Pixel 644, 259, 1, 1, 4.80374e+19
=== 1878619 ===
--- pALPIDEfs_3 ---
Pixel 511, 151, 1, 1, 4.80374e+19
Pixel 510, 151, 1, 1, 4.80374e+19
Pixel 510, 152, 1, 1, 4.80374e+19
Pixel 511, 152, 1, 1, 4.80374e+19
=== 1888860 ===
--- pALPIDEfs_0 ---
Pixel 565, 309, 1, 1, 4.80374e+19
Pixel 566, 309, 1, 1, 4.80374e+19
Pixel 566, 310, 1, 1, 4.80374e+19
=== 1898354 ===
--- pALPIDEfs_4 ---
Pixel 147, 185, 1, 1, 4.80374e+19
Pixel 146, 185, 1, 1, 4.80374e+19
Pixel 149, 185, 1, 1, 4.80374e+19
Pixel 148, 185, 1, 1, 4.80374e+19
Pixel 148, 186, 1, 1, 4.80374e+19
Pixel 149, 186, 1, 1, 4.80374e+19
Pixel 151, 185, 1, 1, 4.80374e+19
Pixel 150, 185, 1, 1, 4.80374e+19
Pixel 150, 186, 1, 1, 4.80374e+19
=== 1909395 ===
--- pALPIDEfs_2 ---
Pixel 507, 267, 1, 1, 4.80374e+19
Pixel 506, 267, 1, 1, 4.80374e+19
Pixel 506, 268, 1, 1, 4.80374e+19
=== 1909396 ===
--- pALPIDEfs_2 ---
Pixel 507, 267, 1, 1, 4.80374e+19
Pixel 506, 267, 1, 1, 4.80374e+19
Pixel 506, 268, 1, 1, 4.80374e+19
=== 1917242 ===
--- pALPIDEfs_1 ---
Pixel 275, 1, 1, 1, 4.80374e+19
=== 1935511 ===
--- pALPIDEfs_3 ---
Pixel 395, 299, 1, 1, 4.80374e+19
=== 1941475 ===
--- pALPIDEfs_0 ---
Pixel 635, 384, 1, 1, 4.80374e+19
Pixel 635, 385, 1, 1, 4.80374e+19
=== 1962203 ===
--- pALPIDEfs_1 ---
Pixel 847, 242, 1, 1, 4.80374e+19
Pixel 848, 241, 1, 1, 4.80374e+19
Pixel 848, 242, 1, 1, 4.80374e+19
--- pALPIDEfs_2 ---
Pixel 721, 439, 1, 1, 4.80374e+19
Pixel 720, 439, 1, 1, 4.80374e+19
=== 1990409 ===
--- pALPIDEfs_0 ---
Pixel 217, 288, 1, 1, 4.80374e+19
Pixel 217, 289, 1, 1, 4.80374e+19
Pixel 218, 288, 1, 1, 4.80374e+19
Pixel 218, 289, 1, 1, 4.80374e+19
--- pALPIDEfs_1 ---
Pixel 631, 231, 1, 1, 4.80374e+19
Pixel 632, 231, 1, 1, 4.80374e+19
=== 1993713 ===
--- pALPIDEfs_1 ---
Pixel 920, 376, 1, 1, 4.80374e+19
--- pALPIDEfs_2 ---
Pixel 862, 208, 1, 1, 4.80374e+19
Pixel 863, 208, 1, 1, 4.80374e+19
Pixel 863, 209, 1, 1, 4.80374e+19
=== 1997795 ===
--- pALPIDEfs_0 ---
Pixel 864, 218, 1, 1, 4.80374e+19
--- pALPIDEfs_1 ---
Pixel 770, 26, 1, 1, 4.80374e+19
Pixel 771, 26, 1, 1, 4.80374e+19
=== 2011798 ===
--- pALPIDEfs_5 ---
Pixel 515, 15, 1, 1, 4.80374e+19
Pixel 515, 16, 1, 1, 4.80374e+19
Pixel 516, 15, 1, 1, 4.80374e+19
Pixel 516, 16, 1, 1, 4.80374e+19
Pixel 516, 17, 1, 1, 4.80374e+19
=== 2011799 ===
--- pALPIDEfs_5 ---
Pixel 516, 14, 1, 1, 4.80374e+19
Pixel 516, 17, 1, 1, 4.80374e+19
=== 2013387 ===
--- pALPIDEfs_2 ---
Pixel 169, 423, 1, 1, 4.80374e+19
Pixel 168, 423, 1, 1, 4.80374e+19
--- pALPIDEfs_3 ---
Pixel 646, 170, 1, 1, 4.80374e+19
Pixel 646, 171, 1, 1, 4.80374e+19
=== 2016135 ===
--- pALPIDEfs_6 ---
Pixel 421, 374, 1, 1, 4.80374e+19
=== 2021587 ===
--- pALPIDEfs_5 ---
Pixel 737, 121, 1, 1, 4.80374e+19
Pixel 737, 122, 1, 1, 4.80374e+19
=== 2037535 ===
--- pALPIDEfs_3 ---
Pixel 468, 119, 1, 1, 4.80374e+19
Pixel 468, 120, 1, 1, 4.80374e+19
Pixel 469, 120, 1, 1, 4.80374e+19
=== 2045284 ===
--- pALPIDEfs_1 ---
Pixel 953, 371, 1, 1, 4.80374e+19
Pixel 952, 371, 1, 1, 4.80374e+19
=== 2045285 ===
--- pALPIDEfs_1 ---
Pixel 953, 371, 1, 1, 4.80374e+19
Pixel 952, 371, 1, 1, 4.80374e+19
=== 2050040 ===
--- pALPIDEfs_2 ---
Pixel 897, 378, 1, 1, 4.80374e+19
Pixel 897, 379, 1, 1, 4.80374e+19
--- pALPIDEfs_3 ---
Pixel 675, 37, 1, 1, 4.80374e+19
Pixel 675, 38, 1, 1, 4.80374e+19
=== 2063062 ===
--- pALPIDEfs_3 ---
Pixel 118, 414, 1, 1, 4.80374e+19
Pixel 119, 414, 1, 1, 4.80374e+19
--- pALPIDEfs_4 ---
Pixel 601, 289, 1, 1, 4.80374e+19
Pixel 601, 290, 1, 1, 4.80374e+19
--- pALPIDEfs_5 ---
Pixel 889, 476, 1, 1, 4.80374e+19
Pixel 890, 476, 1, 1, 4.80374e+19
=== 2094704 ===
--- pALPIDEfs_5 ---
Pixel 805, 489, 1, 1, 4.80374e+19
Pixel 805, 490, 1, 1, 4.80374e+19
Pixel 806, 488, 1, 1, 4.80374e+19
Pixel 806, 489, 1, 1, 4.80374e+19
=== 2112189 ===
--- pALPIDEfs_0 ---
Pixel 21, 476, 1, 1, 4.80374e+19
Pixel 21, 477, 1, 1, 4.80374e+19
Pixel 22, 476, 1, 1, 4.80374e+19
Pixel 22, 477, 1, 1, 4.80374e+19
=== 2129810 ===
--- pALPIDEfs_5 ---
Pixel 165, 301, 1, 1, 4.80374e+19
Pixel 165, 302, 1, 1, 4.80374e+19
Pixel 165, 303, 1, 1, 4.80374e+19
=== 2130035 ===
--- pALPIDEfs_6 ---
Pixel 776, 319, 1, 1, 4.80374e+19
Pixel 776, 320, 1, 1, 4.80374e+19
=== 2134083 ===
--- pALPIDEfs_6 ---
Pixel 733, 93, 1, 1, 4.80374e+19
Pixel 732, 93, 1, 1, 4.80374e+19
=== 2159569 ===
--- pALPIDEfs_5 ---
Pixel 765, 486, 1, 1, 4.80374e+19
Pixel 766, 485, 1, 1, 4.80374e+19
Pixel 766, 486, 1, 1, 4.80374e+19
=== 2170694 ===
--- pALPIDEfs_2 ---
Pixel 762, 508, 1, 1, 4.80374e+19
Pixel 762, 509, 1, 1, 4.80374e+19
--- pALPIDEfs_3 ---
Pixel 929, 395, 1, 1, 4.80374e+19
=== 2175938 ===
--- pALPIDEfs_6 ---
Pixel 267, 297, 1, 1, 4.80374e+19
Pixel 268, 296, 1, 1, 4.80374e+19
Pixel 269, 296, 1, 1, 4.80374e+19
Pixel 268, 297, 1, 1, 4.80374e+19
=== 2208181 ===
--- pALPIDEfs_6 ---
Pixel 42, 421, 1, 1, 4.80374e+19
Pixel 42, 422, 1, 1, 4.80374e+19
=== 2208182 ===
--- pALPIDEfs_6 ---
Pixel 42, 422, 1, 1, 4.80374e+19
=== 2215751 ===
--- pALPIDEfs_1 ---
Pixel 337, 316, 1, 1, 4.80374e+19
Pixel 338, 315, 1, 1, 4.80374e+19
Pixel 338, 316, 1, 1, 4.80374e+19
=== 2221494 ===
--- pALPIDEfs_6 ---
Pixel 829, 397, 1, 1, 4.80374e+19
Pixel 829, 398, 1, 1, 4.80374e+19
Pixel 830, 397, 1, 1, 4.80374e+19
Pixel 830, 398, 1, 1, 4.80374e+19
=== 2228341 ===
--- pALPIDEfs_3 ---
Pixel 95, 269, 1, 1, 4.80374e+19
Pixel 95, 270, 1, 1, 4.80374e+19
Pixel 96, 269, 1, 1, 4.80374e+19
Pixel 96, 270, 1, 1, 4.80374e+19
=== 2228966 ===
--- pALPIDEfs_3 ---
Pixel 393, 438, 1, 1, 4.80374e+19
Pixel 393, 439, 1, 1, 4.80374e+19
Pixel 394, 438, 1, 1, 4.80374e+19
Pixel 394, 439, 1, 1, 4.80374e+19
=== 2243319 ===
--- pALPIDEfs_1 ---
Pixel 813, 510, 1, 1, 4.80374e+19
Pixel 813, 511, 1, 1, 4.80374e+19
Pixel 814, 510, 1, 1, 4.80374e+19
Pixel 814, 511, 1, 1, 4.80374e+19
=== 2263584 ===
--- pALPIDEfs_6 ---
Pixel 617, 187, 1, 1, 4.80374e+19
Pixel 616, 187, 1, 1, 4.80374e+19
Pixel 616, 188, 1, 1, 4.80374e+19
Pixel 617, 188, 1, 1, 4.80374e+19
=== 2281684 ===
--- pALPIDEfs_4 ---
Pixel 244, 418, 1, 1, 4.80374e+19
=== 2290999 ===
--- pALPIDEfs_3 ---
Pixel 401, 266, 1, 1, 4.80374e+19
Pixel 401, 267, 1, 1, 4.80374e+19
=== 2294758 ===
--- pALPIDEfs_6 ---
Pixel 293, 309, 1, 1, 4.80374e+19
Pixel 293, 310, 1, 1, 4.80374e+19
Pixel 294, 309, 1, 1, 4.80374e+19
Pixel 294, 310, 1, 1, 4.80374e+19
=== 2296454 ===
--- pALPIDEfs_5 ---
Pixel 859, 94, 1, 1, 4.80374e+19
=== 2301274 ===
--- pALPIDEfs_0 ---
Pixel 252, 267, 1, 1, 4.80374e+19
Pixel 252, 268, 1, 1, 4.80374e+19
Pixel 253, 268, 1, 1, 4.80374e+19
Pixel 252, 269, 1, 1, 4.80374e+19
Pixel 252, 270, 1, 1, 4.80374e+19
Pixel 253, 270, 1, 1, 4.80374e+19
=== 2323465 ===
--- pALPIDEfs_1 ---
Pixel 635, 150, 1, 1, 4.80374e+19
--- pALPIDEfs_2 ---
Pixel 816, 273, 1, 1, 4.80374e+19
Pixel 816, 274, 1, 1, 4.80374e+19
Pixel 817, 275, 1, 1, 4.80374e+19
Pixel 816, 275, 1, 1, 4.80374e+19
Pixel 816, 276, 1, 1, 4.80374e+19
Pixel 817, 276, 1, 1, 4.80374e+19
=== 2337362 ===
--- pALPIDEfs_0 ---
Pixel 903, 394, 1, 1, 4.80374e+19
=== 2365775 ===
--- pALPIDEfs_6 ---
Pixel 377, 288, 1, 1, 4.80374e+19
Pixel 378, 288, 1, 1, 4.80374e+19
Pixel 379, 288, 1, 1, 4.80374e+19
=== 2373304 ===
--- pALPIDEfs_2 ---
Pixel 982, 360, 1, 1, 4.80374e+19
=== 2376485 ===
--- pALPIDEfs_1 ---
Pixel 241, 230, 1, 1, 4.80374e+19
Pixel 241, 231, 1, 1, 4.80374e+19
=== 2377986 ===
--- pALPIDEfs_3 ---
Pixel 70, 234, 1, 1, 4.80374e+19
=== 2422047 ===
--- pALPIDEfs_5 ---
Pixel 314, 478, 1, 1, 4.80374e+19
Pixel 315, 478, 1, 1, 4.80374e+19
Pixel 315, 479, 1, 1, 4.80374e+19
=== 2444240 ===
--- pALPIDEfs_4 ---
Pixel 999, 280, 1, 1, 4.80374e+19
Pixel 999, 281, 1, 1, 4.80374e+19
Pixel 998, 281, 1, 1, 4.80374e+19
Pixel 998, 282, 1, 1, 4.80374e+19
Pixel 999, 282, 1, 1, 4.80374e+19
Pixel 1000, 281, 1, 1, 4.80374e+19
Pixel 1000, 282, 1, 1, 4.80374e+19
=== 2446186 ===
--- pALPIDEfs_0 ---
Pixel 163, 201, 1, 1, 4.80374e+19
Pixel 162, 201, 1, 1, 4.80374e+19
Pixel 162, 202, 1, 1, 4.80374e+19
Pixel 163, 202, 1, 1, 4.80374e+19
Pixel 164, 202, 1, 1, 4.80374e+19
=== 2469703 ===
--- pALPIDEfs_3 ---
Pixel 531, 230, 1, 1, 4.80374e+19
Pixel 531, 231, 1, 1, 4.80374e+19
Pixel 532, 230, 1, 1, 4.80374e+19
Pixel 532, 231, 1, 1, 4.80374e+19
=== 2469704 ===
--- pALPIDEfs_3 ---
Pixel 531, 230, 1, 1, 4.80374e+19
Pixel 531, 231, 1, 1, 4.80374e+19
Pixel 532, 230, 1, 1, 4.80374e+19
Pixel 532, 231, 1, 1, 4.80374e+19
=== 2469850 ===
--- pALPIDEfs_0 ---
Pixel 16, 270, 1, 1, 4.80374e+19
Pixel 17, 271, 1, 1, 4.80374e+19
Pixel 16, 271, 1, 1, 4.80374e+19
--- pALPIDEfs_1 ---
Pixel 178, 448, 1, 1, 4.80374e+19
=== 2473267 ===
--- pALPIDEfs_0 ---
Pixel 652, 241, 1, 1, 4.80374e+19
Pixel 652, 242, 1, 1, 4.80374e+19
Pixel 652, 243, 1, 1, 4.80374e+19
Pixel 652, 244, 1, 1, 4.80374e+19
Pixel 653, 244, 1, 1, 4.80374e+19
=== 2480455 ===
--- pALPIDEfs_1 ---
Pixel 459, 266, 1, 1, 4.80374e+19
Pixel 459, 267, 1, 1, 4.80374e+19
Pixel 458, 267, 1, 1, 4.80374e+19
Pixel 459, 268, 1, 1, 4.80374e+19
=== 2485744 ===
--- pALPIDEfs_4 ---
Pixel 299, 376, 1, 1, 4.80374e+19
Pixel 299, 377, 1, 1, 4.80374e+19
Pixel 300, 376, 1, 1, 4.80374e+19
Pixel 301, 376, 1, 1, 4.80374e+19
Pixel 300, 377, 1, 1, 4.80374e+19
Pixel 302, 376, 1, 1, 4.80374e+19
Pixel 303, 376, 1, 1, 4.80374e+19
=== 2499082 ===
--- pALPIDEfs_5 ---
Pixel 581, 421, 1, 1, 4.80374e+19
Pixel 581, 422, 1, 1, 4.80374e+19
Pixel 582, 422, 1, 1, 4.80374e+19
=== 2501806 ===
--- pALPIDEfs_3 ---
Pixel 70, 462, 1, 1, 4.80374e+19
Pixel 70, 463, 1, 1, 4.80374e+19
Pixel 76, 456, 1, 1, 4.80374e+19
Pixel 77, 456, 1, 1, 4.80374e+19
Pixel 76, 457, 1, 1, 4.80374e+19
=== 2505974 ===
--- pALPIDEfs_6 ---
Pixel 901, 500, 1, 1, 4.80374e+19
Pixel 901, 501, 1, 1, 4.80374e+19
=== 2509307 ===
--- pALPIDEfs_3 ---
Pixel 615, 251, 1, 1, 4.80374e+19
Pixel 615, 252, 1, 1, 4.80374e+19
=== 2518228 ===
--- pALPIDEfs_1 ---
Pixel 485, 107, 1, 1, 4.80374e+19
--- pALPIDEfs_2 ---
Pixel 637, 276, 1, 1, 4.80374e+19
Pixel 638, 276, 1, 1, 4.80374e+19
--- pALPIDEfs_3 ---
Pixel 879, 117, 1, 1, 4.80374e+19
Pixel 878, 117, 1, 1, 4.80374e+19
=== 2522994 ===
--- pALPIDEfs_0 ---
Pixel 242, 478, 1, 1, 4.80374e+19
Pixel 242, 479, 1, 1, 4.80374e+19
--- pALPIDEfs_1 ---
Pixel 370, 501, 1, 1, 4.80374e+19
Pixel 370, 502, 1, 1, 4.80374e+19
--- pALPIDEfs_2 ---
Pixel 523, 421, 1, 1, 4.80374e+19
Pixel 522, 421, 1, 1, 4.80374e+19
Pixel 522, 422, 1, 1, 4.80374e+19
Pixel 523, 422, 1, 1, 4.80374e+19
--- pALPIDEfs_3 ---
Pixel 675, 410, 1, 1, 4.80374e+19
--- pALPIDEfs_4 ---
Pixel 849, 387, 1, 1, 4.80374e+19
--- pALPIDEfs_5 ---
Pixel 993, 406, 1, 1, 4.80374e+19
Pixel 993, 407, 1, 1, 4.80374e+19
Pixel 994, 406, 1, 1, 4.80374e+19
Pixel 995, 406, 1, 1, 4.80374e+19
Pixel 995, 407, 1, 1, 4.80374e+19
Pixel 994, 407, 1, 1, 4.80374e+19
=== 2535949 ===
--- pALPIDEfs_6 ---
Pixel 506, 136, 1, 1, 4.80374e+19
Pixel 507, 136, 1, 1, 4.80374e+19
=== 2556881 ===
--- pALPIDEfs_2 ---
Pixel 903, 160, 1, 1, 4.80374e+19
Pixel 904, 160, 1, 1, 4.80374e+19
--- pALPIDEfs_3 ---
Pixel 883, 113, 1, 1, 4.80374e+19
Pixel 883, 114, 1, 1, 4.80374e+19
Pixel 884, 113, 1, 1, 4.80374e+19
Pixel 884, 114, 1, 1, 4.80374e+19
Pixel 885, 114, 1, 1, 4.80374e+19
=== 2562991 ===
--- pALPIDEfs_1 ---
Pixel 299, 7, 1, 1, 4.80374e+19
Pixel 298, 7, 1, 1, 4.80374e+19
=== 2568748 ===
--- pALPIDEfs_3 ---
Pixel 649, 429, 1, 1, 4.80374e+19
Pixel 650, 429, 1, 1, 4.80374e+19
Pixel 650, 430, 1, 1, 4.80374e+19
Pixel 651, 430, 1, 1, 4.80374e+19
Pixel 651, 431, 1, 1, 4.80374e+19
Pixel 650, 431, 1, 1, 4.80374e+19
Pixel 652, 431, 1, 1, 4.80374e+19
Pixel 652, 432, 1, 1, 4.80374e+19
=== 2576406 ===
--- pALPIDEfs_0 ---
Pixel 312, 77, 1, 1, 4.80374e+19
=== 2584692 ===
--- pALPIDEfs_3 ---
Pixel 557, 180, 1, 1, 4.80374e+19
=== 2603567 ===
--- pALPIDEfs_2 ---
Pixel 912, 132, 1, 1, 4.80374e+19
Pixel 913, 132, 1, 1, 4.80374e+19
Pixel 913, 133, 1, 1, 4.80374e+19
Pixel 912, 133, 1, 1, 4.80374e+19
Pixel 912, 134, 1, 1, 4.80374e+19
Pixel 915, 131, 1, 1, 4.80374e+19
Pixel 914, 131, 1, 1, 4.80374e+19
Pixel 914, 132, 1, 1, 4.80374e+19
Pixel 915, 132, 1, 1, 4.80374e+19
Pixel 914, 133, 1, 1, 4.80374e+19
=== 2610884 ===
--- pALPIDEfs_5 ---
Pixel 989, 280, 1, 1, 4.80374e+19
Pixel 989, 281, 1, 1, 4.80374e+19
Pixel 990, 280, 1, 1, 4.80374e+19
Pixel 990, 281, 1, 1, 4.80374e+19
--- pALPIDEfs_6 ---
Pixel 309, 218, 1, 1, 4.80374e+19
Pixel 309, 219, 1, 1, 4.80374e+19
Pixel 308, 219, 1, 1, 4.80374e+19
Pixel 310, 218, 1, 1, 4.80374e+19
=== 2615244 ===
--- pALPIDEfs_6 ---
Pixel 56, 443, 1, 1, 4.80374e+19
=== 2620625 ===
--- pALPIDEfs_6 ---
Pixel 731, 501, 1, 1, 4.80374e+19
Pixel 730, 501, 1, 1, 4.80374e+19
=== 2627675 ===
--- pALPIDEfs_4 ---
Pixel 907, 155, 1, 1, 4.80374e+19
Pixel 906, 155, 1, 1, 4.80374e+19
Pixel 906, 156, 1, 1, 4.80374e+19
Pixel 907, 156, 1, 1, 4.80374e+19
=== 2639307 ===
--- pALPIDEfs_5 ---
Pixel 111, 260, 1, 1, 4.80374e+19
Pixel 111, 261, 1, 1, 4.80374e+19
=== 2673537 ===
--- pALPIDEfs_2 ---
Pixel 418, 476, 1, 1, 4.80374e+19
Pixel 419, 476, 1, 1, 4.80374e+19
--- pALPIDEfs_3 ---
Pixel 404, 366, 1, 1, 4.80374e+19
Pixel 404, 367, 1, 1, 4.80374e+19
--- pALPIDEfs_4 ---
Pixel 412, 244, 1, 1, 4.80374e+19
Pixel 412, 245, 1, 1, 4.80374e+19
--- pALPIDEfs_5 ---
Pixel 391, 169, 1, 1, 4.80374e+19
--- pALPIDEfs_6 ---
Pixel 423, 36, 1, 1, 4.80374e+19
=== 2687874 ===
--- pALPIDEfs_5 ---
Pixel 860, 299, 1, 1, 4.80374e+19
Pixel 860, 300, 1, 1, 4.80374e+19
Pixel 861, 301, 1, 1, 4.80374e+19
Pixel 860, 301, 1, 1, 4.80374e+19
=== 2692923 ===
--- pALPIDEfs_6 ---
Pixel 703, 242, 1, 1, 4.80374e+19
Pixel 703, 243, 1, 1, 4.80374e+19
=== 2712107 ===
--- pALPIDEfs_2 ---
Pixel 384, 498, 1, 1, 4.80374e+19
=== 2717956 ===
--- pALPIDEfs_3 ---
Pixel 491, 380, 1, 1, 4.80374e+19
Pixel 491, 381, 1, 1, 4.80374e+19
Pixel 492, 379, 1, 1, 4.80374e+19
Pixel 492, 380, 1, 1, 4.80374e+19
Pixel 493, 380, 1, 1, 4.80374e+19
Pixel 492, 381, 1, 1, 4.80374e+19
=== 2724037 ===
--- pALPIDEfs_5 ---
Pixel 889, 195, 1, 1, 4.80374e+19
Pixel 888, 195, 1, 1, 4.80374e+19
=== 2740342 ===
--- pALPIDEfs_1 ---
Pixel 107, 508, 1, 1, 4.80374e+19
Pixel 107, 509, 1, 1, 4.80374e+19
=== 2746360 ===
--- pALPIDEfs_3 ---
Pixel 557, 180, 1, 1, 4.80374e+19
=== 2757858 ===
--- pALPIDEfs_6 ---
Pixel 596, 39, 1, 1, 4.80374e+19
Pixel 596, 40, 1, 1, 4.80374e+19
=== 2758171 ===
--- pALPIDEfs_6 ---
Pixel 473, 370, 1, 1, 4.80374e+19
Pixel 473, 371, 1, 1, 4.80374e+19
=== 2769442 ===
--- pALPIDEfs_3 ---
Pixel 80, 34, 1, 1, 4.80374e+19
Pixel 80, 35, 1, 1, 4.80374e+19
Pixel 80, 36, 1, 1, 4.80374e+19
Pixel 80, 37, 1, 1, 4.80374e+19
=== 2778264 ===
--- pALPIDEfs_3 ---
Pixel 131, 269, 1, 1, 4.80374e+19
Pixel 131, 270, 1, 1, 4.80374e+19
Pixel 131, 271, 1, 1, 4.80374e+19
Pixel 132, 270, 1, 1, 4.80374e+19
Pixel 133, 271, 1, 1, 4.80374e+19
Pixel 132, 271, 1, 1, 4.80374e+19
Pixel 132, 272, 1, 1, 4.80374e+19
Pixel 133, 272, 1, 1, 4.80374e+19
Pixel 133, 273, 1, 1, 4.80374e+19
Pixel 133, 274, 1, 1, 4.80374e+19
Pixel 134, 273, 1, 1, 4.80374e+19
Pixel 134, 274, 1, 1, 4.80374e+19
Pixel 135, 275, 1, 1, 4.80374e+19
=== 2785996 ===
--- pALPIDEfs_0 ---
Pixel 11, 26, 1, 1, 4.80374e+19
=== 2857764 ===
--- pALPIDEfs_1 ---
Pixel 527, 336, 1, 1, 4.80374e+19
Pixel 527, 337, 1, 1, 4.80374e+19
=== 2869354 ===
--- pALPIDEfs_1 ---
Pixel 451, 43, 1, 1, 4.80374e+19
Pixel 450, 43, 1, 1, 4.80374e+19
Pixel 450, 44, 1, 1, 4.80374e+19
Pixel 451, 44, 1, 1, 4.80374e+19
=== 2875528 ===
--- pALPIDEfs_6 ---
Pixel 548, 482, 1, 1, 4.80374e+19
Pixel 549, 482, 1, 1, 4.80374e+19
=== 2875621 ===
--- pALPIDEfs_6 ---
Pixel 971, 281, 1, 1, 4.80374e+19
Pixel 970, 281, 1, 1, 4.80374e+19
Pixel 970, 282, 1, 1, 4.80374e+19
Pixel 971, 282, 1, 1, 4.80374e+19
=== 2877651 ===
--- pALPIDEfs_1 ---
Pixel 694, 280, 1, 1, 4.80374e+19
Pixel 695, 280, 1, 1, 4.80374e+19
--- pALPIDEfs_2 ---
Pixel 29, 96, 1, 1, 4.80374e+19
Pixel 30, 96, 1, 1, 4.80374e+19
=== 2897462 ===
--- pALPIDEfs_1 ---
Pixel 133, 119, 1, 1, 4.80374e+19
Pixel 133, 120, 1, 1, 4.80374e+19
Pixel 133, 121, 1, 1, 4.80374e+19
Pixel 133, 122, 1, 1, 4.80374e+19
Pixel 134, 120, 1, 1, 4.80374e+19
Pixel 134, 121, 1, 1, 4.80374e+19
=== 2898939 ===
--- pALPIDEfs_3 ---
Pixel 165, 178, 1, 1, 4.80374e+19
Pixel 165, 179, 1, 1, 4.80374e+19
Pixel 164, 179, 1, 1, 4.80374e+19
Pixel 166, 178, 1, 1, 4.80374e+19
Pixel 167, 178, 1, 1, 4.80374e+19
Pixel 167, 179, 1, 1, 4.80374e+19
Pixel 166, 179, 1, 1, 4.80374e+19
--- pALPIDEfs_4 ---
Pixel 781, 269, 1, 1, 4.80374e+19
Pixel 782, 269, 1, 1, 4.80374e+19
=== 2902898 ===
--- pALPIDEfs_0 ---
Pixel 609, 407, 1, 1, 4.80374e+19
Pixel 609, 408, 1, 1, 4.80374e+19
Pixel 610, 406, 1, 1, 4.80374e+19
Pixel 610, 407, 1, 1, 4.80374e+19
Pixel 610, 408, 1, 1, 4.80374e+19
=== 2915174 ===
--- pALPIDEfs_0 ---
Pixel 372, 140, 1, 1, 4.80374e+19
Pixel 373, 140, 1, 1, 4.80374e+19
Pixel 373, 141, 1, 1, 4.80374e+19
Pixel 372, 141, 1, 1, 4.80374e+19
=== 2925843 ===
--- pALPIDEfs_4 ---
Pixel 799, 300, 1, 1, 4.80374e+19
Pixel 799, 301, 1, 1, 4.80374e+19
Pixel 800, 300, 1, 1, 4.80374e+19
=== 2930175 ===
--- pALPIDEfs_0 ---
Pixel 63, 265, 1, 1, 4.80374e+19
Pixel 63, 266, 1, 1, 4.80374e+19
Pixel 64, 265, 1, 1, 4.80374e+19
Pixel 64, 266, 1, 1, 4.80374e+19
=== 2943775 ===
--- pALPIDEfs_3 ---
Pixel 371, 467, 1, 1, 4.80374e+19
Pixel 370, 467, 1, 1, 4.80374e+19
Pixel 371, 468, 1, 1, 4.80374e+19
Pixel 372, 468, 1, 1, 4.80374e+19
=== 2943776 ===
--- pALPIDEfs_3 ---
Pixel 370, 466, 1, 1, 4.80374e+19
Pixel 371, 467, 1, 1, 4.80374e+19
Pixel 370, 467, 1, 1, 4.80374e+19
Pixel 370, 468, 1, 1, 4.80374e+19
Pixel 371, 468, 1, 1, 4.80374e+19
Pixel 372, 468, 1, 1, 4.80374e+19
=== 2951914 ===
--- pALPIDEfs_0 ---
Pixel 1014, 504, 1, 1, 4.80374e+19
=== 2955634 ===
--- pALPIDEfs_0 ---
Pixel 652, 102, 1, 1, 4.80374e+19
--- pALPIDEfs_1 ---
Pixel 665, 149, 1, 1, 4.80374e+19
Pixel 666, 148, 1, 1, 4.80374e+19
Pixel 666, 149, 1, 1, 4.80374e+19
--- pALPIDEfs_2 ---
Pixel 698, 87, 1, 1, 4.80374e+19
Pixel 698, 88, 1, 1, 4.80374e+19
--- pALPIDEfs_3 ---
Pixel 730, 102, 1, 1, 4.80374e+19
--- pALPIDEfs_4 ---
Pixel 783, 105, 1, 1, 4.80374e+19
Pixel 784, 104, 1, 1, 4.80374e+19
Pixel 784, 105, 1, 1, 4.80374e+19
--- pALPIDEfs_5 ---
Pixel 807, 152, 1, 1, 4.80374e+19
Pixel 808, 152, 1, 1, 4.80374e+19
--- pALPIDEfs_6 ---
Pixel 886, 145, 1, 1, 4.80374e+19
Pixel 886, 146, 1, 1, 4.80374e+19
=== 2960495 ===
--- pALPIDEfs_3 ---
Pixel 833, 340, 1, 1, 4.80374e+19
Pixel 834, 340, 1, 1, 4.80374e+19
=== 2964276 ===
--- pALPIDEfs_2 ---
Pixel 357, 477, 1, 1, 4.80374e+19
Pixel 356, 477, 1, 1, 4.80374e+19
Pixel 356, 478, 1, 1, 4.80374e+19
Pixel 357, 478, 1, 1, 4.80374e+19
Pixel 357, 479, 1, 1, 4.80374e+19
Pixel 356, 479, 1, 1, 4.80374e+19
=== 3002788 ===
--- pALPIDEfs_5 ---
Pixel 301, 12, 1, 1, 4.80374e+19
Pixel 301, 13, 1, 1, 4.80374e+19
Pixel 302, 12, 1, 1, 4.80374e+19
Pixel 302, 13, 1, 1, 4.80374e+19
=== 3006832 ===
--- pALPIDEfs_1 ---
Pixel 667, 127, 1, 1, 4.80374e+19
Pixel 667, 128, 1, 1, 4.80374e+19
Pixel 668, 127, 1, 1, 4.80374e+19
--- pALPIDEfs_2 ---
Pixel 670, 177, 1, 1, 4.80374e+19
Pixel 670, 178, 1, 1, 4.80374e+19
--- pALPIDEfs_3 ---
Pixel 674, 300, 1, 1, 4.80374e+19
Pixel 675, 300, 1, 1, 4.80374e+19
Pixel 675, 301, 1, 1, 4.80374e+19
Pixel 674, 301, 1, 1, 4.80374e+19
--- pALPIDEfs_4 ---
Pixel 702, 408, 1, 1, 4.80374e+19
Pixel 702, 409, 1, 1, 4.80374e+19
=== 3008642 ===
--- pALPIDEfs_6 ---
Pixel 279, 34, 1, 1, 4.80374e+19
Pixel 280, 34, 1, 1, 4.80374e+19
=== 3021707 ===
--- pALPIDEfs_3 ---
Pixel 942, 137, 1, 1, 4.80374e+19
Pixel 942, 138, 1, 1, 4.80374e+19
=== 3028975 ===
--- pALPIDEfs_3 ---
Pixel 822, 342, 1, 1, 4.80374e+19
Pixel 823, 342, 1, 1, 4.80374e+19
Pixel 823, 343, 1, 1, 4.80374e+19
=== 3029394 ===
--- pALPIDEfs_0 ---
Pixel 722, 200, 1, 1, 4.80374e+19
Pixel 723, 200, 1, 1, 4.80374e+19
Pixel 725, 199, 1, 1, 4.80374e+19
Pixel 724, 199, 1, 1, 4.80374e+19
Pixel 724, 200, 1, 1, 4.80374e+19
Pixel 729, 197, 1, 1, 4.80374e+19
Pixel 730, 196, 1, 1, 4.80374e+19
Pixel 731, 196, 1, 1, 4.80374e+19
Pixel 731, 197, 1, 1, 4.80374e+19
Pixel 730, 197, 1, 1, 4.80374e+19
Pixel 732, 196, 1, 1, 4.80374e+19
Pixel 733, 196, 1, 1, 4.80374e+19
Pixel 732, 197, 1, 1, 4.80374e+19
=== 3029395 ===
--- pALPIDEfs_0 ---
Pixel 722, 200, 1, 1, 4.80374e+19
Pixel 725, 199, 1, 1, 4.80374e+19
Pixel 724, 199, 1, 1, 4.80374e+19
Pixel 724, 200, 1, 1, 4.80374e+19
Pixel 729, 197, 1, 1, 4.80374e+19
Pixel 730, 196, 1, 1, 4.80374e+19
Pixel 731, 196, 1, 1, 4.80374e+19
Pixel 731, 197, 1, 1, 4.80374e+19
Pixel 730, 197, 1, 1, 4.80374e+19
Pixel 733, 196, 1, 1, 4.80374e+19
Pixel 732, 197, 1, 1, 4.80374e+19
=== 3034646 ===
--- pALPIDEfs_3 ---
Pixel 513, 438, 1, 1, 4.80374e+19
Pixel 513, 439, 1, 1, 4.80374e+19
=== 3061028 ===
--- pALPIDEfs_1 ---
Pixel 649, 304, 1, 1, 4.80374e+19
Pixel 650, 304, 1, 1, 4.80374e+19
=== 3064122 ===
--- pALPIDEfs_2 ---
Pixel 911, 407, 1, 1, 4.80374e+19
Pixel 911, 408, 1, 1, 4.80374e+19
Pixel 911, 409, 1, 1, 4.80374e+19
Pixel 910, 409, 1, 1, 4.80374e+19
Pixel 910, 410, 1, 1, 4.80374e+19
Pixel 911, 410, 1, 1, 4.80374e+19
=== 3089749 ===
--- pALPIDEfs_3 ---
Pixel 557, 180, 1, 1, 4.80374e+19
=== 3124624 ===
--- pALPIDEfs_5 ---
Pixel 388, 163, 1, 1, 4.80374e+19
--- pALPIDEfs_6 ---
Pixel 510, 223, 1, 1, 4.80374e+19
=== 3142031 ===
--- pALPIDEfs_5 ---
Pixel 87, 255, 1, 1, 4.80374e+19
Pixel 88, 255, 1, 1, 4.80374e+19
Pixel 88, 256, 1, 1, 4.80374e+19
=== 3144861 ===
--- pALPIDEfs_3 ---
Pixel 845, 242, 1, 1, 4.80374e+19
=== 3144866 ===
--- pALPIDEfs_1 ---
Pixel 1, 175, 1, 1, 4.80374e+19
=== 3145420 ===
--- pALPIDEfs_5 ---
Pixel 486, 298, 1, 1, 4.80374e+19
Pixel 487, 298, 1, 1, 4.80374e+19
Pixel 486, 299, 1, 1, 4.80374e+19
=== 3151911 ===
--- pALPIDEfs_2 ---
Pixel 244, 420, 1, 1, 4.80374e+19
Pixel 245, 420, 1, 1, 4.80374e+19
Pixel 245, 421, 1, 1, 4.80374e+19
Pixel 245, 422, 1, 1, 4.80374e+19
Pixel 245, 423, 1, 1, 4.80374e+19
Pixel 245, 424, 1, 1, 4.80374e+19
=== 3176479 ===
--- pALPIDEfs_4 ---
Pixel 676, 130, 1, 1, 4.80374e+19
Pixel 677, 130, 1, 1, 4.80374e+19
Pixel 677, 131, 1, 1, 4.80374e+19
=== 3197913 ===
--- pALPIDEfs_0 ---
Pixel 129, 504, 1, 1, 4.80374e+19
Pixel 129, 505, 1, 1, 4.80374e+19
=== 3199836 ===
--- pALPIDEfs_5 ---
Pixel 373, 213, 1, 1, 4.80374e+19
Pixel 373, 214, 1, 1, 4.80374e+19
Pixel 374, 214, 1, 1, 4.80374e+19
=== 3202172 ===
--- pALPIDEfs_1 ---
Pixel 232, 490, 1, 1, 4.80374e+19
Pixel 233, 490, 1, 1, 4.80374e+19
Pixel 233, 491, 1, 1, 4.80374e+19
Pixel 233, 492, 1, 1, 4.80374e+19
=== 3204341 ===
--- pALPIDEfs_4 ---
Pixel 821, 417, 1, 1, 4.80374e+19
Pixel 822, 417, 1, 1, 4.80374e+19
=== 3207021 ===
--- pALPIDEfs_3 ---
Pixel 51, 347, 1, 1, 4.80374e+19
Pixel 51, 348, 1, 1, 4.80374e+19
Pixel 52, 347, 1, 1, 4.80374e+19
Pixel 52, 348, 1, 1, 4.80374e+19
=== 3209396 ===
--- pALPIDEfs_3 ---
Pixel 435, 215, 1, 1, 4.80374e+19
Pixel 436, 215, 1, 1, 4.80374e+19
=== 3213725 ===
--- pALPIDEfs_2 ---
Pixel 863, 402, 1, 1, 4.80374e+19
Pixel 864, 402, 1, 1, 4.80374e+19
--- pALPIDEfs_3 ---
Pixel 612, 228, 1, 1, 4.80374e+19
Pixel 613, 228, 1, 1, 4.80374e+19
--- pALPIDEfs_4 ---
Pixel 384, 40, 1, 1, 4.80374e+19
Pixel 385, 40, 1, 1, 4.80374e+19
=== 3220765 ===
--- pALPIDEfs_5 ---
Pixel 895, 433, 1, 1, 4.80374e+19
Pixel 895, 434, 1, 1, 4.80374e+19
Pixel 896, 433, 1, 1, 4.80374e+19
=== 3233295 ===
--- pALPIDEfs_5 ---
Pixel 536, 165, 1, 1, 4.80374e+19
Pixel 536, 166, 1, 1, 4.80374e+19
=== 3237739 ===
--- pALPIDEfs_0 ---
Pixel 505, 446, 1, 1, 4.80374e+19
=== 3248031 ===
--- pALPIDEfs_6 ---
Pixel 429, 496, 1, 1, 4.80374e+19
Pixel 429, 497, 1, 1, 4.80374e+19
=== 3259521 ===
--- pALPIDEfs_0 ---
Pixel 966, 369, 1, 1, 4.80374e+19
=== 3276580 ===
--- pALPIDEfs_1 ---
Pixel 877, 33, 1, 1, 4.80374e+19
Pixel 876, 33, 1, 1, 4.80374e+19
Pixel 877, 34, 1, 1, 4.80374e+19
=== 3288986 ===
--- pALPIDEfs_3 ---
Pixel 963, 334, 1, 1, 4.80374e+19
Pixel 964, 333, 1, 1, 4.80374e+19
Pixel 964, 334, 1, 1, 4.80374e+19
=== 3308646 ===
--- pALPIDEfs_3 ---
Pixel 349, 486, 1, 1, 4.80374e+19
Pixel 349, 487, 1, 1, 4.80374e+19
Pixel 350, 486, 1, 1, 4.80374e+19
Pixel 350, 487, 1, 1, 4.80374e+19
=== 3314458 ===
--- pALPIDEfs_0 ---
Pixel 434, 120, 1, 1, 4.80374e+19
Pixel 435, 120, 1, 1, 4.80374e+19
Pixel 435, 121, 1, 1, 4.80374e+19
Pixel 434, 121, 1, 1, 4.80374e+19
=== 3317299 ===
--- pALPIDEfs_0 ---
Pixel 531, 425, 1, 1, 4.80374e+19
Pixel 531, 426, 1, 1, 4.80374e+19
Pixel 532, 425, 1, 1, 4.80374e+19
Pixel 532, 426, 1, 1, 4.80374e+19
=== 3340370 ===
--- pALPIDEfs_4 ---
Pixel 107, 146, 1, 1, 4.80374e+19
Pixel 107, 147, 1, 1, 4.80374e+19
Pixel 108, 146, 1, 1, 4.80374e+19
Pixel 108, 147, 1, 1, 4.80374e+19
=== 3341613 ===
--- pALPIDEfs_5 ---
Pixel 265, 11, 1, 1, 4.80374e+19
=== 3344845 ===
--- pALPIDEfs_0 ---
Pixel 96, 179, 1, 1, 4.80374e+19
Pixel 96, 180, 1, 1, 4.80374e+19
--- pALPIDEfs_1 ---
Pixel 315, 405, 1, 1, 4.80374e+19
Pixel 314, 405, 1, 1, 4.80374e+19
=== 3354219 ===
--- pALPIDEfs_0 ---
Pixel 984, 84, 1, 1, 4.80374e+19
Pixel 985, 84, 1, 1, 4.80374e+19
=== 3376067 ===
--- pALPIDEfs_4 ---
Pixel 622, 297, 1, 1, 4.80374e+19
=== 3402344 ===
--- pALPIDEfs_2 ---
Pixel 911, 335, 1, 1, 4.80374e+19
=== 3402345 ===
--- pALPIDEfs_2 ---
Pixel 911, 336, 1, 1, 4.80374e+19
Pixel 912, 335, 1, 1, 4.80374e+19
=== 3404259 ===
--- pALPIDEfs_6 ---
Pixel 527, 322, 1, 1, 4.80374e+19
Pixel 527, 323, 1, 1, 4.80374e+19
Pixel 529, 319, 1, 1, 4.80374e+19
Pixel 528, 320, 1, 1, 4.80374e+19
Pixel 529, 320, 1, 1, 4.80374e+19
Pixel 529, 321, 1, 1, 4.80374e+19
Pixel 528, 321, 1, 1, 4.80374e+19
Pixel 528, 322, 1, 1, 4.80374e+19
Pixel 530, 318, 1, 1, 4.80374e+19
Pixel 530, 319, 1, 1, 4.80374e+19
=== 3409301 ===
--- pALPIDEfs_6 ---
Pixel 571, 181, 1, 1, 4.80374e+19
Pixel 571, 182, 1, 1, 4.80374e+19
Pixel 572, 182, 1, 1, 4.80374e+19
=== 3455333 ===
--- pALPIDEfs_4 ---
Pixel 35, 495, 1, 1, 4.80374e+19
=== 3461008 ===
--- pALPIDEfs_4 ---
Pixel 553, 88, 1, 1, 4.80374e+19
Pixel 553, 89, 1, 1, 4.80374e+19
=== 3461009 ===
--- pALPIDEfs_4 ---
Pixel 552, 88, 1, 1, 4.80374e+19
Pixel 553, 88, 1, 1, 4.80374e+19
Pixel 552, 89, 1, 1, 4.80374e+19
Pixel 554, 88, 1, 1, 4.80374e+19
Pixel 554, 89, 1, 1, 4.80374e+19
=== 3481886 ===
--- pALPIDEfs_3 ---
Pixel 701, 273, 1, 1, 4.80374e+19
Pixel 701, 274, 1, 1, 4.80374e+19
--- pALPIDEfs_4 ---
Pixel 252, 154, 1, 1, 4.80374e+19
Pixel 252, 155, 1, 1, 4.80374e+19
=== 3486978 ===
--- pALPIDEfs_3 ---
Pixel 233, 418, 1, 1, 4.80374e+19
Pixel 233, 419, 1, 1, 4.80374e+19
Pixel 234, 418, 1, 1, 4.80374e+19
Pixel 234, 419, 1, 1, 4.80374e+19
=== 3499512 ===
--- pALPIDEfs_6 ---
Pixel 795, 201, 1, 1, 4.80374e+19
Pixel 795, 202, 1, 1, 4.80374e+19
=== 3499838 ===
--- pALPIDEfs_1 ---
Pixel 367, 96, 1, 1, 4.80374e+19
Pixel 367, 97, 1, 1, 4.80374e+19
Pixel 368, 96, 1, 1, 4.80374e+19
Pixel 369, 96, 1, 1, 4.80374e+19
Pixel 369, 97, 1, 1, 4.80374e+19
Pixel 368, 97, 1, 1, 4.80374e+19
=== 3537161 ===
--- pALPIDEfs_0 ---
Pixel 875, 1, 1, 1, 4.80374e+19
Pixel 876, 1, 1, 1, 4.80374e+19
=== 3545635 ===
--- pALPIDEfs_6 ---
Pixel 262, 257, 1, 1, 4.80374e+19
Pixel 262, 258, 1, 1, 4.80374e+19
=== 3562818 ===
--- pALPIDEfs_6 ---
Pixel 497, 109, 1, 1, 4.80374e+19
Pixel 496, 109, 1, 1, 4.80374e+19
Pixel 496, 110, 1, 1, 4.80374e+19
Pixel 497, 110, 1, 1, 4.80374e+19
Pixel 497, 111, 1, 1, 4.80374e+19
Pixel 496, 111, 1, 1, 4.80374e+19
=== 3580719 ===
--- pALPIDEfs_5 ---
Pixel 243, 397, 1, 1, 4.80374e+19
Pixel 243, 398, 1, 1, 4.80374e+19
Pixel 243, 399, 1, 1, 4.80374e+19
Pixel 244, 397, 1, 1, 4.80374e+19
Pixel 244, 398, 1, 1, 4.80374e+19
Pixel 244, 399, 1, 1, 4.80374e+19
=== 3587050 ===
--- pALPIDEfs_2 ---
Pixel 687, 175, 1, 1, 4.80374e+19
Pixel 687, 176, 1, 1, 4.80374e+19
Pixel 688, 175, 1, 1, 4.80374e+19
Pixel 688, 176, 1, 1, 4.80374e+19
=== 3590470 ===
--- pALPIDEfs_0 ---
Pixel 239, 41, 1, 1, 4.80374e+19
=== 3607979 ===
--- pALPIDEfs_2 ---
Pixel 641, 97, 1, 1, 4.80374e+19
Pixel 642, 97, 1, 1, 4.80374e+19
Pixel 642, 98, 1, 1, 4.80374e+19
=== 3611966 ===
--- pALPIDEfs_4 ---
Pixel 906, 397, 1, 1, 4.80374e+19
=== 3620337 ===
--- pALPIDEfs_4 ---
Pixel 496, 419, 1, 1, 4.80374e+19
Pixel 496, 420, 1, 1, 4.80374e+19
Pixel 497, 420, 1, 1, 4.80374e+19
Pixel 497, 421, 1, 1, 4.80374e+19
Pixel 496, 421, 1, 1, 4.80374e+19
Pixel 497, 422, 1, 1, 4.80374e+19
Pixel 497, 423, 1, 1, 4.80374e+19
=== 3624069 ===
--- pALPIDEfs_2 ---
Pixel 79, 477, 1, 1, 4.80374e+19
Pixel 79, 478, 1, 1, 4.80374e+19
Pixel 80, 477, 1, 1, 4.80374e+19
--- pALPIDEfs_4 ---
Pixel 646, 288, 1, 1, 4.80374e+19
Pixel 647, 288, 1, 1, 4.80374e+19
Pixel 646, 289, 1, 1, 4.80374e+19
--- pALPIDEfs_5 ---
Pixel 797, 4, 1, 1, 4.80374e+19
Pixel 798, 3, 1, 1, 4.80374e+19
Pixel 798, 4, 1, 1, 4.80374e+19
=== 3632314 ===
--- pALPIDEfs_0 ---
Pixel 353, 386, 1, 1, 4.80374e+19
=== 3634122 ===
--- pALPIDEfs_0 ---
Pixel 161, 392, 1, 1, 4.80374e+19
Pixel 163, 391, 1, 1, 4.80374e+19
Pixel 162, 391, 1, 1, 4.80374e+19
Pixel 162, 392, 1, 1, 4.80374e+19
=== 3636086 ===
--- pALPIDEfs_6 ---
Pixel 339, 271, 1, 1, 4.80374e+19
Pixel 338, 271, 1, 1, 4.80374e+19
Pixel 338, 272, 1, 1, 4.80374e+19
Pixel 339, 272, 1, 1, 4.80374e+19
=== 3667608 ===
--- pALPIDEfs_0 ---
Pixel 985, 71, 1, 1, 4.80374e+19
=== 3684094 ===
--- pALPIDEfs_0 ---
Pixel 811, 433, 1, 1, 4.80374e+19
=== 3687278 ===
--- pALPIDEfs_0 ---
Pixel 199, 340, 1, 1, 4.80374e+19
Pixel 199, 341, 1, 1, 4.80374e+19
Pixel 198, 341, 1, 1, 4.80374e+19
--- pALPIDEfs_1 ---
Pixel 260, 71, 1, 1, 4.80374e+19
Pixel 260, 72, 1, 1, 4.80374e+19
--- pALPIDEfs_2 ---
Pixel 911, 350, 1, 1, 4.80374e+19
=== 3712491 ===
--- pALPIDEfs_6 ---
Pixel 103, 247, 1, 1, 4.80374e+19
Pixel 103, 248, 1, 1, 4.80374e+19
Pixel 104, 247, 1, 1, 4.80374e+19
=== 3717850 ===
--- pALPIDEfs_2 ---
Pixel 304, 316, 1, 1, 4.80374e+19
Pixel 305, 316, 1, 1, 4.80374e+19
=== 3744621 ===
--- pALPIDEfs_2 ---
Pixel 407, 460, 1, 1, 4.80374e+19
Pixel 408, 460, 1, 1, 4.80374e+19
=== 3747398 ===
--- pALPIDEfs_4 ---
Pixel 39, 202, 1, 1, 4.80374e+19
Pixel 40, 202, 1, 1, 4.80374e+19
--- pALPIDEfs_5 ---
Pixel 477, 372, 1, 1, 4.80374e+19
Pixel 477, 373, 1, 1, 4.80374e+19
Pixel 478, 372, 1, 1, 4.80374e+19
Pixel 478, 373, 1, 1, 4.80374e+19
--- pALPIDEfs_6 ---
Pixel 966, 488, 1, 1, 4.80374e+19
Pixel 967, 488, 1, 1, 4.80374e+19
=== 3748934 ===
--- pALPIDEfs_4 ---
Pixel 577, 335, 1, 1, 4.80374e+19
Pixel 576, 335, 1, 1, 4.80374e+19
Pixel 576, 336, 1, 1, 4.80374e+19
Pixel 577, 336, 1, 1, 4.80374e+19
--- pALPIDEfs_5 ---
Pixel 388, 454, 1, 1, 4.80374e+19
=== 3753721 ===
--- pALPIDEfs_2 ---
Pixel 464, 242, 1, 1, 4.80374e+19
Pixel 465, 242, 1, 1, 4.80374e+19
=== 3756602 ===
--- pALPIDEfs_3 ---
Pixel 393, 157, 1, 1, 4.80374e+19
Pixel 393, 158, 1, 1, 4.80374e+19
Pixel 394, 158, 1, 1, 4.80374e+19
Pixel 394, 159, 1, 1, 4.80374e+19
=== 3758261 ===
--- pALPIDEfs_1 ---
Pixel 387, 346, 1, 1, 4.80374e+19
Pixel 387, 347, 1, 1, 4.80374e+19
Pixel 386, 347, 1, 1, 4.80374e+19
Pixel 386, 348, 1, 1, 4.80374e+19
Pixel 387, 348, 1, 1, 4.80374e+19
=== 3766548 ===
--- pALPIDEfs_2 ---
Pixel 176, 292, 1, 1, 4.80374e+19
Pixel 176, 293, 1, 1, 4.80374e+19
=== 3775946 ===
--- pALPIDEfs_1 ---
Pixel 87, 372, 1, 1, 4.80374e+19
=== 3777708 ===
--- pALPIDEfs_5 ---
Pixel 219, 330, 1, 1, 4.80374e+19
=== 3782070 ===
--- pALPIDEfs_1 ---
Pixel 137, 140, 1, 1, 4.80374e+19
Pixel 137, 141, 1, 1, 4.80374e+19
Pixel 137, 142, 1, 1, 4.80374e+19
Pixel 138, 141, 1, 1, 4.80374e+19
Pixel 138, 142, 1, 1, 4.80374e+19
Pixel 139, 142, 1, 1, 4.80374e+19
Pixel 138, 143, 1, 1, 4.80374e+19
=== 3783523 ===
--- pALPIDEfs_3 ---
Pixel 875, 28, 1, 1, 4.80374e+19
Pixel 875, 29, 1, 1, 4.80374e+19
Pixel 876, 29, 1, 1, 4.80374e+19
=== 3821056 ===
--- pALPIDEfs_3 ---
Pixel 486, 22, 1, 1, 4.80374e+19
Pixel 486, 23, 1, 1, 4.80374e+19
=== 3824830 ===
--- pALPIDEfs_4 ---
Pixel 717, 301, 1, 1, 4.80374e+19
Pixel 718, 300, 1, 1, 4.80374e+19
Pixel 718, 301, 1, 1, 4.80374e+19
=== 3826097 ===
--- pALPIDEfs_0 ---
Pixel 536, 178, 1, 1, 4.80374e+19
Pixel 537, 178, 1, 1, 4.80374e+19
Pixel 537, 179, 1, 1, 4.80374e+19
Pixel 536, 179, 1, 1, 4.80374e+19
=== 3833813 ===
--- pALPIDEfs_1 ---
Pixel 312, 392, 1, 1, 4.80374e+19
Pixel 313, 392, 1, 1, 4.80374e+19
--- pALPIDEfs_2 ---
Pixel 808, 80, 1, 1, 4.80374e+19
Pixel 808, 81, 1, 1, 4.80374e+19
=== 3839874 ===
--- pALPIDEfs_1 ---
Pixel 781, 481, 1, 1, 4.80374e+19
Pixel 783, 481, 1, 1, 4.80374e+19
Pixel 782, 481, 1, 1, 4.80374e+19
Pixel 783, 482, 1, 1, 4.80374e+19
Pixel 784, 481, 1, 1, 4.80374e+19
Pixel 784, 482, 1, 1, 4.80374e+19
Pixel 785, 482, 1, 1, 4.80374e+19
Pixel 784, 483, 1, 1, 4.80374e+19
=== 3848221 ===
--- pALPIDEfs_3 ---
Pixel 449, 459, 1, 1, 4.80374e+19
Pixel 450, 459, 1, 1, 4.80374e+19
=== 3866935 ===
--- pALPIDEfs_2 ---
Pixel 418, 23, 1, 1, 4.80374e+19
Pixel 418, 24, 1, 1, 4.80374e+19
Pixel 419, 24, 1, 1, 4.80374e+19
--- pALPIDEfs_3 ---
Pixel 744, 88, 1, 1, 4.80374e+19
Pixel 745, 88, 1, 1, 4.80374e+19
Pixel 745, 89, 1, 1, 4.80374e+19
Pixel 744, 89, 1, 1, 4.80374e+19
=== 3878675 ===
--- pALPIDEfs_2 ---
Pixel 112, 218, 1, 1, 4.80374e+19
Pixel 113, 218, 1, 1, 4.80374e+19
Pixel 113, 219, 1, 1, 4.80374e+19
Pixel 114, 218, 1, 1, 4.80374e+19
Pixel 115, 219, 1, 1, 4.80374e+19
Pixel 114, 219, 1, 1, 4.80374e+19
Pixel 114, 220, 1, 1, 4.80374e+19
Pixel 115, 220, 1, 1, 4.80374e+19
--- pALPIDEfs_3 ---
Pixel 661, 245, 1, 1, 4.80374e+19
Pixel 660, 245, 1, 1, 4.80374e+19
Pixel 660, 246, 1, 1, 4.80374e+19
Pixel 661, 246, 1, 1, 4.80374e+19
Pixel 661, 247, 1, 1, 4.80374e+19
Pixel 662, 245, 1, 1, 4.80374e+19
Pixel 662, 246, 1, 1, 4.80374e+19
=== 3890156 ===
--- pALPIDEfs_1 ---
Pixel 460, 480, 1, 1, 4.80374e+19
Pixel 461, 480, 1, 1, 4.80374e+19
=== 3898309 ===
--- pALPIDEfs_3 ---
Pixel 616, 154, 1, 1, 4.80374e+19
Pixel 617, 155, 1, 1, 4.80374e+19
Pixel 616, 155, 1, 1, 4.80374e+19
=== 3898310 ===
--- pALPIDEfs_3 ---
Pixel 616, 154, 1, 1, 4.80374e+19
Pixel 617, 154, 1, 1, 4.80374e+19
Pixel 617, 155, 1, 1, 4.80374e+19
Pixel 616, 155, 1, 1, 4.80374e+19
=== 3916577 ===
--- pALPIDEfs_4 ---
Pixel 673, 49, 1, 1, 4.80374e+19
Pixel 674, 49, 1, 1, 4.80374e+19
Pixel 674, 50, 1, 1, 4.80374e+19
Pixel 675, 50, 1, 1, 4.80374e+19
Pixel 675, 51, 1, 1, 4.80374e+19
Pixel 676, 50, 1, 1, 4.80374e+19
Pixel 677, 51, 1, 1, 4.80374e+19
Pixel 676, 51, 1, 1, 4.80374e+19
=== 3925514 ===
--- pALPIDEfs_5 ---
Pixel 792, 146, 1, 1, 4.80374e+19
Pixel 793, 146, 1, 1, 4.80374e+19
=== 3930845 ===
--- pALPIDEfs_2 ---
Pixel 95, 189, 1, 1, 4.80374e+19
Pixel 94, 189, 1, 1, 4.80374e+19
=== 3938026 ===
--- pALPIDEfs_0 ---
Pixel 665, 73, 1, 1, 4.80374e+19
Pixel 666, 73, 1, 1, 4.80374e+19
=== 3955221 ===
--- pALPIDEfs_3 ---
Pixel 21, 464, 1, 1, 4.80374e+19
Pixel 21, 465, 1, 1, 4.80374e+19
Pixel 22, 464, 1, 1, 4.80374e+19
Pixel 22, 465, 1, 1, 4.80374e+19
=== 3961809 ===
--- pALPIDEfs_4 ---
Pixel 783, 220, 1, 1, 4.80374e+19
Pixel 783, 221, 1, 1, 4.80374e+19
Pixel 784, 220, 1, 1, 4.80374e+19
Pixel 785, 220, 1, 1, 4.80374e+19
Pixel 784, 221, 1, 1, 4.80374e+19
=== 3982680 ===
--- pALPIDEfs_3 ---
Pixel 639, 313, 1, 1, 4.80374e+19
Pixel 639, 314, 1, 1, 4.80374e+19
=== 3993937 ===
--- pALPIDEfs_6 ---
Pixel 412, 166, 1, 1, 4.80374e+19
Pixel 413, 166, 1, 1, 4.80374e+19
Pixel 412, 167, 1, 1, 4.80374e+19
=== 4002549 ===
--- pALPIDEfs_5 ---
Pixel 59, 54, 1, 1, 4.80374e+19
Pixel 59, 55, 1, 1, 4.80374e+19
Pixel 60, 54, 1, 1, 4.80374e+19
Pixel 60, 55, 1, 1, 4.80374e+19
=== 4004286 ===
--- pALPIDEfs_1 ---
Pixel 246, 469, 1, 1, 4.80374e+19
=== 4006510 ===
--- pALPIDEfs_3 ---
Pixel 970, 380, 1, 1, 4.80374e+19
Pixel 971, 380, 1, 1, 4.80374e+19
Pixel 971, 381, 1, 1, 4.80374e+19
Pixel 970, 381, 1, 1, 4.80374e+19
=== 4010000 ===
--- pALPIDEfs_2 ---
Pixel 380, 188, 1, 1, 4.80374e+19
Pixel 380, 189, 1, 1, 4.80374e+19
=== 4024260 ===
--- pALPIDEfs_5 ---
Pixel 277, 291, 1, 1, 4.80374e+19
Pixel 278, 290, 1, 1, 4.80374e+19
Pixel 278, 291, 1, 1, 4.80374e+19
=== 4047890 ===
--- pALPIDEfs_6 ---
Pixel 117, 11, 1, 1, 4.80374e+19
Pixel 116, 11, 1, 1, 4.80374e+19
Pixel 116, 12, 1, 1, 4.80374e+19
=== 4087213 ===
--- pALPIDEfs_6 ---
Pixel 1003, 274, 1, 1, 4.80374e+19
Pixel 1004, 274, 1, 1, 4.80374e+19
Pixel 1005, 275, 1, 1, 4.80374e+19
Pixel 1004, 275, 1, 1, 4.80374e+19
=== 4096288 ===
--- pALPIDEfs_1 ---
Pixel 349, 184, 1, 1, 4.80374e+19
Pixel 350, 184, 1, 1, 4.80374e+19
--- pALPIDEfs_2 ---
Pixel 762, 330, 1, 1, 4.80374e+19
=== 4105690 ===
--- pALPIDEfs_4 ---
Pixel 817, 475, 1, 1, 4.80374e+19
Pixel 816, 475, 1, 1, 4.80374e+19
Pixel 816, 476, 1, 1, 4.80374e+19
Pixel 817, 476, 1, 1, 4.80374e+19
Pixel 817, 477, 1, 1, 4.80374e+19
Pixel 816, 477, 1, 1, 4.80374e+19
Pixel 817, 478, 1, 1, 4.80374e+19
Pixel 818, 476, 1, 1, 4.80374e+19
Pixel 818, 477, 1, 1, 4.80374e+19
=== 4114229 ===
--- pALPIDEfs_0 ---
Pixel 675, 65, 1, 1, 4.80374e+19
Pixel 674, 65, 1, 1, 4.80374e+19
Pixel 674, 66, 1, 1, 4.80374e+19
Pixel 675, 66, 1, 1, 4.80374e+19
=== 4119456 ===
--- pALPIDEfs_0 ---
Pixel 27, 271, 1, 1, 4.80374e+19
Pixel 27, 272, 1, 1, 4.80374e+19
Pixel 28, 271, 1, 1, 4.80374e+19
Pixel 28, 272, 1, 1, 4.80374e+19
=== 4141895 ===
--- pALPIDEfs_2 ---
Pixel 715, 225, 1, 1, 4.80374e+19
Pixel 715, 226, 1, 1, 4.80374e+19
Pixel 715, 227, 1, 1, 4.80374e+19
Pixel 716, 225, 1, 1, 4.80374e+19
Pixel 716, 226, 1, 1, 4.80374e+19
Pixel 716, 227, 1, 1, 4.80374e+19
=== 4147499 ===
--- pALPIDEfs_4 ---
Pixel 989, 353, 1, 1, 4.80374e+19
Pixel 989, 354, 1, 1, 4.80374e+19
Pixel 990, 354, 1, 1, 4.80374e+19
=== 4150429 ===
--- pALPIDEfs_1 ---
Pixel 214, 491, 1, 1, 4.80374e+19
--- pALPIDEfs_2 ---
Pixel 930, 386, 1, 1, 4.80374e+19
Pixel 930, 387, 1, 1, 4.80374e+19
=== 4165182 ===
--- pALPIDEfs_1 ---
Pixel 165, 257, 1, 1, 4.80374e+19
=== 4177566 ===
--- pALPIDEfs_1 ---
Pixel 545, 225, 1, 1, 4.80374e+19
Pixel 545, 226, 1, 1, 4.80374e+19
Pixel 546, 225, 1, 1, 4.80374e+19
Pixel 546, 226, 1, 1, 4.80374e+19
=== 4191823 ===
--- pALPIDEfs_1 ---
Pixel 243, 227, 1, 1, 4.80374e+19
Pixel 243, 228, 1, 1, 4.80374e+19
Pixel 243, 229, 1, 1, 4.80374e+19
Pixel 245, 227, 1, 1, 4.80374e+19
Pixel 244, 227, 1, 1, 4.80374e+19
Pixel 244, 228, 1, 1, 4.80374e+19
=== 4202819 ===
--- pALPIDEfs_5 ---
Pixel 654, 250, 1, 1, 4.80374e+19
=== 4236372 ===
--- pALPIDEfs_6 ---
Pixel 964, 510, 1, 1, 4.80374e+19
Pixel 964, 511, 1, 1, 4.80374e+19
=== 4249084 ===
--- pALPIDEfs_2 ---
Pixel 258, 334, 1, 1, 4.80374e+19
Pixel 259, 334, 1, 1, 4.80374e+19
=== 4253035 ===
--- pALPIDEfs_3 ---
Pixel 571, 187, 1, 1, 4.80374e+19
Pixel 570, 187, 1, 1, 4.80374e+19
Pixel 570, 188, 1, 1, 4.80374e+19
Pixel 571, 188, 1, 1, 4.80374e+19
Pixel 571, 189, 1, 1, 4.80374e+19
Pixel 570, 189, 1, 1, 4.80374e+19
Pixel 571, 190, 1, 1, 4.80374e+19
Pixel 572, 190, 1, 1, 4.80374e+19
Pixel 573, 190, 1, 1, 4.80374e+19
Pixel 573, 191, 1, 1, 4.80374e+19
Pixel 572, 191, 1, 1, 4.80374e+19
Pixel 574, 190, 1, 1, 4.80374e+19
Pixel 575, 190, 1, 1, 4.80374e+19
Pixel 575, 191, 1, 1, 4.80374e+19
Pixel 574, 191, 1, 1, 4.80374e+19
Pixel 576, 190, 1, 1, 4.80374e+19
=== 4260583 ===
--- pALPIDEfs_2 ---
Pixel 892, 72, 1, 1, 4.80374e+19
Pixel 893, 72, 1, 1, 4.80374e+19
Pixel 893, 73, 1, 1, 4.80374e+19
Pixel 892, 73, 1, 1, 4.80374e+19
=== 4271374 ===
--- pALPIDEfs_4 ---
Pixel 24, 248, 1, 1, 4.80374e+19
Pixel 25, 248, 1, 1, 4.80374e+19
Pixel 25, 249, 1, 1, 4.80374e+19
Pixel 24, 249, 1, 1, 4.80374e+19
=== 4273492 ===
--- pALPIDEfs_1 ---
Pixel 551, 498, 1, 1, 4.80374e+19
=== 4278630 ===
--- pALPIDEfs_5 ---
Pixel 54, 109, 1, 1, 4.80374e+19
Pixel 54, 110, 1, 1, 4.80374e+19
Pixel 54, 111, 1, 1, 4.80374e+19
=== 4281867 ===
--- pALPIDEfs_3 ---
Pixel 286, 160, 1, 1, 4.80374e+19
Pixel 287, 160, 1, 1, 4.80374e+19
Pixel 287, 161, 1, 1, 4.80374e+19
--- pALPIDEfs_4 ---
Pixel 440, 411, 1, 1, 4.80374e+19
=== 4291654 ===
--- pALPIDEfs_3 ---
Pixel 654, 284, 1, 1, 4.80374e+19
Pixel 655, 284, 1, 1, 4.80374e+19
Pixel 655, 285, 1, 1, 4.80374e+19
Pixel 654, 285, 1, 1, 4.80374e+19
=== 4292460 ===
--- pALPIDEfs_3 ---
Pixel 249, 329, 1, 1, 4.80374e+19
Pixel 248, 329, 1, 1, 4.80374e+19
Pixel 249, 330, 1, 1, 4.80374e+19
Pixel 250, 329, 1, 1, 4.80374e+19
Pixel 250, 330, 1, 1, 4.80374e+19
=== 4299500 ===
--- pALPIDEfs_0 ---
Pixel 355, 350, 1, 1, 4.80374e+19
Pixel 355, 351, 1, 1, 4.80374e+19
=== 4318715 ===
--- pALPIDEfs_4 ---
Pixel 751, 263, 1, 1, 4.80374e+19
Pixel 750, 263, 1, 1, 4.80374e+19
Pixel 751, 264, 1, 1, 4.80374e+19
Pixel 751, 265, 1, 1, 4.80374e+19
Pixel 751, 266, 1, 1, 4.80374e+19
Pixel 752, 265, 1, 1, 4.80374e+19
Pixel 752, 266, 1, 1, 4.80374e+19
Pixel 753, 266, 1, 1, 4.80374e+19
Pixel 753, 267, 1, 1, 4.80374e+19
Pixel 752, 267, 1, 1, 4.80374e+19
=== 4320406 ===
--- pALPIDEfs_0 ---
Pixel 286, 371, 1, 1, 4.80374e+19
--- pALPIDEfs_1 ---
Pixel 359, 320, 1, 1, 4.80374e+19
Pixel 360, 320, 1, 1, 4.80374e+19
--- pALPIDEfs_2 ---
Pixel 454, 166, 1, 1, 4.80374e+19
--- pALPIDEfs_3 ---
Pixel 550, 80, 1, 1, 4.80374e+19
Pixel 551, 80, 1, 1, 4.80374e+19
=== 4320524 ===
--- pALPIDEfs_3 ---
Pixel 237, 164, 1, 1, 4.80374e+19
=== 4338077 ===
--- pALPIDEfs_2 ---
Pixel 629, 376, 1, 1, 4.80374e+19
--- pALPIDEfs_3 ---
Pixel 533, 73, 1, 1, 4.80374e+19
Pixel 532, 73, 1, 1, 4.80374e+19
=== 4346539 ===
--- pALPIDEfs_6 ---
Pixel 677, 427, 1, 1, 4.80374e+19
=== 4346903 ===
--- pALPIDEfs_1 ---
Pixel 689, 13, 1, 1, 4.80374e+19
--- pALPIDEfs_2 ---
Pixel 845, 466, 1, 1, 4.80374e+19
Pixel 846, 466, 1, 1, 4.80374e+19
=== 4354488 ===
--- pALPIDEfs_3 ---
Pixel 544, 495, 1, 1, 4.80374e+19
=== 4357320 ===
--- pALPIDEfs_4 ---
Pixel 338, 409, 1, 1, 4.80374e+19
Pixel 338, 410, 1, 1, 4.80374e+19
=== 4384906 ===
--- pALPIDEfs_6 ---
Pixel 506, 132, 1, 1, 4.80374e+19
Pixel 507, 132, 1, 1, 4.80374e+19
Pixel 507, 133, 1, 1, 4.80374e+19
Pixel 506, 133, 1, 1, 4.80374e+19
Pixel 508, 132, 1, 1, 4.80374e+19
Pixel 508, 133, 1, 1, 4.80374e+19
=== 4385730 ===
--- pALPIDEfs_0 ---
Pixel 663, 238, 1, 1, 4.80374e+19
Pixel 663, 239, 1, 1, 4.80374e+19
=== 4397057 ===
--- pALPIDEfs_1 ---
Pixel 449, 285, 1, 1, 4.80374e+19
--- pALPIDEfs_2 ---
Pixel 532, 386, 1, 1, 4.80374e+19
=== 4421814 ===
--- pALPIDEfs_5 ---
Pixel 70, 216, 1, 1, 4.80374e+19
Pixel 71, 216, 1, 1, 4.80374e+19
Pixel 71, 217, 1, 1, 4.80374e+19
=== 4432585 ===
--- pALPIDEfs_4 ---
Pixel 71, 15, 1, 1, 4.80374e+19
Pixel 72, 15, 1, 1, 4.80374e+19
=== 4442903 ===
--- pALPIDEfs_0 ---
Pixel 211, 168, 1, 1, 4.80374e+19
Pixel 212, 168, 1, 1, 4.80374e+19
=== 4446937 ===
--- pALPIDEfs_0 ---
Pixel 298, 133, 1, 1, 4.80374e+19
--- pALPIDEfs_1 ---
Pixel 19, 323, 1, 1, 4.80374e+19
=== 4454005 ===
--- pALPIDEfs_0 ---
Pixel 803, 494, 1, 1, 4.80374e+19
Pixel 803, 495, 1, 1, 4.80374e+19
Pixel 802, 495, 1, 1, 4.80374e+19
=== 4458610 ===
--- pALPIDEfs_6 ---
Pixel 537, 215, 1, 1, 4.80374e+19
Pixel 536, 216, 1, 1, 4.80374e+19
Pixel 537, 216, 1, 1, 4.80374e+19
Pixel 537, 217, 1, 1, 4.80374e+19
Pixel 538, 216, 1, 1, 4.80374e+19
Pixel 538, 217, 1, 1, 4.80374e+19
=== 4462612 ===
--- pALPIDEfs_1 ---
Pixel 883, 478, 1, 1, 4.80374e+19
=== 4465313 ===
--- pALPIDEfs_2 ---
Pixel 483, 100, 1, 1, 4.80374e+19
Pixel 483, 101, 1, 1, 4.80374e+19
Pixel 484, 100, 1, 1, 4.80374e+19
Pixel 484, 101, 1, 1, 4.80374e+19
--- pALPIDEfs_3 ---
Pixel 327, 365, 1, 1, 4.80374e+19
Pixel 327, 366, 1, 1, 4.80374e+19
Pixel 328, 365, 1, 1, 4.80374e+19
Pixel 328, 366, 1, 1, 4.80374e+19
=== 4479019 ===
--- pALPIDEfs_3 ---
Pixel 994, 346, 1, 1, 4.80374e+19
Pixel 994, 347, 1, 1, 4.80374e+19
--- pALPIDEfs_4 ---
Pixel 696, 60, 1, 1, 4.80374e+19
=== 4485484 ===
--- pALPIDEfs_3 ---
Pixel 323, 400, 1, 1, 4.80374e+19
Pixel 324, 400, 1, 1, 4.80374e+19
Pixel 325, 400, 1, 1, 4.80374e+19
Pixel 325, 401, 1, 1, 4.80374e+19
Pixel 324, 401, 1, 1, 4.80374e+19
=== 4489066 ===
--- pALPIDEfs_1 ---
Pixel 317, 248, 1, 1, 4.80374e+19
Pixel 317, 249, 1, 1, 4.80374e+19
=== 4499435 ===
--- pALPIDEfs_2 ---
Pixel 843, 181, 1, 1, 4.80374e+19
Pixel 842, 181, 1, 1, 4.80374e+19
=== 4507212 ===
--- pALPIDEfs_1 ---
Pixel 495, 305, 1, 1, 4.80374e+19
Pixel 496, 305, 1, 1, 4.80374e+19
Pixel 496, 306, 1, 1, 4.80374e+19
=== 4522458 ===
--- pALPIDEfs_3 ---
Pixel 746, 24, 1, 1, 4.80374e+19
Pixel 747, 24, 1, 1, 4.80374e+19
=== 4534159 ===
--- pALPIDEfs_5 ---
Pixel 171, 367, 1, 1, 4.80374e+19
Pixel 172, 367, 1, 1, 4.80374e+19
=== 4555596 ===
--- pALPIDEfs_2 ---
Pixel 663, 77, 1, 1, 4.80374e+19
Pixel 662, 77, 1, 1, 4.80374e+19
Pixel 662, 78, 1, 1, 4.80374e+19
Pixel 663, 78, 1, 1, 4.80374e+19
=== 4584695 ===
--- pALPIDEfs_4 ---
Pixel 719, 219, 1, 1, 4.80374e+19
Pixel 718, 219, 1, 1, 4.80374e+19
Pixel 719, 220, 1, 1, 4.80374e+19
--- pALPIDEfs_5 ---
Pixel 41, 65, 1, 1, 4.80374e+19
Pixel 40, 65, 1, 1, 4.80374e+19
Pixel 40, 66, 1, 1, 4.80374e+19
Pixel 41, 66, 1, 1, 4.80374e+19
Pixel 42, 65, 1, 1, 4.80374e+19
Pixel 42, 66, 1, 1, 4.80374e+19
=== 4594761 ===
--- pALPIDEfs_2 ---
Pixel 45, 88, 1, 1, 4.80374e+19
Pixel 46, 88, 1, 1, 4.80374e+19
=== 4609250 ===
--- pALPIDEfs_0 ---
Pixel 671, 181, 1, 1, 4.80374e+19
Pixel 671, 182, 1, 1, 4.80374e+19
Pixel 672, 182, 1, 1, 4.80374e+19
--- pALPIDEfs_1 ---
Pixel 91, 159, 1, 1, 4.80374e+19
Pixel 91, 160, 1, 1, 4.80374e+19
=== 4617814 ===
--- pALPIDEfs_3 ---
Pixel 557, 180, 1, 1, 4.80374e+19
=== 4618712 ===
--- pALPIDEfs_5 ---
Pixel 3, 449, 1, 1, 4.80374e+19
Pixel 2, 449, 1, 1, 4.80374e+19
=== 4625933 ===
--- pALPIDEfs_0 ---
Pixel 532, 316, 1, 1, 4.80374e+19
Pixel 533, 316, 1, 1, 4.80374e+19
Pixel 532, 317, 1, 1, 4.80374e+19
=== 4636857 ===
--- pALPIDEfs_2 ---
Pixel 210, 256, 1, 1, 4.80374e+19
Pixel 211, 256, 1, 1, 4.80374e+19
=== 4639380 ===
--- pALPIDEfs_5 ---
Pixel 980, 372, 1, 1, 4.80374e+19
Pixel 981, 372, 1, 1, 4.80374e+19
=== 4670124 ===
--- pALPIDEfs_6 ---
Pixel 271, 73, 1, 1, 4.80374e+19
=== 4677565 ===
--- pALPIDEfs_5 ---
Pixel 569, 77, 1, 1, 4.80374e+19
Pixel 568, 77, 1, 1, 4.80374e+19
Pixel 568, 78, 1, 1, 4.80374e+19
Pixel 569, 78, 1, 1, 4.80374e+19
Pixel 570, 78, 1, 1, 4.80374e+19
=== 4689109 ===
--- pALPIDEfs_4 ---
Pixel 571, 157, 1, 1, 4.80374e+19
Pixel 570, 157, 1, 1, 4.80374e+19
Pixel 570, 158, 1, 1, 4.80374e+19
Pixel 571, 158, 1, 1, 4.80374e+19
=== 4704054 ===
--- pALPIDEfs_4 ---
Pixel 395, 353, 1, 1, 4.80374e+19
Pixel 396, 352, 1, 1, 4.80374e+19
Pixel 397, 353, 1, 1, 4.80374e+19
Pixel 396, 353, 1, 1, 4.80374e+19
--- pALPIDEfs_5 ---
Pixel 249, 393, 1, 1, 4.80374e+19
=== 4711507 ===
--- pALPIDEfs_5 ---
Pixel 167, 397, 1, 1, 4.80374e+19
Pixel 168, 397, 1, 1, 4.80374e+19
--- pALPIDEfs_6 ---
Pixel 932, 52, 1, 1, 4.80374e+19
Pixel 933, 52, 1, 1, 4.80374e+19
Pixel 933, 53, 1, 1, 4.80374e+19
Pixel 932, 53, 1, 1, 4.80374e+19
=== 4725036 ===
--- pALPIDEfs_3 ---
Pixel 281, 374, 1, 1, 4.80374e+19
Pixel 281, 375, 1, 1, 4.80374e+19
Pixel 281, 376, 1, 1, 4.80374e+19
Pixel 281, 377, 1, 1, 4.80374e+19
Pixel 280, 377, 1, 1, 4.80374e+19
Pixel 280, 378, 1, 1, 4.80374e+19
Pixel 281, 378, 1, 1, 4.80374e+19
Pixel 282, 374, 1, 1, 4.80374e+19
Pixel 282, 375, 1, 1, 4.80374e+19
=== 4757085 ===
--- pALPIDEfs_1 ---
Pixel 842, 402, 1, 1, 4.80374e+19
Pixel 843, 402, 1, 1, 4.80374e+19
Pixel 843, 403, 1, 1, 4.80374e+19
Pixel 842, 403, 1, 1, 4.80374e+19
--- pALPIDEfs_2 ---
Pixel 643, 476, 1, 1, 4.80374e+19
Pixel 643, 477, 1, 1, 4.80374e+19
Pixel 644, 476, 1, 1, 4.80374e+19
Pixel 644, 477, 1, 1, 4.80374e+19
=== 4758773 ===
--- pALPIDEfs_2 ---
Pixel 826, 497, 1, 1, 4.80374e+19
Pixel 826, 498, 1, 1, 4.80374e+19
Pixel 826, 499, 1, 1, 4.80374e+19
=== 4760144 ===
--- pALPIDEfs_6 ---
Pixel 269, 337, 1, 1, 4.80374e+19
Pixel 269, 338, 1, 1, 4.80374e+19
Pixel 270, 337, 1, 1, 4.80374e+19
Pixel 270, 338, 1, 1, 4.80374e+19
=== 4761330 ===
--- pALPIDEfs_5 ---
Pixel 9, 388, 1, 1, 4.80374e+19
Pixel 9, 389, 1, 1, 4.80374e+19
Pixel 8, 389, 1, 1, 4.80374e+19
Pixel 8, 390, 1, 1, 4.80374e+19
=== 4764554 ===
--- pALPIDEfs_3 ---
Pixel 819, 452, 1, 1, 4.80374e+19
Pixel 819, 453, 1, 1, 4.80374e+19
Pixel 818, 453, 1, 1, 4.80374e+19
=== 4766257 ===
--- pALPIDEfs_1 ---
Pixel 451, 213, 1, 1, 4.80374e+19
Pixel 453, 211, 1, 1, 4.80374e+19
Pixel 452, 212, 1, 1, 4.80374e+19
Pixel 453, 212, 1, 1, 4.80374e+19
Pixel 452, 213, 1, 1, 4.80374e+19
Pixel 454, 210, 1, 1, 4.80374e+19
Pixel 454, 211, 1, 1, 4.80374e+19
=== 4781653 ===
--- pALPIDEfs_0 ---
Pixel 405, 134, 1, 1, 4.80374e+19
Pixel 406, 134, 1, 1, 4.80374e+19
Pixel 406, 135, 1, 1, 4.80374e+19
--- pALPIDEfs_1 ---
Pixel 64, 174, 1, 1, 4.80374e+19
=== 4806076 ===
--- pALPIDEfs_1 ---
Pixel 813, 86, 1, 1, 4.80374e+19
Pixel 813, 87, 1, 1, 4.80374e+19
Pixel 814, 86, 1, 1, 4.80374e+19
=== 4806652 ===
--- pALPIDEfs_6 ---
Pixel 315, 165, 1, 1, 4.80374e+19
=== 4820186 ===
--- pALPIDEfs_2 ---
Pixel 980, 502, 1, 1, 4.80374e+19
=== 4820187 ===
--- pALPIDEfs_2 ---
Pixel 980, 502, 1, 1, 4.80374e+19
=== 4828023 ===
--- pALPIDEfs_5 ---
Pixel 807, 272, 1, 1, 4.80374e+19
Pixel 807, 273, 1, 1, 4.80374e+19
Pixel 808, 272, 1, 1, 4.80374e+19
Pixel 808, 273, 1, 1, 4.80374e+19
=== 4828604 ===
--- pALPIDEfs_5 ---
Pixel 439, 225, 1, 1, 4.80374e+19
Pixel 438, 225, 1, 1, 4.80374e+19
=== 4829151 ===
--- pALPIDEfs_0 ---
Pixel 779, 340, 1, 1, 4.80374e+19
Pixel 779, 341, 1, 1, 4.80374e+19
Pixel 778, 341, 1, 1, 4.80374e+19
Pixel 781, 339, 1, 1, 4.80374e+19
Pixel 780, 339, 1, 1, 4.80374e+19
Pixel 780, 340, 1, 1, 4.80374e+19
=== 4830355 ===
--- pALPIDEfs_4 ---
Pixel 772, 378, 1, 1, 4.80374e+19
Pixel 773, 379, 1, 1, 4.80374e+19
Pixel 772, 379, 1, 1, 4.80374e+19
Pixel 775, 379, 1, 1, 4.80374e+19
Pixel 774, 379, 1, 1, 4.80374e+19
Pixel 774, 380, 1, 1, 4.80374e+19
Pixel 776, 379, 1, 1, 4.80374e+19
=== 4834055 ===
--- pALPIDEfs_4 ---
Pixel 611, 172, 1, 1, 4.80374e+19
Pixel 611, 173, 1, 1, 4.80374e+19
=== 4834844 ===
--- pALPIDEfs_1 ---
Pixel 749, 451, 1, 1, 4.80374e+19
Pixel 749, 452, 1, 1, 4.80374e+19
Pixel 750, 451, 1, 1, 4.80374e+19
Pixel 750, 452, 1, 1, 4.80374e+19
=== 4852954 ===
--- pALPIDEfs_6 ---
Pixel 811, 121, 1, 1, 4.80374e+19
Pixel 810, 121, 1, 1, 4.80374e+19
Pixel 811, 122, 1, 1, 4.80374e+19
=== 4855710 ===
--- pALPIDEfs_4 ---
Pixel 817, 313, 1, 1, 4.80374e+19
Pixel 816, 313, 1, 1, 4.80374e+19
Pixel 816, 314, 1, 1, 4.80374e+19
Pixel 817, 314, 1, 1, 4.80374e+19
Pixel 817, 315, 1, 1, 4.80374e+19
Pixel 816, 315, 1, 1, 4.80374e+19
Pixel 819, 312, 1, 1, 4.80374e+19
Pixel 818, 313, 1, 1, 4.80374e+19
Pixel 818, 314, 1, 1, 4.80374e+19
=== 4857615 ===
--- pALPIDEfs_3 ---
Pixel 943, 371, 1, 1, 4.80374e+19
Pixel 944, 371, 1, 1, 4.80374e+19
--- pALPIDEfs_4 ---
Pixel 975, 433, 1, 1, 4.80374e+19
Pixel 974, 433, 1, 1, 4.80374e+19
=== 4878015 ===
--- pALPIDEfs_6 ---
Pixel 93, 83, 1, 1, 4.80374e+19
Pixel 92, 83, 1, 1, 4.80374e+19
Pixel 92, 84, 1, 1, 4.80374e+19
Pixel 92, 85, 1, 1, 4.80374e+19
=== 4885215 ===
--- pALPIDEfs_3 ---
Pixel 545, 418, 1, 1, 4.80374e+19
Pixel 545, 419, 1, 1, 4.80374e+19
Pixel 544, 419, 1, 1, 4.80374e+19
Pixel 547, 415, 1, 1, 4.80374e+19
Pixel 546, 416, 1, 1, 4.80374e+19
Pixel 547, 416, 1, 1, 4.80374e+19
Pixel 547, 417, 1, 1, 4.80374e+19
Pixel 546, 417, 1, 1, 4.80374e+19
Pixel 546, 418, 1, 1, 4.80374e+19
=== 4892851 ===
--- pALPIDEfs_1 ---
Pixel 673, 245, 1, 1, 4.80374e+19
Pixel 672, 245, 1, 1, 4.80374e+19
Pixel 672, 246, 1, 1, 4.80374e+19
Pixel 673, 246, 1, 1, 4.80374e+19
Pixel 675, 245, 1, 1, 4.80374e+19
Pixel 674, 245, 1, 1, 4.80374e+19
Pixel 674, 246, 1, 1, 4.80374e+19
Pixel 676, 245, 1, 1, 4.80374e+19
=== 4899328 ===
--- pALPIDEfs_3 ---
Pixel 213, 159, 1, 1, 4.80374e+19
Pixel 213, 160, 1, 1, 4.80374e+19
Pixel 214, 159, 1, 1, 4.80374e+19
Pixel 214, 160, 1, 1, 4.80374e+19
=== 4908457 ===
--- pALPIDEfs_5 ---
Pixel 757, 251, 1, 1, 4.80374e+19
Pixel 757, 252, 1, 1, 4.80374e+19
--- pALPIDEfs_6 ---
Pixel 787, 338, 1, 1, 4.80374e+19
=== 4909252 ===
--- pALPIDEfs_6 ---
Pixel 763, 446, 1, 1, 4.80374e+19
Pixel 764, 446, 1, 1, 4.80374e+19
Pixel 764, 447, 1, 1, 4.80374e+19
=== 4914222 ===
--- pALPIDEfs_2 ---
Pixel 790, 4, 1, 1, 4.80374e+19
Pixel 791, 4, 1, 1, 4.80374e+19
Pixel 791, 5, 1, 1, 4.80374e+19
=== 4923876 ===
--- pALPIDEfs_3 ---
Pixel 353, 333, 1, 1, 4.80374e+19
Pixel 353, 334, 1, 1, 4.80374e+19
=== 4940845 ===
--- pALPIDEfs_2 ---
Pixel 737, 474, 1, 1, 4.80374e+19
Pixel 738, 474, 1, 1, 4.80374e+19
Pixel 739, 475, 1, 1, 4.80374e+19
Pixel 738, 475, 1, 1, 4.80374e+19
Pixel 739, 476, 1, 1, 4.80374e+19
Pixel 740, 476, 1, 1, 4.80374e+19
Pixel 741, 476, 1, 1, 4.80374e+19
Pixel 741, 477, 1, 1, 4.80374e+19
Pixel 740, 477, 1, 1, 4.80374e+19
Pixel 743, 475, 1, 1, 4.80374e+19
Pixel 742, 476, 1, 1, 4.80374e+19
Pixel 743, 476, 1, 1, 4.80374e+19
Pixel 742, 477, 1, 1, 4.80374e+19
Pixel 744, 475, 1, 1, 4.80374e+19
=== 4956852 ===
--- pALPIDEfs_0 ---
Pixel 798, 477, 1, 1, 4.80374e+19
=== 4963268 ===
--- pALPIDEfs_2 ---
Pixel 760, 462, 1, 1, 4.80374e+19
Pixel 760, 463, 1, 1, 4.80374e+19
=== 4965518 ===
--- pALPIDEfs_3 ---
Pixel 884, 313, 1, 1, 4.80374e+19
=== 4976099 ===
--- pALPIDEfs_3 ---
Pixel 941, 488, 1, 1, 4.80374e+19
Pixel 942, 487, 1, 1, 4.80374e+19
Pixel 942, 488, 1, 1, 4.80374e+19
=== 4980454 ===
--- pALPIDEfs_5 ---
Pixel 779, 476, 1, 1, 4.80374e+19
Pixel 779, 477, 1, 1, 4.80374e+19
Pixel 780, 476, 1, 1, 4.80374e+19
Pixel 780, 477, 1, 1, 4.80374e+19
=== 4982938 ===
--- pALPIDEfs_3 ---
Pixel 523, 55, 1, 1, 4.80374e+19
Pixel 523, 56, 1, 1, 4.80374e+19
Pixel 524, 55, 1, 1, 4.80374e+19
Pixel 524, 56, 1, 1, 4.80374e+19
=== 5011016 ===
--- pALPIDEfs_5 ---
Pixel 38, 179, 1, 1, 4.80374e+19
Pixel 40, 179, 1, 1, 4.80374e+19
Pixel 40, 180, 1, 1, 4.80374e+19
Pixel 41, 180, 1, 1, 4.80374e+19
Pixel 43, 179, 1, 1, 4.80374e+19
Pixel 42, 179, 1, 1, 4.80374e+19
Pixel 42, 180, 1, 1, 4.80374e+19
Pixel 43, 180, 1, 1, 4.80374e+19
Pixel 45, 179, 1, 1, 4.80374e+19
Pixel 44, 179, 1, 1, 4.80374e+19
Pixel 44, 180, 1, 1, 4.80374e+19
Pixel 45, 180, 1, 1, 4.80374e+19
Pixel 47, 179, 1, 1, 4.80374e+19
Pixel 46, 179, 1, 1, 4.80374e+19
Pixel 46, 180, 1, 1, 4.80374e+19
Pixel 47, 180, 1, 1, 4.80374e+19
Pixel 49, 179, 1, 1, 4.80374e+19
Pixel 48, 179, 1, 1, 4.80374e+19
Pixel 48, 180, 1, 1, 4.80374e+19
Pixel 49, 180, 1, 1, 4.80374e+19
Pixel 50, 179, 1, 1, 4.80374e+19
=== 5015687 ===
--- pALPIDEfs_3 ---
Pixel 951, 310, 1, 1, 4.80374e+19
Pixel 951, 311, 1, 1, 4.80374e+19
