Run: Cosmics000408
=== 2 ===
--- pALPIDEfs_3 ---
Pixel 238, 320, 1, 1, 4.80374e+19
Pixel 238, 320, 1, 1, 4.80374e+19
=== 3 ===
--- pALPIDEfs_0 ---
Pixel 92, 0, 1, 1, 4.80374e+19
Pixel 93, 0, 1, 1, 4.80374e+19
Pixel 93, 1, 1, 1, 4.80374e+19
Pixel 92, 1, 1, 1, 4.80374e+19
Pixel 92, 2, 1, 1, 4.80374e+19
Pixel 93, 2, 1, 1, 4.80374e+19
Pixel 93, 3, 1, 1, 4.80374e+19
Pixel 92, 3, 1, 1, 4.80374e+19
Pixel 92, 4, 1, 1, 4.80374e+19
Pixel 93, 4, 1, 1, 4.80374e+19
Pixel 93, 5, 1, 1, 4.80374e+19
Pixel 92, 5, 1, 1, 4.80374e+19
Pixel 92, 6, 1, 1, 4.80374e+19
Pixel 93, 6, 1, 1, 4.80374e+19
Pixel 93, 7, 1, 1, 4.80374e+19
Pixel 92, 7, 1, 1, 4.80374e+19
Pixel 92, 8, 1, 1, 4.80374e+19
Pixel 93, 8, 1, 1, 4.80374e+19
Pixel 93, 9, 1, 1, 4.80374e+19
Pixel 92, 9, 1, 1, 4.80374e+19
Pixel 92, 10, 1, 1, 4.80374e+19
Pixel 93, 10, 1, 1, 4.80374e+19
Pixel 93, 11, 1, 1, 4.80374e+19
Pixel 92, 11, 1, 1, 4.80374e+19
Pixel 92, 12, 1, 1, 4.80374e+19
Pixel 93, 12, 1, 1, 4.80374e+19
Pixel 93, 13, 1, 1, 4.80374e+19
Pixel 92, 13, 1, 1, 4.80374e+19
Pixel 92, 14, 1, 1, 4.80374e+19
Pixel 93, 14, 1, 1, 4.80374e+19
Pixel 93, 15, 1, 1, 4.80374e+19
Pixel 92, 15, 1, 1, 4.80374e+19
Pixel 92, 16, 1, 1, 4.80374e+19
Pixel 93, 16, 1, 1, 4.80374e+19
Pixel 93, 17, 1, 1, 4.80374e+19
Pixel 92, 17, 1, 1, 4.80374e+19
Pixel 92, 18, 1, 1, 4.80374e+19
Pixel 93, 18, 1, 1, 4.80374e+19
Pixel 93, 19, 1, 1, 4.80374e+19
Pixel 92, 19, 1, 1, 4.80374e+19
Pixel 92, 20, 1, 1, 4.80374e+19
Pixel 93, 20, 1, 1, 4.80374e+19
Pixel 93, 21, 1, 1, 4.80374e+19
Pixel 92, 21, 1, 1, 4.80374e+19
Pixel 92, 22, 1, 1, 4.80374e+19
Pixel 93, 22, 1, 1, 4.80374e+19
Pixel 93, 23, 1, 1, 4.80374e+19
Pixel 92, 23, 1, 1, 4.80374e+19
Pixel 92, 24, 1, 1, 4.80374e+19
Pixel 93, 24, 1, 1, 4.80374e+19
Pixel 93, 25, 1, 1, 4.80374e+19
Pixel 92, 25, 1, 1, 4.80374e+19
Pixel 92, 26, 1, 1, 4.80374e+19
Pixel 93, 26, 1, 1, 4.80374e+19
Pixel 93, 27, 1, 1, 4.80374e+19
Pixel 92, 27, 1, 1, 4.80374e+19
Pixel 92, 28, 1, 1, 4.80374e+19
Pixel 93, 28, 1, 1, 4.80374e+19
Pixel 93, 29, 1, 1, 4.80374e+19
Pixel 92, 29, 1, 1, 4.80374e+19
Pixel 92, 30, 1, 1, 4.80374e+19
Pixel 93, 30, 1, 1, 4.80374e+19
Pixel 93, 31, 1, 1, 4.80374e+19
Pixel 92, 31, 1, 1, 4.80374e+19
Pixel 92, 32, 1, 1, 4.80374e+19
Pixel 93, 32, 1, 1, 4.80374e+19
Pixel 93, 33, 1, 1, 4.80374e+19
Pixel 92, 33, 1, 1, 4.80374e+19
Pixel 92, 34, 1, 1, 4.80374e+19
Pixel 93, 34, 1, 1, 4.80374e+19
Pixel 93, 35, 1, 1, 4.80374e+19
Pixel 92, 35, 1, 1, 4.80374e+19
Pixel 92, 36, 1, 1, 4.80374e+19
Pixel 93, 36, 1, 1, 4.80374e+19
Pixel 93, 37, 1, 1, 4.80374e+19
Pixel 92, 37, 1, 1, 4.80374e+19
Pixel 92, 38, 1, 1, 4.80374e+19
Pixel 93, 38, 1, 1, 4.80374e+19
Pixel 93, 39, 1, 1, 4.80374e+19
Pixel 92, 39, 1, 1, 4.80374e+19
Pixel 92, 40, 1, 1, 4.80374e+19
Pixel 93, 40, 1, 1, 4.80374e+19
Pixel 93, 41, 1, 1, 4.80374e+19
Pixel 92, 41, 1, 1, 4.80374e+19
Pixel 92, 42, 1, 1, 4.80374e+19
Pixel 93, 42, 1, 1, 4.80374e+19
Pixel 93, 43, 1, 1, 4.80374e+19
Pixel 92, 43, 1, 1, 4.80374e+19
Pixel 92, 44, 1, 1, 4.80374e+19
Pixel 93, 44, 1, 1, 4.80374e+19
Pixel 93, 45, 1, 1, 4.80374e+19
Pixel 92, 45, 1, 1, 4.80374e+19
Pixel 92, 46, 1, 1, 4.80374e+19
Pixel 93, 46, 1, 1, 4.80374e+19
Pixel 93, 47, 1, 1, 4.80374e+19
Pixel 92, 47, 1, 1, 4.80374e+19
Pixel 92, 48, 1, 1, 4.80374e+19
Pixel 93, 48, 1, 1, 4.80374e+19
Pixel 93, 49, 1, 1, 4.80374e+19
Pixel 92, 49, 1, 1, 4.80374e+19
Pixel 92, 50, 1, 1, 4.80374e+19
Pixel 93, 50, 1, 1, 4.80374e+19
Pixel 93, 51, 1, 1, 4.80374e+19
Pixel 92, 51, 1, 1, 4.80374e+19
Pixel 92, 52, 1, 1, 4.80374e+19
Pixel 93, 52, 1, 1, 4.80374e+19
Pixel 93, 53, 1, 1, 4.80374e+19
Pixel 92, 53, 1, 1, 4.80374e+19
Pixel 92, 54, 1, 1, 4.80374e+19
Pixel 93, 54, 1, 1, 4.80374e+19
Pixel 93, 55, 1, 1, 4.80374e+19
Pixel 92, 55, 1, 1, 4.80374e+19
Pixel 92, 56, 1, 1, 4.80374e+19
Pixel 93, 56, 1, 1, 4.80374e+19
Pixel 93, 57, 1, 1, 4.80374e+19
Pixel 92, 57, 1, 1, 4.80374e+19
Pixel 92, 58, 1, 1, 4.80374e+19
Pixel 93, 58, 1, 1, 4.80374e+19
Pixel 93, 59, 1, 1, 4.80374e+19
Pixel 92, 59, 1, 1, 4.80374e+19
Pixel 92, 60, 1, 1, 4.80374e+19
Pixel 93, 60, 1, 1, 4.80374e+19
Pixel 93, 61, 1, 1, 4.80374e+19
Pixel 92, 61, 1, 1, 4.80374e+19
Pixel 92, 62, 1, 1, 4.80374e+19
Pixel 93, 62, 1, 1, 4.80374e+19
Pixel 93, 63, 1, 1, 4.80374e+19
Pixel 92, 63, 1, 1, 4.80374e+19
Pixel 92, 64, 1, 1, 4.80374e+19
Pixel 93, 64, 1, 1, 4.80374e+19
Pixel 93, 65, 1, 1, 4.80374e+19
Pixel 92, 65, 1, 1, 4.80374e+19
Pixel 92, 66, 1, 1, 4.80374e+19
Pixel 93, 66, 1, 1, 4.80374e+19
Pixel 93, 67, 1, 1, 4.80374e+19
Pixel 92, 67, 1, 1, 4.80374e+19
Pixel 92, 68, 1, 1, 4.80374e+19
Pixel 93, 68, 1, 1, 4.80374e+19
Pixel 93, 69, 1, 1, 4.80374e+19
Pixel 92, 69, 1, 1, 4.80374e+19
Pixel 92, 70, 1, 1, 4.80374e+19
Pixel 93, 70, 1, 1, 4.80374e+19
Pixel 93, 71, 1, 1, 4.80374e+19
Pixel 92, 71, 1, 1, 4.80374e+19
Pixel 92, 72, 1, 1, 4.80374e+19
Pixel 93, 72, 1, 1, 4.80374e+19
Pixel 93, 73, 1, 1, 4.80374e+19
Pixel 92, 73, 1, 1, 4.80374e+19
Pixel 92, 74, 1, 1, 4.80374e+19
Pixel 93, 74, 1, 1, 4.80374e+19
Pixel 93, 75, 1, 1, 4.80374e+19
Pixel 92, 75, 1, 1, 4.80374e+19
Pixel 92, 76, 1, 1, 4.80374e+19
Pixel 93, 76, 1, 1, 4.80374e+19
Pixel 93, 77, 1, 1, 4.80374e+19
Pixel 92, 77, 1, 1, 4.80374e+19
Pixel 92, 78, 1, 1, 4.80374e+19
Pixel 93, 78, 1, 1, 4.80374e+19
Pixel 93, 79, 1, 1, 4.80374e+19
Pixel 92, 79, 1, 1, 4.80374e+19
Pixel 92, 80, 1, 1, 4.80374e+19
Pixel 93, 80, 1, 1, 4.80374e+19
Pixel 93, 81, 1, 1, 4.80374e+19
Pixel 92, 81, 1, 1, 4.80374e+19
Pixel 92, 82, 1, 1, 4.80374e+19
Pixel 93, 82, 1, 1, 4.80374e+19
Pixel 93, 83, 1, 1, 4.80374e+19
Pixel 92, 83, 1, 1, 4.80374e+19
Pixel 92, 84, 1, 1, 4.80374e+19
Pixel 93, 84, 1, 1, 4.80374e+19
Pixel 93, 85, 1, 1, 4.80374e+19
Pixel 92, 85, 1, 1, 4.80374e+19
Pixel 92, 86, 1, 1, 4.80374e+19
Pixel 93, 86, 1, 1, 4.80374e+19
Pixel 93, 87, 1, 1, 4.80374e+19
Pixel 92, 87, 1, 1, 4.80374e+19
Pixel 92, 88, 1, 1, 4.80374e+19
Pixel 93, 88, 1, 1, 4.80374e+19
Pixel 93, 89, 1, 1, 4.80374e+19
Pixel 92, 89, 1, 1, 4.80374e+19
Pixel 92, 90, 1, 1, 4.80374e+19
Pixel 93, 90, 1, 1, 4.80374e+19
Pixel 93, 91, 1, 1, 4.80374e+19
Pixel 92, 91, 1, 1, 4.80374e+19
Pixel 92, 92, 1, 1, 4.80374e+19
Pixel 93, 92, 1, 1, 4.80374e+19
Pixel 93, 93, 1, 1, 4.80374e+19
Pixel 92, 93, 1, 1, 4.80374e+19
Pixel 92, 94, 1, 1, 4.80374e+19
Pixel 93, 94, 1, 1, 4.80374e+19
Pixel 93, 95, 1, 1, 4.80374e+19
Pixel 92, 95, 1, 1, 4.80374e+19
Pixel 92, 96, 1, 1, 4.80374e+19
Pixel 93, 96, 1, 1, 4.80374e+19
Pixel 93, 97, 1, 1, 4.80374e+19
Pixel 92, 97, 1, 1, 4.80374e+19
Pixel 92, 98, 1, 1, 4.80374e+19
Pixel 93, 98, 1, 1, 4.80374e+19
Pixel 93, 99, 1, 1, 4.80374e+19
Pixel 92, 99, 1, 1, 4.80374e+19
Pixel 92, 100, 1, 1, 4.80374e+19
Pixel 93, 100, 1, 1, 4.80374e+19
Pixel 93, 101, 1, 1, 4.80374e+19
Pixel 92, 101, 1, 1, 4.80374e+19
Pixel 92, 102, 1, 1, 4.80374e+19
Pixel 93, 102, 1, 1, 4.80374e+19
Pixel 93, 103, 1, 1, 4.80374e+19
Pixel 92, 103, 1, 1, 4.80374e+19
Pixel 92, 104, 1, 1, 4.80374e+19
Pixel 93, 104, 1, 1, 4.80374e+19
Pixel 93, 105, 1, 1, 4.80374e+19
Pixel 92, 105, 1, 1, 4.80374e+19
Pixel 92, 106, 1, 1, 4.80374e+19
Pixel 93, 106, 1, 1, 4.80374e+19
Pixel 93, 107, 1, 1, 4.80374e+19
Pixel 92, 107, 1, 1, 4.80374e+19
Pixel 92, 108, 1, 1, 4.80374e+19
Pixel 93, 108, 1, 1, 4.80374e+19
Pixel 93, 109, 1, 1, 4.80374e+19
Pixel 92, 109, 1, 1, 4.80374e+19
Pixel 92, 110, 1, 1, 4.80374e+19
Pixel 93, 110, 1, 1, 4.80374e+19
Pixel 93, 111, 1, 1, 4.80374e+19
Pixel 92, 111, 1, 1, 4.80374e+19
Pixel 92, 112, 1, 1, 4.80374e+19
Pixel 93, 112, 1, 1, 4.80374e+19
Pixel 93, 113, 1, 1, 4.80374e+19
Pixel 92, 113, 1, 1, 4.80374e+19
Pixel 92, 114, 1, 1, 4.80374e+19
Pixel 93, 114, 1, 1, 4.80374e+19
Pixel 93, 115, 1, 1, 4.80374e+19
Pixel 92, 115, 1, 1, 4.80374e+19
Pixel 92, 116, 1, 1, 4.80374e+19
Pixel 93, 116, 1, 1, 4.80374e+19
Pixel 93, 117, 1, 1, 4.80374e+19
Pixel 92, 117, 1, 1, 4.80374e+19
Pixel 92, 118, 1, 1, 4.80374e+19
Pixel 93, 118, 1, 1, 4.80374e+19
Pixel 93, 119, 1, 1, 4.80374e+19
Pixel 92, 119, 1, 1, 4.80374e+19
Pixel 92, 120, 1, 1, 4.80374e+19
Pixel 93, 120, 1, 1, 4.80374e+19
Pixel 93, 121, 1, 1, 4.80374e+19
Pixel 92, 121, 1, 1, 4.80374e+19
Pixel 92, 122, 1, 1, 4.80374e+19
Pixel 93, 122, 1, 1, 4.80374e+19
Pixel 93, 123, 1, 1, 4.80374e+19
Pixel 92, 123, 1, 1, 4.80374e+19
Pixel 92, 124, 1, 1, 4.80374e+19
Pixel 93, 124, 1, 1, 4.80374e+19
Pixel 93, 125, 1, 1, 4.80374e+19
Pixel 92, 125, 1, 1, 4.80374e+19
Pixel 92, 126, 1, 1, 4.80374e+19
Pixel 93, 126, 1, 1, 4.80374e+19
Pixel 93, 127, 1, 1, 4.80374e+19
Pixel 92, 127, 1, 1, 4.80374e+19
Pixel 92, 128, 1, 1, 4.80374e+19
Pixel 93, 128, 1, 1, 4.80374e+19
Pixel 93, 129, 1, 1, 4.80374e+19
Pixel 92, 129, 1, 1, 4.80374e+19
Pixel 92, 130, 1, 1, 4.80374e+19
Pixel 93, 130, 1, 1, 4.80374e+19
Pixel 93, 131, 1, 1, 4.80374e+19
Pixel 92, 131, 1, 1, 4.80374e+19
Pixel 92, 132, 1, 1, 4.80374e+19
Pixel 93, 132, 1, 1, 4.80374e+19
Pixel 93, 133, 1, 1, 4.80374e+19
Pixel 92, 133, 1, 1, 4.80374e+19
Pixel 92, 134, 1, 1, 4.80374e+19
Pixel 93, 134, 1, 1, 4.80374e+19
Pixel 93, 135, 1, 1, 4.80374e+19
Pixel 92, 135, 1, 1, 4.80374e+19
Pixel 92, 136, 1, 1, 4.80374e+19
Pixel 93, 136, 1, 1, 4.80374e+19
Pixel 93, 137, 1, 1, 4.80374e+19
Pixel 92, 137, 1, 1, 4.80374e+19
Pixel 92, 138, 1, 1, 4.80374e+19
Pixel 93, 138, 1, 1, 4.80374e+19
Pixel 93, 139, 1, 1, 4.80374e+19
Pixel 92, 139, 1, 1, 4.80374e+19
Pixel 92, 140, 1, 1, 4.80374e+19
Pixel 93, 140, 1, 1, 4.80374e+19
Pixel 93, 141, 1, 1, 4.80374e+19
Pixel 92, 141, 1, 1, 4.80374e+19
Pixel 92, 142, 1, 1, 4.80374e+19
Pixel 93, 142, 1, 1, 4.80374e+19
Pixel 93, 143, 1, 1, 4.80374e+19
Pixel 92, 143, 1, 1, 4.80374e+19
Pixel 92, 144, 1, 1, 4.80374e+19
Pixel 93, 144, 1, 1, 4.80374e+19
Pixel 93, 145, 1, 1, 4.80374e+19
Pixel 92, 145, 1, 1, 4.80374e+19
Pixel 92, 146, 1, 1, 4.80374e+19
Pixel 93, 146, 1, 1, 4.80374e+19
Pixel 93, 147, 1, 1, 4.80374e+19
Pixel 92, 147, 1, 1, 4.80374e+19
Pixel 92, 148, 1, 1, 4.80374e+19
Pixel 93, 148, 1, 1, 4.80374e+19
Pixel 93, 149, 1, 1, 4.80374e+19
Pixel 92, 149, 1, 1, 4.80374e+19
Pixel 92, 150, 1, 1, 4.80374e+19
Pixel 93, 150, 1, 1, 4.80374e+19
Pixel 93, 151, 1, 1, 4.80374e+19
Pixel 92, 151, 1, 1, 4.80374e+19
Pixel 92, 152, 1, 1, 4.80374e+19
Pixel 93, 152, 1, 1, 4.80374e+19
Pixel 93, 153, 1, 1, 4.80374e+19
Pixel 92, 153, 1, 1, 4.80374e+19
Pixel 92, 154, 1, 1, 4.80374e+19
Pixel 93, 154, 1, 1, 4.80374e+19
Pixel 93, 155, 1, 1, 4.80374e+19
Pixel 92, 155, 1, 1, 4.80374e+19
Pixel 92, 156, 1, 1, 4.80374e+19
Pixel 93, 156, 1, 1, 4.80374e+19
Pixel 93, 157, 1, 1, 4.80374e+19
Pixel 92, 157, 1, 1, 4.80374e+19
Pixel 92, 158, 1, 1, 4.80374e+19
Pixel 93, 158, 1, 1, 4.80374e+19
Pixel 93, 159, 1, 1, 4.80374e+19
Pixel 92, 159, 1, 1, 4.80374e+19
Pixel 92, 160, 1, 1, 4.80374e+19
Pixel 93, 160, 1, 1, 4.80374e+19
Pixel 93, 161, 1, 1, 4.80374e+19
Pixel 92, 161, 1, 1, 4.80374e+19
Pixel 92, 162, 1, 1, 4.80374e+19
Pixel 93, 162, 1, 1, 4.80374e+19
Pixel 93, 163, 1, 1, 4.80374e+19
Pixel 92, 163, 1, 1, 4.80374e+19
Pixel 92, 164, 1, 1, 4.80374e+19
Pixel 93, 164, 1, 1, 4.80374e+19
Pixel 93, 165, 1, 1, 4.80374e+19
Pixel 92, 165, 1, 1, 4.80374e+19
Pixel 92, 166, 1, 1, 4.80374e+19
Pixel 93, 166, 1, 1, 4.80374e+19
Pixel 93, 167, 1, 1, 4.80374e+19
Pixel 92, 167, 1, 1, 4.80374e+19
Pixel 92, 168, 1, 1, 4.80374e+19
Pixel 93, 168, 1, 1, 4.80374e+19
Pixel 93, 169, 1, 1, 4.80374e+19
Pixel 92, 169, 1, 1, 4.80374e+19
Pixel 92, 170, 1, 1, 4.80374e+19
Pixel 93, 170, 1, 1, 4.80374e+19
Pixel 93, 171, 1, 1, 4.80374e+19
Pixel 92, 171, 1, 1, 4.80374e+19
Pixel 92, 172, 1, 1, 4.80374e+19
Pixel 93, 172, 1, 1, 4.80374e+19
Pixel 93, 173, 1, 1, 4.80374e+19
Pixel 92, 173, 1, 1, 4.80374e+19
Pixel 92, 174, 1, 1, 4.80374e+19
Pixel 93, 174, 1, 1, 4.80374e+19
Pixel 93, 175, 1, 1, 4.80374e+19
Pixel 92, 175, 1, 1, 4.80374e+19
Pixel 92, 176, 1, 1, 4.80374e+19
Pixel 93, 176, 1, 1, 4.80374e+19
Pixel 93, 177, 1, 1, 4.80374e+19
Pixel 92, 177, 1, 1, 4.80374e+19
Pixel 92, 178, 1, 1, 4.80374e+19
Pixel 93, 178, 1, 1, 4.80374e+19
Pixel 93, 179, 1, 1, 4.80374e+19
Pixel 92, 179, 1, 1, 4.80374e+19
Pixel 92, 180, 1, 1, 4.80374e+19
Pixel 93, 180, 1, 1, 4.80374e+19
Pixel 93, 181, 1, 1, 4.80374e+19
Pixel 92, 181, 1, 1, 4.80374e+19
Pixel 92, 182, 1, 1, 4.80374e+19
Pixel 93, 182, 1, 1, 4.80374e+19
Pixel 93, 183, 1, 1, 4.80374e+19
Pixel 92, 183, 1, 1, 4.80374e+19
Pixel 92, 184, 1, 1, 4.80374e+19
Pixel 93, 184, 1, 1, 4.80374e+19
Pixel 93, 185, 1, 1, 4.80374e+19
Pixel 92, 185, 1, 1, 4.80374e+19
Pixel 92, 186, 1, 1, 4.80374e+19
Pixel 93, 186, 1, 1, 4.80374e+19
Pixel 93, 187, 1, 1, 4.80374e+19
Pixel 92, 187, 1, 1, 4.80374e+19
Pixel 92, 188, 1, 1, 4.80374e+19
Pixel 93, 188, 1, 1, 4.80374e+19
Pixel 93, 189, 1, 1, 4.80374e+19
Pixel 92, 189, 1, 1, 4.80374e+19
Pixel 92, 190, 1, 1, 4.80374e+19
Pixel 93, 190, 1, 1, 4.80374e+19
Pixel 93, 191, 1, 1, 4.80374e+19
Pixel 92, 191, 1, 1, 4.80374e+19
Pixel 92, 192, 1, 1, 4.80374e+19
Pixel 93, 192, 1, 1, 4.80374e+19
Pixel 93, 193, 1, 1, 4.80374e+19
Pixel 92, 193, 1, 1, 4.80374e+19
Pixel 92, 194, 1, 1, 4.80374e+19
Pixel 93, 194, 1, 1, 4.80374e+19
Pixel 93, 195, 1, 1, 4.80374e+19
Pixel 92, 195, 1, 1, 4.80374e+19
Pixel 92, 196, 1, 1, 4.80374e+19
Pixel 93, 196, 1, 1, 4.80374e+19
Pixel 93, 197, 1, 1, 4.80374e+19
Pixel 92, 197, 1, 1, 4.80374e+19
Pixel 92, 198, 1, 1, 4.80374e+19
Pixel 93, 198, 1, 1, 4.80374e+19
Pixel 93, 199, 1, 1, 4.80374e+19
Pixel 92, 199, 1, 1, 4.80374e+19
Pixel 92, 200, 1, 1, 4.80374e+19
Pixel 93, 200, 1, 1, 4.80374e+19
Pixel 93, 201, 1, 1, 4.80374e+19
Pixel 92, 201, 1, 1, 4.80374e+19
Pixel 92, 202, 1, 1, 4.80374e+19
Pixel 93, 202, 1, 1, 4.80374e+19
Pixel 93, 203, 1, 1, 4.80374e+19
Pixel 92, 203, 1, 1, 4.80374e+19
Pixel 92, 204, 1, 1, 4.80374e+19
Pixel 93, 204, 1, 1, 4.80374e+19
Pixel 93, 205, 1, 1, 4.80374e+19
Pixel 92, 205, 1, 1, 4.80374e+19
Pixel 92, 206, 1, 1, 4.80374e+19
Pixel 93, 206, 1, 1, 4.80374e+19
Pixel 93, 207, 1, 1, 4.80374e+19
Pixel 92, 207, 1, 1, 4.80374e+19
Pixel 92, 208, 1, 1, 4.80374e+19
Pixel 93, 208, 1, 1, 4.80374e+19
Pixel 93, 209, 1, 1, 4.80374e+19
Pixel 92, 209, 1, 1, 4.80374e+19
Pixel 92, 210, 1, 1, 4.80374e+19
Pixel 93, 210, 1, 1, 4.80374e+19
Pixel 93, 211, 1, 1, 4.80374e+19
Pixel 92, 211, 1, 1, 4.80374e+19
Pixel 92, 212, 1, 1, 4.80374e+19
Pixel 93, 212, 1, 1, 4.80374e+19
Pixel 93, 213, 1, 1, 4.80374e+19
Pixel 92, 213, 1, 1, 4.80374e+19
Pixel 92, 214, 1, 1, 4.80374e+19
Pixel 93, 214, 1, 1, 4.80374e+19
Pixel 93, 215, 1, 1, 4.80374e+19
Pixel 92, 215, 1, 1, 4.80374e+19
Pixel 92, 216, 1, 1, 4.80374e+19
Pixel 93, 216, 1, 1, 4.80374e+19
Pixel 93, 217, 1, 1, 4.80374e+19
Pixel 92, 217, 1, 1, 4.80374e+19
Pixel 92, 218, 1, 1, 4.80374e+19
Pixel 93, 218, 1, 1, 4.80374e+19
Pixel 93, 219, 1, 1, 4.80374e+19
Pixel 92, 219, 1, 1, 4.80374e+19
Pixel 92, 220, 1, 1, 4.80374e+19
Pixel 93, 220, 1, 1, 4.80374e+19
Pixel 93, 221, 1, 1, 4.80374e+19
Pixel 92, 221, 1, 1, 4.80374e+19
Pixel 92, 222, 1, 1, 4.80374e+19
Pixel 93, 222, 1, 1, 4.80374e+19
Pixel 93, 223, 1, 1, 4.80374e+19
Pixel 92, 223, 1, 1, 4.80374e+19
Pixel 92, 224, 1, 1, 4.80374e+19
Pixel 93, 224, 1, 1, 4.80374e+19
Pixel 93, 225, 1, 1, 4.80374e+19
Pixel 92, 225, 1, 1, 4.80374e+19
Pixel 92, 226, 1, 1, 4.80374e+19
Pixel 93, 226, 1, 1, 4.80374e+19
Pixel 93, 227, 1, 1, 4.80374e+19
Pixel 92, 227, 1, 1, 4.80374e+19
Pixel 92, 228, 1, 1, 4.80374e+19
Pixel 93, 228, 1, 1, 4.80374e+19
Pixel 93, 229, 1, 1, 4.80374e+19
Pixel 92, 229, 1, 1, 4.80374e+19
Pixel 92, 230, 1, 1, 4.80374e+19
Pixel 93, 230, 1, 1, 4.80374e+19
Pixel 93, 231, 1, 1, 4.80374e+19
Pixel 92, 231, 1, 1, 4.80374e+19
Pixel 92, 232, 1, 1, 4.80374e+19
Pixel 93, 232, 1, 1, 4.80374e+19
Pixel 93, 233, 1, 1, 4.80374e+19
Pixel 92, 233, 1, 1, 4.80374e+19
Pixel 92, 234, 1, 1, 4.80374e+19
Pixel 93, 234, 1, 1, 4.80374e+19
Pixel 93, 235, 1, 1, 4.80374e+19
Pixel 92, 235, 1, 1, 4.80374e+19
Pixel 92, 236, 1, 1, 4.80374e+19
Pixel 93, 236, 1, 1, 4.80374e+19
Pixel 93, 237, 1, 1, 4.80374e+19
Pixel 92, 237, 1, 1, 4.80374e+19
Pixel 92, 238, 1, 1, 4.80374e+19
Pixel 93, 238, 1, 1, 4.80374e+19
Pixel 93, 239, 1, 1, 4.80374e+19
Pixel 92, 239, 1, 1, 4.80374e+19
Pixel 92, 240, 1, 1, 4.80374e+19
Pixel 93, 240, 1, 1, 4.80374e+19
Pixel 93, 241, 1, 1, 4.80374e+19
Pixel 92, 241, 1, 1, 4.80374e+19
Pixel 92, 242, 1, 1, 4.80374e+19
Pixel 93, 242, 1, 1, 4.80374e+19
Pixel 93, 243, 1, 1, 4.80374e+19
Pixel 92, 243, 1, 1, 4.80374e+19
Pixel 92, 244, 1, 1, 4.80374e+19
Pixel 93, 244, 1, 1, 4.80374e+19
Pixel 93, 245, 1, 1, 4.80374e+19
Pixel 92, 245, 1, 1, 4.80374e+19
Pixel 92, 246, 1, 1, 4.80374e+19
Pixel 93, 246, 1, 1, 4.80374e+19
Pixel 93, 247, 1, 1, 4.80374e+19
Pixel 92, 247, 1, 1, 4.80374e+19
Pixel 92, 248, 1, 1, 4.80374e+19
Pixel 93, 248, 1, 1, 4.80374e+19
Pixel 93, 249, 1, 1, 4.80374e+19
Pixel 92, 249, 1, 1, 4.80374e+19
Pixel 92, 250, 1, 1, 4.80374e+19
Pixel 93, 250, 1, 1, 4.80374e+19
Pixel 93, 251, 1, 1, 4.80374e+19
Pixel 92, 251, 1, 1, 4.80374e+19
Pixel 92, 252, 1, 1, 4.80374e+19
Pixel 93, 252, 1, 1, 4.80374e+19
Pixel 93, 253, 1, 1, 4.80374e+19
Pixel 92, 253, 1, 1, 4.80374e+19
Pixel 92, 254, 1, 1, 4.80374e+19
Pixel 93, 254, 1, 1, 4.80374e+19
Pixel 93, 255, 1, 1, 4.80374e+19
Pixel 92, 255, 1, 1, 4.80374e+19
=== 29362 ===
--- pALPIDEfs_2 ---
Pixel 515, 181, 1, 1, 4.80374e+19
--- pALPIDEfs_3 ---
Pixel 648, 339, 1, 1, 4.80374e+19
Pixel 648, 340, 1, 1, 4.80374e+19
=== 44640 ===
--- pALPIDEfs_2 ---
Pixel 1003, 461, 1, 1, 4.80374e+19
Pixel 1003, 462, 1, 1, 4.80374e+19
Pixel 1004, 462, 1, 1, 4.80374e+19
=== 46799 ===
--- pALPIDEfs_2 ---
Pixel 183, 185, 1, 1, 4.80374e+19
Pixel 182, 185, 1, 1, 4.80374e+19
Pixel 183, 186, 1, 1, 4.80374e+19
=== 48251 ===
--- pALPIDEfs_0 ---
Pixel 675, 480, 1, 1, 4.80374e+19
Pixel 676, 479, 1, 1, 4.80374e+19
Pixel 676, 480, 1, 1, 4.80374e+19
=== 74513 ===
--- pALPIDEfs_1 ---
Pixel 409, 24, 1, 1, 4.80374e+19
=== 79848 ===
--- pALPIDEfs_5 ---
Pixel 421, 316, 1, 1, 4.80374e+19
Pixel 421, 317, 1, 1, 4.80374e+19
=== 80102 ===
--- pALPIDEfs_5 ---
Pixel 945, 331, 1, 1, 4.80374e+19
Pixel 946, 331, 1, 1, 4.80374e+19
Pixel 946, 332, 1, 1, 4.80374e+19
--- pALPIDEfs_6 ---
Pixel 768, 202, 1, 1, 4.80374e+19
=== 80252 ===
--- pALPIDEfs_5 ---
Pixel 960, 418, 1, 1, 4.80374e+19
Pixel 961, 418, 1, 1, 4.80374e+19
Pixel 961, 419, 1, 1, 4.80374e+19
Pixel 960, 419, 1, 1, 4.80374e+19
Pixel 960, 420, 1, 1, 4.80374e+19
Pixel 961, 420, 1, 1, 4.80374e+19
Pixel 960, 421, 1, 1, 4.80374e+19
=== 96147 ===
--- pALPIDEfs_3 ---
Pixel 170, 86, 1, 1, 4.80374e+19
Pixel 171, 86, 1, 1, 4.80374e+19
--- pALPIDEfs_4 ---
Pixel 242, 170, 1, 1, 4.80374e+19
--- pALPIDEfs_5 ---
Pixel 284, 300, 1, 1, 4.80374e+19
--- pALPIDEfs_6 ---
Pixel 380, 373, 1, 1, 4.80374e+19
=== 98060 ===
--- pALPIDEfs_6 ---
Pixel 13, 326, 1, 1, 4.80374e+19
Pixel 14, 325, 1, 1, 4.80374e+19
Pixel 14, 326, 1, 1, 4.80374e+19
=== 98599 ===
--- pALPIDEfs_2 ---
Pixel 345, 494, 1, 1, 4.80374e+19
Pixel 345, 495, 1, 1, 4.80374e+19
=== 100746 ===
--- pALPIDEfs_0 ---
Pixel 483, 48, 1, 1, 4.80374e+19
Pixel 483, 49, 1, 1, 4.80374e+19
Pixel 484, 48, 1, 1, 4.80374e+19
Pixel 484, 49, 1, 1, 4.80374e+19
--- pALPIDEfs_1 ---
Pixel 621, 213, 1, 1, 4.80374e+19
Pixel 622, 213, 1, 1, 4.80374e+19
=== 130748 ===
--- pALPIDEfs_5 ---
Pixel 615, 160, 1, 1, 4.80374e+19
=== 159602 ===
--- pALPIDEfs_1 ---
Pixel 465, 169, 1, 1, 4.80374e+19
Pixel 465, 170, 1, 1, 4.80374e+19
Pixel 466, 169, 1, 1, 4.80374e+19
Pixel 466, 170, 1, 1, 4.80374e+19
=== 165724 ===
--- pALPIDEfs_6 ---
Pixel 571, 437, 1, 1, 4.80374e+19
Pixel 570, 437, 1, 1, 4.80374e+19
Pixel 570, 438, 1, 1, 4.80374e+19
Pixel 571, 438, 1, 1, 4.80374e+19
=== 193637 ===
--- pALPIDEfs_3 ---
Pixel 739, 183, 1, 1, 4.80374e+19
Pixel 738, 183, 1, 1, 4.80374e+19
Pixel 738, 184, 1, 1, 4.80374e+19
Pixel 739, 184, 1, 1, 4.80374e+19
=== 194269 ===
--- pALPIDEfs_3 ---
Pixel 553, 369, 1, 1, 4.80374e+19
Pixel 553, 370, 1, 1, 4.80374e+19
Pixel 554, 369, 1, 1, 4.80374e+19
Pixel 554, 370, 1, 1, 4.80374e+19
=== 200327 ===
--- pALPIDEfs_4 ---
Pixel 731, 30, 1, 1, 4.80374e+19
Pixel 731, 31, 1, 1, 4.80374e+19
=== 207434 ===
--- pALPIDEfs_3 ---
Pixel 1002, 474, 1, 1, 4.80374e+19
Pixel 1003, 474, 1, 1, 4.80374e+19
Pixel 1003, 475, 1, 1, 4.80374e+19
Pixel 1002, 475, 1, 1, 4.80374e+19
=== 207821 ===
--- pALPIDEfs_4 ---
Pixel 997, 223, 1, 1, 4.80374e+19
=== 207822 ===
--- pALPIDEfs_4 ---
Pixel 997, 223, 1, 1, 4.80374e+19
=== 212929 ===
--- pALPIDEfs_1 ---
Pixel 891, 356, 1, 1, 4.80374e+19
Pixel 891, 357, 1, 1, 4.80374e+19
=== 223649 ===
--- pALPIDEfs_6 ---
Pixel 635, 440, 1, 1, 4.80374e+19
Pixel 635, 441, 1, 1, 4.80374e+19
Pixel 635, 442, 1, 1, 4.80374e+19
Pixel 635, 443, 1, 1, 4.80374e+19
Pixel 636, 442, 1, 1, 4.80374e+19
Pixel 636, 443, 1, 1, 4.80374e+19
=== 227920 ===
--- pALPIDEfs_0 ---
Pixel 713, 363, 1, 1, 4.80374e+19
Pixel 714, 362, 1, 1, 4.80374e+19
Pixel 715, 362, 1, 1, 4.80374e+19
Pixel 715, 363, 1, 1, 4.80374e+19
Pixel 714, 363, 1, 1, 4.80374e+19
=== 229506 ===
--- pALPIDEfs_4 ---
Pixel 29, 300, 1, 1, 4.80374e+19
Pixel 29, 301, 1, 1, 4.80374e+19
Pixel 157, 114, 1, 1, 4.80374e+19
Pixel 157, 115, 1, 1, 4.80374e+19
Pixel 158, 114, 1, 1, 4.80374e+19
--- pALPIDEfs_5 ---
Pixel 515, 416, 1, 1, 4.80374e+19
Pixel 516, 415, 1, 1, 4.80374e+19
Pixel 516, 416, 1, 1, 4.80374e+19
=== 230468 ===
--- pALPIDEfs_0 ---
Pixel 538, 213, 1, 1, 4.80374e+19
Pixel 538, 214, 1, 1, 4.80374e+19
--- pALPIDEfs_1 ---
Pixel 526, 356, 1, 1, 4.80374e+19
Pixel 526, 357, 1, 1, 4.80374e+19
--- pALPIDEfs_2 ---
Pixel 537, 395, 1, 1, 4.80374e+19
--- pALPIDEfs_3 ---
Pixel 549, 503, 1, 1, 4.80374e+19
Pixel 548, 503, 1, 1, 4.80374e+19
=== 242831 ===
--- pALPIDEfs_3 ---
Pixel 743, 184, 1, 1, 4.80374e+19
Pixel 743, 185, 1, 1, 4.80374e+19
Pixel 742, 185, 1, 1, 4.80374e+19
Pixel 742, 186, 1, 1, 4.80374e+19
Pixel 743, 186, 1, 1, 4.80374e+19
Pixel 742, 187, 1, 1, 4.80374e+19
=== 249776 ===
--- pALPIDEfs_4 ---
Pixel 72, 276, 1, 1, 4.80374e+19
Pixel 73, 276, 1, 1, 4.80374e+19
Pixel 73, 277, 1, 1, 4.80374e+19
Pixel 72, 277, 1, 1, 4.80374e+19
=== 255276 ===
--- pALPIDEfs_6 ---
Pixel 811, 318, 1, 1, 4.80374e+19
Pixel 812, 318, 1, 1, 4.80374e+19
=== 256342 ===
--- pALPIDEfs_0 ---
Pixel 751, 60, 1, 1, 4.80374e+19
Pixel 751, 61, 1, 1, 4.80374e+19
Pixel 750, 61, 1, 1, 4.80374e+19
=== 282562 ===
--- pALPIDEfs_0 ---
Pixel 333, 354, 1, 1, 4.80374e+19
Pixel 333, 355, 1, 1, 4.80374e+19
Pixel 333, 356, 1, 1, 4.80374e+19
Pixel 334, 355, 1, 1, 4.80374e+19
Pixel 334, 356, 1, 1, 4.80374e+19
Pixel 334, 357, 1, 1, 4.80374e+19
=== 288192 ===
--- pALPIDEfs_0 ---
Pixel 327, 75, 1, 1, 4.80374e+19
Pixel 327, 76, 1, 1, 4.80374e+19
Pixel 327, 77, 1, 1, 4.80374e+19
Pixel 328, 75, 1, 1, 4.80374e+19
Pixel 328, 76, 1, 1, 4.80374e+19
Pixel 328, 77, 1, 1, 4.80374e+19
=== 309030 ===
--- pALPIDEfs_0 ---
Pixel 283, 259, 1, 1, 4.80374e+19
Pixel 284, 259, 1, 1, 4.80374e+19
=== 315500 ===
--- pALPIDEfs_2 ---
Pixel 769, 99, 1, 1, 4.80374e+19
Pixel 768, 100, 1, 1, 4.80374e+19
Pixel 769, 100, 1, 1, 4.80374e+19
=== 335130 ===
--- pALPIDEfs_4 ---
Pixel 306, 284, 1, 1, 4.80374e+19
Pixel 307, 284, 1, 1, 4.80374e+19
Pixel 307, 285, 1, 1, 4.80374e+19
Pixel 306, 285, 1, 1, 4.80374e+19
=== 335299 ===
--- pALPIDEfs_6 ---
Pixel 646, 383, 1, 1, 4.80374e+19
Pixel 646, 384, 1, 1, 4.80374e+19
=== 338123 ===
--- pALPIDEfs_2 ---
Pixel 964, 451, 1, 1, 4.80374e+19
Pixel 964, 452, 1, 1, 4.80374e+19
Pixel 965, 452, 1, 1, 4.80374e+19
=== 345119 ===
--- pALPIDEfs_3 ---
Pixel 653, 493, 1, 1, 4.80374e+19
Pixel 652, 494, 1, 1, 4.80374e+19
Pixel 653, 494, 1, 1, 4.80374e+19
Pixel 653, 495, 1, 1, 4.80374e+19
Pixel 652, 495, 1, 1, 4.80374e+19
=== 356973 ===
--- pALPIDEfs_4 ---
Pixel 872, 200, 1, 1, 4.80374e+19
Pixel 873, 200, 1, 1, 4.80374e+19
Pixel 873, 201, 1, 1, 4.80374e+19
Pixel 872, 201, 1, 1, 4.80374e+19
Pixel 872, 202, 1, 1, 4.80374e+19
Pixel 873, 202, 1, 1, 4.80374e+19
Pixel 873, 203, 1, 1, 4.80374e+19
Pixel 874, 201, 1, 1, 4.80374e+19
Pixel 874, 202, 1, 1, 4.80374e+19
Pixel 874, 203, 1, 1, 4.80374e+19
=== 356974 ===
--- pALPIDEfs_4 ---
Pixel 872, 200, 1, 1, 4.80374e+19
Pixel 873, 200, 1, 1, 4.80374e+19
Pixel 872, 202, 1, 1, 4.80374e+19
Pixel 873, 203, 1, 1, 4.80374e+19
Pixel 874, 201, 1, 1, 4.80374e+19
Pixel 874, 202, 1, 1, 4.80374e+19
=== 357386 ===
--- pALPIDEfs_0 ---
Pixel 1002, 13, 1, 1, 4.80374e+19
Pixel 1002, 14, 1, 1, 4.80374e+19
=== 402364 ===
--- pALPIDEfs_2 ---
Pixel 847, 89, 1, 1, 4.80374e+19
Pixel 846, 89, 1, 1, 4.80374e+19
Pixel 846, 90, 1, 1, 4.80374e+19
Pixel 847, 90, 1, 1, 4.80374e+19
=== 407632 ===
--- pALPIDEfs_0 ---
Pixel 959, 54, 1, 1, 4.80374e+19
Pixel 959, 55, 1, 1, 4.80374e+19
=== 413577 ===
--- pALPIDEfs_5 ---
Pixel 897, 447, 1, 1, 4.80374e+19
Pixel 897, 448, 1, 1, 4.80374e+19
Pixel 897, 449, 1, 1, 4.80374e+19
Pixel 897, 450, 1, 1, 4.80374e+19
Pixel 897, 451, 1, 1, 4.80374e+19
Pixel 899, 444, 1, 1, 4.80374e+19
Pixel 899, 445, 1, 1, 4.80374e+19
Pixel 898, 445, 1, 1, 4.80374e+19
Pixel 898, 446, 1, 1, 4.80374e+19
Pixel 899, 446, 1, 1, 4.80374e+19
Pixel 898, 447, 1, 1, 4.80374e+19
Pixel 898, 448, 1, 1, 4.80374e+19
Pixel 898, 449, 1, 1, 4.80374e+19
Pixel 898, 450, 1, 1, 4.80374e+19
Pixel 898, 451, 1, 1, 4.80374e+19
Pixel 901, 443, 1, 1, 4.80374e+19
Pixel 900, 444, 1, 1, 4.80374e+19
Pixel 901, 444, 1, 1, 4.80374e+19
Pixel 901, 445, 1, 1, 4.80374e+19
Pixel 900, 445, 1, 1, 4.80374e+19
Pixel 902, 444, 1, 1, 4.80374e+19
Pixel 903, 444, 1, 1, 4.80374e+19
Pixel 903, 445, 1, 1, 4.80374e+19
Pixel 902, 445, 1, 1, 4.80374e+19
=== 417734 ===
--- pALPIDEfs_3 ---
Pixel 309, 283, 1, 1, 4.80374e+19
Pixel 309, 284, 1, 1, 4.80374e+19
Pixel 310, 284, 1, 1, 4.80374e+19
=== 424801 ===
--- pALPIDEfs_1 ---
Pixel 94, 477, 1, 1, 4.80374e+19
=== 446766 ===
--- pALPIDEfs_3 ---
Pixel 437, 14, 1, 1, 4.80374e+19
Pixel 437, 15, 1, 1, 4.80374e+19
Pixel 437, 16, 1, 1, 4.80374e+19
Pixel 438, 15, 1, 1, 4.80374e+19
Pixel 438, 16, 1, 1, 4.80374e+19
=== 455252 ===
--- pALPIDEfs_5 ---
Pixel 263, 275, 1, 1, 4.80374e+19
Pixel 264, 274, 1, 1, 4.80374e+19
Pixel 265, 275, 1, 1, 4.80374e+19
Pixel 264, 275, 1, 1, 4.80374e+19
=== 459144 ===
--- pALPIDEfs_0 ---
Pixel 439, 283, 1, 1, 4.80374e+19
Pixel 439, 284, 1, 1, 4.80374e+19
=== 474982 ===
--- pALPIDEfs_4 ---
Pixel 523, 257, 1, 1, 4.80374e+19
Pixel 524, 257, 1, 1, 4.80374e+19
=== 478664 ===
--- pALPIDEfs_0 ---
Pixel 364, 185, 1, 1, 4.80374e+19
--- pALPIDEfs_1 ---
Pixel 790, 501, 1, 1, 4.80374e+19
=== 482265 ===
--- pALPIDEfs_3 ---
Pixel 985, 237, 1, 1, 4.80374e+19
Pixel 984, 237, 1, 1, 4.80374e+19
Pixel 984, 238, 1, 1, 4.80374e+19
Pixel 985, 238, 1, 1, 4.80374e+19
=== 484457 ===
--- pALPIDEfs_3 ---
Pixel 896, 298, 1, 1, 4.80374e+19
Pixel 896, 299, 1, 1, 4.80374e+19
Pixel 896, 300, 1, 1, 4.80374e+19
Pixel 897, 300, 1, 1, 4.80374e+19
Pixel 897, 301, 1, 1, 4.80374e+19
Pixel 896, 301, 1, 1, 4.80374e+19
Pixel 897, 302, 1, 1, 4.80374e+19
Pixel 897, 303, 1, 1, 4.80374e+19
Pixel 898, 302, 1, 1, 4.80374e+19
Pixel 899, 302, 1, 1, 4.80374e+19
Pixel 899, 303, 1, 1, 4.80374e+19
Pixel 898, 303, 1, 1, 4.80374e+19
=== 501620 ===
--- pALPIDEfs_1 ---
Pixel 571, 433, 1, 1, 4.80374e+19
Pixel 570, 433, 1, 1, 4.80374e+19
Pixel 570, 434, 1, 1, 4.80374e+19
Pixel 571, 434, 1, 1, 4.80374e+19
=== 512178 ===
--- pALPIDEfs_1 ---
Pixel 9, 322, 1, 1, 4.80374e+19
=== 514185 ===
--- pALPIDEfs_6 ---
Pixel 55, 250, 1, 1, 4.80374e+19
Pixel 55, 251, 1, 1, 4.80374e+19
=== 517937 ===
--- pALPIDEfs_2 ---
Pixel 522, 20, 1, 1, 4.80374e+19
Pixel 523, 21, 1, 1, 4.80374e+19
Pixel 522, 21, 1, 1, 4.80374e+19
Pixel 523, 22, 1, 1, 4.80374e+19
Pixel 524, 22, 1, 1, 4.80374e+19
Pixel 524, 23, 1, 1, 4.80374e+19
Pixel 524, 24, 1, 1, 4.80374e+19
Pixel 525, 24, 1, 1, 4.80374e+19
Pixel 525, 25, 1, 1, 4.80374e+19
Pixel 526, 25, 1, 1, 4.80374e+19
=== 518702 ===
--- pALPIDEfs_2 ---
Pixel 345, 474, 1, 1, 4.80374e+19
Pixel 345, 475, 1, 1, 4.80374e+19
=== 520885 ===
--- pALPIDEfs_1 ---
Pixel 546, 477, 1, 1, 4.80374e+19
Pixel 546, 478, 1, 1, 4.80374e+19
Pixel 547, 479, 1, 1, 4.80374e+19
Pixel 546, 479, 1, 1, 4.80374e+19
Pixel 546, 480, 1, 1, 4.80374e+19
Pixel 547, 480, 1, 1, 4.80374e+19
Pixel 549, 481, 1, 1, 4.80374e+19
Pixel 550, 481, 1, 1, 4.80374e+19
Pixel 550, 482, 1, 1, 4.80374e+19
=== 526159 ===
--- pALPIDEfs_2 ---
Pixel 448, 503, 1, 1, 4.80374e+19
Pixel 448, 504, 1, 1, 4.80374e+19
Pixel 449, 504, 1, 1, 4.80374e+19
Pixel 458, 505, 1, 1, 4.80374e+19
Pixel 458, 506, 1, 1, 4.80374e+19
Pixel 459, 506, 1, 1, 4.80374e+19
Pixel 459, 507, 1, 1, 4.80374e+19
Pixel 461, 507, 1, 1, 4.80374e+19
Pixel 460, 507, 1, 1, 4.80374e+19
Pixel 460, 508, 1, 1, 4.80374e+19
Pixel 461, 508, 1, 1, 4.80374e+19
=== 537323 ===
--- pALPIDEfs_4 ---
Pixel 758, 47, 1, 1, 4.80374e+19
Pixel 758, 48, 1, 1, 4.80374e+19
=== 542867 ===
--- pALPIDEfs_5 ---
Pixel 87, 359, 1, 1, 4.80374e+19
Pixel 87, 360, 1, 1, 4.80374e+19
=== 556733 ===
--- pALPIDEfs_6 ---
Pixel 195, 149, 1, 1, 4.80374e+19
Pixel 195, 150, 1, 1, 4.80374e+19
=== 566173 ===
--- pALPIDEfs_3 ---
Pixel 209, 365, 1, 1, 4.80374e+19
Pixel 209, 366, 1, 1, 4.80374e+19
Pixel 211, 365, 1, 1, 4.80374e+19
Pixel 210, 365, 1, 1, 4.80374e+19
Pixel 210, 366, 1, 1, 4.80374e+19
Pixel 211, 366, 1, 1, 4.80374e+19
Pixel 213, 364, 1, 1, 4.80374e+19
Pixel 213, 365, 1, 1, 4.80374e+19
Pixel 212, 365, 1, 1, 4.80374e+19
Pixel 215, 363, 1, 1, 4.80374e+19
Pixel 214, 364, 1, 1, 4.80374e+19
Pixel 215, 364, 1, 1, 4.80374e+19
Pixel 215, 365, 1, 1, 4.80374e+19
Pixel 214, 365, 1, 1, 4.80374e+19
=== 572020 ===
--- pALPIDEfs_0 ---
Pixel 555, 358, 1, 1, 4.80374e+19
Pixel 555, 359, 1, 1, 4.80374e+19
Pixel 555, 360, 1, 1, 4.80374e+19
Pixel 556, 359, 1, 1, 4.80374e+19
=== 598564 ===
--- pALPIDEfs_6 ---
Pixel 624, 134, 1, 1, 4.80374e+19
Pixel 625, 134, 1, 1, 4.80374e+19
Pixel 625, 135, 1, 1, 4.80374e+19
Pixel 624, 135, 1, 1, 4.80374e+19
=== 610781 ===
--- pALPIDEfs_0 ---
Pixel 742, 96, 1, 1, 4.80374e+19
Pixel 743, 96, 1, 1, 4.80374e+19
Pixel 743, 97, 1, 1, 4.80374e+19
Pixel 742, 97, 1, 1, 4.80374e+19
--- pALPIDEfs_1 ---
Pixel 78, 303, 1, 1, 4.80374e+19
=== 613245 ===
--- pALPIDEfs_0 ---
Pixel 391, 52, 1, 1, 4.80374e+19
Pixel 391, 53, 1, 1, 4.80374e+19
Pixel 392, 52, 1, 1, 4.80374e+19
Pixel 392, 53, 1, 1, 4.80374e+19
=== 637633 ===
--- pALPIDEfs_1 ---
Pixel 893, 249, 1, 1, 4.80374e+19
Pixel 893, 250, 1, 1, 4.80374e+19
Pixel 894, 249, 1, 1, 4.80374e+19
Pixel 894, 250, 1, 1, 4.80374e+19
--- pALPIDEfs_2 ---
Pixel 505, 47, 1, 1, 4.80374e+19
=== 653677 ===
--- pALPIDEfs_3 ---
Pixel 505, 495, 1, 1, 4.80374e+19
--- pALPIDEfs_4 ---
Pixel 591, 343, 1, 1, 4.80374e+19
--- pALPIDEfs_5 ---
Pixel 648, 236, 1, 1, 4.80374e+19
Pixel 648, 237, 1, 1, 4.80374e+19
--- pALPIDEfs_6 ---
Pixel 759, 73, 1, 1, 4.80374e+19
=== 659456 ===
--- pALPIDEfs_2 ---
Pixel 868, 163, 1, 1, 4.80374e+19
=== 659964 ===
--- pALPIDEfs_3 ---
Pixel 135, 167, 1, 1, 4.80374e+19
Pixel 135, 168, 1, 1, 4.80374e+19
Pixel 136, 167, 1, 1, 4.80374e+19
Pixel 136, 168, 1, 1, 4.80374e+19
Pixel 137, 168, 1, 1, 4.80374e+19
Pixel 136, 169, 1, 1, 4.80374e+19
=== 687620 ===
--- pALPIDEfs_4 ---
Pixel 180, 52, 1, 1, 4.80374e+19
Pixel 180, 53, 1, 1, 4.80374e+19
=== 713760 ===
--- pALPIDEfs_4 ---
Pixel 76, 378, 1, 1, 4.80374e+19
=== 748905 ===
--- pALPIDEfs_5 ---
Pixel 128, 19, 1, 1, 4.80374e+19
Pixel 128, 20, 1, 1, 4.80374e+19
Pixel 129, 20, 1, 1, 4.80374e+19
Pixel 128, 21, 1, 1, 4.80374e+19
=== 750010 ===
--- pALPIDEfs_5 ---
Pixel 397, 483, 1, 1, 4.80374e+19
Pixel 396, 484, 1, 1, 4.80374e+19
Pixel 397, 484, 1, 1, 4.80374e+19
Pixel 397, 485, 1, 1, 4.80374e+19
Pixel 398, 483, 1, 1, 4.80374e+19
Pixel 398, 484, 1, 1, 4.80374e+19
Pixel 398, 485, 1, 1, 4.80374e+19
=== 764065 ===
--- pALPIDEfs_2 ---
Pixel 191, 163, 1, 1, 4.80374e+19
Pixel 191, 164, 1, 1, 4.80374e+19
Pixel 192, 163, 1, 1, 4.80374e+19
Pixel 192, 164, 1, 1, 4.80374e+19
=== 769698 ===
--- pALPIDEfs_6 ---
Pixel 358, 426, 1, 1, 4.80374e+19
Pixel 359, 426, 1, 1, 4.80374e+19
Pixel 360, 426, 1, 1, 4.80374e+19
=== 771898 ===
--- pALPIDEfs_1 ---
Pixel 662, 280, 1, 1, 4.80374e+19
Pixel 663, 280, 1, 1, 4.80374e+19
Pixel 663, 281, 1, 1, 4.80374e+19
--- pALPIDEfs_2 ---
Pixel 101, 366, 1, 1, 4.80374e+19
Pixel 101, 367, 1, 1, 4.80374e+19
Pixel 100, 368, 1, 1, 4.80374e+19
Pixel 101, 368, 1, 1, 4.80374e+19
Pixel 101, 369, 1, 1, 4.80374e+19
Pixel 100, 369, 1, 1, 4.80374e+19
Pixel 102, 366, 1, 1, 4.80374e+19
Pixel 102, 367, 1, 1, 4.80374e+19
=== 780530 ===
--- pALPIDEfs_3 ---
Pixel 317, 64, 1, 1, 4.80374e+19
Pixel 317, 65, 1, 1, 4.80374e+19
=== 792324 ===
--- pALPIDEfs_2 ---
Pixel 190, 474, 1, 1, 4.80374e+19
Pixel 191, 474, 1, 1, 4.80374e+19
Pixel 191, 475, 1, 1, 4.80374e+19
Pixel 190, 475, 1, 1, 4.80374e+19
=== 800858 ===
--- pALPIDEfs_3 ---
Pixel 25, 177, 1, 1, 4.80374e+19
Pixel 24, 177, 1, 1, 4.80374e+19
=== 803120 ===
--- pALPIDEfs_4 ---
Pixel 365, 356, 1, 1, 4.80374e+19
Pixel 367, 355, 1, 1, 4.80374e+19
Pixel 366, 355, 1, 1, 4.80374e+19
Pixel 366, 356, 1, 1, 4.80374e+19
Pixel 367, 356, 1, 1, 4.80374e+19
Pixel 369, 355, 1, 1, 4.80374e+19
Pixel 368, 355, 1, 1, 4.80374e+19
Pixel 368, 356, 1, 1, 4.80374e+19
Pixel 369, 356, 1, 1, 4.80374e+19
Pixel 370, 354, 1, 1, 4.80374e+19
Pixel 371, 354, 1, 1, 4.80374e+19
Pixel 371, 355, 1, 1, 4.80374e+19
Pixel 370, 355, 1, 1, 4.80374e+19
Pixel 372, 354, 1, 1, 4.80374e+19
Pixel 372, 355, 1, 1, 4.80374e+19
=== 812167 ===
--- pALPIDEfs_6 ---
Pixel 883, 182, 1, 1, 4.80374e+19
Pixel 884, 182, 1, 1, 4.80374e+19
=== 812491 ===
--- pALPIDEfs_4 ---
Pixel 626, 270, 1, 1, 4.80374e+19
Pixel 627, 270, 1, 1, 4.80374e+19
Pixel 627, 271, 1, 1, 4.80374e+19
=== 820396 ===
--- pALPIDEfs_6 ---
Pixel 153, 73, 1, 1, 4.80374e+19
Pixel 153, 74, 1, 1, 4.80374e+19
Pixel 153, 75, 1, 1, 4.80374e+19
Pixel 153, 76, 1, 1, 4.80374e+19
Pixel 154, 73, 1, 1, 4.80374e+19
Pixel 154, 74, 1, 1, 4.80374e+19
Pixel 154, 75, 1, 1, 4.80374e+19
=== 824579 ===
--- pALPIDEfs_4 ---
Pixel 214, 126, 1, 1, 4.80374e+19
Pixel 215, 126, 1, 1, 4.80374e+19
=== 828359 ===
--- pALPIDEfs_0 ---
Pixel 117, 271, 1, 1, 4.80374e+19
=== 830208 ===
--- pALPIDEfs_6 ---
Pixel 38, 315, 1, 1, 4.80374e+19
Pixel 38, 316, 1, 1, 4.80374e+19
=== 841463 ===
--- pALPIDEfs_0 ---
Pixel 362, 203, 1, 1, 4.80374e+19
Pixel 362, 204, 1, 1, 4.80374e+19
=== 868634 ===
--- pALPIDEfs_2 ---
Pixel 103, 71, 1, 1, 4.80374e+19
Pixel 103, 72, 1, 1, 4.80374e+19
Pixel 103, 73, 1, 1, 4.80374e+19
Pixel 104, 72, 1, 1, 4.80374e+19
Pixel 105, 72, 1, 1, 4.80374e+19
Pixel 105, 73, 1, 1, 4.80374e+19
Pixel 104, 73, 1, 1, 4.80374e+19
Pixel 105, 74, 1, 1, 4.80374e+19
Pixel 106, 72, 1, 1, 4.80374e+19
Pixel 106, 73, 1, 1, 4.80374e+19
=== 869462 ===
--- pALPIDEfs_5 ---
Pixel 135, 367, 1, 1, 4.80374e+19
Pixel 136, 367, 1, 1, 4.80374e+19
--- pALPIDEfs_6 ---
Pixel 51, 117, 1, 1, 4.80374e+19
Pixel 51, 118, 1, 1, 4.80374e+19
=== 881059 ===
--- pALPIDEfs_2 ---
Pixel 246, 260, 1, 1, 4.80374e+19
Pixel 247, 260, 1, 1, 4.80374e+19
Pixel 247, 261, 1, 1, 4.80374e+19
=== 881060 ===
--- pALPIDEfs_2 ---
Pixel 246, 260, 1, 1, 4.80374e+19
Pixel 247, 260, 1, 1, 4.80374e+19
=== 885223 ===
--- pALPIDEfs_4 ---
Pixel 613, 204, 1, 1, 4.80374e+19
Pixel 614, 204, 1, 1, 4.80374e+19
=== 888722 ===
--- pALPIDEfs_4 ---
Pixel 596, 423, 1, 1, 4.80374e+19
Pixel 596, 424, 1, 1, 4.80374e+19
Pixel 616, 442, 1, 1, 4.80374e+19
Pixel 617, 442, 1, 1, 4.80374e+19
Pixel 617, 443, 1, 1, 4.80374e+19
Pixel 616, 443, 1, 1, 4.80374e+19
Pixel 616, 444, 1, 1, 4.80374e+19
Pixel 617, 444, 1, 1, 4.80374e+19
Pixel 618, 443, 1, 1, 4.80374e+19
Pixel 618, 444, 1, 1, 4.80374e+19
Pixel 619, 445, 1, 1, 4.80374e+19
Pixel 618, 445, 1, 1, 4.80374e+19
Pixel 619, 446, 1, 1, 4.80374e+19
Pixel 620, 446, 1, 1, 4.80374e+19
=== 893324 ===
--- pALPIDEfs_5 ---
Pixel 66, 284, 1, 1, 4.80374e+19
=== 896692 ===
--- pALPIDEfs_0 ---
Pixel 362, 233, 1, 1, 4.80374e+19
Pixel 362, 234, 1, 1, 4.80374e+19
Pixel 363, 234, 1, 1, 4.80374e+19
--- pALPIDEfs_1 ---
Pixel 664, 323, 1, 1, 4.80374e+19
Pixel 664, 324, 1, 1, 4.80374e+19
--- pALPIDEfs_2 ---
Pixel 988, 305, 1, 1, 4.80374e+19
Pixel 988, 306, 1, 1, 4.80374e+19
=== 903415 ===
--- pALPIDEfs_4 ---
Pixel 839, 325, 1, 1, 4.80374e+19
Pixel 838, 325, 1, 1, 4.80374e+19
=== 923541 ===
--- pALPIDEfs_6 ---
Pixel 177, 479, 1, 1, 4.80374e+19
Pixel 177, 480, 1, 1, 4.80374e+19
Pixel 193, 486, 1, 1, 4.80374e+19
Pixel 194, 486, 1, 1, 4.80374e+19
Pixel 195, 486, 1, 1, 4.80374e+19
Pixel 194, 487, 1, 1, 4.80374e+19
=== 923812 ===
--- pALPIDEfs_2 ---
Pixel 261, 442, 1, 1, 4.80374e+19
Pixel 291, 412, 1, 1, 4.80374e+19
Pixel 291, 413, 1, 1, 4.80374e+19
=== 932824 ===
--- pALPIDEfs_4 ---
Pixel 551, 110, 1, 1, 4.80374e+19
Pixel 551, 111, 1, 1, 4.80374e+19
Pixel 552, 110, 1, 1, 4.80374e+19
Pixel 552, 111, 1, 1, 4.80374e+19
--- pALPIDEfs_5 ---
Pixel 110, 470, 1, 1, 4.80374e+19
=== 934034 ===
--- pALPIDEfs_2 ---
Pixel 840, 242, 1, 1, 4.80374e+19
Pixel 840, 243, 1, 1, 4.80374e+19
Pixel 840, 244, 1, 1, 4.80374e+19
=== 940505 ===
--- pALPIDEfs_4 ---
Pixel 913, 297, 1, 1, 4.80374e+19
Pixel 912, 297, 1, 1, 4.80374e+19
Pixel 912, 298, 1, 1, 4.80374e+19
Pixel 913, 298, 1, 1, 4.80374e+19
Pixel 915, 295, 1, 1, 4.80374e+19
Pixel 914, 296, 1, 1, 4.80374e+19
Pixel 915, 296, 1, 1, 4.80374e+19
Pixel 915, 297, 1, 1, 4.80374e+19
Pixel 914, 297, 1, 1, 4.80374e+19
Pixel 917, 294, 1, 1, 4.80374e+19
Pixel 917, 295, 1, 1, 4.80374e+19
Pixel 916, 295, 1, 1, 4.80374e+19
Pixel 916, 296, 1, 1, 4.80374e+19
Pixel 918, 294, 1, 1, 4.80374e+19
Pixel 919, 294, 1, 1, 4.80374e+19
=== 949392 ===
--- pALPIDEfs_2 ---
Pixel 349, 81, 1, 1, 4.80374e+19
Pixel 349, 82, 1, 1, 4.80374e+19
Pixel 349, 83, 1, 1, 4.80374e+19
Pixel 348, 83, 1, 1, 4.80374e+19
Pixel 348, 84, 1, 1, 4.80374e+19
Pixel 349, 84, 1, 1, 4.80374e+19
Pixel 349, 85, 1, 1, 4.80374e+19
Pixel 350, 81, 1, 1, 4.80374e+19
Pixel 350, 82, 1, 1, 4.80374e+19
=== 950540 ===
--- pALPIDEfs_2 ---
Pixel 991, 148, 1, 1, 4.80374e+19
Pixel 991, 149, 1, 1, 4.80374e+19
Pixel 992, 148, 1, 1, 4.80374e+19
Pixel 992, 149, 1, 1, 4.80374e+19
=== 962176 ===
--- pALPIDEfs_5 ---
Pixel 535, 255, 1, 1, 4.80374e+19
Pixel 535, 256, 1, 1, 4.80374e+19
Pixel 536, 255, 1, 1, 4.80374e+19
=== 975261 ===
--- pALPIDEfs_6 ---
Pixel 299, 503, 1, 1, 4.80374e+19
Pixel 298, 503, 1, 1, 4.80374e+19
Pixel 298, 504, 1, 1, 4.80374e+19
Pixel 299, 504, 1, 1, 4.80374e+19
=== 983333 ===
--- pALPIDEfs_3 ---
Pixel 735, 237, 1, 1, 4.80374e+19
Pixel 734, 240, 1, 1, 4.80374e+19
Pixel 736, 236, 1, 1, 4.80374e+19
=== 999491 ===
--- pALPIDEfs_2 ---
Pixel 938, 240, 1, 1, 4.80374e+19
Pixel 939, 240, 1, 1, 4.80374e+19
Pixel 939, 241, 1, 1, 4.80374e+19
Pixel 938, 241, 1, 1, 4.80374e+19
=== 999950 ===
--- pALPIDEfs_4 ---
Pixel 855, 362, 1, 1, 4.80374e+19
Pixel 855, 363, 1, 1, 4.80374e+19
=== 999951 ===
--- pALPIDEfs_4 ---
Pixel 855, 362, 1, 1, 4.80374e+19
Pixel 855, 363, 1, 1, 4.80374e+19
=== 1034372 ===
--- pALPIDEfs_5 ---
Pixel 693, 399, 1, 1, 4.80374e+19
=== 1050059 ===
--- pALPIDEfs_3 ---
Pixel 278, 460, 1, 1, 4.80374e+19
Pixel 278, 461, 1, 1, 4.80374e+19
=== 1053293 ===
--- pALPIDEfs_4 ---
Pixel 293, 170, 1, 1, 4.80374e+19
=== 1089445 ===
--- pALPIDEfs_5 ---
Pixel 109, 83, 1, 1, 4.80374e+19
Pixel 110, 82, 1, 1, 4.80374e+19
Pixel 110, 83, 1, 1, 4.80374e+19
=== 1137207 ===
--- pALPIDEfs_5 ---
Pixel 938, 252, 1, 1, 4.80374e+19
=== 1168345 ===
--- pALPIDEfs_2 ---
Pixel 314, 2, 1, 1, 4.80374e+19
=== 1178358 ===
--- pALPIDEfs_0 ---
Pixel 40, 214, 1, 1, 4.80374e+19
Pixel 40, 215, 1, 1, 4.80374e+19
=== 1189957 ===
--- pALPIDEfs_5 ---
Pixel 390, 176, 1, 1, 4.80374e+19
Pixel 391, 177, 1, 1, 4.80374e+19
Pixel 390, 177, 1, 1, 4.80374e+19
--- pALPIDEfs_6 ---
Pixel 941, 196, 1, 1, 4.80374e+19
=== 1193217 ===
--- pALPIDEfs_0 ---
Pixel 918, 342, 1, 1, 4.80374e+19
Pixel 919, 342, 1, 1, 4.80374e+19
Pixel 919, 343, 1, 1, 4.80374e+19
Pixel 918, 343, 1, 1, 4.80374e+19
=== 1195805 ===
--- pALPIDEfs_5 ---
Pixel 713, 126, 1, 1, 4.80374e+19
Pixel 714, 125, 1, 1, 4.80374e+19
Pixel 714, 126, 1, 1, 4.80374e+19
Pixel 715, 126, 1, 1, 4.80374e+19
Pixel 715, 127, 1, 1, 4.80374e+19
Pixel 714, 127, 1, 1, 4.80374e+19
=== 1213385 ===
--- pALPIDEfs_4 ---
Pixel 661, 322, 1, 1, 4.80374e+19
--- pALPIDEfs_5 ---
Pixel 740, 98, 1, 1, 4.80374e+19
Pixel 741, 98, 1, 1, 4.80374e+19
Pixel 741, 99, 1, 1, 4.80374e+19
Pixel 740, 99, 1, 1, 4.80374e+19
=== 1219784 ===
--- pALPIDEfs_0 ---
Pixel 349, 427, 1, 1, 4.80374e+19
Pixel 348, 427, 1, 1, 4.80374e+19
Pixel 348, 428, 1, 1, 4.80374e+19
Pixel 349, 428, 1, 1, 4.80374e+19
=== 1232413 ===
--- pALPIDEfs_4 ---
Pixel 904, 284, 1, 1, 4.80374e+19
Pixel 905, 284, 1, 1, 4.80374e+19
Pixel 905, 285, 1, 1, 4.80374e+19
Pixel 904, 285, 1, 1, 4.80374e+19
Pixel 904, 286, 1, 1, 4.80374e+19
Pixel 905, 286, 1, 1, 4.80374e+19
=== 1237502 ===
--- pALPIDEfs_5 ---
Pixel 828, 236, 1, 1, 4.80374e+19
Pixel 829, 236, 1, 1, 4.80374e+19
Pixel 829, 237, 1, 1, 4.80374e+19
Pixel 828, 237, 1, 1, 4.80374e+19
=== 1253003 ===
--- pALPIDEfs_3 ---
Pixel 731, 283, 1, 1, 4.80374e+19
Pixel 732, 283, 1, 1, 4.80374e+19
=== 1282229 ===
--- pALPIDEfs_3 ---
Pixel 809, 273, 1, 1, 4.80374e+19
Pixel 809, 274, 1, 1, 4.80374e+19
Pixel 809, 275, 1, 1, 4.80374e+19
Pixel 811, 273, 1, 1, 4.80374e+19
Pixel 810, 273, 1, 1, 4.80374e+19
Pixel 810, 274, 1, 1, 4.80374e+19
Pixel 811, 274, 1, 1, 4.80374e+19
Pixel 810, 275, 1, 1, 4.80374e+19
=== 1288517 ===
--- pALPIDEfs_4 ---
Pixel 881, 147, 1, 1, 4.80374e+19
Pixel 882, 146, 1, 1, 4.80374e+19
Pixel 882, 147, 1, 1, 4.80374e+19
=== 1291079 ===
--- pALPIDEfs_1 ---
Pixel 821, 470, 1, 1, 4.80374e+19
Pixel 821, 471, 1, 1, 4.80374e+19
=== 1295064 ===
--- pALPIDEfs_6 ---
Pixel 256, 206, 1, 1, 4.80374e+19
Pixel 256, 207, 1, 1, 4.80374e+19
=== 1295262 ===
--- pALPIDEfs_3 ---
Pixel 119, 72, 1, 1, 4.80374e+19
Pixel 120, 72, 1, 1, 4.80374e+19
=== 1327808 ===
--- pALPIDEfs_1 ---
Pixel 113, 237, 1, 1, 4.80374e+19
Pixel 113, 238, 1, 1, 4.80374e+19
=== 1344424 ===
--- pALPIDEfs_2 ---
Pixel 736, 32, 1, 1, 4.80374e+19
Pixel 736, 33, 1, 1, 4.80374e+19
=== 1344425 ===
--- pALPIDEfs_2 ---
Pixel 736, 32, 1, 1, 4.80374e+19
Pixel 736, 33, 1, 1, 4.80374e+19
=== 1357560 ===
--- pALPIDEfs_1 ---
Pixel 746, 274, 1, 1, 4.80374e+19
Pixel 747, 274, 1, 1, 4.80374e+19
=== 1393625 ===
--- pALPIDEfs_2 ---
Pixel 947, 119, 1, 1, 4.80374e+19
--- pALPIDEfs_3 ---
Pixel 555, 109, 1, 1, 4.80374e+19
Pixel 554, 109, 1, 1, 4.80374e+19
Pixel 555, 110, 1, 1, 4.80374e+19
=== 1420173 ===
--- pALPIDEfs_1 ---
Pixel 169, 285, 1, 1, 4.80374e+19
Pixel 168, 285, 1, 1, 4.80374e+19
Pixel 168, 286, 1, 1, 4.80374e+19
Pixel 169, 286, 1, 1, 4.80374e+19
Pixel 169, 287, 1, 1, 4.80374e+19
=== 1436543 ===
--- pALPIDEfs_4 ---
Pixel 115, 483, 1, 1, 4.80374e+19
Pixel 115, 484, 1, 1, 4.80374e+19
=== 1437489 ===
--- pALPIDEfs_6 ---
Pixel 729, 434, 1, 1, 4.80374e+19
Pixel 730, 434, 1, 1, 4.80374e+19
Pixel 730, 435, 1, 1, 4.80374e+19
=== 1472789 ===
--- pALPIDEfs_2 ---
Pixel 629, 498, 1, 1, 4.80374e+19
Pixel 629, 499, 1, 1, 4.80374e+19
Pixel 630, 498, 1, 1, 4.80374e+19
Pixel 630, 499, 1, 1, 4.80374e+19
=== 1497414 ===
--- pALPIDEfs_1 ---
Pixel 881, 48, 1, 1, 4.80374e+19
Pixel 881, 49, 1, 1, 4.80374e+19
=== 1515760 ===
--- pALPIDEfs_3 ---
Pixel 295, 268, 1, 1, 4.80374e+19
Pixel 295, 269, 1, 1, 4.80374e+19
Pixel 294, 269, 1, 1, 4.80374e+19
--- pALPIDEfs_4 ---
Pixel 696, 290, 1, 1, 4.80374e+19
Pixel 697, 291, 1, 1, 4.80374e+19
Pixel 696, 291, 1, 1, 4.80374e+19
=== 1531230 ===
--- pALPIDEfs_6 ---
Pixel 128, 330, 1, 1, 4.80374e+19
Pixel 129, 330, 1, 1, 4.80374e+19
Pixel 129, 331, 1, 1, 4.80374e+19
Pixel 128, 331, 1, 1, 4.80374e+19
=== 1549818 ===
--- pALPIDEfs_0 ---
Pixel 23, 410, 1, 1, 4.80374e+19
Pixel 23, 411, 1, 1, 4.80374e+19
Pixel 24, 410, 1, 1, 4.80374e+19
Pixel 24, 411, 1, 1, 4.80374e+19
Pixel 62, 441, 1, 1, 4.80374e+19
=== 1563374 ===
--- pALPIDEfs_3 ---
Pixel 115, 477, 1, 1, 4.80374e+19
Pixel 114, 477, 1, 1, 4.80374e+19
Pixel 114, 478, 1, 1, 4.80374e+19
Pixel 115, 478, 1, 1, 4.80374e+19
=== 1568469 ===
--- pALPIDEfs_2 ---
Pixel 623, 335, 1, 1, 4.80374e+19
Pixel 624, 335, 1, 1, 4.80374e+19
Pixel 624, 336, 1, 1, 4.80374e+19
=== 1586160 ===
--- pALPIDEfs_5 ---
Pixel 115, 127, 1, 1, 4.80374e+19
Pixel 114, 127, 1, 1, 4.80374e+19
Pixel 117, 127, 1, 1, 4.80374e+19
Pixel 116, 127, 1, 1, 4.80374e+19
Pixel 116, 128, 1, 1, 4.80374e+19
Pixel 117, 128, 1, 1, 4.80374e+19
Pixel 118, 128, 1, 1, 4.80374e+19
Pixel 119, 128, 1, 1, 4.80374e+19
Pixel 119, 129, 1, 1, 4.80374e+19
Pixel 121, 129, 1, 1, 4.80374e+19
Pixel 120, 129, 1, 1, 4.80374e+19
Pixel 121, 130, 1, 1, 4.80374e+19
Pixel 122, 129, 1, 1, 4.80374e+19
Pixel 122, 130, 1, 1, 4.80374e+19
Pixel 123, 130, 1, 1, 4.80374e+19
=== 1586632 ===
--- pALPIDEfs_0 ---
Pixel 528, 291, 1, 1, 4.80374e+19
Pixel 528, 292, 1, 1, 4.80374e+19
=== 1610915 ===
--- pALPIDEfs_3 ---
Pixel 778, 109, 1, 1, 4.80374e+19
Pixel 778, 110, 1, 1, 4.80374e+19
--- pALPIDEfs_4 ---
Pixel 859, 215, 1, 1, 4.80374e+19
Pixel 858, 215, 1, 1, 4.80374e+19
--- pALPIDEfs_5 ---
Pixel 909, 363, 1, 1, 4.80374e+19
--- pALPIDEfs_6 ---
Pixel 1013, 457, 1, 1, 4.80374e+19
Pixel 1013, 458, 1, 1, 4.80374e+19
Pixel 1014, 457, 1, 1, 4.80374e+19
Pixel 1014, 458, 1, 1, 4.80374e+19
=== 1633883 ===
--- pALPIDEfs_5 ---
Pixel 47, 462, 1, 1, 4.80374e+19
Pixel 47, 463, 1, 1, 4.80374e+19
Pixel 46, 463, 1, 1, 4.80374e+19
Pixel 46, 464, 1, 1, 4.80374e+19
Pixel 47, 464, 1, 1, 4.80374e+19
Pixel 46, 465, 1, 1, 4.80374e+19
=== 1634091 ===
--- pALPIDEfs_1 ---
Pixel 416, 79, 1, 1, 4.80374e+19
--- pALPIDEfs_2 ---
Pixel 207, 162, 1, 1, 4.80374e+19
Pixel 207, 163, 1, 1, 4.80374e+19
Pixel 208, 162, 1, 1, 4.80374e+19
Pixel 208, 163, 1, 1, 4.80374e+19
=== 1634448 ===
--- pALPIDEfs_3 ---
Pixel 557, 180, 1, 1, 4.80374e+19
=== 1638007 ===
--- pALPIDEfs_1 ---
Pixel 537, 219, 1, 1, 4.80374e+19
Pixel 537, 220, 1, 1, 4.80374e+19
=== 1671473 ===
--- pALPIDEfs_4 ---
Pixel 533, 55, 1, 1, 4.80374e+19
Pixel 533, 56, 1, 1, 4.80374e+19
Pixel 534, 55, 1, 1, 4.80374e+19
Pixel 534, 56, 1, 1, 4.80374e+19
=== 1679530 ===
--- pALPIDEfs_4 ---
Pixel 878, 352, 1, 1, 4.80374e+19
Pixel 879, 352, 1, 1, 4.80374e+19
Pixel 879, 353, 1, 1, 4.80374e+19
Pixel 878, 353, 1, 1, 4.80374e+19
=== 1694221 ===
--- pALPIDEfs_0 ---
Pixel 565, 210, 1, 1, 4.80374e+19
Pixel 566, 210, 1, 1, 4.80374e+19
--- pALPIDEfs_1 ---
Pixel 556, 367, 1, 1, 4.80374e+19
=== 1717981 ===
--- pALPIDEfs_5 ---
Pixel 971, 498, 1, 1, 4.80374e+19
=== 1723254 ===
--- pALPIDEfs_3 ---
Pixel 651, 220, 1, 1, 4.80374e+19
Pixel 651, 221, 1, 1, 4.80374e+19
Pixel 651, 222, 1, 1, 4.80374e+19
Pixel 652, 220, 1, 1, 4.80374e+19
Pixel 652, 221, 1, 1, 4.80374e+19
=== 1735113 ===
--- pALPIDEfs_6 ---
Pixel 101, 65, 1, 1, 4.80374e+19
=== 1735114 ===
--- pALPIDEfs_6 ---
Pixel 101, 65, 1, 1, 4.80374e+19
=== 1738522 ===
--- pALPIDEfs_0 ---
Pixel 807, 385, 1, 1, 4.80374e+19
Pixel 806, 385, 1, 1, 4.80374e+19
Pixel 807, 386, 1, 1, 4.80374e+19
=== 1769211 ===
--- pALPIDEfs_5 ---
Pixel 359, 364, 1, 1, 4.80374e+19
Pixel 359, 365, 1, 1, 4.80374e+19
Pixel 359, 366, 1, 1, 4.80374e+19
Pixel 360, 364, 1, 1, 4.80374e+19
Pixel 360, 365, 1, 1, 4.80374e+19
=== 1769354 ===
--- pALPIDEfs_4 ---
Pixel 721, 375, 1, 1, 4.80374e+19
Pixel 722, 375, 1, 1, 4.80374e+19
--- pALPIDEfs_5 ---
Pixel 588, 263, 1, 1, 4.80374e+19
--- pALPIDEfs_6 ---
Pixel 506, 94, 1, 1, 4.80374e+19
Pixel 507, 95, 1, 1, 4.80374e+19
Pixel 506, 95, 1, 1, 4.80374e+19
=== 1776775 ===
--- pALPIDEfs_3 ---
Pixel 67, 253, 1, 1, 4.80374e+19
Pixel 67, 254, 1, 1, 4.80374e+19
Pixel 68, 253, 1, 1, 4.80374e+19
Pixel 68, 254, 1, 1, 4.80374e+19
=== 1776776 ===
--- pALPIDEfs_1 ---
Pixel 512, 318, 1, 1, 4.80374e+19
Pixel 513, 318, 1, 1, 4.80374e+19
Pixel 513, 319, 1, 1, 4.80374e+19
Pixel 514, 318, 1, 1, 4.80374e+19
Pixel 515, 318, 1, 1, 4.80374e+19
Pixel 515, 319, 1, 1, 4.80374e+19
Pixel 514, 319, 1, 1, 4.80374e+19
=== 1822778 ===
--- pALPIDEfs_5 ---
Pixel 111, 252, 1, 1, 4.80374e+19
Pixel 112, 252, 1, 1, 4.80374e+19
Pixel 112, 253, 1, 1, 4.80374e+19
=== 1827388 ===
--- pALPIDEfs_5 ---
Pixel 947, 415, 1, 1, 4.80374e+19
Pixel 947, 416, 1, 1, 4.80374e+19
=== 1835509 ===
--- pALPIDEfs_3 ---
Pixel 573, 305, 1, 1, 4.80374e+19
Pixel 572, 306, 1, 1, 4.80374e+19
Pixel 573, 306, 1, 1, 4.80374e+19
Pixel 573, 307, 1, 1, 4.80374e+19
Pixel 574, 305, 1, 1, 4.80374e+19
Pixel 574, 306, 1, 1, 4.80374e+19
=== 1858608 ===
--- pALPIDEfs_0 ---
Pixel 264, 254, 1, 1, 4.80374e+19
Pixel 265, 254, 1, 1, 4.80374e+19
Pixel 265, 255, 1, 1, 4.80374e+19
Pixel 264, 255, 1, 1, 4.80374e+19
Pixel 266, 254, 1, 1, 4.80374e+19
Pixel 266, 255, 1, 1, 4.80374e+19
=== 1863156 ===
--- pALPIDEfs_2 ---
Pixel 794, 290, 1, 1, 4.80374e+19
Pixel 795, 290, 1, 1, 4.80374e+19
Pixel 796, 290, 1, 1, 4.80374e+19
=== 1864245 ===
--- pALPIDEfs_6 ---
Pixel 135, 428, 1, 1, 4.80374e+19
Pixel 135, 429, 1, 1, 4.80374e+19
=== 1876946 ===
--- pALPIDEfs_6 ---
Pixel 234, 269, 1, 1, 4.80374e+19
Pixel 234, 270, 1, 1, 4.80374e+19
=== 1886379 ===
--- pALPIDEfs_2 ---
Pixel 941, 469, 1, 1, 4.80374e+19
Pixel 940, 470, 1, 1, 4.80374e+19
Pixel 941, 470, 1, 1, 4.80374e+19
Pixel 941, 471, 1, 1, 4.80374e+19
Pixel 940, 471, 1, 1, 4.80374e+19
Pixel 940, 472, 1, 1, 4.80374e+19
Pixel 941, 472, 1, 1, 4.80374e+19
Pixel 940, 473, 1, 1, 4.80374e+19
=== 1900660 ===
--- pALPIDEfs_6 ---
Pixel 525, 93, 1, 1, 4.80374e+19
Pixel 525, 94, 1, 1, 4.80374e+19
Pixel 526, 94, 1, 1, 4.80374e+19
=== 1919440 ===
--- pALPIDEfs_0 ---
Pixel 818, 180, 1, 1, 4.80374e+19
Pixel 819, 180, 1, 1, 4.80374e+19
Pixel 818, 181, 1, 1, 4.80374e+19
Pixel 820, 175, 1, 1, 4.80374e+19
Pixel 820, 176, 1, 1, 4.80374e+19
Pixel 820, 177, 1, 1, 4.80374e+19
=== 1935575 ===
--- pALPIDEfs_4 ---
Pixel 428, 106, 1, 1, 4.80374e+19
=== 1944652 ===
--- pALPIDEfs_1 ---
Pixel 196, 508, 1, 1, 4.80374e+19
Pixel 197, 508, 1, 1, 4.80374e+19
=== 1957138 ===
--- pALPIDEfs_6 ---
Pixel 122, 264, 1, 1, 4.80374e+19
Pixel 122, 265, 1, 1, 4.80374e+19
Pixel 122, 266, 1, 1, 4.80374e+19
Pixel 122, 267, 1, 1, 4.80374e+19
=== 1961796 ===
--- pALPIDEfs_1 ---
Pixel 521, 470, 1, 1, 4.80374e+19
Pixel 522, 470, 1, 1, 4.80374e+19
=== 1964093 ===
--- pALPIDEfs_2 ---
Pixel 480, 321, 1, 1, 4.80374e+19
Pixel 480, 322, 1, 1, 4.80374e+19
=== 1971835 ===
--- pALPIDEfs_1 ---
Pixel 107, 409, 1, 1, 4.80374e+19
Pixel 108, 409, 1, 1, 4.80374e+19
=== 1980831 ===
--- pALPIDEfs_0 ---
Pixel 337, 273, 1, 1, 4.80374e+19
Pixel 336, 273, 1, 1, 4.80374e+19
Pixel 336, 274, 1, 1, 4.80374e+19
Pixel 337, 274, 1, 1, 4.80374e+19
=== 1987090 ===
--- pALPIDEfs_2 ---
Pixel 620, 214, 1, 1, 4.80374e+19
Pixel 621, 214, 1, 1, 4.80374e+19
Pixel 621, 215, 1, 1, 4.80374e+19
Pixel 620, 215, 1, 1, 4.80374e+19
Pixel 620, 216, 1, 1, 4.80374e+19
Pixel 621, 216, 1, 1, 4.80374e+19
Pixel 622, 214, 1, 1, 4.80374e+19
Pixel 622, 215, 1, 1, 4.80374e+19
Pixel 622, 216, 1, 1, 4.80374e+19
=== 1988911 ===
--- pALPIDEfs_0 ---
Pixel 529, 168, 1, 1, 4.80374e+19
Pixel 529, 169, 1, 1, 4.80374e+19
Pixel 530, 168, 1, 1, 4.80374e+19
=== 1992732 ===
--- pALPIDEfs_0 ---
Pixel 288, 79, 1, 1, 4.80374e+19
Pixel 659, 263, 1, 1, 4.80374e+19
Pixel 658, 264, 1, 1, 4.80374e+19
Pixel 659, 264, 1, 1, 4.80374e+19
=== 1995963 ===
--- pALPIDEfs_1 ---
Pixel 706, 248, 1, 1, 4.80374e+19
Pixel 706, 249, 1, 1, 4.80374e+19
=== 2017466 ===
--- pALPIDEfs_5 ---
Pixel 135, 306, 1, 1, 4.80374e+19
--- pALPIDEfs_6 ---
Pixel 732, 318, 1, 1, 4.80374e+19
Pixel 733, 318, 1, 1, 4.80374e+19
=== 2040191 ===
--- pALPIDEfs_4 ---
Pixel 182, 16, 1, 1, 4.80374e+19
Pixel 183, 16, 1, 1, 4.80374e+19
Pixel 183, 17, 1, 1, 4.80374e+19
Pixel 182, 17, 1, 1, 4.80374e+19
Pixel 182, 18, 1, 1, 4.80374e+19
=== 2058945 ===
--- pALPIDEfs_2 ---
Pixel 643, 487, 1, 1, 4.80374e+19
=== 2058998 ===
--- pALPIDEfs_1 ---
Pixel 628, 392, 1, 1, 4.80374e+19
Pixel 629, 392, 1, 1, 4.80374e+19
Pixel 629, 393, 1, 1, 4.80374e+19
Pixel 628, 393, 1, 1, 4.80374e+19
Pixel 629, 394, 1, 1, 4.80374e+19
Pixel 630, 393, 1, 1, 4.80374e+19
=== 2078676 ===
--- pALPIDEfs_1 ---
Pixel 749, 255, 1, 1, 4.80374e+19
Pixel 748, 255, 1, 1, 4.80374e+19
Pixel 748, 256, 1, 1, 4.80374e+19
=== 2093580 ===
--- pALPIDEfs_1 ---
Pixel 526, 452, 1, 1, 4.80374e+19
=== 2097341 ===
--- pALPIDEfs_5 ---
Pixel 928, 168, 1, 1, 4.80374e+19
Pixel 929, 168, 1, 1, 4.80374e+19
Pixel 929, 169, 1, 1, 4.80374e+19
Pixel 928, 169, 1, 1, 4.80374e+19
=== 2099618 ===
--- pALPIDEfs_4 ---
Pixel 138, 480, 1, 1, 4.80374e+19
Pixel 139, 480, 1, 1, 4.80374e+19
--- pALPIDEfs_5 ---
Pixel 708, 200, 1, 1, 4.80374e+19
=== 2100113 ===
--- pALPIDEfs_0 ---
Pixel 943, 298, 1, 1, 4.80374e+19
--- pALPIDEfs_1 ---
Pixel 1009, 377, 1, 1, 4.80374e+19
=== 2120729 ===
--- pALPIDEfs_5 ---
Pixel 31, 116, 1, 1, 4.80374e+19
Pixel 31, 117, 1, 1, 4.80374e+19
Pixel 31, 118, 1, 1, 4.80374e+19
Pixel 32, 116, 1, 1, 4.80374e+19
Pixel 32, 117, 1, 1, 4.80374e+19
Pixel 32, 118, 1, 1, 4.80374e+19
=== 2135716 ===
--- pALPIDEfs_6 ---
Pixel 392, 499, 1, 1, 4.80374e+19
Pixel 392, 500, 1, 1, 4.80374e+19
Pixel 393, 500, 1, 1, 4.80374e+19
Pixel 393, 501, 1, 1, 4.80374e+19
Pixel 394, 501, 1, 1, 4.80374e+19
Pixel 394, 502, 1, 1, 4.80374e+19
Pixel 395, 502, 1, 1, 4.80374e+19
Pixel 395, 503, 1, 1, 4.80374e+19
Pixel 394, 503, 1, 1, 4.80374e+19
=== 2142860 ===
--- pALPIDEfs_6 ---
Pixel 407, 164, 1, 1, 4.80374e+19
Pixel 409, 163, 1, 1, 4.80374e+19
Pixel 408, 163, 1, 1, 4.80374e+19
Pixel 408, 164, 1, 1, 4.80374e+19
Pixel 409, 164, 1, 1, 4.80374e+19
Pixel 410, 163, 1, 1, 4.80374e+19
Pixel 410, 164, 1, 1, 4.80374e+19
=== 2142983 ===
--- pALPIDEfs_1 ---
Pixel 411, 352, 1, 1, 4.80374e+19
=== 2156085 ===
--- pALPIDEfs_6 ---
Pixel 448, 109, 1, 1, 4.80374e+19
Pixel 448, 110, 1, 1, 4.80374e+19
=== 2184849 ===
--- pALPIDEfs_1 ---
Pixel 312, 296, 1, 1, 4.80374e+19
=== 2208065 ===
--- pALPIDEfs_1 ---
Pixel 540, 219, 1, 1, 4.80374e+19
Pixel 540, 220, 1, 1, 4.80374e+19
=== 2228508 ===
--- pALPIDEfs_6 ---
Pixel 869, 475, 1, 1, 4.80374e+19
Pixel 868, 476, 1, 1, 4.80374e+19
Pixel 869, 476, 1, 1, 4.80374e+19
Pixel 869, 477, 1, 1, 4.80374e+19
Pixel 868, 477, 1, 1, 4.80374e+19
Pixel 868, 478, 1, 1, 4.80374e+19
Pixel 871, 473, 1, 1, 4.80374e+19
Pixel 870, 474, 1, 1, 4.80374e+19
Pixel 871, 474, 1, 1, 4.80374e+19
Pixel 870, 475, 1, 1, 4.80374e+19
=== 2265689 ===
--- pALPIDEfs_0 ---
Pixel 958, 402, 1, 1, 4.80374e+19
=== 2276473 ===
--- pALPIDEfs_0 ---
Pixel 789, 371, 1, 1, 4.80374e+19
Pixel 790, 370, 1, 1, 4.80374e+19
Pixel 791, 371, 1, 1, 4.80374e+19
Pixel 790, 371, 1, 1, 4.80374e+19
Pixel 790, 372, 1, 1, 4.80374e+19
=== 2310739 ===
--- pALPIDEfs_1 ---
Pixel 328, 454, 1, 1, 4.80374e+19
Pixel 329, 454, 1, 1, 4.80374e+19
Pixel 328, 455, 1, 1, 4.80374e+19
=== 2356345 ===
--- pALPIDEfs_5 ---
Pixel 165, 88, 1, 1, 4.80374e+19
Pixel 165, 89, 1, 1, 4.80374e+19
=== 2366431 ===
--- pALPIDEfs_3 ---
Pixel 557, 180, 1, 1, 4.80374e+19
=== 2375786 ===
--- pALPIDEfs_0 ---
Pixel 79, 125, 1, 1, 4.80374e+19
Pixel 78, 125, 1, 1, 4.80374e+19
Pixel 78, 126, 1, 1, 4.80374e+19
Pixel 79, 126, 1, 1, 4.80374e+19
=== 2389067 ===
--- pALPIDEfs_0 ---
Pixel 531, 262, 1, 1, 4.80374e+19
Pixel 531, 263, 1, 1, 4.80374e+19
--- pALPIDEfs_1 ---
Pixel 731, 113, 1, 1, 4.80374e+19
Pixel 731, 114, 1, 1, 4.80374e+19
=== 2393868 ===
--- pALPIDEfs_6 ---
Pixel 913, 204, 1, 1, 4.80374e+19
=== 2407223 ===
--- pALPIDEfs_6 ---
Pixel 523, 222, 1, 1, 4.80374e+19
Pixel 523, 223, 1, 1, 4.80374e+19
Pixel 524, 222, 1, 1, 4.80374e+19
Pixel 524, 223, 1, 1, 4.80374e+19
=== 2421107 ===
--- pALPIDEfs_3 ---
Pixel 557, 180, 1, 1, 4.80374e+19
=== 2501953 ===
--- pALPIDEfs_5 ---
Pixel 113, 167, 1, 1, 4.80374e+19
=== 2504158 ===
--- pALPIDEfs_2 ---
Pixel 383, 293, 1, 1, 4.80374e+19
Pixel 382, 294, 1, 1, 4.80374e+19
Pixel 383, 294, 1, 1, 4.80374e+19
Pixel 383, 295, 1, 1, 4.80374e+19
=== 2508048 ===
--- pALPIDEfs_6 ---
Pixel 355, 262, 1, 1, 4.80374e+19
Pixel 355, 263, 1, 1, 4.80374e+19
=== 2514429 ===
--- pALPIDEfs_1 ---
Pixel 119, 2, 1, 1, 4.80374e+19
Pixel 119, 3, 1, 1, 4.80374e+19
--- pALPIDEfs_2 ---
Pixel 371, 254, 1, 1, 4.80374e+19
Pixel 371, 255, 1, 1, 4.80374e+19
Pixel 372, 254, 1, 1, 4.80374e+19
Pixel 372, 255, 1, 1, 4.80374e+19
=== 2527065 ===
--- pALPIDEfs_3 ---
Pixel 413, 240, 1, 1, 4.80374e+19
=== 2534370 ===
--- pALPIDEfs_3 ---
Pixel 1020, 271, 1, 1, 4.80374e+19
=== 2535337 ===
--- pALPIDEfs_4 ---
Pixel 643, 155, 1, 1, 4.80374e+19
Pixel 642, 155, 1, 1, 4.80374e+19
Pixel 642, 156, 1, 1, 4.80374e+19
Pixel 643, 156, 1, 1, 4.80374e+19
--- pALPIDEfs_5 ---
Pixel 33, 313, 1, 1, 4.80374e+19
Pixel 34, 313, 1, 1, 4.80374e+19
=== 2547229 ===
--- pALPIDEfs_2 ---
Pixel 292, 201, 1, 1, 4.80374e+19
Pixel 292, 202, 1, 1, 4.80374e+19
--- pALPIDEfs_3 ---
Pixel 995, 145, 1, 1, 4.80374e+19
Pixel 996, 145, 1, 1, 4.80374e+19
=== 2554854 ===
--- pALPIDEfs_0 ---
Pixel 299, 93, 1, 1, 4.80374e+19
Pixel 299, 94, 1, 1, 4.80374e+19
=== 2564815 ===
--- pALPIDEfs_1 ---
Pixel 497, 381, 1, 1, 4.80374e+19
Pixel 497, 382, 1, 1, 4.80374e+19
Pixel 498, 381, 1, 1, 4.80374e+19
Pixel 498, 382, 1, 1, 4.80374e+19
=== 2570943 ===
--- pALPIDEfs_5 ---
Pixel 426, 154, 1, 1, 4.80374e+19
Pixel 427, 154, 1, 1, 4.80374e+19
Pixel 427, 155, 1, 1, 4.80374e+19
Pixel 426, 155, 1, 1, 4.80374e+19
=== 2593990 ===
--- pALPIDEfs_5 ---
Pixel 433, 505, 1, 1, 4.80374e+19
Pixel 432, 505, 1, 1, 4.80374e+19
Pixel 432, 506, 1, 1, 4.80374e+19
Pixel 433, 507, 1, 1, 4.80374e+19
Pixel 432, 507, 1, 1, 4.80374e+19
=== 2601170 ===
--- pALPIDEfs_5 ---
Pixel 173, 473, 1, 1, 4.80374e+19
Pixel 173, 474, 1, 1, 4.80374e+19
=== 2626121 ===
--- pALPIDEfs_3 ---
Pixel 681, 411, 1, 1, 4.80374e+19
Pixel 681, 412, 1, 1, 4.80374e+19
=== 2659825 ===
--- pALPIDEfs_1 ---
Pixel 684, 390, 1, 1, 4.80374e+19
Pixel 685, 391, 1, 1, 4.80374e+19
Pixel 684, 391, 1, 1, 4.80374e+19
Pixel 684, 392, 1, 1, 4.80374e+19
Pixel 685, 392, 1, 1, 4.80374e+19
Pixel 686, 391, 1, 1, 4.80374e+19
Pixel 686, 392, 1, 1, 4.80374e+19
Pixel 687, 392, 1, 1, 4.80374e+19
Pixel 688, 392, 1, 1, 4.80374e+19
=== 2705294 ===
--- pALPIDEfs_0 ---
Pixel 141, 452, 1, 1, 4.80374e+19
Pixel 142, 451, 1, 1, 4.80374e+19
Pixel 142, 452, 1, 1, 4.80374e+19
=== 2726766 ===
--- pALPIDEfs_1 ---
Pixel 903, 416, 1, 1, 4.80374e+19
Pixel 903, 417, 1, 1, 4.80374e+19
Pixel 904, 416, 1, 1, 4.80374e+19
=== 2730855 ===
--- pALPIDEfs_1 ---
Pixel 561, 313, 1, 1, 4.80374e+19
Pixel 561, 314, 1, 1, 4.80374e+19
Pixel 562, 313, 1, 1, 4.80374e+19
=== 2735809 ===
--- pALPIDEfs_5 ---
Pixel 391, 43, 1, 1, 4.80374e+19
Pixel 391, 44, 1, 1, 4.80374e+19
Pixel 391, 45, 1, 1, 4.80374e+19
Pixel 392, 43, 1, 1, 4.80374e+19
Pixel 392, 44, 1, 1, 4.80374e+19
Pixel 392, 45, 1, 1, 4.80374e+19
=== 2752541 ===
--- pALPIDEfs_5 ---
Pixel 556, 322, 1, 1, 4.80374e+19
Pixel 557, 322, 1, 1, 4.80374e+19
=== 2759549 ===
--- pALPIDEfs_4 ---
Pixel 3, 376, 1, 1, 4.80374e+19
Pixel 3, 377, 1, 1, 4.80374e+19
Pixel 3, 378, 1, 1, 4.80374e+19
Pixel 3, 379, 1, 1, 4.80374e+19
Pixel 2, 379, 1, 1, 4.80374e+19
Pixel 2, 380, 1, 1, 4.80374e+19
Pixel 3, 380, 1, 1, 4.80374e+19
Pixel 3, 381, 1, 1, 4.80374e+19
Pixel 2, 381, 1, 1, 4.80374e+19
Pixel 4, 377, 1, 1, 4.80374e+19
Pixel 4, 378, 1, 1, 4.80374e+19
Pixel 4, 379, 1, 1, 4.80374e+19
=== 2761655 ===
--- pALPIDEfs_0 ---
Pixel 323, 258, 1, 1, 4.80374e+19
=== 2763034 ===
--- pALPIDEfs_2 ---
Pixel 15, 55, 1, 1, 4.80374e+19
Pixel 14, 55, 1, 1, 4.80374e+19
=== 2763726 ===
--- pALPIDEfs_0 ---
Pixel 409, 404, 1, 1, 4.80374e+19
Pixel 409, 405, 1, 1, 4.80374e+19
Pixel 409, 406, 1, 1, 4.80374e+19
Pixel 409, 408, 1, 1, 4.80374e+19
Pixel 409, 409, 1, 1, 4.80374e+19
Pixel 410, 409, 1, 1, 4.80374e+19
--- pALPIDEfs_1 ---
Pixel 188, 189, 1, 1, 4.80374e+19
Pixel 188, 190, 1, 1, 4.80374e+19
=== 2769578 ===
--- pALPIDEfs_1 ---
Pixel 813, 500, 1, 1, 4.80374e+19
Pixel 813, 501, 1, 1, 4.80374e+19
=== 2769887 ===
--- pALPIDEfs_3 ---
Pixel 214, 440, 1, 1, 4.80374e+19
Pixel 215, 440, 1, 1, 4.80374e+19
Pixel 215, 441, 1, 1, 4.80374e+19
Pixel 214, 441, 1, 1, 4.80374e+19
--- pALPIDEfs_4 ---
Pixel 326, 155, 1, 1, 4.80374e+19
Pixel 326, 156, 1, 1, 4.80374e+19
=== 2774479 ===
--- pALPIDEfs_5 ---
Pixel 673, 452, 1, 1, 4.80374e+19
Pixel 673, 453, 1, 1, 4.80374e+19
Pixel 674, 451, 1, 1, 4.80374e+19
Pixel 674, 452, 1, 1, 4.80374e+19
=== 2786983 ===
--- pALPIDEfs_3 ---
Pixel 748, 438, 1, 1, 4.80374e+19
--- pALPIDEfs_4 ---
Pixel 746, 172, 1, 1, 4.80374e+19
Pixel 747, 172, 1, 1, 4.80374e+19
Pixel 746, 173, 1, 1, 4.80374e+19
=== 2794432 ===
--- pALPIDEfs_1 ---
Pixel 131, 347, 1, 1, 4.80374e+19
Pixel 131, 348, 1, 1, 4.80374e+19
Pixel 132, 347, 1, 1, 4.80374e+19
=== 2808122 ===
--- pALPIDEfs_5 ---
Pixel 999, 251, 1, 1, 4.80374e+19
Pixel 998, 251, 1, 1, 4.80374e+19
=== 2828702 ===
--- pALPIDEfs_3 ---
Pixel 358, 424, 1, 1, 4.80374e+19
Pixel 359, 424, 1, 1, 4.80374e+19
Pixel 359, 425, 1, 1, 4.80374e+19
Pixel 358, 425, 1, 1, 4.80374e+19
=== 2840767 ===
--- pALPIDEfs_0 ---
Pixel 395, 319, 1, 1, 4.80374e+19
Pixel 395, 320, 1, 1, 4.80374e+19
Pixel 396, 319, 1, 1, 4.80374e+19
Pixel 396, 320, 1, 1, 4.80374e+19
=== 2846013 ===
--- pALPIDEfs_5 ---
Pixel 759, 432, 1, 1, 4.80374e+19
Pixel 759, 433, 1, 1, 4.80374e+19
Pixel 760, 432, 1, 1, 4.80374e+19
Pixel 760, 433, 1, 1, 4.80374e+19
--- pALPIDEfs_6 ---
Pixel 742, 175, 1, 1, 4.80374e+19
=== 2854315 ===
--- pALPIDEfs_6 ---
Pixel 352, 236, 1, 1, 4.80374e+19
Pixel 353, 236, 1, 1, 4.80374e+19
Pixel 353, 237, 1, 1, 4.80374e+19
Pixel 352, 237, 1, 1, 4.80374e+19
Pixel 354, 236, 1, 1, 4.80374e+19
Pixel 355, 237, 1, 1, 4.80374e+19
Pixel 354, 237, 1, 1, 4.80374e+19
Pixel 357, 239, 1, 1, 4.80374e+19
Pixel 357, 240, 1, 1, 4.80374e+19
Pixel 358, 239, 1, 1, 4.80374e+19
Pixel 358, 240, 1, 1, 4.80374e+19
Pixel 358, 241, 1, 1, 4.80374e+19
=== 2897369 ===
--- pALPIDEfs_2 ---
Pixel 258, 461, 1, 1, 4.80374e+19
Pixel 258, 462, 1, 1, 4.80374e+19
--- pALPIDEfs_3 ---
Pixel 422, 375, 1, 1, 4.80374e+19
--- pALPIDEfs_4 ---
Pixel 608, 276, 1, 1, 4.80374e+19
Pixel 608, 277, 1, 1, 4.80374e+19
--- pALPIDEfs_5 ---
Pixel 763, 223, 1, 1, 4.80374e+19
Pixel 764, 223, 1, 1, 4.80374e+19
--- pALPIDEfs_6 ---
Pixel 975, 113, 1, 1, 4.80374e+19
Pixel 974, 113, 1, 1, 4.80374e+19
Pixel 974, 114, 1, 1, 4.80374e+19
=== 2906503 ===
--- pALPIDEfs_4 ---
Pixel 424, 111, 1, 1, 4.80374e+19
--- pALPIDEfs_5 ---
Pixel 108, 463, 1, 1, 4.80374e+19
Pixel 108, 464, 1, 1, 4.80374e+19
=== 2936480 ===
--- pALPIDEfs_5 ---
Pixel 173, 67, 1, 1, 4.80374e+19
Pixel 173, 68, 1, 1, 4.80374e+19
--- pALPIDEfs_6 ---
Pixel 346, 161, 1, 1, 4.80374e+19
Pixel 346, 162, 1, 1, 4.80374e+19
=== 2965336 ===
--- pALPIDEfs_0 ---
Pixel 517, 255, 1, 1, 4.80374e+19
=== 2977833 ===
--- pALPIDEfs_0 ---
Pixel 665, 164, 1, 1, 4.80374e+19
Pixel 665, 165, 1, 1, 4.80374e+19
=== 2980850 ===
--- pALPIDEfs_2 ---
Pixel 410, 462, 1, 1, 4.80374e+19
Pixel 410, 463, 1, 1, 4.80374e+19
=== 2984853 ===
--- pALPIDEfs_4 ---
Pixel 157, 394, 1, 1, 4.80374e+19
Pixel 157, 395, 1, 1, 4.80374e+19
Pixel 157, 396, 1, 1, 4.80374e+19
Pixel 157, 397, 1, 1, 4.80374e+19
Pixel 158, 395, 1, 1, 4.80374e+19
Pixel 158, 396, 1, 1, 4.80374e+19
Pixel 158, 397, 1, 1, 4.80374e+19
=== 2987499 ===
--- pALPIDEfs_1 ---
Pixel 633, 369, 1, 1, 4.80374e+19
Pixel 632, 369, 1, 1, 4.80374e+19
Pixel 632, 370, 1, 1, 4.80374e+19
Pixel 633, 370, 1, 1, 4.80374e+19
=== 2995706 ===
--- pALPIDEfs_3 ---
Pixel 649, 321, 1, 1, 4.80374e+19
=== 3003275 ===
--- pALPIDEfs_0 ---
Pixel 223, 163, 1, 1, 4.80374e+19
Pixel 223, 164, 1, 1, 4.80374e+19
Pixel 224, 165, 1, 1, 4.80374e+19
Pixel 224, 166, 1, 1, 4.80374e+19
Pixel 225, 166, 1, 1, 4.80374e+19
Pixel 225, 167, 1, 1, 4.80374e+19
Pixel 224, 167, 1, 1, 4.80374e+19
=== 3022043 ===
--- pALPIDEfs_1 ---
Pixel 330, 161, 1, 1, 4.80374e+19
--- pALPIDEfs_2 ---
Pixel 620, 240, 1, 1, 4.80374e+19
Pixel 620, 241, 1, 1, 4.80374e+19
--- pALPIDEfs_3 ---
Pixel 913, 390, 1, 1, 4.80374e+19
=== 3044933 ===
--- pALPIDEfs_4 ---
Pixel 761, 149, 1, 1, 4.80374e+19
Pixel 761, 150, 1, 1, 4.80374e+19
Pixel 762, 148, 1, 1, 4.80374e+19
Pixel 762, 149, 1, 1, 4.80374e+19
Pixel 762, 150, 1, 1, 4.80374e+19
=== 3085536 ===
--- pALPIDEfs_0 ---
Pixel 153, 177, 1, 1, 4.80374e+19
Pixel 154, 177, 1, 1, 4.80374e+19
=== 3092694 ===
--- pALPIDEfs_4 ---
Pixel 392, 12, 1, 1, 4.80374e+19
Pixel 393, 12, 1, 1, 4.80374e+19
=== 3102704 ===
--- pALPIDEfs_4 ---
Pixel 73, 433, 1, 1, 4.80374e+19
Pixel 72, 434, 1, 1, 4.80374e+19
Pixel 73, 434, 1, 1, 4.80374e+19
Pixel 74, 433, 1, 1, 4.80374e+19
Pixel 74, 434, 1, 1, 4.80374e+19
=== 3127319 ===
--- pALPIDEfs_1 ---
Pixel 623, 120, 1, 1, 4.80374e+19
Pixel 623, 121, 1, 1, 4.80374e+19
Pixel 624, 120, 1, 1, 4.80374e+19
Pixel 624, 121, 1, 1, 4.80374e+19
=== 3153380 ===
--- pALPIDEfs_5 ---
Pixel 690, 216, 1, 1, 4.80374e+19
Pixel 691, 216, 1, 1, 4.80374e+19
Pixel 691, 217, 1, 1, 4.80374e+19
Pixel 690, 217, 1, 1, 4.80374e+19
=== 3167287 ===
--- pALPIDEfs_0 ---
Pixel 100, 390, 1, 1, 4.80374e+19
Pixel 101, 390, 1, 1, 4.80374e+19
Pixel 101, 391, 1, 1, 4.80374e+19
Pixel 100, 391, 1, 1, 4.80374e+19
Pixel 101, 392, 1, 1, 4.80374e+19
Pixel 102, 392, 1, 1, 4.80374e+19
Pixel 103, 392, 1, 1, 4.80374e+19
Pixel 103, 393, 1, 1, 4.80374e+19
Pixel 102, 393, 1, 1, 4.80374e+19
Pixel 103, 394, 1, 1, 4.80374e+19
Pixel 104, 393, 1, 1, 4.80374e+19
Pixel 104, 394, 1, 1, 4.80374e+19
--- pALPIDEfs_1 ---
Pixel 139, 310, 1, 1, 4.80374e+19
Pixel 139, 311, 1, 1, 4.80374e+19
=== 3168169 ===
--- pALPIDEfs_3 ---
Pixel 265, 244, 1, 1, 4.80374e+19
Pixel 265, 245, 1, 1, 4.80374e+19
=== 3187101 ===
--- pALPIDEfs_2 ---
Pixel 881, 10, 1, 1, 4.80374e+19
Pixel 881, 11, 1, 1, 4.80374e+19
Pixel 882, 10, 1, 1, 4.80374e+19
Pixel 883, 11, 1, 1, 4.80374e+19
Pixel 882, 11, 1, 1, 4.80374e+19
Pixel 882, 12, 1, 1, 4.80374e+19
Pixel 883, 12, 1, 1, 4.80374e+19
=== 3191820 ===
--- pALPIDEfs_3 ---
Pixel 433, 113, 1, 1, 4.80374e+19
Pixel 433, 114, 1, 1, 4.80374e+19
=== 3222935 ===
--- pALPIDEfs_0 ---
Pixel 274, 34, 1, 1, 4.80374e+19
--- pALPIDEfs_1 ---
Pixel 674, 408, 1, 1, 4.80374e+19
Pixel 675, 408, 1, 1, 4.80374e+19
=== 3234125 ===
--- pALPIDEfs_3 ---
Pixel 426, 70, 1, 1, 4.80374e+19
Pixel 427, 70, 1, 1, 4.80374e+19
Pixel 427, 71, 1, 1, 4.80374e+19
Pixel 426, 71, 1, 1, 4.80374e+19
Pixel 426, 72, 1, 1, 4.80374e+19
Pixel 427, 72, 1, 1, 4.80374e+19
Pixel 427, 73, 1, 1, 4.80374e+19
Pixel 426, 73, 1, 1, 4.80374e+19
=== 3255968 ===
--- pALPIDEfs_5 ---
Pixel 709, 207, 1, 1, 4.80374e+19
Pixel 708, 207, 1, 1, 4.80374e+19
Pixel 710, 207, 1, 1, 4.80374e+19
=== 3259405 ===
--- pALPIDEfs_1 ---
Pixel 261, 263, 1, 1, 4.80374e+19
Pixel 262, 263, 1, 1, 4.80374e+19
--- pALPIDEfs_2 ---
Pixel 523, 398, 1, 1, 4.80374e+19
Pixel 523, 399, 1, 1, 4.80374e+19
Pixel 524, 399, 1, 1, 4.80374e+19
--- pALPIDEfs_3 ---
Pixel 937, 319, 1, 1, 4.80374e+19
Pixel 937, 320, 1, 1, 4.80374e+19
Pixel 938, 319, 1, 1, 4.80374e+19
Pixel 938, 320, 1, 1, 4.80374e+19
--- pALPIDEfs_5 ---
Pixel 908, 94, 1, 1, 4.80374e+19
Pixel 908, 95, 1, 1, 4.80374e+19
--- pALPIDEfs_6 ---
Pixel 710, 61, 1, 1, 4.80374e+19
Pixel 710, 62, 1, 1, 4.80374e+19
=== 3276309 ===
--- pALPIDEfs_2 ---
Pixel 256, 496, 1, 1, 4.80374e+19
=== 3277668 ===
--- pALPIDEfs_4 ---
Pixel 628, 4, 1, 1, 4.80374e+19
--- pALPIDEfs_5 ---
Pixel 588, 254, 1, 1, 4.80374e+19
Pixel 589, 254, 1, 1, 4.80374e+19
Pixel 589, 255, 1, 1, 4.80374e+19
Pixel 588, 255, 1, 1, 4.80374e+19
Pixel 588, 256, 1, 1, 4.80374e+19
Pixel 589, 256, 1, 1, 4.80374e+19
Pixel 590, 254, 1, 1, 4.80374e+19
Pixel 590, 255, 1, 1, 4.80374e+19
=== 3279187 ===
--- pALPIDEfs_3 ---
Pixel 979, 71, 1, 1, 4.80374e+19
Pixel 979, 72, 1, 1, 4.80374e+19
--- pALPIDEfs_4 ---
Pixel 478, 206, 1, 1, 4.80374e+19
Pixel 479, 206, 1, 1, 4.80374e+19
Pixel 479, 207, 1, 1, 4.80374e+19
Pixel 478, 207, 1, 1, 4.80374e+19
=== 3327100 ===
--- pALPIDEfs_2 ---
Pixel 801, 211, 1, 1, 4.80374e+19
Pixel 800, 212, 1, 1, 4.80374e+19
Pixel 801, 212, 1, 1, 4.80374e+19
=== 3350669 ===
--- pALPIDEfs_5 ---
Pixel 148, 176, 1, 1, 4.80374e+19
Pixel 149, 176, 1, 1, 4.80374e+19
Pixel 149, 177, 1, 1, 4.80374e+19
=== 3365159 ===
--- pALPIDEfs_6 ---
Pixel 751, 251, 1, 1, 4.80374e+19
Pixel 751, 252, 1, 1, 4.80374e+19
Pixel 752, 251, 1, 1, 4.80374e+19
=== 3424853 ===
--- pALPIDEfs_0 ---
Pixel 843, 44, 1, 1, 4.80374e+19
Pixel 843, 45, 1, 1, 4.80374e+19
Pixel 842, 46, 1, 1, 4.80374e+19
Pixel 843, 46, 1, 1, 4.80374e+19
Pixel 844, 45, 1, 1, 4.80374e+19
Pixel 844, 46, 1, 1, 4.80374e+19
=== 3429071 ===
--- pALPIDEfs_5 ---
Pixel 936, 318, 1, 1, 4.80374e+19
=== 3445774 ===
--- pALPIDEfs_5 ---
Pixel 194, 278, 1, 1, 4.80374e+19
Pixel 195, 278, 1, 1, 4.80374e+19
Pixel 195, 279, 1, 1, 4.80374e+19
Pixel 194, 279, 1, 1, 4.80374e+19
--- pALPIDEfs_6 ---
Pixel 502, 164, 1, 1, 4.80374e+19
=== 3448235 ===
--- pALPIDEfs_6 ---
Pixel 73, 63, 1, 1, 4.80374e+19
Pixel 73, 64, 1, 1, 4.80374e+19
=== 3451649 ===
--- pALPIDEfs_2 ---
Pixel 401, 195, 1, 1, 4.80374e+19
Pixel 401, 196, 1, 1, 4.80374e+19
Pixel 403, 193, 1, 1, 4.80374e+19
Pixel 402, 194, 1, 1, 4.80374e+19
Pixel 403, 194, 1, 1, 4.80374e+19
Pixel 402, 195, 1, 1, 4.80374e+19
Pixel 402, 196, 1, 1, 4.80374e+19
Pixel 402, 197, 1, 1, 4.80374e+19
=== 3474842 ===
--- pALPIDEfs_5 ---
Pixel 909, 101, 1, 1, 4.80374e+19
Pixel 909, 102, 1, 1, 4.80374e+19
Pixel 910, 101, 1, 1, 4.80374e+19
Pixel 910, 102, 1, 1, 4.80374e+19
--- pALPIDEfs_6 ---
Pixel 59, 253, 1, 1, 4.80374e+19
Pixel 58, 253, 1, 1, 4.80374e+19
=== 3484176 ===
--- pALPIDEfs_3 ---
Pixel 561, 434, 1, 1, 4.80374e+19
Pixel 561, 435, 1, 1, 4.80374e+19
Pixel 562, 434, 1, 1, 4.80374e+19
Pixel 562, 435, 1, 1, 4.80374e+19
Pixel 562, 436, 1, 1, 4.80374e+19
=== 3487076 ===
--- pALPIDEfs_5 ---
Pixel 1022, 447, 1, 1, 4.80374e+19
Pixel 1022, 448, 1, 1, 4.80374e+19
=== 3497288 ===
--- pALPIDEfs_4 ---
Pixel 589, 211, 1, 1, 4.80374e+19
Pixel 590, 211, 1, 1, 4.80374e+19
Pixel 590, 212, 1, 1, 4.80374e+19
=== 3516404 ===
--- pALPIDEfs_0 ---
Pixel 993, 330, 1, 1, 4.80374e+19
=== 3533755 ===
--- pALPIDEfs_3 ---
Pixel 279, 137, 1, 1, 4.80374e+19
Pixel 279, 138, 1, 1, 4.80374e+19
Pixel 280, 137, 1, 1, 4.80374e+19
Pixel 280, 138, 1, 1, 4.80374e+19
=== 3538473 ===
--- pALPIDEfs_4 ---
Pixel 624, 332, 1, 1, 4.80374e+19
=== 3568111 ===
--- pALPIDEfs_0 ---
Pixel 935, 188, 1, 1, 4.80374e+19
=== 3588428 ===
--- pALPIDEfs_0 ---
Pixel 419, 7, 1, 1, 4.80374e+19
Pixel 420, 6, 1, 1, 4.80374e+19
Pixel 420, 7, 1, 1, 4.80374e+19
=== 3595768 ===
--- pALPIDEfs_3 ---
Pixel 676, 120, 1, 1, 4.80374e+19
Pixel 677, 120, 1, 1, 4.80374e+19
Pixel 677, 121, 1, 1, 4.80374e+19
=== 3597359 ===
--- pALPIDEfs_4 ---
Pixel 436, 384, 1, 1, 4.80374e+19
Pixel 437, 384, 1, 1, 4.80374e+19
=== 3612265 ===
--- pALPIDEfs_3 ---
Pixel 897, 144, 1, 1, 4.80374e+19
Pixel 897, 145, 1, 1, 4.80374e+19
Pixel 898, 144, 1, 1, 4.80374e+19
Pixel 898, 145, 1, 1, 4.80374e+19
=== 3634896 ===
--- pALPIDEfs_4 ---
Pixel 689, 165, 1, 1, 4.80374e+19
Pixel 689, 166, 1, 1, 4.80374e+19
Pixel 690, 165, 1, 1, 4.80374e+19
Pixel 690, 166, 1, 1, 4.80374e+19
Pixel 690, 167, 1, 1, 4.80374e+19
=== 3635351 ===
--- pALPIDEfs_3 ---
Pixel 269, 98, 1, 1, 4.80374e+19
Pixel 269, 99, 1, 1, 4.80374e+19
Pixel 270, 98, 1, 1, 4.80374e+19
Pixel 271, 98, 1, 1, 4.80374e+19
Pixel 271, 99, 1, 1, 4.80374e+19
Pixel 270, 99, 1, 1, 4.80374e+19
=== 3666694 ===
--- pALPIDEfs_3 ---
Pixel 10, 80, 1, 1, 4.80374e+19
Pixel 11, 80, 1, 1, 4.80374e+19
Pixel 11, 81, 1, 1, 4.80374e+19
Pixel 10, 81, 1, 1, 4.80374e+19
--- pALPIDEfs_4 ---
Pixel 694, 378, 1, 1, 4.80374e+19
Pixel 695, 378, 1, 1, 4.80374e+19
=== 3666890 ===
--- pALPIDEfs_0 ---
Pixel 536, 308, 1, 1, 4.80374e+19
Pixel 536, 309, 1, 1, 4.80374e+19
=== 3683372 ===
--- pALPIDEfs_2 ---
Pixel 679, 427, 1, 1, 4.80374e+19
Pixel 680, 427, 1, 1, 4.80374e+19
=== 3688455 ===
--- pALPIDEfs_0 ---
Pixel 469, 127, 1, 1, 4.80374e+19
Pixel 469, 128, 1, 1, 4.80374e+19
Pixel 470, 127, 1, 1, 4.80374e+19
Pixel 470, 128, 1, 1, 4.80374e+19
--- pALPIDEfs_1 ---
Pixel 963, 112, 1, 1, 4.80374e+19
Pixel 964, 112, 1, 1, 4.80374e+19
=== 3688456 ===
--- pALPIDEfs_0 ---
Pixel 469, 127, 1, 1, 4.80374e+19
Pixel 470, 128, 1, 1, 4.80374e+19
--- pALPIDEfs_1 ---
Pixel 963, 112, 1, 1, 4.80374e+19
Pixel 964, 112, 1, 1, 4.80374e+19
=== 3692455 ===
--- pALPIDEfs_3 ---
Pixel 560, 481, 1, 1, 4.80374e+19
Pixel 560, 482, 1, 1, 4.80374e+19
=== 3707214 ===
--- pALPIDEfs_1 ---
Pixel 137, 454, 1, 1, 4.80374e+19
Pixel 137, 455, 1, 1, 4.80374e+19
=== 3707813 ===
--- pALPIDEfs_3 ---
Pixel 413, 488, 1, 1, 4.80374e+19
Pixel 413, 489, 1, 1, 4.80374e+19
Pixel 414, 488, 1, 1, 4.80374e+19
Pixel 414, 489, 1, 1, 4.80374e+19
=== 3714624 ===
--- pALPIDEfs_0 ---
Pixel 239, 142, 1, 1, 4.80374e+19
=== 3728491 ===
--- pALPIDEfs_6 ---
Pixel 710, 256, 1, 1, 4.80374e+19
=== 3755703 ===
--- pALPIDEfs_6 ---
Pixel 965, 133, 1, 1, 4.80374e+19
Pixel 965, 134, 1, 1, 4.80374e+19
Pixel 966, 133, 1, 1, 4.80374e+19
Pixel 966, 134, 1, 1, 4.80374e+19
Pixel 967, 134, 1, 1, 4.80374e+19
=== 3765782 ===
--- pALPIDEfs_0 ---
Pixel 235, 503, 1, 1, 4.80374e+19
Pixel 236, 502, 1, 1, 4.80374e+19
Pixel 237, 502, 1, 1, 4.80374e+19
Pixel 236, 503, 1, 1, 4.80374e+19
Pixel 249, 497, 1, 1, 4.80374e+19
Pixel 248, 497, 1, 1, 4.80374e+19
--- pALPIDEfs_2 ---
Pixel 193, 341, 1, 1, 4.80374e+19
Pixel 192, 341, 1, 1, 4.80374e+19
--- pALPIDEfs_3 ---
Pixel 328, 124, 1, 1, 4.80374e+19
Pixel 329, 124, 1, 1, 4.80374e+19
=== 3775151 ===
--- pALPIDEfs_2 ---
Pixel 465, 59, 1, 1, 4.80374e+19
Pixel 466, 58, 1, 1, 4.80374e+19
Pixel 466, 59, 1, 1, 4.80374e+19
Pixel 466, 60, 1, 1, 4.80374e+19
=== 3777816 ===
--- pALPIDEfs_6 ---
Pixel 799, 37, 1, 1, 4.80374e+19
Pixel 798, 37, 1, 1, 4.80374e+19
Pixel 799, 38, 1, 1, 4.80374e+19
Pixel 953, 147, 1, 1, 4.80374e+19
Pixel 952, 147, 1, 1, 4.80374e+19
Pixel 952, 148, 1, 1, 4.80374e+19
Pixel 953, 148, 1, 1, 4.80374e+19
=== 3778811 ===
--- pALPIDEfs_1 ---
Pixel 0, 500, 1, 1, 4.80374e+19
Pixel 1, 500, 1, 1, 4.80374e+19
=== 3783362 ===
--- pALPIDEfs_1 ---
Pixel 380, 8, 1, 1, 4.80374e+19
Pixel 380, 9, 1, 1, 4.80374e+19
=== 3801220 ===
--- pALPIDEfs_1 ---
Pixel 680, 8, 1, 1, 4.80374e+19
=== 3810348 ===
--- pALPIDEfs_5 ---
Pixel 376, 48, 1, 1, 4.80374e+19
Pixel 377, 48, 1, 1, 4.80374e+19
Pixel 377, 49, 1, 1, 4.80374e+19
Pixel 376, 49, 1, 1, 4.80374e+19
=== 3816131 ===
--- pALPIDEfs_0 ---
Pixel 273, 159, 1, 1, 4.80374e+19
Pixel 274, 159, 1, 1, 4.80374e+19
=== 3822943 ===
--- pALPIDEfs_4 ---
Pixel 705, 463, 1, 1, 4.80374e+19
Pixel 704, 463, 1, 1, 4.80374e+19
Pixel 706, 463, 1, 1, 4.80374e+19
=== 3832637 ===
--- pALPIDEfs_3 ---
Pixel 141, 318, 1, 1, 4.80374e+19
=== 3886512 ===
--- pALPIDEfs_0 ---
Pixel 581, 263, 1, 1, 4.80374e+19
--- pALPIDEfs_1 ---
Pixel 881, 349, 1, 1, 4.80374e+19
Pixel 882, 349, 1, 1, 4.80374e+19
=== 3891252 ===
--- pALPIDEfs_6 ---
Pixel 225, 365, 1, 1, 4.80374e+19
=== 3905599 ===
--- pALPIDEfs_6 ---
Pixel 179, 172, 1, 1, 4.80374e+19
Pixel 180, 172, 1, 1, 4.80374e+19
Pixel 181, 172, 1, 1, 4.80374e+19
=== 3922016 ===
--- pALPIDEfs_2 ---
Pixel 250, 305, 1, 1, 4.80374e+19
Pixel 250, 306, 1, 1, 4.80374e+19
Pixel 251, 306, 1, 1, 4.80374e+19
Pixel 251, 307, 1, 1, 4.80374e+19
Pixel 252, 307, 1, 1, 4.80374e+19
Pixel 254, 311, 1, 1, 4.80374e+19
Pixel 254, 312, 1, 1, 4.80374e+19
Pixel 255, 312, 1, 1, 4.80374e+19
Pixel 255, 313, 1, 1, 4.80374e+19
=== 3924094 ===
--- pALPIDEfs_4 ---
Pixel 693, 421, 1, 1, 4.80374e+19
Pixel 694, 421, 1, 1, 4.80374e+19
=== 3937211 ===
--- pALPIDEfs_5 ---
Pixel 311, 98, 1, 1, 4.80374e+19
Pixel 311, 99, 1, 1, 4.80374e+19
Pixel 312, 98, 1, 1, 4.80374e+19
=== 3946212 ===
--- pALPIDEfs_0 ---
Pixel 879, 123, 1, 1, 4.80374e+19
Pixel 880, 123, 1, 1, 4.80374e+19
Pixel 880, 124, 1, 1, 4.80374e+19
=== 3946488 ===
--- pALPIDEfs_3 ---
Pixel 860, 340, 1, 1, 4.80374e+19
Pixel 861, 340, 1, 1, 4.80374e+19
Pixel 861, 341, 1, 1, 4.80374e+19
Pixel 860, 341, 1, 1, 4.80374e+19
=== 3949250 ===
--- pALPIDEfs_5 ---
Pixel 981, 253, 1, 1, 4.80374e+19
Pixel 980, 254, 1, 1, 4.80374e+19
Pixel 981, 254, 1, 1, 4.80374e+19
Pixel 981, 255, 1, 1, 4.80374e+19
Pixel 980, 255, 1, 1, 4.80374e+19
Pixel 982, 253, 1, 1, 4.80374e+19
Pixel 982, 254, 1, 1, 4.80374e+19
=== 3951255 ===
--- pALPIDEfs_1 ---
Pixel 526, 362, 1, 1, 4.80374e+19
Pixel 527, 362, 1, 1, 4.80374e+19
Pixel 527, 363, 1, 1, 4.80374e+19
Pixel 526, 363, 1, 1, 4.80374e+19
Pixel 526, 364, 1, 1, 4.80374e+19
--- pALPIDEfs_2 ---
Pixel 185, 502, 1, 1, 4.80374e+19
Pixel 185, 503, 1, 1, 4.80374e+19
=== 3963314 ===
--- pALPIDEfs_3 ---
Pixel 49, 106, 1, 1, 4.80374e+19
Pixel 50, 106, 1, 1, 4.80374e+19
=== 3965531 ===
--- pALPIDEfs_1 ---
Pixel 71, 180, 1, 1, 4.80374e+19
Pixel 71, 181, 1, 1, 4.80374e+19
Pixel 72, 180, 1, 1, 4.80374e+19
Pixel 72, 181, 1, 1, 4.80374e+19
Pixel 72, 182, 1, 1, 4.80374e+19
Pixel 73, 182, 1, 1, 4.80374e+19
Pixel 73, 183, 1, 1, 4.80374e+19
Pixel 72, 183, 1, 1, 4.80374e+19
Pixel 73, 184, 1, 1, 4.80374e+19
Pixel 75, 183, 1, 1, 4.80374e+19
Pixel 74, 183, 1, 1, 4.80374e+19
Pixel 74, 184, 1, 1, 4.80374e+19
Pixel 75, 184, 1, 1, 4.80374e+19
=== 3975942 ===
--- pALPIDEfs_4 ---
Pixel 373, 352, 1, 1, 4.80374e+19
Pixel 373, 353, 1, 1, 4.80374e+19
Pixel 373, 354, 1, 1, 4.80374e+19
Pixel 374, 352, 1, 1, 4.80374e+19
Pixel 374, 353, 1, 1, 4.80374e+19
=== 3985801 ===
--- pALPIDEfs_5 ---
Pixel 308, 38, 1, 1, 4.80374e+19
Pixel 309, 38, 1, 1, 4.80374e+19
--- pALPIDEfs_6 ---
Pixel 525, 190, 1, 1, 4.80374e+19
Pixel 525, 191, 1, 1, 4.80374e+19
=== 4000023 ===
--- pALPIDEfs_3 ---
Pixel 371, 297, 1, 1, 4.80374e+19
Pixel 371, 298, 1, 1, 4.80374e+19
Pixel 372, 297, 1, 1, 4.80374e+19
Pixel 372, 298, 1, 1, 4.80374e+19
=== 4002887 ===
--- pALPIDEfs_6 ---
Pixel 423, 223, 1, 1, 4.80374e+19
Pixel 422, 224, 1, 1, 4.80374e+19
Pixel 423, 224, 1, 1, 4.80374e+19
Pixel 424, 224, 1, 1, 4.80374e+19
=== 4005049 ===
--- pALPIDEfs_5 ---
Pixel 154, 99, 1, 1, 4.80374e+19
Pixel 154, 100, 1, 1, 4.80374e+19
Pixel 155, 100, 1, 1, 4.80374e+19
=== 4013062 ===
--- pALPIDEfs_3 ---
Pixel 691, 315, 1, 1, 4.80374e+19
Pixel 692, 315, 1, 1, 4.80374e+19
Pixel 692, 316, 1, 1, 4.80374e+19
=== 4031572 ===
--- pALPIDEfs_3 ---
Pixel 199, 509, 1, 1, 4.80374e+19
Pixel 198, 509, 1, 1, 4.80374e+19
Pixel 198, 510, 1, 1, 4.80374e+19
Pixel 199, 510, 1, 1, 4.80374e+19
--- pALPIDEfs_4 ---
Pixel 105, 393, 1, 1, 4.80374e+19
Pixel 105, 394, 1, 1, 4.80374e+19
Pixel 106, 393, 1, 1, 4.80374e+19
Pixel 106, 394, 1, 1, 4.80374e+19
=== 4047742 ===
--- pALPIDEfs_3 ---
Pixel 243, 67, 1, 1, 4.80374e+19
Pixel 243, 68, 1, 1, 4.80374e+19
Pixel 244, 67, 1, 1, 4.80374e+19
Pixel 244, 68, 1, 1, 4.80374e+19
=== 4061935 ===
--- pALPIDEfs_0 ---
Pixel 983, 129, 1, 1, 4.80374e+19
=== 4066672 ===
--- pALPIDEfs_5 ---
Pixel 675, 371, 1, 1, 4.80374e+19
Pixel 675, 372, 1, 1, 4.80374e+19
Pixel 676, 371, 1, 1, 4.80374e+19
Pixel 676, 372, 1, 1, 4.80374e+19
=== 4067441 ===
--- pALPIDEfs_1 ---
Pixel 475, 370, 1, 1, 4.80374e+19
=== 4094678 ===
--- pALPIDEfs_0 ---
Pixel 827, 488, 1, 1, 4.80374e+19
Pixel 827, 489, 1, 1, 4.80374e+19
=== 4100297 ===
--- pALPIDEfs_5 ---
Pixel 571, 376, 1, 1, 4.80374e+19
Pixel 571, 377, 1, 1, 4.80374e+19
=== 4100815 ===
--- pALPIDEfs_5 ---
Pixel 700, 389, 1, 1, 4.80374e+19
Pixel 700, 390, 1, 1, 4.80374e+19
=== 4114653 ===
--- pALPIDEfs_5 ---
Pixel 2, 240, 1, 1, 4.80374e+19
Pixel 3, 240, 1, 1, 4.80374e+19
=== 4120083 ===
--- pALPIDEfs_0 ---
Pixel 267, 268, 1, 1, 4.80374e+19
Pixel 267, 269, 1, 1, 4.80374e+19
=== 4129443 ===
--- pALPIDEfs_5 ---
Pixel 651, 382, 1, 1, 4.80374e+19
Pixel 651, 383, 1, 1, 4.80374e+19
Pixel 652, 382, 1, 1, 4.80374e+19
=== 4137168 ===
--- pALPIDEfs_0 ---
Pixel 476, 176, 1, 1, 4.80374e+19
=== 4137169 ===
--- pALPIDEfs_0 ---
Pixel 476, 176, 1, 1, 4.80374e+19
Pixel 476, 177, 1, 1, 4.80374e+19
=== 4137485 ===
--- pALPIDEfs_6 ---
Pixel 429, 413, 1, 1, 4.80374e+19
Pixel 429, 414, 1, 1, 4.80374e+19
=== 4151434 ===
--- pALPIDEfs_1 ---
Pixel 47, 260, 1, 1, 4.80374e+19
Pixel 47, 261, 1, 1, 4.80374e+19
Pixel 48, 261, 1, 1, 4.80374e+19
=== 4160797 ===
--- pALPIDEfs_1 ---
Pixel 85, 144, 1, 1, 4.80374e+19
Pixel 85, 145, 1, 1, 4.80374e+19
=== 4172463 ===
--- pALPIDEfs_1 ---
Pixel 727, 337, 1, 1, 4.80374e+19
Pixel 726, 337, 1, 1, 4.80374e+19
Pixel 726, 338, 1, 1, 4.80374e+19
Pixel 727, 338, 1, 1, 4.80374e+19
=== 4176714 ===
--- pALPIDEfs_5 ---
Pixel 339, 69, 1, 1, 4.80374e+19
Pixel 339, 70, 1, 1, 4.80374e+19
Pixel 340, 68, 1, 1, 4.80374e+19
Pixel 341, 68, 1, 1, 4.80374e+19
Pixel 340, 69, 1, 1, 4.80374e+19
=== 4178648 ===
--- pALPIDEfs_5 ---
Pixel 955, 477, 1, 1, 4.80374e+19
Pixel 955, 478, 1, 1, 4.80374e+19
Pixel 955, 479, 1, 1, 4.80374e+19
Pixel 956, 476, 1, 1, 4.80374e+19
Pixel 956, 477, 1, 1, 4.80374e+19
Pixel 956, 478, 1, 1, 4.80374e+19
=== 4194697 ===
--- pALPIDEfs_4 ---
Pixel 119, 423, 1, 1, 4.80374e+19
Pixel 119, 424, 1, 1, 4.80374e+19
--- pALPIDEfs_5 ---
Pixel 594, 452, 1, 1, 4.80374e+19
Pixel 595, 452, 1, 1, 4.80374e+19
Pixel 595, 453, 1, 1, 4.80374e+19
=== 4196506 ===
--- pALPIDEfs_3 ---
Pixel 176, 496, 1, 1, 4.80374e+19
Pixel 176, 497, 1, 1, 4.80374e+19
=== 4218164 ===
--- pALPIDEfs_3 ---
Pixel 493, 226, 1, 1, 4.80374e+19
Pixel 494, 226, 1, 1, 4.80374e+19
Pixel 495, 226, 1, 1, 4.80374e+19
Pixel 495, 227, 1, 1, 4.80374e+19
Pixel 494, 227, 1, 1, 4.80374e+19
--- pALPIDEfs_4 ---
Pixel 249, 38, 1, 1, 4.80374e+19
Pixel 249, 39, 1, 1, 4.80374e+19
Pixel 250, 38, 1, 1, 4.80374e+19
Pixel 250, 39, 1, 1, 4.80374e+19
=== 4221429 ===
--- pALPIDEfs_4 ---
Pixel 170, 98, 1, 1, 4.80374e+19
Pixel 170, 99, 1, 1, 4.80374e+19
Pixel 170, 100, 1, 1, 4.80374e+19
=== 4225179 ===
--- pALPIDEfs_5 ---
Pixel 905, 303, 1, 1, 4.80374e+19
Pixel 905, 304, 1, 1, 4.80374e+19
Pixel 905, 305, 1, 1, 4.80374e+19
Pixel 906, 303, 1, 1, 4.80374e+19
Pixel 906, 304, 1, 1, 4.80374e+19
Pixel 906, 305, 1, 1, 4.80374e+19
=== 4238150 ===
--- pALPIDEfs_0 ---
Pixel 464, 210, 1, 1, 4.80374e+19
Pixel 465, 210, 1, 1, 4.80374e+19
Pixel 465, 211, 1, 1, 4.80374e+19
Pixel 464, 211, 1, 1, 4.80374e+19
Pixel 464, 212, 1, 1, 4.80374e+19
Pixel 465, 212, 1, 1, 4.80374e+19
Pixel 465, 213, 1, 1, 4.80374e+19
=== 4247145 ===
--- pALPIDEfs_1 ---
Pixel 632, 217, 1, 1, 4.80374e+19
Pixel 632, 218, 1, 1, 4.80374e+19
=== 4250247 ===
--- pALPIDEfs_2 ---
Pixel 327, 383, 1, 1, 4.80374e+19
Pixel 326, 383, 1, 1, 4.80374e+19
Pixel 326, 384, 1, 1, 4.80374e+19
Pixel 327, 384, 1, 1, 4.80374e+19
--- pALPIDEfs_3 ---
Pixel 153, 310, 1, 1, 4.80374e+19
Pixel 153, 311, 1, 1, 4.80374e+19
Pixel 152, 311, 1, 1, 4.80374e+19
Pixel 154, 310, 1, 1, 4.80374e+19
Pixel 154, 311, 1, 1, 4.80374e+19
=== 4253192 ===
--- pALPIDEfs_0 ---
Pixel 22, 352, 1, 1, 4.80374e+19
Pixel 23, 352, 1, 1, 4.80374e+19
Pixel 23, 353, 1, 1, 4.80374e+19
Pixel 22, 353, 1, 1, 4.80374e+19
--- pALPIDEfs_1 ---
Pixel 929, 500, 1, 1, 4.80374e+19
Pixel 930, 500, 1, 1, 4.80374e+19
=== 4258976 ===
--- pALPIDEfs_0 ---
Pixel 811, 299, 1, 1, 4.80374e+19
--- pALPIDEfs_1 ---
Pixel 946, 347, 1, 1, 4.80374e+19
=== 4282182 ===
--- pALPIDEfs_0 ---
Pixel 389, 473, 1, 1, 4.80374e+19
Pixel 389, 474, 1, 1, 4.80374e+19
Pixel 390, 473, 1, 1, 4.80374e+19
=== 4291739 ===
--- pALPIDEfs_3 ---
Pixel 395, 299, 1, 1, 4.80374e+19
=== 4303182 ===
--- pALPIDEfs_3 ---
Pixel 675, 112, 1, 1, 4.80374e+19
=== 4306640 ===
--- pALPIDEfs_6 ---
Pixel 968, 400, 1, 1, 4.80374e+19
Pixel 969, 400, 1, 1, 4.80374e+19
Pixel 969, 401, 1, 1, 4.80374e+19
Pixel 968, 401, 1, 1, 4.80374e+19
Pixel 968, 402, 1, 1, 4.80374e+19
Pixel 969, 402, 1, 1, 4.80374e+19
Pixel 969, 403, 1, 1, 4.80374e+19
Pixel 970, 401, 1, 1, 4.80374e+19
Pixel 970, 402, 1, 1, 4.80374e+19
Pixel 971, 403, 1, 1, 4.80374e+19
Pixel 970, 403, 1, 1, 4.80374e+19
=== 4308657 ===
--- pALPIDEfs_2 ---
Pixel 68, 504, 1, 1, 4.80374e+19
Pixel 69, 505, 1, 1, 4.80374e+19
Pixel 68, 505, 1, 1, 4.80374e+19
=== 4330655 ===
--- pALPIDEfs_6 ---
Pixel 993, 44, 1, 1, 4.80374e+19
Pixel 993, 45, 1, 1, 4.80374e+19
Pixel 994, 44, 1, 1, 4.80374e+19
Pixel 994, 45, 1, 1, 4.80374e+19
=== 4337139 ===
--- pALPIDEfs_1 ---
Pixel 623, 193, 1, 1, 4.80374e+19
Pixel 623, 194, 1, 1, 4.80374e+19
Pixel 624, 193, 1, 1, 4.80374e+19
Pixel 624, 194, 1, 1, 4.80374e+19
=== 4348958 ===
--- pALPIDEfs_6 ---
Pixel 161, 211, 1, 1, 4.80374e+19
Pixel 160, 211, 1, 1, 4.80374e+19
Pixel 161, 212, 1, 1, 4.80374e+19
=== 4355067 ===
--- pALPIDEfs_5 ---
Pixel 791, 167, 1, 1, 4.80374e+19
Pixel 790, 167, 1, 1, 4.80374e+19
Pixel 790, 168, 1, 1, 4.80374e+19
=== 4375506 ===
--- pALPIDEfs_4 ---
Pixel 561, 96, 1, 1, 4.80374e+19
Pixel 562, 96, 1, 1, 4.80374e+19
--- pALPIDEfs_5 ---
Pixel 302, 346, 1, 1, 4.80374e+19
Pixel 303, 346, 1, 1, 4.80374e+19
=== 4385893 ===
--- pALPIDEfs_5 ---
Pixel 153, 288, 1, 1, 4.80374e+19
Pixel 153, 289, 1, 1, 4.80374e+19
Pixel 152, 289, 1, 1, 4.80374e+19
Pixel 152, 290, 1, 1, 4.80374e+19
Pixel 153, 290, 1, 1, 4.80374e+19
=== 4386711 ===
--- pALPIDEfs_6 ---
Pixel 918, 272, 1, 1, 4.80374e+19
Pixel 919, 273, 1, 1, 4.80374e+19
Pixel 918, 273, 1, 1, 4.80374e+19
Pixel 918, 274, 1, 1, 4.80374e+19
Pixel 919, 274, 1, 1, 4.80374e+19
=== 4408943 ===
--- pALPIDEfs_4 ---
Pixel 808, 273, 1, 1, 4.80374e+19
Pixel 808, 274, 1, 1, 4.80374e+19
Pixel 809, 274, 1, 1, 4.80374e+19
=== 4412031 ===
--- pALPIDEfs_6 ---
Pixel 205, 397, 1, 1, 4.80374e+19
Pixel 205, 398, 1, 1, 4.80374e+19
=== 4436377 ===
--- pALPIDEfs_5 ---
Pixel 920, 63, 1, 1, 4.80374e+19
Pixel 920, 64, 1, 1, 4.80374e+19
=== 4458108 ===
--- pALPIDEfs_2 ---
Pixel 53, 277, 1, 1, 4.80374e+19
Pixel 53, 278, 1, 1, 4.80374e+19
=== 4468522 ===
--- pALPIDEfs_0 ---
Pixel 167, 209, 1, 1, 4.80374e+19
Pixel 167, 210, 1, 1, 4.80374e+19
Pixel 168, 209, 1, 1, 4.80374e+19
Pixel 168, 210, 1, 1, 4.80374e+19
=== 4485020 ===
--- pALPIDEfs_2 ---
Pixel 341, 234, 1, 1, 4.80374e+19
Pixel 343, 233, 1, 1, 4.80374e+19
Pixel 342, 234, 1, 1, 4.80374e+19
Pixel 343, 234, 1, 1, 4.80374e+19
Pixel 343, 235, 1, 1, 4.80374e+19
Pixel 342, 235, 1, 1, 4.80374e+19
Pixel 344, 234, 1, 1, 4.80374e+19
=== 4495919 ===
--- pALPIDEfs_0 ---
Pixel 857, 116, 1, 1, 4.80374e+19
=== 4496073 ===
--- pALPIDEfs_6 ---
Pixel 879, 329, 1, 1, 4.80374e+19
Pixel 878, 329, 1, 1, 4.80374e+19
Pixel 878, 330, 1, 1, 4.80374e+19
Pixel 879, 330, 1, 1, 4.80374e+19
=== 4499824 ===
--- pALPIDEfs_0 ---
Pixel 135, 349, 1, 1, 4.80374e+19
Pixel 135, 350, 1, 1, 4.80374e+19
Pixel 135, 351, 1, 1, 4.80374e+19
Pixel 136, 350, 1, 1, 4.80374e+19
Pixel 136, 351, 1, 1, 4.80374e+19
Pixel 136, 352, 1, 1, 4.80374e+19
=== 4504438 ===
--- pALPIDEfs_1 ---
Pixel 25, 332, 1, 1, 4.80374e+19
Pixel 25, 333, 1, 1, 4.80374e+19
=== 4519092 ===
--- pALPIDEfs_0 ---
Pixel 38, 354, 1, 1, 4.80374e+19
--- pALPIDEfs_1 ---
Pixel 1, 13, 1, 1, 4.80374e+19
=== 4520047 ===
--- pALPIDEfs_0 ---
Pixel 851, 310, 1, 1, 4.80374e+19
Pixel 851, 311, 1, 1, 4.80374e+19
Pixel 850, 311, 1, 1, 4.80374e+19
Pixel 852, 310, 1, 1, 4.80374e+19
Pixel 853, 310, 1, 1, 4.80374e+19
Pixel 853, 311, 1, 1, 4.80374e+19
Pixel 852, 311, 1, 1, 4.80374e+19
Pixel 854, 310, 1, 1, 4.80374e+19
Pixel 857, 309, 1, 1, 4.80374e+19
Pixel 856, 309, 1, 1, 4.80374e+19
Pixel 857, 310, 1, 1, 4.80374e+19
Pixel 859, 309, 1, 1, 4.80374e+19
Pixel 858, 309, 1, 1, 4.80374e+19
Pixel 861, 309, 1, 1, 4.80374e+19
Pixel 860, 309, 1, 1, 4.80374e+19
Pixel 861, 310, 1, 1, 4.80374e+19
Pixel 862, 309, 1, 1, 4.80374e+19
Pixel 862, 310, 1, 1, 4.80374e+19
Pixel 863, 310, 1, 1, 4.80374e+19
Pixel 863, 311, 1, 1, 4.80374e+19
Pixel 865, 310, 1, 1, 4.80374e+19
Pixel 865, 311, 1, 1, 4.80374e+19
Pixel 864, 311, 1, 1, 4.80374e+19
Pixel 867, 308, 1, 1, 4.80374e+19
Pixel 867, 309, 1, 1, 4.80374e+19
Pixel 866, 309, 1, 1, 4.80374e+19
Pixel 866, 310, 1, 1, 4.80374e+19
Pixel 867, 310, 1, 1, 4.80374e+19
Pixel 868, 308, 1, 1, 4.80374e+19
Pixel 869, 309, 1, 1, 4.80374e+19
Pixel 868, 309, 1, 1, 4.80374e+19
=== 4540461 ===
--- pALPIDEfs_0 ---
Pixel 551, 507, 1, 1, 4.80374e+19
Pixel 551, 508, 1, 1, 4.80374e+19
=== 4546230 ===
--- pALPIDEfs_4 ---
Pixel 397, 390, 1, 1, 4.80374e+19
Pixel 397, 391, 1, 1, 4.80374e+19
Pixel 398, 390, 1, 1, 4.80374e+19
Pixel 399, 390, 1, 1, 4.80374e+19
Pixel 399, 391, 1, 1, 4.80374e+19
Pixel 398, 391, 1, 1, 4.80374e+19
--- pALPIDEfs_5 ---
Pixel 837, 51, 1, 1, 4.80374e+19
Pixel 836, 52, 1, 1, 4.80374e+19
Pixel 837, 52, 1, 1, 4.80374e+19
Pixel 837, 53, 1, 1, 4.80374e+19
Pixel 836, 53, 1, 1, 4.80374e+19
Pixel 838, 52, 1, 1, 4.80374e+19
=== 4580375 ===
--- pALPIDEfs_6 ---
Pixel 640, 475, 1, 1, 4.80374e+19
Pixel 640, 476, 1, 1, 4.80374e+19
=== 4581568 ===
--- pALPIDEfs_1 ---
Pixel 449, 442, 1, 1, 4.80374e+19
Pixel 450, 442, 1, 1, 4.80374e+19
Pixel 450, 443, 1, 1, 4.80374e+19
--- pALPIDEfs_2 ---
Pixel 341, 173, 1, 1, 4.80374e+19
=== 4609133 ===
--- pALPIDEfs_2 ---
Pixel 531, 16, 1, 1, 4.80374e+19
Pixel 531, 17, 1, 1, 4.80374e+19
=== 4632568 ===
--- pALPIDEfs_0 ---
Pixel 202, 330, 1, 1, 4.80374e+19
Pixel 203, 330, 1, 1, 4.80374e+19
Pixel 203, 331, 1, 1, 4.80374e+19
Pixel 202, 331, 1, 1, 4.80374e+19
--- pALPIDEfs_1 ---
Pixel 411, 455, 1, 1, 4.80374e+19
=== 4632645 ===
--- pALPIDEfs_4 ---
Pixel 980, 160, 1, 1, 4.80374e+19
Pixel 981, 160, 1, 1, 4.80374e+19
Pixel 981, 161, 1, 1, 4.80374e+19
Pixel 980, 161, 1, 1, 4.80374e+19
Pixel 980, 162, 1, 1, 4.80374e+19
Pixel 981, 162, 1, 1, 4.80374e+19
Pixel 981, 163, 1, 1, 4.80374e+19
Pixel 980, 163, 1, 1, 4.80374e+19
Pixel 981, 164, 1, 1, 4.80374e+19
Pixel 982, 163, 1, 1, 4.80374e+19
Pixel 982, 164, 1, 1, 4.80374e+19
Pixel 983, 165, 1, 1, 4.80374e+19
Pixel 982, 165, 1, 1, 4.80374e+19
Pixel 983, 166, 1, 1, 4.80374e+19
Pixel 983, 167, 1, 1, 4.80374e+19
Pixel 984, 166, 1, 1, 4.80374e+19
Pixel 985, 166, 1, 1, 4.80374e+19
Pixel 985, 167, 1, 1, 4.80374e+19
Pixel 984, 167, 1, 1, 4.80374e+19
Pixel 985, 168, 1, 1, 4.80374e+19
Pixel 986, 168, 1, 1, 4.80374e+19
=== 4639106 ===
--- pALPIDEfs_2 ---
Pixel 678, 394, 1, 1, 4.80374e+19
=== 4657519 ===
--- pALPIDEfs_3 ---
Pixel 331, 111, 1, 1, 4.80374e+19
Pixel 330, 111, 1, 1, 4.80374e+19
=== 4666856 ===
--- pALPIDEfs_0 ---
Pixel 83, 394, 1, 1, 4.80374e+19
Pixel 83, 395, 1, 1, 4.80374e+19
Pixel 84, 394, 1, 1, 4.80374e+19
Pixel 84, 395, 1, 1, 4.80374e+19
--- pALPIDEfs_1 ---
Pixel 368, 418, 1, 1, 4.80374e+19
Pixel 369, 418, 1, 1, 4.80374e+19
Pixel 369, 419, 1, 1, 4.80374e+19
Pixel 368, 419, 1, 1, 4.80374e+19
=== 4669371 ===
--- pALPIDEfs_0 ---
Pixel 361, 201, 1, 1, 4.80374e+19
Pixel 360, 201, 1, 1, 4.80374e+19
Pixel 360, 202, 1, 1, 4.80374e+19
Pixel 361, 202, 1, 1, 4.80374e+19
Pixel 362, 201, 1, 1, 4.80374e+19
Pixel 362, 202, 1, 1, 4.80374e+19
=== 4676793 ===
--- pALPIDEfs_3 ---
Pixel 633, 79, 1, 1, 4.80374e+19
Pixel 632, 79, 1, 1, 4.80374e+19
Pixel 632, 80, 1, 1, 4.80374e+19
Pixel 633, 80, 1, 1, 4.80374e+19
=== 4699186 ===
--- pALPIDEfs_3 ---
Pixel 604, 361, 1, 1, 4.80374e+19
Pixel 604, 362, 1, 1, 4.80374e+19
=== 4712115 ===
--- pALPIDEfs_2 ---
Pixel 87, 215, 1, 1, 4.80374e+19
Pixel 87, 216, 1, 1, 4.80374e+19
=== 4718374 ===
--- pALPIDEfs_4 ---
Pixel 902, 196, 1, 1, 4.80374e+19
Pixel 903, 196, 1, 1, 4.80374e+19
Pixel 903, 197, 1, 1, 4.80374e+19
Pixel 902, 197, 1, 1, 4.80374e+19
Pixel 905, 195, 1, 1, 4.80374e+19
Pixel 904, 195, 1, 1, 4.80374e+19
Pixel 904, 196, 1, 1, 4.80374e+19
Pixel 906, 194, 1, 1, 4.80374e+19
Pixel 906, 195, 1, 1, 4.80374e+19
=== 4720792 ===
--- pALPIDEfs_0 ---
Pixel 521, 396, 1, 1, 4.80374e+19
Pixel 522, 396, 1, 1, 4.80374e+19
=== 4730761 ===
--- pALPIDEfs_0 ---
Pixel 452, 459, 1, 1, 4.80374e+19
--- pALPIDEfs_1 ---
Pixel 672, 324, 1, 1, 4.80374e+19
Pixel 672, 325, 1, 1, 4.80374e+19
--- pALPIDEfs_2 ---
Pixel 913, 83, 1, 1, 4.80374e+19
=== 4737788 ===
--- pALPIDEfs_1 ---
Pixel 579, 361, 1, 1, 4.80374e+19
Pixel 578, 361, 1, 1, 4.80374e+19
Pixel 579, 362, 1, 1, 4.80374e+19
=== 4772582 ===
--- pALPIDEfs_4 ---
Pixel 309, 283, 1, 1, 4.80374e+19
Pixel 308, 283, 1, 1, 4.80374e+19
--- pALPIDEfs_5 ---
Pixel 138, 180, 1, 1, 4.80374e+19
Pixel 138, 181, 1, 1, 4.80374e+19
=== 4788530 ===
--- pALPIDEfs_3 ---
Pixel 62, 168, 1, 1, 4.80374e+19
=== 4790386 ===
--- pALPIDEfs_0 ---
Pixel 953, 359, 1, 1, 4.80374e+19
Pixel 952, 359, 1, 1, 4.80374e+19
Pixel 952, 360, 1, 1, 4.80374e+19
Pixel 953, 360, 1, 1, 4.80374e+19
=== 4791218 ===
--- pALPIDEfs_4 ---
Pixel 602, 262, 1, 1, 4.80374e+19
Pixel 603, 262, 1, 1, 4.80374e+19
--- pALPIDEfs_5 ---
Pixel 189, 410, 1, 1, 4.80374e+19
=== 4822578 ===
--- pALPIDEfs_6 ---
Pixel 59, 235, 1, 1, 4.80374e+19
Pixel 58, 235, 1, 1, 4.80374e+19
Pixel 58, 236, 1, 1, 4.80374e+19
Pixel 59, 236, 1, 1, 4.80374e+19
=== 4825154 ===
--- pALPIDEfs_1 ---
Pixel 517, 105, 1, 1, 4.80374e+19
Pixel 516, 105, 1, 1, 4.80374e+19
Pixel 516, 106, 1, 1, 4.80374e+19
=== 4839007 ===
--- pALPIDEfs_0 ---
Pixel 473, 464, 1, 1, 4.80374e+19
Pixel 473, 465, 1, 1, 4.80374e+19
Pixel 474, 464, 1, 1, 4.80374e+19
Pixel 474, 465, 1, 1, 4.80374e+19
=== 4858576 ===
--- pALPIDEfs_3 ---
Pixel 467, 139, 1, 1, 4.80374e+19
Pixel 467, 140, 1, 1, 4.80374e+19
=== 4858746 ===
--- pALPIDEfs_6 ---
Pixel 175, 38, 1, 1, 4.80374e+19
Pixel 176, 38, 1, 1, 4.80374e+19
=== 4859152 ===
--- pALPIDEfs_6 ---
Pixel 353, 143, 1, 1, 4.80374e+19
Pixel 353, 144, 1, 1, 4.80374e+19
Pixel 354, 143, 1, 1, 4.80374e+19
Pixel 354, 144, 1, 1, 4.80374e+19
=== 4882418 ===
--- pALPIDEfs_6 ---
Pixel 687, 111, 1, 1, 4.80374e+19
=== 4892820 ===
--- pALPIDEfs_2 ---
Pixel 898, 330, 1, 1, 4.80374e+19
Pixel 899, 331, 1, 1, 4.80374e+19
Pixel 898, 331, 1, 1, 4.80374e+19
Pixel 898, 332, 1, 1, 4.80374e+19
Pixel 899, 332, 1, 1, 4.80374e+19
=== 4896301 ===
--- pALPIDEfs_2 ---
Pixel 80, 429, 1, 1, 4.80374e+19
Pixel 80, 430, 1, 1, 4.80374e+19
=== 4897182 ===
--- pALPIDEfs_1 ---
Pixel 267, 259, 1, 1, 4.80374e+19
Pixel 267, 260, 1, 1, 4.80374e+19
=== 4897633 ===
--- pALPIDEfs_5 ---
Pixel 910, 466, 1, 1, 4.80374e+19
Pixel 911, 466, 1, 1, 4.80374e+19
Pixel 911, 467, 1, 1, 4.80374e+19
Pixel 910, 467, 1, 1, 4.80374e+19
Pixel 911, 468, 1, 1, 4.80374e+19
Pixel 912, 466, 1, 1, 4.80374e+19
Pixel 912, 467, 1, 1, 4.80374e+19
=== 4898335 ===
--- pALPIDEfs_4 ---
Pixel 298, 254, 1, 1, 4.80374e+19
Pixel 298, 255, 1, 1, 4.80374e+19
=== 4917855 ===
--- pALPIDEfs_6 ---
Pixel 1005, 191, 1, 1, 4.80374e+19
Pixel 1004, 191, 1, 1, 4.80374e+19
Pixel 1004, 192, 1, 1, 4.80374e+19
Pixel 1005, 192, 1, 1, 4.80374e+19
=== 4918711 ===
--- pALPIDEfs_0 ---
Pixel 1001, 107, 1, 1, 4.80374e+19
Pixel 1000, 107, 1, 1, 4.80374e+19
Pixel 1001, 108, 1, 1, 4.80374e+19
--- pALPIDEfs_1 ---
Pixel 868, 176, 1, 1, 4.80374e+19
Pixel 869, 176, 1, 1, 4.80374e+19
Pixel 869, 177, 1, 1, 4.80374e+19
Pixel 868, 177, 1, 1, 4.80374e+19
=== 4925733 ===
--- pALPIDEfs_0 ---
Pixel 839, 199, 1, 1, 4.80374e+19
Pixel 839, 200, 1, 1, 4.80374e+19
Pixel 840, 199, 1, 1, 4.80374e+19
Pixel 840, 200, 1, 1, 4.80374e+19
Pixel 843, 123, 1, 1, 4.80374e+19
Pixel 843, 124, 1, 1, 4.80374e+19
--- pALPIDEfs_1 ---
Pixel 261, 185, 1, 1, 4.80374e+19
Pixel 273, 349, 1, 1, 4.80374e+19
Pixel 274, 349, 1, 1, 4.80374e+19
=== 4928208 ===
--- pALPIDEfs_1 ---
Pixel 64, 62, 1, 1, 4.80374e+19
Pixel 65, 62, 1, 1, 4.80374e+19
--- pALPIDEfs_2 ---
Pixel 264, 255, 1, 1, 4.80374e+19
Pixel 264, 256, 1, 1, 4.80374e+19
Pixel 265, 256, 1, 1, 4.80374e+19
=== 4942455 ===
--- pALPIDEfs_1 ---
Pixel 395, 224, 1, 1, 4.80374e+19
Pixel 395, 225, 1, 1, 4.80374e+19
=== 4955143 ===
--- pALPIDEfs_6 ---
Pixel 462, 103, 1, 1, 4.80374e+19
Pixel 462, 104, 1, 1, 4.80374e+19
=== 4958846 ===
--- pALPIDEfs_3 ---
Pixel 787, 441, 1, 1, 4.80374e+19
Pixel 787, 442, 1, 1, 4.80374e+19
Pixel 788, 441, 1, 1, 4.80374e+19
=== 4967044 ===
--- pALPIDEfs_3 ---
Pixel 243, 219, 1, 1, 4.80374e+19
Pixel 242, 219, 1, 1, 4.80374e+19
Pixel 242, 220, 1, 1, 4.80374e+19
Pixel 243, 220, 1, 1, 4.80374e+19
Pixel 329, 65, 1, 1, 4.80374e+19
Pixel 330, 64, 1, 1, 4.80374e+19
Pixel 330, 65, 1, 1, 4.80374e+19
=== 4971625 ===
--- pALPIDEfs_2 ---
Pixel 519, 114, 1, 1, 4.80374e+19
Pixel 519, 115, 1, 1, 4.80374e+19
Pixel 520, 114, 1, 1, 4.80374e+19
=== 4977511 ===
--- pALPIDEfs_5 ---
Pixel 510, 240, 1, 1, 4.80374e+19
Pixel 511, 240, 1, 1, 4.80374e+19
Pixel 511, 241, 1, 1, 4.80374e+19
Pixel 510, 241, 1, 1, 4.80374e+19
=== 4980353 ===
--- pALPIDEfs_2 ---
Pixel 37, 72, 1, 1, 4.80374e+19
Pixel 38, 72, 1, 1, 4.80374e+19
=== 5001252 ===
--- pALPIDEfs_1 ---
Pixel 717, 332, 1, 1, 4.80374e+19
Pixel 717, 333, 1, 1, 4.80374e+19
Pixel 718, 332, 1, 1, 4.80374e+19
Pixel 718, 333, 1, 1, 4.80374e+19
=== 5007237 ===
--- pALPIDEfs_3 ---
Pixel 637, 310, 1, 1, 4.80374e+19
