Run: Cosmics000382
=== 2 ===
--- pALPIDEfs_3 ---
Pixel 238, 320, 1, 1, 4.80374e+19
Pixel 238, 320, 1, 1, 4.80374e+19
=== 3 ===
--- pALPIDEfs_0 ---
Pixel 92, 0, 1, 1, 4.80374e+19
Pixel 93, 0, 1, 1, 4.80374e+19
Pixel 93, 1, 1, 1, 4.80374e+19
Pixel 92, 1, 1, 1, 4.80374e+19
Pixel 92, 2, 1, 1, 4.80374e+19
Pixel 93, 2, 1, 1, 4.80374e+19
Pixel 93, 3, 1, 1, 4.80374e+19
Pixel 92, 3, 1, 1, 4.80374e+19
Pixel 92, 4, 1, 1, 4.80374e+19
Pixel 93, 4, 1, 1, 4.80374e+19
Pixel 93, 5, 1, 1, 4.80374e+19
Pixel 92, 5, 1, 1, 4.80374e+19
Pixel 92, 6, 1, 1, 4.80374e+19
Pixel 93, 6, 1, 1, 4.80374e+19
Pixel 93, 7, 1, 1, 4.80374e+19
Pixel 92, 7, 1, 1, 4.80374e+19
Pixel 92, 8, 1, 1, 4.80374e+19
Pixel 93, 8, 1, 1, 4.80374e+19
Pixel 93, 9, 1, 1, 4.80374e+19
Pixel 92, 9, 1, 1, 4.80374e+19
Pixel 92, 10, 1, 1, 4.80374e+19
Pixel 93, 10, 1, 1, 4.80374e+19
Pixel 93, 11, 1, 1, 4.80374e+19
Pixel 92, 11, 1, 1, 4.80374e+19
Pixel 92, 12, 1, 1, 4.80374e+19
Pixel 93, 12, 1, 1, 4.80374e+19
Pixel 93, 13, 1, 1, 4.80374e+19
Pixel 92, 13, 1, 1, 4.80374e+19
Pixel 92, 14, 1, 1, 4.80374e+19
Pixel 93, 14, 1, 1, 4.80374e+19
Pixel 93, 15, 1, 1, 4.80374e+19
Pixel 92, 15, 1, 1, 4.80374e+19
Pixel 92, 16, 1, 1, 4.80374e+19
Pixel 93, 16, 1, 1, 4.80374e+19
Pixel 93, 17, 1, 1, 4.80374e+19
Pixel 92, 17, 1, 1, 4.80374e+19
Pixel 92, 18, 1, 1, 4.80374e+19
Pixel 93, 18, 1, 1, 4.80374e+19
Pixel 93, 19, 1, 1, 4.80374e+19
Pixel 92, 19, 1, 1, 4.80374e+19
Pixel 92, 20, 1, 1, 4.80374e+19
Pixel 93, 20, 1, 1, 4.80374e+19
Pixel 93, 21, 1, 1, 4.80374e+19
Pixel 92, 21, 1, 1, 4.80374e+19
Pixel 92, 22, 1, 1, 4.80374e+19
Pixel 93, 22, 1, 1, 4.80374e+19
Pixel 93, 23, 1, 1, 4.80374e+19
Pixel 92, 23, 1, 1, 4.80374e+19
Pixel 92, 24, 1, 1, 4.80374e+19
Pixel 93, 24, 1, 1, 4.80374e+19
Pixel 93, 25, 1, 1, 4.80374e+19
Pixel 92, 25, 1, 1, 4.80374e+19
Pixel 92, 26, 1, 1, 4.80374e+19
Pixel 93, 26, 1, 1, 4.80374e+19
Pixel 93, 27, 1, 1, 4.80374e+19
Pixel 92, 27, 1, 1, 4.80374e+19
Pixel 92, 28, 1, 1, 4.80374e+19
Pixel 93, 28, 1, 1, 4.80374e+19
Pixel 93, 29, 1, 1, 4.80374e+19
Pixel 92, 29, 1, 1, 4.80374e+19
Pixel 92, 30, 1, 1, 4.80374e+19
Pixel 93, 30, 1, 1, 4.80374e+19
Pixel 93, 31, 1, 1, 4.80374e+19
Pixel 92, 31, 1, 1, 4.80374e+19
Pixel 92, 32, 1, 1, 4.80374e+19
Pixel 93, 32, 1, 1, 4.80374e+19
Pixel 93, 33, 1, 1, 4.80374e+19
Pixel 92, 33, 1, 1, 4.80374e+19
Pixel 92, 34, 1, 1, 4.80374e+19
Pixel 93, 34, 1, 1, 4.80374e+19
Pixel 93, 35, 1, 1, 4.80374e+19
Pixel 92, 35, 1, 1, 4.80374e+19
Pixel 92, 36, 1, 1, 4.80374e+19
Pixel 93, 36, 1, 1, 4.80374e+19
Pixel 93, 37, 1, 1, 4.80374e+19
Pixel 92, 37, 1, 1, 4.80374e+19
Pixel 92, 38, 1, 1, 4.80374e+19
Pixel 93, 38, 1, 1, 4.80374e+19
Pixel 93, 39, 1, 1, 4.80374e+19
Pixel 92, 39, 1, 1, 4.80374e+19
Pixel 92, 40, 1, 1, 4.80374e+19
Pixel 93, 40, 1, 1, 4.80374e+19
Pixel 93, 41, 1, 1, 4.80374e+19
Pixel 92, 41, 1, 1, 4.80374e+19
Pixel 92, 42, 1, 1, 4.80374e+19
Pixel 93, 42, 1, 1, 4.80374e+19
Pixel 93, 43, 1, 1, 4.80374e+19
Pixel 92, 43, 1, 1, 4.80374e+19
Pixel 92, 44, 1, 1, 4.80374e+19
Pixel 93, 44, 1, 1, 4.80374e+19
Pixel 93, 45, 1, 1, 4.80374e+19
Pixel 92, 45, 1, 1, 4.80374e+19
Pixel 92, 46, 1, 1, 4.80374e+19
Pixel 93, 46, 1, 1, 4.80374e+19
Pixel 93, 47, 1, 1, 4.80374e+19
Pixel 92, 47, 1, 1, 4.80374e+19
Pixel 92, 48, 1, 1, 4.80374e+19
Pixel 93, 48, 1, 1, 4.80374e+19
Pixel 93, 49, 1, 1, 4.80374e+19
Pixel 92, 49, 1, 1, 4.80374e+19
Pixel 92, 50, 1, 1, 4.80374e+19
Pixel 93, 50, 1, 1, 4.80374e+19
Pixel 93, 51, 1, 1, 4.80374e+19
Pixel 92, 51, 1, 1, 4.80374e+19
Pixel 92, 52, 1, 1, 4.80374e+19
Pixel 93, 52, 1, 1, 4.80374e+19
Pixel 93, 53, 1, 1, 4.80374e+19
Pixel 92, 53, 1, 1, 4.80374e+19
Pixel 92, 54, 1, 1, 4.80374e+19
Pixel 93, 54, 1, 1, 4.80374e+19
Pixel 93, 55, 1, 1, 4.80374e+19
Pixel 92, 55, 1, 1, 4.80374e+19
Pixel 92, 56, 1, 1, 4.80374e+19
Pixel 93, 56, 1, 1, 4.80374e+19
Pixel 93, 57, 1, 1, 4.80374e+19
Pixel 92, 57, 1, 1, 4.80374e+19
Pixel 92, 58, 1, 1, 4.80374e+19
Pixel 93, 58, 1, 1, 4.80374e+19
Pixel 93, 59, 1, 1, 4.80374e+19
Pixel 92, 59, 1, 1, 4.80374e+19
Pixel 92, 60, 1, 1, 4.80374e+19
Pixel 93, 60, 1, 1, 4.80374e+19
Pixel 93, 61, 1, 1, 4.80374e+19
Pixel 92, 61, 1, 1, 4.80374e+19
Pixel 92, 62, 1, 1, 4.80374e+19
Pixel 93, 62, 1, 1, 4.80374e+19
Pixel 93, 63, 1, 1, 4.80374e+19
Pixel 92, 63, 1, 1, 4.80374e+19
Pixel 92, 64, 1, 1, 4.80374e+19
Pixel 93, 64, 1, 1, 4.80374e+19
Pixel 93, 65, 1, 1, 4.80374e+19
Pixel 92, 65, 1, 1, 4.80374e+19
Pixel 92, 66, 1, 1, 4.80374e+19
Pixel 93, 66, 1, 1, 4.80374e+19
Pixel 93, 67, 1, 1, 4.80374e+19
Pixel 92, 67, 1, 1, 4.80374e+19
Pixel 92, 68, 1, 1, 4.80374e+19
Pixel 93, 68, 1, 1, 4.80374e+19
Pixel 93, 69, 1, 1, 4.80374e+19
Pixel 92, 69, 1, 1, 4.80374e+19
Pixel 92, 70, 1, 1, 4.80374e+19
Pixel 93, 70, 1, 1, 4.80374e+19
Pixel 93, 71, 1, 1, 4.80374e+19
Pixel 92, 71, 1, 1, 4.80374e+19
Pixel 92, 72, 1, 1, 4.80374e+19
Pixel 93, 72, 1, 1, 4.80374e+19
Pixel 93, 73, 1, 1, 4.80374e+19
Pixel 92, 73, 1, 1, 4.80374e+19
Pixel 92, 74, 1, 1, 4.80374e+19
Pixel 93, 74, 1, 1, 4.80374e+19
Pixel 93, 75, 1, 1, 4.80374e+19
Pixel 92, 75, 1, 1, 4.80374e+19
Pixel 92, 76, 1, 1, 4.80374e+19
Pixel 93, 76, 1, 1, 4.80374e+19
Pixel 93, 77, 1, 1, 4.80374e+19
Pixel 92, 77, 1, 1, 4.80374e+19
Pixel 92, 78, 1, 1, 4.80374e+19
Pixel 93, 78, 1, 1, 4.80374e+19
Pixel 93, 79, 1, 1, 4.80374e+19
Pixel 92, 79, 1, 1, 4.80374e+19
Pixel 92, 80, 1, 1, 4.80374e+19
Pixel 93, 80, 1, 1, 4.80374e+19
Pixel 93, 81, 1, 1, 4.80374e+19
Pixel 92, 81, 1, 1, 4.80374e+19
Pixel 92, 82, 1, 1, 4.80374e+19
Pixel 93, 82, 1, 1, 4.80374e+19
Pixel 93, 83, 1, 1, 4.80374e+19
Pixel 92, 83, 1, 1, 4.80374e+19
Pixel 92, 84, 1, 1, 4.80374e+19
Pixel 93, 84, 1, 1, 4.80374e+19
Pixel 93, 85, 1, 1, 4.80374e+19
Pixel 92, 85, 1, 1, 4.80374e+19
Pixel 92, 86, 1, 1, 4.80374e+19
Pixel 93, 86, 1, 1, 4.80374e+19
Pixel 93, 87, 1, 1, 4.80374e+19
Pixel 92, 87, 1, 1, 4.80374e+19
Pixel 92, 88, 1, 1, 4.80374e+19
Pixel 93, 88, 1, 1, 4.80374e+19
Pixel 93, 89, 1, 1, 4.80374e+19
Pixel 92, 89, 1, 1, 4.80374e+19
Pixel 92, 90, 1, 1, 4.80374e+19
Pixel 93, 90, 1, 1, 4.80374e+19
Pixel 93, 91, 1, 1, 4.80374e+19
Pixel 92, 91, 1, 1, 4.80374e+19
Pixel 92, 92, 1, 1, 4.80374e+19
Pixel 93, 92, 1, 1, 4.80374e+19
Pixel 93, 93, 1, 1, 4.80374e+19
Pixel 92, 93, 1, 1, 4.80374e+19
Pixel 92, 94, 1, 1, 4.80374e+19
Pixel 93, 94, 1, 1, 4.80374e+19
Pixel 93, 95, 1, 1, 4.80374e+19
Pixel 92, 95, 1, 1, 4.80374e+19
Pixel 92, 96, 1, 1, 4.80374e+19
Pixel 93, 96, 1, 1, 4.80374e+19
Pixel 93, 97, 1, 1, 4.80374e+19
Pixel 92, 97, 1, 1, 4.80374e+19
Pixel 92, 98, 1, 1, 4.80374e+19
Pixel 93, 98, 1, 1, 4.80374e+19
Pixel 93, 99, 1, 1, 4.80374e+19
Pixel 92, 99, 1, 1, 4.80374e+19
Pixel 92, 100, 1, 1, 4.80374e+19
Pixel 93, 100, 1, 1, 4.80374e+19
Pixel 93, 101, 1, 1, 4.80374e+19
Pixel 92, 101, 1, 1, 4.80374e+19
Pixel 92, 102, 1, 1, 4.80374e+19
Pixel 93, 102, 1, 1, 4.80374e+19
Pixel 93, 103, 1, 1, 4.80374e+19
Pixel 92, 103, 1, 1, 4.80374e+19
Pixel 92, 104, 1, 1, 4.80374e+19
Pixel 93, 104, 1, 1, 4.80374e+19
Pixel 93, 105, 1, 1, 4.80374e+19
Pixel 92, 105, 1, 1, 4.80374e+19
Pixel 92, 106, 1, 1, 4.80374e+19
Pixel 93, 106, 1, 1, 4.80374e+19
Pixel 93, 107, 1, 1, 4.80374e+19
Pixel 92, 107, 1, 1, 4.80374e+19
Pixel 92, 108, 1, 1, 4.80374e+19
Pixel 93, 108, 1, 1, 4.80374e+19
Pixel 93, 109, 1, 1, 4.80374e+19
Pixel 92, 109, 1, 1, 4.80374e+19
Pixel 92, 110, 1, 1, 4.80374e+19
Pixel 93, 110, 1, 1, 4.80374e+19
Pixel 93, 111, 1, 1, 4.80374e+19
Pixel 92, 111, 1, 1, 4.80374e+19
Pixel 92, 112, 1, 1, 4.80374e+19
Pixel 93, 112, 1, 1, 4.80374e+19
Pixel 93, 113, 1, 1, 4.80374e+19
Pixel 92, 113, 1, 1, 4.80374e+19
Pixel 92, 114, 1, 1, 4.80374e+19
Pixel 93, 114, 1, 1, 4.80374e+19
Pixel 93, 115, 1, 1, 4.80374e+19
Pixel 92, 115, 1, 1, 4.80374e+19
Pixel 92, 116, 1, 1, 4.80374e+19
Pixel 93, 116, 1, 1, 4.80374e+19
Pixel 93, 117, 1, 1, 4.80374e+19
Pixel 92, 117, 1, 1, 4.80374e+19
Pixel 92, 118, 1, 1, 4.80374e+19
Pixel 93, 118, 1, 1, 4.80374e+19
Pixel 93, 119, 1, 1, 4.80374e+19
Pixel 92, 119, 1, 1, 4.80374e+19
Pixel 92, 120, 1, 1, 4.80374e+19
Pixel 93, 120, 1, 1, 4.80374e+19
Pixel 93, 121, 1, 1, 4.80374e+19
Pixel 92, 121, 1, 1, 4.80374e+19
Pixel 92, 122, 1, 1, 4.80374e+19
Pixel 93, 122, 1, 1, 4.80374e+19
Pixel 93, 123, 1, 1, 4.80374e+19
Pixel 92, 123, 1, 1, 4.80374e+19
Pixel 92, 124, 1, 1, 4.80374e+19
Pixel 93, 124, 1, 1, 4.80374e+19
Pixel 93, 125, 1, 1, 4.80374e+19
Pixel 92, 125, 1, 1, 4.80374e+19
Pixel 92, 126, 1, 1, 4.80374e+19
Pixel 93, 126, 1, 1, 4.80374e+19
Pixel 93, 127, 1, 1, 4.80374e+19
Pixel 92, 127, 1, 1, 4.80374e+19
Pixel 92, 128, 1, 1, 4.80374e+19
Pixel 93, 128, 1, 1, 4.80374e+19
Pixel 93, 129, 1, 1, 4.80374e+19
Pixel 92, 129, 1, 1, 4.80374e+19
Pixel 92, 130, 1, 1, 4.80374e+19
Pixel 93, 130, 1, 1, 4.80374e+19
Pixel 93, 131, 1, 1, 4.80374e+19
Pixel 92, 131, 1, 1, 4.80374e+19
Pixel 92, 132, 1, 1, 4.80374e+19
Pixel 93, 132, 1, 1, 4.80374e+19
Pixel 93, 133, 1, 1, 4.80374e+19
Pixel 92, 133, 1, 1, 4.80374e+19
Pixel 92, 134, 1, 1, 4.80374e+19
Pixel 93, 134, 1, 1, 4.80374e+19
Pixel 93, 135, 1, 1, 4.80374e+19
Pixel 92, 135, 1, 1, 4.80374e+19
Pixel 92, 136, 1, 1, 4.80374e+19
Pixel 93, 136, 1, 1, 4.80374e+19
Pixel 93, 137, 1, 1, 4.80374e+19
Pixel 92, 137, 1, 1, 4.80374e+19
Pixel 92, 138, 1, 1, 4.80374e+19
Pixel 93, 138, 1, 1, 4.80374e+19
Pixel 93, 139, 1, 1, 4.80374e+19
Pixel 92, 139, 1, 1, 4.80374e+19
Pixel 92, 140, 1, 1, 4.80374e+19
Pixel 93, 140, 1, 1, 4.80374e+19
Pixel 93, 141, 1, 1, 4.80374e+19
Pixel 92, 141, 1, 1, 4.80374e+19
Pixel 92, 142, 1, 1, 4.80374e+19
Pixel 93, 142, 1, 1, 4.80374e+19
Pixel 93, 143, 1, 1, 4.80374e+19
Pixel 92, 143, 1, 1, 4.80374e+19
Pixel 92, 144, 1, 1, 4.80374e+19
Pixel 93, 144, 1, 1, 4.80374e+19
Pixel 93, 145, 1, 1, 4.80374e+19
Pixel 92, 145, 1, 1, 4.80374e+19
Pixel 92, 146, 1, 1, 4.80374e+19
Pixel 93, 146, 1, 1, 4.80374e+19
Pixel 93, 147, 1, 1, 4.80374e+19
Pixel 92, 147, 1, 1, 4.80374e+19
Pixel 92, 148, 1, 1, 4.80374e+19
Pixel 93, 148, 1, 1, 4.80374e+19
Pixel 93, 149, 1, 1, 4.80374e+19
Pixel 92, 149, 1, 1, 4.80374e+19
Pixel 92, 150, 1, 1, 4.80374e+19
Pixel 93, 150, 1, 1, 4.80374e+19
Pixel 93, 151, 1, 1, 4.80374e+19
Pixel 92, 151, 1, 1, 4.80374e+19
Pixel 92, 152, 1, 1, 4.80374e+19
Pixel 93, 152, 1, 1, 4.80374e+19
Pixel 93, 153, 1, 1, 4.80374e+19
Pixel 92, 153, 1, 1, 4.80374e+19
Pixel 92, 154, 1, 1, 4.80374e+19
Pixel 93, 154, 1, 1, 4.80374e+19
Pixel 93, 155, 1, 1, 4.80374e+19
Pixel 92, 155, 1, 1, 4.80374e+19
Pixel 92, 156, 1, 1, 4.80374e+19
Pixel 93, 156, 1, 1, 4.80374e+19
Pixel 93, 157, 1, 1, 4.80374e+19
Pixel 92, 157, 1, 1, 4.80374e+19
Pixel 92, 158, 1, 1, 4.80374e+19
Pixel 93, 158, 1, 1, 4.80374e+19
Pixel 93, 159, 1, 1, 4.80374e+19
Pixel 92, 159, 1, 1, 4.80374e+19
Pixel 92, 160, 1, 1, 4.80374e+19
Pixel 93, 160, 1, 1, 4.80374e+19
Pixel 93, 161, 1, 1, 4.80374e+19
Pixel 92, 161, 1, 1, 4.80374e+19
Pixel 92, 162, 1, 1, 4.80374e+19
Pixel 93, 162, 1, 1, 4.80374e+19
Pixel 93, 163, 1, 1, 4.80374e+19
Pixel 92, 163, 1, 1, 4.80374e+19
Pixel 92, 164, 1, 1, 4.80374e+19
Pixel 93, 164, 1, 1, 4.80374e+19
Pixel 93, 165, 1, 1, 4.80374e+19
Pixel 92, 165, 1, 1, 4.80374e+19
Pixel 92, 166, 1, 1, 4.80374e+19
Pixel 93, 166, 1, 1, 4.80374e+19
Pixel 93, 167, 1, 1, 4.80374e+19
Pixel 92, 167, 1, 1, 4.80374e+19
Pixel 92, 168, 1, 1, 4.80374e+19
Pixel 93, 168, 1, 1, 4.80374e+19
Pixel 93, 169, 1, 1, 4.80374e+19
Pixel 92, 169, 1, 1, 4.80374e+19
Pixel 92, 170, 1, 1, 4.80374e+19
Pixel 93, 170, 1, 1, 4.80374e+19
Pixel 93, 171, 1, 1, 4.80374e+19
Pixel 92, 171, 1, 1, 4.80374e+19
Pixel 92, 172, 1, 1, 4.80374e+19
Pixel 93, 172, 1, 1, 4.80374e+19
Pixel 93, 173, 1, 1, 4.80374e+19
Pixel 92, 173, 1, 1, 4.80374e+19
Pixel 92, 174, 1, 1, 4.80374e+19
Pixel 93, 174, 1, 1, 4.80374e+19
Pixel 93, 175, 1, 1, 4.80374e+19
Pixel 92, 175, 1, 1, 4.80374e+19
Pixel 92, 176, 1, 1, 4.80374e+19
Pixel 93, 176, 1, 1, 4.80374e+19
Pixel 93, 177, 1, 1, 4.80374e+19
Pixel 92, 177, 1, 1, 4.80374e+19
Pixel 92, 178, 1, 1, 4.80374e+19
Pixel 93, 178, 1, 1, 4.80374e+19
Pixel 93, 179, 1, 1, 4.80374e+19
Pixel 92, 179, 1, 1, 4.80374e+19
Pixel 92, 180, 1, 1, 4.80374e+19
Pixel 93, 180, 1, 1, 4.80374e+19
Pixel 93, 181, 1, 1, 4.80374e+19
Pixel 92, 181, 1, 1, 4.80374e+19
Pixel 92, 182, 1, 1, 4.80374e+19
Pixel 93, 182, 1, 1, 4.80374e+19
Pixel 93, 183, 1, 1, 4.80374e+19
Pixel 92, 183, 1, 1, 4.80374e+19
Pixel 92, 184, 1, 1, 4.80374e+19
Pixel 93, 184, 1, 1, 4.80374e+19
Pixel 93, 185, 1, 1, 4.80374e+19
Pixel 92, 185, 1, 1, 4.80374e+19
Pixel 92, 186, 1, 1, 4.80374e+19
Pixel 93, 186, 1, 1, 4.80374e+19
Pixel 93, 187, 1, 1, 4.80374e+19
Pixel 92, 187, 1, 1, 4.80374e+19
Pixel 92, 188, 1, 1, 4.80374e+19
Pixel 93, 188, 1, 1, 4.80374e+19
Pixel 93, 189, 1, 1, 4.80374e+19
Pixel 92, 189, 1, 1, 4.80374e+19
Pixel 92, 190, 1, 1, 4.80374e+19
Pixel 93, 190, 1, 1, 4.80374e+19
Pixel 93, 191, 1, 1, 4.80374e+19
Pixel 92, 191, 1, 1, 4.80374e+19
Pixel 92, 192, 1, 1, 4.80374e+19
Pixel 93, 192, 1, 1, 4.80374e+19
Pixel 93, 193, 1, 1, 4.80374e+19
Pixel 92, 193, 1, 1, 4.80374e+19
Pixel 92, 194, 1, 1, 4.80374e+19
Pixel 93, 194, 1, 1, 4.80374e+19
Pixel 93, 195, 1, 1, 4.80374e+19
Pixel 92, 195, 1, 1, 4.80374e+19
Pixel 92, 196, 1, 1, 4.80374e+19
Pixel 93, 196, 1, 1, 4.80374e+19
Pixel 93, 197, 1, 1, 4.80374e+19
Pixel 92, 197, 1, 1, 4.80374e+19
Pixel 92, 198, 1, 1, 4.80374e+19
Pixel 93, 198, 1, 1, 4.80374e+19
Pixel 93, 199, 1, 1, 4.80374e+19
Pixel 92, 199, 1, 1, 4.80374e+19
Pixel 92, 200, 1, 1, 4.80374e+19
Pixel 93, 200, 1, 1, 4.80374e+19
Pixel 93, 201, 1, 1, 4.80374e+19
Pixel 92, 201, 1, 1, 4.80374e+19
Pixel 92, 202, 1, 1, 4.80374e+19
Pixel 93, 202, 1, 1, 4.80374e+19
Pixel 93, 203, 1, 1, 4.80374e+19
Pixel 92, 203, 1, 1, 4.80374e+19
Pixel 92, 204, 1, 1, 4.80374e+19
Pixel 93, 204, 1, 1, 4.80374e+19
Pixel 93, 205, 1, 1, 4.80374e+19
Pixel 92, 205, 1, 1, 4.80374e+19
Pixel 92, 206, 1, 1, 4.80374e+19
Pixel 93, 206, 1, 1, 4.80374e+19
Pixel 93, 207, 1, 1, 4.80374e+19
Pixel 92, 207, 1, 1, 4.80374e+19
Pixel 92, 208, 1, 1, 4.80374e+19
Pixel 93, 208, 1, 1, 4.80374e+19
Pixel 93, 209, 1, 1, 4.80374e+19
Pixel 92, 209, 1, 1, 4.80374e+19
Pixel 92, 210, 1, 1, 4.80374e+19
Pixel 93, 210, 1, 1, 4.80374e+19
Pixel 93, 211, 1, 1, 4.80374e+19
Pixel 92, 211, 1, 1, 4.80374e+19
Pixel 92, 212, 1, 1, 4.80374e+19
Pixel 93, 212, 1, 1, 4.80374e+19
Pixel 93, 213, 1, 1, 4.80374e+19
Pixel 92, 213, 1, 1, 4.80374e+19
Pixel 92, 214, 1, 1, 4.80374e+19
Pixel 93, 214, 1, 1, 4.80374e+19
Pixel 93, 215, 1, 1, 4.80374e+19
Pixel 92, 215, 1, 1, 4.80374e+19
Pixel 92, 216, 1, 1, 4.80374e+19
Pixel 93, 216, 1, 1, 4.80374e+19
Pixel 93, 217, 1, 1, 4.80374e+19
Pixel 92, 217, 1, 1, 4.80374e+19
Pixel 92, 218, 1, 1, 4.80374e+19
Pixel 93, 218, 1, 1, 4.80374e+19
Pixel 93, 219, 1, 1, 4.80374e+19
Pixel 92, 219, 1, 1, 4.80374e+19
Pixel 92, 220, 1, 1, 4.80374e+19
Pixel 93, 220, 1, 1, 4.80374e+19
Pixel 93, 221, 1, 1, 4.80374e+19
Pixel 92, 221, 1, 1, 4.80374e+19
Pixel 92, 222, 1, 1, 4.80374e+19
Pixel 93, 222, 1, 1, 4.80374e+19
Pixel 93, 223, 1, 1, 4.80374e+19
Pixel 92, 223, 1, 1, 4.80374e+19
Pixel 92, 224, 1, 1, 4.80374e+19
Pixel 93, 224, 1, 1, 4.80374e+19
Pixel 93, 225, 1, 1, 4.80374e+19
Pixel 92, 225, 1, 1, 4.80374e+19
Pixel 92, 226, 1, 1, 4.80374e+19
Pixel 93, 226, 1, 1, 4.80374e+19
Pixel 93, 227, 1, 1, 4.80374e+19
Pixel 92, 227, 1, 1, 4.80374e+19
Pixel 92, 228, 1, 1, 4.80374e+19
Pixel 93, 228, 1, 1, 4.80374e+19
Pixel 93, 229, 1, 1, 4.80374e+19
Pixel 92, 229, 1, 1, 4.80374e+19
Pixel 92, 230, 1, 1, 4.80374e+19
Pixel 93, 230, 1, 1, 4.80374e+19
Pixel 93, 231, 1, 1, 4.80374e+19
Pixel 92, 231, 1, 1, 4.80374e+19
Pixel 92, 232, 1, 1, 4.80374e+19
Pixel 93, 232, 1, 1, 4.80374e+19
Pixel 93, 233, 1, 1, 4.80374e+19
Pixel 92, 233, 1, 1, 4.80374e+19
Pixel 92, 234, 1, 1, 4.80374e+19
Pixel 93, 234, 1, 1, 4.80374e+19
Pixel 93, 235, 1, 1, 4.80374e+19
Pixel 92, 235, 1, 1, 4.80374e+19
Pixel 92, 236, 1, 1, 4.80374e+19
Pixel 93, 236, 1, 1, 4.80374e+19
Pixel 93, 237, 1, 1, 4.80374e+19
Pixel 92, 237, 1, 1, 4.80374e+19
Pixel 92, 238, 1, 1, 4.80374e+19
Pixel 93, 238, 1, 1, 4.80374e+19
Pixel 93, 239, 1, 1, 4.80374e+19
Pixel 92, 239, 1, 1, 4.80374e+19
Pixel 92, 240, 1, 1, 4.80374e+19
Pixel 93, 240, 1, 1, 4.80374e+19
Pixel 93, 241, 1, 1, 4.80374e+19
Pixel 92, 241, 1, 1, 4.80374e+19
Pixel 92, 242, 1, 1, 4.80374e+19
Pixel 93, 242, 1, 1, 4.80374e+19
Pixel 93, 243, 1, 1, 4.80374e+19
Pixel 92, 243, 1, 1, 4.80374e+19
Pixel 92, 244, 1, 1, 4.80374e+19
Pixel 93, 244, 1, 1, 4.80374e+19
Pixel 93, 245, 1, 1, 4.80374e+19
Pixel 92, 245, 1, 1, 4.80374e+19
Pixel 92, 246, 1, 1, 4.80374e+19
Pixel 93, 246, 1, 1, 4.80374e+19
Pixel 93, 247, 1, 1, 4.80374e+19
Pixel 92, 247, 1, 1, 4.80374e+19
Pixel 92, 248, 1, 1, 4.80374e+19
Pixel 93, 248, 1, 1, 4.80374e+19
Pixel 93, 249, 1, 1, 4.80374e+19
Pixel 92, 249, 1, 1, 4.80374e+19
Pixel 92, 250, 1, 1, 4.80374e+19
Pixel 93, 250, 1, 1, 4.80374e+19
Pixel 93, 251, 1, 1, 4.80374e+19
Pixel 92, 251, 1, 1, 4.80374e+19
Pixel 92, 252, 1, 1, 4.80374e+19
Pixel 93, 252, 1, 1, 4.80374e+19
Pixel 93, 253, 1, 1, 4.80374e+19
Pixel 92, 253, 1, 1, 4.80374e+19
Pixel 92, 254, 1, 1, 4.80374e+19
Pixel 93, 254, 1, 1, 4.80374e+19
Pixel 93, 255, 1, 1, 4.80374e+19
Pixel 92, 255, 1, 1, 4.80374e+19
=== 3433 ===
--- pALPIDEfs_0 ---
Pixel 63, 442, 1, 1, 4.80374e+19
Pixel 63, 443, 1, 1, 4.80374e+19
Pixel 64, 442, 1, 1, 4.80374e+19
--- pALPIDEfs_1 ---
Pixel 669, 382, 1, 1, 4.80374e+19
Pixel 669, 383, 1, 1, 4.80374e+19
Pixel 670, 382, 1, 1, 4.80374e+19
Pixel 670, 383, 1, 1, 4.80374e+19
=== 8760 ===
--- pALPIDEfs_3 ---
Pixel 557, 180, 1, 1, 4.80374e+19
=== 11365 ===
--- pALPIDEfs_5 ---
Pixel 515, 463, 1, 1, 4.80374e+19
Pixel 515, 464, 1, 1, 4.80374e+19
Pixel 516, 463, 1, 1, 4.80374e+19
Pixel 516, 464, 1, 1, 4.80374e+19
=== 14642 ===
--- pALPIDEfs_4 ---
Pixel 808, 362, 1, 1, 4.80374e+19
=== 41450 ===
--- pALPIDEfs_1 ---
Pixel 709, 378, 1, 1, 4.80374e+19
Pixel 710, 378, 1, 1, 4.80374e+19
=== 66621 ===
--- pALPIDEfs_1 ---
Pixel 152, 471, 1, 1, 4.80374e+19
=== 68435 ===
--- pALPIDEfs_5 ---
Pixel 481, 175, 1, 1, 4.80374e+19
Pixel 480, 175, 1, 1, 4.80374e+19
Pixel 480, 176, 1, 1, 4.80374e+19
Pixel 481, 176, 1, 1, 4.80374e+19
=== 68454 ===
--- pALPIDEfs_0 ---
Pixel 54, 229, 1, 1, 4.80374e+19
--- pALPIDEfs_1 ---
Pixel 21, 144, 1, 1, 4.80374e+19
--- pALPIDEfs_2 ---
Pixel 5, 58, 1, 1, 4.80374e+19
=== 68455 ===
--- pALPIDEfs_2 ---
Pixel 5, 58, 1, 1, 4.80374e+19
=== 72247 ===
--- pALPIDEfs_1 ---
Pixel 97, 277, 1, 1, 4.80374e+19
Pixel 97, 278, 1, 1, 4.80374e+19
Pixel 98, 278, 1, 1, 4.80374e+19
=== 106402 ===
--- pALPIDEfs_2 ---
Pixel 202, 154, 1, 1, 4.80374e+19
Pixel 203, 154, 1, 1, 4.80374e+19
Pixel 203, 155, 1, 1, 4.80374e+19
Pixel 202, 155, 1, 1, 4.80374e+19
=== 133516 ===
--- pALPIDEfs_6 ---
Pixel 873, 367, 1, 1, 4.80374e+19
Pixel 872, 368, 1, 1, 4.80374e+19
Pixel 873, 368, 1, 1, 4.80374e+19
=== 154177 ===
--- pALPIDEfs_2 ---
Pixel 154, 352, 1, 1, 4.80374e+19
Pixel 155, 353, 1, 1, 4.80374e+19
Pixel 154, 353, 1, 1, 4.80374e+19
Pixel 155, 354, 1, 1, 4.80374e+19
=== 162500 ===
--- pALPIDEfs_3 ---
Pixel 277, 93, 1, 1, 4.80374e+19
Pixel 276, 93, 1, 1, 4.80374e+19
Pixel 276, 94, 1, 1, 4.80374e+19
=== 165669 ===
--- pALPIDEfs_2 ---
Pixel 799, 399, 1, 1, 4.80374e+19
Pixel 799, 400, 1, 1, 4.80374e+19
Pixel 800, 399, 1, 1, 4.80374e+19
=== 171208 ===
--- pALPIDEfs_0 ---
Pixel 775, 265, 1, 1, 4.80374e+19
Pixel 774, 265, 1, 1, 4.80374e+19
Pixel 774, 266, 1, 1, 4.80374e+19
Pixel 775, 266, 1, 1, 4.80374e+19
Pixel 776, 265, 1, 1, 4.80374e+19
=== 172807 ===
--- pALPIDEfs_6 ---
Pixel 29, 451, 1, 1, 4.80374e+19
=== 178713 ===
--- pALPIDEfs_2 ---
Pixel 113, 195, 1, 1, 4.80374e+19
Pixel 112, 195, 1, 1, 4.80374e+19
--- pALPIDEfs_3 ---
Pixel 96, 474, 1, 1, 4.80374e+19
Pixel 97, 474, 1, 1, 4.80374e+19
Pixel 97, 475, 1, 1, 4.80374e+19
Pixel 96, 475, 1, 1, 4.80374e+19
Pixel 100, 464, 1, 1, 4.80374e+19
Pixel 101, 464, 1, 1, 4.80374e+19
Pixel 101, 465, 1, 1, 4.80374e+19
Pixel 100, 465, 1, 1, 4.80374e+19
=== 179753 ===
--- pALPIDEfs_5 ---
Pixel 367, 91, 1, 1, 4.80374e+19
Pixel 366, 91, 1, 1, 4.80374e+19
Pixel 366, 92, 1, 1, 4.80374e+19
Pixel 367, 92, 1, 1, 4.80374e+19
=== 190425 ===
--- pALPIDEfs_0 ---
Pixel 1021, 398, 1, 1, 4.80374e+19
Pixel 1021, 399, 1, 1, 4.80374e+19
Pixel 1022, 398, 1, 1, 4.80374e+19
Pixel 1023, 399, 1, 1, 4.80374e+19
Pixel 1022, 399, 1, 1, 4.80374e+19
Pixel 1022, 400, 1, 1, 4.80374e+19
Pixel 1023, 400, 1, 1, 4.80374e+19
=== 190426 ===
--- pALPIDEfs_0 ---
Pixel 1021, 398, 1, 1, 4.80374e+19
=== 196299 ===
--- pALPIDEfs_5 ---
Pixel 763, 209, 1, 1, 4.80374e+19
Pixel 764, 209, 1, 1, 4.80374e+19
=== 211999 ===
--- pALPIDEfs_4 ---
Pixel 229, 186, 1, 1, 4.80374e+19
Pixel 229, 187, 1, 1, 4.80374e+19
Pixel 231, 187, 1, 1, 4.80374e+19
Pixel 230, 187, 1, 1, 4.80374e+19
Pixel 230, 188, 1, 1, 4.80374e+19
Pixel 231, 188, 1, 1, 4.80374e+19
Pixel 231, 189, 1, 1, 4.80374e+19
Pixel 233, 189, 1, 1, 4.80374e+19
Pixel 232, 189, 1, 1, 4.80374e+19
Pixel 232, 190, 1, 1, 4.80374e+19
Pixel 233, 190, 1, 1, 4.80374e+19
Pixel 233, 191, 1, 1, 4.80374e+19
Pixel 233, 192, 1, 1, 4.80374e+19
Pixel 234, 190, 1, 1, 4.80374e+19
Pixel 235, 191, 1, 1, 4.80374e+19
Pixel 234, 191, 1, 1, 4.80374e+19
Pixel 234, 192, 1, 1, 4.80374e+19
Pixel 235, 192, 1, 1, 4.80374e+19
Pixel 235, 193, 1, 1, 4.80374e+19
Pixel 234, 193, 1, 1, 4.80374e+19
Pixel 236, 193, 1, 1, 4.80374e+19
Pixel 236, 194, 1, 1, 4.80374e+19
Pixel 237, 194, 1, 1, 4.80374e+19
Pixel 237, 195, 1, 1, 4.80374e+19
Pixel 237, 196, 1, 1, 4.80374e+19
Pixel 238, 196, 1, 1, 4.80374e+19
Pixel 238, 197, 1, 1, 4.80374e+19
Pixel 238, 198, 1, 1, 4.80374e+19
Pixel 240, 201, 1, 1, 4.80374e+19
Pixel 240, 202, 1, 1, 4.80374e+19
Pixel 240, 205, 1, 1, 4.80374e+19
Pixel 240, 207, 1, 1, 4.80374e+19
Pixel 240, 208, 1, 1, 4.80374e+19
Pixel 240, 209, 1, 1, 4.80374e+19
Pixel 240, 210, 1, 1, 4.80374e+19
Pixel 241, 210, 1, 1, 4.80374e+19
Pixel 241, 211, 1, 1, 4.80374e+19
Pixel 240, 211, 1, 1, 4.80374e+19
=== 212733 ===
--- pALPIDEfs_0 ---
Pixel 299, 428, 1, 1, 4.80374e+19
=== 214336 ===
--- pALPIDEfs_3 ---
Pixel 557, 180, 1, 1, 4.80374e+19
=== 221763 ===
--- pALPIDEfs_3 ---
Pixel 863, 509, 1, 1, 4.80374e+19
Pixel 862, 509, 1, 1, 4.80374e+19
Pixel 862, 510, 1, 1, 4.80374e+19
Pixel 863, 510, 1, 1, 4.80374e+19
Pixel 889, 432, 1, 1, 4.80374e+19
Pixel 889, 433, 1, 1, 4.80374e+19
Pixel 890, 432, 1, 1, 4.80374e+19
Pixel 890, 433, 1, 1, 4.80374e+19
Pixel 890, 434, 1, 1, 4.80374e+19
Pixel 891, 434, 1, 1, 4.80374e+19
Pixel 891, 435, 1, 1, 4.80374e+19
Pixel 890, 435, 1, 1, 4.80374e+19
=== 239506 ===
--- pALPIDEfs_5 ---
Pixel 689, 231, 1, 1, 4.80374e+19
Pixel 689, 232, 1, 1, 4.80374e+19
Pixel 690, 231, 1, 1, 4.80374e+19
=== 287938 ===
--- pALPIDEfs_0 ---
Pixel 663, 91, 1, 1, 4.80374e+19
Pixel 663, 92, 1, 1, 4.80374e+19
Pixel 664, 91, 1, 1, 4.80374e+19
Pixel 664, 92, 1, 1, 4.80374e+19
=== 306174 ===
--- pALPIDEfs_0 ---
Pixel 349, 151, 1, 1, 4.80374e+19
Pixel 348, 151, 1, 1, 4.80374e+19
=== 320631 ===
--- pALPIDEfs_1 ---
Pixel 227, 286, 1, 1, 4.80374e+19
Pixel 228, 286, 1, 1, 4.80374e+19
Pixel 228, 287, 1, 1, 4.80374e+19
=== 335303 ===
--- pALPIDEfs_3 ---
Pixel 313, 8, 1, 1, 4.80374e+19
Pixel 313, 9, 1, 1, 4.80374e+19
=== 341218 ===
--- pALPIDEfs_5 ---
Pixel 742, 425, 1, 1, 4.80374e+19
Pixel 742, 426, 1, 1, 4.80374e+19
=== 341241 ===
--- pALPIDEfs_6 ---
Pixel 19, 287, 1, 1, 4.80374e+19
Pixel 19, 288, 1, 1, 4.80374e+19
Pixel 21, 287, 1, 1, 4.80374e+19
Pixel 20, 287, 1, 1, 4.80374e+19
Pixel 20, 288, 1, 1, 4.80374e+19
Pixel 21, 288, 1, 1, 4.80374e+19
Pixel 21, 289, 1, 1, 4.80374e+19
Pixel 20, 289, 1, 1, 4.80374e+19
Pixel 22, 287, 1, 1, 4.80374e+19
=== 345540 ===
--- pALPIDEfs_1 ---
Pixel 540, 459, 1, 1, 4.80374e+19
Pixel 540, 460, 1, 1, 4.80374e+19
Pixel 541, 460, 1, 1, 4.80374e+19
=== 351426 ===
--- pALPIDEfs_4 ---
Pixel 368, 214, 1, 1, 4.80374e+19
Pixel 369, 214, 1, 1, 4.80374e+19
Pixel 369, 215, 1, 1, 4.80374e+19
Pixel 368, 215, 1, 1, 4.80374e+19
Pixel 369, 216, 1, 1, 4.80374e+19
Pixel 370, 216, 1, 1, 4.80374e+19
Pixel 371, 217, 1, 1, 4.80374e+19
Pixel 370, 217, 1, 1, 4.80374e+19
=== 353740 ===
--- pALPIDEfs_0 ---
Pixel 475, 400, 1, 1, 4.80374e+19
Pixel 476, 400, 1, 1, 4.80374e+19
Pixel 476, 401, 1, 1, 4.80374e+19
--- pALPIDEfs_1 ---
Pixel 23, 195, 1, 1, 4.80374e+19
=== 357517 ===
--- pALPIDEfs_5 ---
Pixel 812, 188, 1, 1, 4.80374e+19
Pixel 813, 188, 1, 1, 4.80374e+19
Pixel 813, 189, 1, 1, 4.80374e+19
Pixel 812, 189, 1, 1, 4.80374e+19
Pixel 812, 190, 1, 1, 4.80374e+19
Pixel 813, 190, 1, 1, 4.80374e+19
=== 401589 ===
--- pALPIDEfs_6 ---
Pixel 1014, 305, 1, 1, 4.80374e+19
=== 422179 ===
--- pALPIDEfs_5 ---
Pixel 197, 237, 1, 1, 4.80374e+19
Pixel 197, 238, 1, 1, 4.80374e+19
Pixel 198, 237, 1, 1, 4.80374e+19
Pixel 198, 238, 1, 1, 4.80374e+19
--- pALPIDEfs_6 ---
Pixel 482, 272, 1, 1, 4.80374e+19
=== 432640 ===
--- pALPIDEfs_1 ---
Pixel 908, 326, 1, 1, 4.80374e+19
Pixel 908, 327, 1, 1, 4.80374e+19
=== 446038 ===
--- pALPIDEfs_1 ---
Pixel 442, 444, 1, 1, 4.80374e+19
Pixel 443, 444, 1, 1, 4.80374e+19
Pixel 443, 445, 1, 1, 4.80374e+19
=== 456192 ===
--- pALPIDEfs_3 ---
Pixel 677, 85, 1, 1, 4.80374e+19
Pixel 677, 86, 1, 1, 4.80374e+19
=== 480683 ===
--- pALPIDEfs_2 ---
Pixel 619, 133, 1, 1, 4.80374e+19
Pixel 618, 134, 1, 1, 4.80374e+19
Pixel 619, 134, 1, 1, 4.80374e+19
Pixel 619, 135, 1, 1, 4.80374e+19
Pixel 618, 135, 1, 1, 4.80374e+19
Pixel 618, 136, 1, 1, 4.80374e+19
Pixel 619, 136, 1, 1, 4.80374e+19
Pixel 619, 137, 1, 1, 4.80374e+19
=== 496547 ===
--- pALPIDEfs_3 ---
Pixel 553, 6, 1, 1, 4.80374e+19
Pixel 553, 7, 1, 1, 4.80374e+19
Pixel 554, 6, 1, 1, 4.80374e+19
Pixel 554, 7, 1, 1, 4.80374e+19
=== 499381 ===
--- pALPIDEfs_2 ---
Pixel 711, 309, 1, 1, 4.80374e+19
Pixel 712, 309, 1, 1, 4.80374e+19
--- pALPIDEfs_3 ---
Pixel 797, 105, 1, 1, 4.80374e+19
Pixel 797, 106, 1, 1, 4.80374e+19
Pixel 798, 105, 1, 1, 4.80374e+19
Pixel 798, 106, 1, 1, 4.80374e+19
=== 514393 ===
--- pALPIDEfs_3 ---
Pixel 557, 180, 1, 1, 4.80374e+19
=== 522103 ===
--- pALPIDEfs_5 ---
Pixel 273, 511, 1, 1, 4.80374e+19
=== 525298 ===
--- pALPIDEfs_0 ---
Pixel 93, 359, 1, 1, 4.80374e+19
Pixel 92, 359, 1, 1, 4.80374e+19
Pixel 92, 360, 1, 1, 4.80374e+19
Pixel 93, 360, 1, 1, 4.80374e+19
Pixel 93, 361, 1, 1, 4.80374e+19
Pixel 94, 360, 1, 1, 4.80374e+19
Pixel 94, 361, 1, 1, 4.80374e+19
Pixel 94, 362, 1, 1, 4.80374e+19
Pixel 95, 362, 1, 1, 4.80374e+19
Pixel 95, 363, 1, 1, 4.80374e+19
=== 547231 ===
--- pALPIDEfs_4 ---
Pixel 567, 133, 1, 1, 4.80374e+19
Pixel 568, 132, 1, 1, 4.80374e+19
Pixel 568, 133, 1, 1, 4.80374e+19
=== 551015 ===
--- pALPIDEfs_5 ---
Pixel 932, 138, 1, 1, 4.80374e+19
Pixel 933, 138, 1, 1, 4.80374e+19
Pixel 933, 139, 1, 1, 4.80374e+19
Pixel 932, 139, 1, 1, 4.80374e+19
--- pALPIDEfs_6 ---
Pixel 458, 52, 1, 1, 4.80374e+19
Pixel 459, 52, 1, 1, 4.80374e+19
=== 566909 ===
--- pALPIDEfs_1 ---
Pixel 572, 221, 1, 1, 4.80374e+19
=== 602615 ===
--- pALPIDEfs_3 ---
Pixel 687, 389, 1, 1, 4.80374e+19
Pixel 688, 389, 1, 1, 4.80374e+19
Pixel 688, 390, 1, 1, 4.80374e+19
--- pALPIDEfs_4 ---
Pixel 458, 410, 1, 1, 4.80374e+19
Pixel 459, 410, 1, 1, 4.80374e+19
=== 609861 ===
--- pALPIDEfs_6 ---
Pixel 557, 230, 1, 1, 4.80374e+19
Pixel 558, 229, 1, 1, 4.80374e+19
Pixel 558, 230, 1, 1, 4.80374e+19
=== 624664 ===
--- pALPIDEfs_3 ---
Pixel 647, 496, 1, 1, 4.80374e+19
Pixel 648, 495, 1, 1, 4.80374e+19
Pixel 648, 496, 1, 1, 4.80374e+19
=== 633468 ===
--- pALPIDEfs_3 ---
Pixel 33, 408, 1, 1, 4.80374e+19
Pixel 34, 407, 1, 1, 4.80374e+19
Pixel 34, 408, 1, 1, 4.80374e+19
=== 642274 ===
--- pALPIDEfs_3 ---
Pixel 557, 180, 1, 1, 4.80374e+19
=== 642740 ===
--- pALPIDEfs_3 ---
Pixel 557, 180, 1, 1, 4.80374e+19
=== 654098 ===
--- pALPIDEfs_2 ---
Pixel 806, 4, 1, 1, 4.80374e+19
Pixel 806, 5, 1, 1, 4.80374e+19
=== 661340 ===
--- pALPIDEfs_5 ---
Pixel 442, 436, 1, 1, 4.80374e+19
Pixel 443, 436, 1, 1, 4.80374e+19
Pixel 443, 437, 1, 1, 4.80374e+19
Pixel 442, 437, 1, 1, 4.80374e+19
Pixel 445, 437, 1, 1, 4.80374e+19
Pixel 444, 437, 1, 1, 4.80374e+19
Pixel 444, 438, 1, 1, 4.80374e+19
Pixel 445, 438, 1, 1, 4.80374e+19
=== 664572 ===
--- pALPIDEfs_1 ---
Pixel 671, 32, 1, 1, 4.80374e+19
Pixel 671, 33, 1, 1, 4.80374e+19
Pixel 671, 34, 1, 1, 4.80374e+19
--- pALPIDEfs_4 ---
Pixel 541, 347, 1, 1, 4.80374e+19
Pixel 541, 348, 1, 1, 4.80374e+19
Pixel 541, 349, 1, 1, 4.80374e+19
Pixel 542, 348, 1, 1, 4.80374e+19
Pixel 542, 349, 1, 1, 4.80374e+19
=== 673509 ===
--- pALPIDEfs_2 ---
Pixel 531, 450, 1, 1, 4.80374e+19
Pixel 531, 451, 1, 1, 4.80374e+19
Pixel 532, 450, 1, 1, 4.80374e+19
=== 676503 ===
--- pALPIDEfs_2 ---
Pixel 292, 148, 1, 1, 4.80374e+19
Pixel 292, 149, 1, 1, 4.80374e+19
Pixel 292, 150, 1, 1, 4.80374e+19
=== 681172 ===
--- pALPIDEfs_3 ---
Pixel 129, 406, 1, 1, 4.80374e+19
Pixel 129, 407, 1, 1, 4.80374e+19
Pixel 130, 406, 1, 1, 4.80374e+19
Pixel 130, 407, 1, 1, 4.80374e+19
=== 686729 ===
--- pALPIDEfs_0 ---
Pixel 103, 423, 1, 1, 4.80374e+19
Pixel 102, 423, 1, 1, 4.80374e+19
Pixel 102, 424, 1, 1, 4.80374e+19
Pixel 103, 424, 1, 1, 4.80374e+19
=== 689295 ===
--- pALPIDEfs_3 ---
Pixel 557, 180, 1, 1, 4.80374e+19
=== 707989 ===
--- pALPIDEfs_3 ---
Pixel 667, 182, 1, 1, 4.80374e+19
Pixel 668, 182, 1, 1, 4.80374e+19
Pixel 776, 94, 1, 1, 4.80374e+19
=== 717028 ===
--- pALPIDEfs_6 ---
Pixel 649, 401, 1, 1, 4.80374e+19
Pixel 650, 401, 1, 1, 4.80374e+19
=== 720228 ===
--- pALPIDEfs_2 ---
Pixel 158, 392, 1, 1, 4.80374e+19
=== 720561 ===
--- pALPIDEfs_0 ---
Pixel 250, 221, 1, 1, 4.80374e+19
--- pALPIDEfs_1 ---
Pixel 339, 23, 1, 1, 4.80374e+19
=== 724461 ===
--- pALPIDEfs_1 ---
Pixel 164, 252, 1, 1, 4.80374e+19
Pixel 164, 253, 1, 1, 4.80374e+19
=== 759288 ===
--- pALPIDEfs_0 ---
Pixel 797, 281, 1, 1, 4.80374e+19
--- pALPIDEfs_1 ---
Pixel 818, 33, 1, 1, 4.80374e+19
=== 759638 ===
--- pALPIDEfs_3 ---
Pixel 1021, 178, 1, 1, 4.80374e+19
=== 760171 ===
--- pALPIDEfs_0 ---
Pixel 43, 400, 1, 1, 4.80374e+19
=== 760347 ===
--- pALPIDEfs_3 ---
Pixel 50, 28, 1, 1, 4.80374e+19
Pixel 51, 28, 1, 1, 4.80374e+19
Pixel 51, 29, 1, 1, 4.80374e+19
Pixel 50, 29, 1, 1, 4.80374e+19
=== 774923 ===
--- pALPIDEfs_1 ---
Pixel 795, 389, 1, 1, 4.80374e+19
Pixel 795, 390, 1, 1, 4.80374e+19
Pixel 796, 390, 1, 1, 4.80374e+19
=== 785440 ===
--- pALPIDEfs_6 ---
Pixel 851, 280, 1, 1, 4.80374e+19
Pixel 851, 281, 1, 1, 4.80374e+19
Pixel 852, 280, 1, 1, 4.80374e+19
Pixel 853, 281, 1, 1, 4.80374e+19
Pixel 852, 281, 1, 1, 4.80374e+19
Pixel 852, 282, 1, 1, 4.80374e+19
=== 790983 ===
--- pALPIDEfs_3 ---
Pixel 587, 94, 1, 1, 4.80374e+19
--- pALPIDEfs_4 ---
Pixel 186, 219, 1, 1, 4.80374e+19
Pixel 186, 220, 1, 1, 4.80374e+19
=== 797772 ===
--- pALPIDEfs_1 ---
Pixel 446, 339, 1, 1, 4.80374e+19
=== 799002 ===
--- pALPIDEfs_6 ---
Pixel 19, 460, 1, 1, 4.80374e+19
Pixel 19, 461, 1, 1, 4.80374e+19
Pixel 20, 460, 1, 1, 4.80374e+19
Pixel 20, 461, 1, 1, 4.80374e+19
Pixel 23, 449, 1, 1, 4.80374e+19
Pixel 23, 450, 1, 1, 4.80374e+19
Pixel 23, 451, 1, 1, 4.80374e+19
Pixel 24, 449, 1, 1, 4.80374e+19
Pixel 24, 450, 1, 1, 4.80374e+19
Pixel 24, 451, 1, 1, 4.80374e+19
=== 802697 ===
--- pALPIDEfs_2 ---
Pixel 518, 87, 1, 1, 4.80374e+19
Pixel 518, 88, 1, 1, 4.80374e+19
=== 806126 ===
--- pALPIDEfs_1 ---
Pixel 473, 306, 1, 1, 4.80374e+19
Pixel 473, 307, 1, 1, 4.80374e+19
Pixel 473, 308, 1, 1, 4.80374e+19
Pixel 474, 307, 1, 1, 4.80374e+19
Pixel 474, 308, 1, 1, 4.80374e+19
Pixel 474, 309, 1, 1, 4.80374e+19
=== 821771 ===
--- pALPIDEfs_6 ---
Pixel 896, 104, 1, 1, 4.80374e+19
Pixel 897, 104, 1, 1, 4.80374e+19
Pixel 897, 105, 1, 1, 4.80374e+19
Pixel 896, 105, 1, 1, 4.80374e+19
=== 823174 ===
--- pALPIDEfs_4 ---
Pixel 72, 30, 1, 1, 4.80374e+19
Pixel 73, 30, 1, 1, 4.80374e+19
--- pALPIDEfs_5 ---
Pixel 605, 219, 1, 1, 4.80374e+19
Pixel 604, 219, 1, 1, 4.80374e+19
Pixel 604, 220, 1, 1, 4.80374e+19
Pixel 605, 220, 1, 1, 4.80374e+19
=== 823749 ===
--- pALPIDEfs_1 ---
Pixel 518, 380, 1, 1, 4.80374e+19
Pixel 519, 380, 1, 1, 4.80374e+19
Pixel 519, 381, 1, 1, 4.80374e+19
=== 842946 ===
--- pALPIDEfs_2 ---
Pixel 719, 429, 1, 1, 4.80374e+19
Pixel 718, 429, 1, 1, 4.80374e+19
Pixel 718, 430, 1, 1, 4.80374e+19
=== 842947 ===
--- pALPIDEfs_2 ---
Pixel 717, 429, 1, 1, 4.80374e+19
Pixel 717, 430, 1, 1, 4.80374e+19
Pixel 718, 429, 1, 1, 4.80374e+19
Pixel 718, 430, 1, 1, 4.80374e+19
=== 850120 ===
--- pALPIDEfs_3 ---
Pixel 761, 422, 1, 1, 4.80374e+19
=== 852200 ===
--- pALPIDEfs_3 ---
Pixel 557, 180, 1, 1, 4.80374e+19
=== 880671 ===
--- pALPIDEfs_2 ---
Pixel 831, 353, 1, 1, 4.80374e+19
Pixel 830, 353, 1, 1, 4.80374e+19
=== 910940 ===
--- pALPIDEfs_6 ---
Pixel 627, 132, 1, 1, 4.80374e+19
Pixel 627, 133, 1, 1, 4.80374e+19
Pixel 628, 132, 1, 1, 4.80374e+19
=== 913782 ===
--- pALPIDEfs_5 ---
Pixel 904, 232, 1, 1, 4.80374e+19
Pixel 904, 233, 1, 1, 4.80374e+19
=== 937604 ===
--- pALPIDEfs_3 ---
Pixel 663, 146, 1, 1, 4.80374e+19
Pixel 664, 145, 1, 1, 4.80374e+19
Pixel 664, 146, 1, 1, 4.80374e+19
--- pALPIDEfs_4 ---
Pixel 1018, 181, 1, 1, 4.80374e+19
Pixel 1018, 182, 1, 1, 4.80374e+19
--- pALPIDEfs_5 ---
Pixel 893, 435, 1, 1, 4.80374e+19
Pixel 894, 435, 1, 1, 4.80374e+19
=== 938518 ===
--- pALPIDEfs_0 ---
Pixel 581, 438, 1, 1, 4.80374e+19
Pixel 582, 438, 1, 1, 4.80374e+19
Pixel 582, 439, 1, 1, 4.80374e+19
=== 938940 ===
--- pALPIDEfs_6 ---
Pixel 201, 224, 1, 1, 4.80374e+19
Pixel 202, 224, 1, 1, 4.80374e+19
=== 957175 ===
--- pALPIDEfs_1 ---
Pixel 841, 356, 1, 1, 4.80374e+19
Pixel 842, 356, 1, 1, 4.80374e+19
=== 958018 ===
--- pALPIDEfs_0 ---
Pixel 8, 68, 1, 1, 4.80374e+19
Pixel 9, 68, 1, 1, 4.80374e+19
Pixel 9, 69, 1, 1, 4.80374e+19
Pixel 8, 69, 1, 1, 4.80374e+19
Pixel 8, 70, 1, 1, 4.80374e+19
Pixel 9, 70, 1, 1, 4.80374e+19
=== 980449 ===
--- pALPIDEfs_1 ---
Pixel 805, 409, 1, 1, 4.80374e+19
Pixel 805, 410, 1, 1, 4.80374e+19
=== 1016422 ===
--- pALPIDEfs_5 ---
Pixel 806, 254, 1, 1, 4.80374e+19
=== 1034827 ===
--- pALPIDEfs_5 ---
Pixel 71, 505, 1, 1, 4.80374e+19
Pixel 70, 505, 1, 1, 4.80374e+19
Pixel 70, 506, 1, 1, 4.80374e+19
Pixel 71, 506, 1, 1, 4.80374e+19
=== 1039473 ===
--- pALPIDEfs_0 ---
Pixel 1020, 406, 1, 1, 4.80374e+19
Pixel 1020, 407, 1, 1, 4.80374e+19
=== 1042354 ===
--- pALPIDEfs_1 ---
Pixel 826, 190, 1, 1, 4.80374e+19
Pixel 826, 191, 1, 1, 4.80374e+19
--- pALPIDEfs_2 ---
Pixel 304, 482, 1, 1, 4.80374e+19
Pixel 305, 483, 1, 1, 4.80374e+19
Pixel 304, 483, 1, 1, 4.80374e+19
=== 1044993 ===
--- pALPIDEfs_0 ---
Pixel 2, 407, 1, 1, 4.80374e+19
=== 1059567 ===
--- pALPIDEfs_4 ---
Pixel 86, 477, 1, 1, 4.80374e+19
Pixel 86, 478, 1, 1, 4.80374e+19
Pixel 87, 478, 1, 1, 4.80374e+19
Pixel 87, 479, 1, 1, 4.80374e+19
Pixel 88, 478, 1, 1, 4.80374e+19
Pixel 89, 479, 1, 1, 4.80374e+19
Pixel 88, 479, 1, 1, 4.80374e+19
Pixel 89, 480, 1, 1, 4.80374e+19
=== 1068575 ===
--- pALPIDEfs_0 ---
Pixel 74, 438, 1, 1, 4.80374e+19
Pixel 75, 438, 1, 1, 4.80374e+19
Pixel 75, 439, 1, 1, 4.80374e+19
=== 1085235 ===
--- pALPIDEfs_4 ---
Pixel 687, 401, 1, 1, 4.80374e+19
Pixel 686, 401, 1, 1, 4.80374e+19
Pixel 686, 402, 1, 1, 4.80374e+19
--- pALPIDEfs_5 ---
Pixel 445, 382, 1, 1, 4.80374e+19
Pixel 445, 383, 1, 1, 4.80374e+19
=== 1106771 ===
--- pALPIDEfs_2 ---
Pixel 45, 255, 1, 1, 4.80374e+19
Pixel 44, 255, 1, 1, 4.80374e+19
Pixel 44, 256, 1, 1, 4.80374e+19
Pixel 45, 256, 1, 1, 4.80374e+19
Pixel 46, 255, 1, 1, 4.80374e+19
=== 1139126 ===
--- pALPIDEfs_0 ---
Pixel 85, 158, 1, 1, 4.80374e+19
Pixel 86, 157, 1, 1, 4.80374e+19
Pixel 86, 158, 1, 1, 4.80374e+19
--- pALPIDEfs_1 ---
Pixel 205, 353, 1, 1, 4.80374e+19
--- pALPIDEfs_2 ---
Pixel 346, 486, 1, 1, 4.80374e+19
Pixel 346, 487, 1, 1, 4.80374e+19
=== 1162743 ===
--- pALPIDEfs_0 ---
Pixel 85, 318, 1, 1, 4.80374e+19
Pixel 85, 319, 1, 1, 4.80374e+19
=== 1163476 ===
--- pALPIDEfs_0 ---
Pixel 689, 30, 1, 1, 4.80374e+19
Pixel 689, 31, 1, 1, 4.80374e+19
Pixel 689, 32, 1, 1, 4.80374e+19
Pixel 691, 26, 1, 1, 4.80374e+19
Pixel 691, 27, 1, 1, 4.80374e+19
Pixel 690, 28, 1, 1, 4.80374e+19
Pixel 691, 28, 1, 1, 4.80374e+19
Pixel 691, 29, 1, 1, 4.80374e+19
Pixel 690, 29, 1, 1, 4.80374e+19
Pixel 690, 30, 1, 1, 4.80374e+19
Pixel 690, 31, 1, 1, 4.80374e+19
Pixel 693, 21, 1, 1, 4.80374e+19
Pixel 693, 22, 1, 1, 4.80374e+19
Pixel 693, 23, 1, 1, 4.80374e+19
Pixel 692, 24, 1, 1, 4.80374e+19
Pixel 693, 24, 1, 1, 4.80374e+19
Pixel 693, 25, 1, 1, 4.80374e+19
Pixel 692, 25, 1, 1, 4.80374e+19
Pixel 692, 26, 1, 1, 4.80374e+19
=== 1180075 ===
--- pALPIDEfs_0 ---
Pixel 278, 458, 1, 1, 4.80374e+19
Pixel 279, 458, 1, 1, 4.80374e+19
Pixel 279, 459, 1, 1, 4.80374e+19
--- pALPIDEfs_1 ---
Pixel 494, 172, 1, 1, 4.80374e+19
=== 1197562 ===
--- pALPIDEfs_3 ---
Pixel 863, 409, 1, 1, 4.80374e+19
Pixel 862, 410, 1, 1, 4.80374e+19
Pixel 863, 410, 1, 1, 4.80374e+19
=== 1219117 ===
--- pALPIDEfs_1 ---
Pixel 811, 222, 1, 1, 4.80374e+19
=== 1231700 ===
--- pALPIDEfs_5 ---
Pixel 62, 271, 1, 1, 4.80374e+19
Pixel 62, 272, 1, 1, 4.80374e+19
Pixel 63, 272, 1, 1, 4.80374e+19
=== 1242532 ===
--- pALPIDEfs_6 ---
Pixel 443, 69, 1, 1, 4.80374e+19
Pixel 442, 69, 1, 1, 4.80374e+19
Pixel 442, 70, 1, 1, 4.80374e+19
Pixel 443, 70, 1, 1, 4.80374e+19
=== 1249042 ===
--- pALPIDEfs_6 ---
Pixel 867, 511, 1, 1, 4.80374e+19
Pixel 868, 511, 1, 1, 4.80374e+19
=== 1261203 ===
--- pALPIDEfs_2 ---
Pixel 563, 265, 1, 1, 4.80374e+19
Pixel 563, 266, 1, 1, 4.80374e+19
--- pALPIDEfs_3 ---
Pixel 109, 293, 1, 1, 4.80374e+19
Pixel 109, 294, 1, 1, 4.80374e+19
Pixel 110, 293, 1, 1, 4.80374e+19
Pixel 110, 294, 1, 1, 4.80374e+19
=== 1269476 ===
--- pALPIDEfs_5 ---
Pixel 731, 117, 1, 1, 4.80374e+19
Pixel 730, 117, 1, 1, 4.80374e+19
Pixel 730, 118, 1, 1, 4.80374e+19
Pixel 731, 118, 1, 1, 4.80374e+19
=== 1296665 ===
--- pALPIDEfs_0 ---
Pixel 729, 172, 1, 1, 4.80374e+19
Pixel 729, 173, 1, 1, 4.80374e+19
=== 1313522 ===
--- pALPIDEfs_2 ---
Pixel 918, 128, 1, 1, 4.80374e+19
=== 1317724 ===
--- pALPIDEfs_1 ---
Pixel 768, 193, 1, 1, 4.80374e+19
=== 1318074 ===
--- pALPIDEfs_5 ---
Pixel 0, 44, 1, 1, 4.80374e+19
Pixel 1, 44, 1, 1, 4.80374e+19
Pixel 1, 45, 1, 1, 4.80374e+19
Pixel 0, 45, 1, 1, 4.80374e+19
Pixel 2, 44, 1, 1, 4.80374e+19
Pixel 3, 44, 1, 1, 4.80374e+19
Pixel 3, 45, 1, 1, 4.80374e+19
Pixel 2, 45, 1, 1, 4.80374e+19
=== 1319646 ===
--- pALPIDEfs_0 ---
Pixel 461, 218, 1, 1, 4.80374e+19
Pixel 461, 219, 1, 1, 4.80374e+19
Pixel 462, 219, 1, 1, 4.80374e+19
--- pALPIDEfs_1 ---
Pixel 862, 375, 1, 1, 4.80374e+19
=== 1346441 ===
--- pALPIDEfs_5 ---
Pixel 954, 393, 1, 1, 4.80374e+19
Pixel 954, 394, 1, 1, 4.80374e+19
Pixel 955, 394, 1, 1, 4.80374e+19
=== 1362899 ===
--- pALPIDEfs_4 ---
Pixel 360, 332, 1, 1, 4.80374e+19
Pixel 361, 332, 1, 1, 4.80374e+19
=== 1379904 ===
--- pALPIDEfs_2 ---
Pixel 145, 29, 1, 1, 4.80374e+19
Pixel 144, 29, 1, 1, 4.80374e+19
Pixel 144, 30, 1, 1, 4.80374e+19
Pixel 145, 30, 1, 1, 4.80374e+19
Pixel 147, 31, 1, 1, 4.80374e+19
Pixel 149, 31, 1, 1, 4.80374e+19
Pixel 148, 31, 1, 1, 4.80374e+19
Pixel 148, 32, 1, 1, 4.80374e+19
Pixel 149, 32, 1, 1, 4.80374e+19
Pixel 150, 32, 1, 1, 4.80374e+19
=== 1397505 ===
--- pALPIDEfs_4 ---
Pixel 947, 434, 1, 1, 4.80374e+19
Pixel 948, 434, 1, 1, 4.80374e+19
=== 1399192 ===
--- pALPIDEfs_3 ---
Pixel 413, 240, 1, 1, 4.80374e+19
=== 1403692 ===
--- pALPIDEfs_0 ---
Pixel 919, 398, 1, 1, 4.80374e+19
Pixel 920, 398, 1, 1, 4.80374e+19
=== 1430632 ===
--- pALPIDEfs_4 ---
Pixel 560, 72, 1, 1, 4.80374e+19
Pixel 561, 72, 1, 1, 4.80374e+19
Pixel 561, 73, 1, 1, 4.80374e+19
Pixel 560, 73, 1, 1, 4.80374e+19
=== 1433272 ===
--- pALPIDEfs_1 ---
Pixel 964, 442, 1, 1, 4.80374e+19
Pixel 965, 442, 1, 1, 4.80374e+19
=== 1436883 ===
--- pALPIDEfs_1 ---
Pixel 324, 129, 1, 1, 4.80374e+19
--- pALPIDEfs_2 ---
Pixel 772, 139, 1, 1, 4.80374e+19
Pixel 772, 140, 1, 1, 4.80374e+19
--- pALPIDEfs_3 ---
Pixel 473, 238, 1, 1, 4.80374e+19
Pixel 473, 239, 1, 1, 4.80374e+19
Pixel 474, 239, 1, 1, 4.80374e+19
--- pALPIDEfs_4 ---
Pixel 443, 223, 1, 1, 4.80374e+19
--- pALPIDEfs_5 ---
Pixel 489, 113, 1, 1, 4.80374e+19
Pixel 490, 113, 1, 1, 4.80374e+19
=== 1437039 ===
--- pALPIDEfs_3 ---
Pixel 960, 59, 1, 1, 4.80374e+19
Pixel 960, 60, 1, 1, 4.80374e+19
=== 1486671 ===
--- pALPIDEfs_0 ---
Pixel 477, 333, 1, 1, 4.80374e+19
--- pALPIDEfs_1 ---
Pixel 303, 409, 1, 1, 4.80374e+19
Pixel 304, 409, 1, 1, 4.80374e+19
=== 1501812 ===
--- pALPIDEfs_3 ---
Pixel 557, 180, 1, 1, 4.80374e+19
=== 1505711 ===
--- pALPIDEfs_5 ---
Pixel 857, 311, 1, 1, 4.80374e+19
Pixel 857, 312, 1, 1, 4.80374e+19
Pixel 858, 312, 1, 1, 4.80374e+19
=== 1525301 ===
--- pALPIDEfs_5 ---
Pixel 981, 1, 1, 1, 4.80374e+19
Pixel 980, 1, 1, 1, 4.80374e+19
=== 1530269 ===
--- pALPIDEfs_2 ---
Pixel 201, 71, 1, 1, 4.80374e+19
=== 1545164 ===
--- pALPIDEfs_3 ---
Pixel 775, 321, 1, 1, 4.80374e+19
Pixel 774, 321, 1, 1, 4.80374e+19
=== 1556808 ===
--- pALPIDEfs_2 ---
Pixel 583, 26, 1, 1, 4.80374e+19
Pixel 584, 26, 1, 1, 4.80374e+19
Pixel 584, 27, 1, 1, 4.80374e+19
=== 1566701 ===
--- pALPIDEfs_2 ---
Pixel 127, 491, 1, 1, 4.80374e+19
Pixel 127, 492, 1, 1, 4.80374e+19
Pixel 128, 492, 1, 1, 4.80374e+19
Pixel 128, 493, 1, 1, 4.80374e+19
=== 1577885 ===
--- pALPIDEfs_5 ---
Pixel 96, 341, 1, 1, 4.80374e+19
=== 1597173 ===
--- pALPIDEfs_3 ---
Pixel 405, 211, 1, 1, 4.80374e+19
Pixel 405, 212, 1, 1, 4.80374e+19
=== 1601431 ===
--- pALPIDEfs_1 ---
Pixel 976, 44, 1, 1, 4.80374e+19
Pixel 977, 44, 1, 1, 4.80374e+19
=== 1615319 ===
--- pALPIDEfs_3 ---
Pixel 746, 234, 1, 1, 4.80374e+19
Pixel 747, 235, 1, 1, 4.80374e+19
Pixel 746, 235, 1, 1, 4.80374e+19
=== 1635699 ===
--- pALPIDEfs_2 ---
Pixel 395, 156, 1, 1, 4.80374e+19
Pixel 395, 157, 1, 1, 4.80374e+19
Pixel 394, 158, 1, 1, 4.80374e+19
Pixel 395, 158, 1, 1, 4.80374e+19
Pixel 395, 159, 1, 1, 4.80374e+19
Pixel 394, 159, 1, 1, 4.80374e+19
Pixel 396, 157, 1, 1, 4.80374e+19
=== 1658240 ===
--- pALPIDEfs_0 ---
Pixel 607, 28, 1, 1, 4.80374e+19
=== 1659140 ===
--- pALPIDEfs_0 ---
Pixel 172, 93, 1, 1, 4.80374e+19
Pixel 172, 94, 1, 1, 4.80374e+19
=== 1672060 ===
--- pALPIDEfs_0 ---
Pixel 45, 178, 1, 1, 4.80374e+19
Pixel 46, 178, 1, 1, 4.80374e+19
=== 1675765 ===
--- pALPIDEfs_2 ---
Pixel 573, 10, 1, 1, 4.80374e+19
Pixel 574, 10, 1, 1, 4.80374e+19
=== 1678704 ===
--- pALPIDEfs_6 ---
Pixel 847, 437, 1, 1, 4.80374e+19
Pixel 846, 437, 1, 1, 4.80374e+19
=== 1681421 ===
--- pALPIDEfs_1 ---
Pixel 471, 396, 1, 1, 4.80374e+19
Pixel 472, 396, 1, 1, 4.80374e+19
Pixel 775, 107, 1, 1, 4.80374e+19
Pixel 776, 107, 1, 1, 4.80374e+19
=== 1686712 ===
--- pALPIDEfs_2 ---
Pixel 1010, 176, 1, 1, 4.80374e+19
Pixel 1011, 176, 1, 1, 4.80374e+19
Pixel 1011, 177, 1, 1, 4.80374e+19
Pixel 1010, 177, 1, 1, 4.80374e+19
=== 1738527 ===
--- pALPIDEfs_0 ---
Pixel 358, 200, 1, 1, 4.80374e+19
--- pALPIDEfs_1 ---
Pixel 96, 253, 1, 1, 4.80374e+19
=== 1766086 ===
--- pALPIDEfs_6 ---
Pixel 797, 65, 1, 1, 4.80374e+19
Pixel 796, 65, 1, 1, 4.80374e+19
=== 1766215 ===
--- pALPIDEfs_3 ---
Pixel 557, 180, 1, 1, 4.80374e+19
=== 1771420 ===
--- pALPIDEfs_2 ---
Pixel 985, 191, 1, 1, 4.80374e+19
=== 1783197 ===
--- pALPIDEfs_1 ---
Pixel 39, 457, 1, 1, 4.80374e+19
Pixel 38, 457, 1, 1, 4.80374e+19
Pixel 38, 458, 1, 1, 4.80374e+19
Pixel 39, 458, 1, 1, 4.80374e+19
Pixel 40, 457, 1, 1, 4.80374e+19
=== 1787032 ===
--- pALPIDEfs_3 ---
Pixel 319, 13, 1, 1, 4.80374e+19
Pixel 319, 14, 1, 1, 4.80374e+19
Pixel 320, 13, 1, 1, 4.80374e+19
Pixel 320, 14, 1, 1, 4.80374e+19
--- pALPIDEfs_4 ---
Pixel 259, 367, 1, 1, 4.80374e+19
Pixel 259, 368, 1, 1, 4.80374e+19
Pixel 260, 367, 1, 1, 4.80374e+19
Pixel 260, 368, 1, 1, 4.80374e+19
=== 1797199 ===
--- pALPIDEfs_3 ---
Pixel 359, 498, 1, 1, 4.80374e+19
Pixel 359, 499, 1, 1, 4.80374e+19
Pixel 359, 500, 1, 1, 4.80374e+19
Pixel 360, 499, 1, 1, 4.80374e+19
Pixel 360, 500, 1, 1, 4.80374e+19
Pixel 360, 501, 1, 1, 4.80374e+19
Pixel 360, 502, 1, 1, 4.80374e+19
Pixel 361, 502, 1, 1, 4.80374e+19
=== 1814128 ===
--- pALPIDEfs_3 ---
Pixel 285, 111, 1, 1, 4.80374e+19
Pixel 286, 111, 1, 1, 4.80374e+19
--- pALPIDEfs_4 ---
Pixel 254, 344, 1, 1, 4.80374e+19
=== 1815639 ===
--- pALPIDEfs_3 ---
Pixel 865, 233, 1, 1, 4.80374e+19
Pixel 866, 233, 1, 1, 4.80374e+19
=== 1825153 ===
--- pALPIDEfs_3 ---
Pixel 557, 180, 1, 1, 4.80374e+19
=== 1836868 ===
--- pALPIDEfs_4 ---
Pixel 693, 13, 1, 1, 4.80374e+19
Pixel 693, 14, 1, 1, 4.80374e+19
Pixel 694, 13, 1, 1, 4.80374e+19
=== 1843700 ===
--- pALPIDEfs_2 ---
Pixel 749, 27, 1, 1, 4.80374e+19
=== 1857342 ===
--- pALPIDEfs_5 ---
Pixel 832, 482, 1, 1, 4.80374e+19
Pixel 833, 482, 1, 1, 4.80374e+19
=== 1871253 ===
--- pALPIDEfs_0 ---
Pixel 229, 267, 1, 1, 4.80374e+19
Pixel 228, 267, 1, 1, 4.80374e+19
=== 1874483 ===
--- pALPIDEfs_4 ---
Pixel 45, 417, 1, 1, 4.80374e+19
Pixel 44, 418, 1, 1, 4.80374e+19
Pixel 45, 418, 1, 1, 4.80374e+19
=== 1876912 ===
--- pALPIDEfs_0 ---
Pixel 349, 132, 1, 1, 4.80374e+19
Pixel 350, 132, 1, 1, 4.80374e+19
--- pALPIDEfs_1 ---
Pixel 55, 330, 1, 1, 4.80374e+19
Pixel 55, 331, 1, 1, 4.80374e+19
=== 1903778 ===
--- pALPIDEfs_3 ---
Pixel 77, 439, 1, 1, 4.80374e+19
Pixel 77, 440, 1, 1, 4.80374e+19
Pixel 78, 439, 1, 1, 4.80374e+19
Pixel 78, 440, 1, 1, 4.80374e+19
=== 1907397 ===
--- pALPIDEfs_4 ---
Pixel 422, 191, 1, 1, 4.80374e+19
Pixel 422, 192, 1, 1, 4.80374e+19
Pixel 423, 192, 1, 1, 4.80374e+19
=== 1918745 ===
--- pALPIDEfs_3 ---
Pixel 1, 139, 1, 1, 4.80374e+19
Pixel 0, 139, 1, 1, 4.80374e+19
Pixel 0, 140, 1, 1, 4.80374e+19
=== 1932903 ===
--- pALPIDEfs_1 ---
Pixel 736, 345, 1, 1, 4.80374e+19
Pixel 736, 346, 1, 1, 4.80374e+19
=== 1945945 ===
--- pALPIDEfs_0 ---
Pixel 45, 6, 1, 1, 4.80374e+19
Pixel 45, 7, 1, 1, 4.80374e+19
Pixel 45, 8, 1, 1, 4.80374e+19
Pixel 46, 6, 1, 1, 4.80374e+19
Pixel 47, 6, 1, 1, 4.80374e+19
Pixel 47, 7, 1, 1, 4.80374e+19
Pixel 46, 7, 1, 1, 4.80374e+19
=== 1954910 ===
--- pALPIDEfs_1 ---
Pixel 110, 348, 1, 1, 4.80374e+19
--- pALPIDEfs_2 ---
Pixel 430, 61, 1, 1, 4.80374e+19
=== 1978762 ===
--- pALPIDEfs_5 ---
Pixel 333, 70, 1, 1, 4.80374e+19
Pixel 334, 70, 1, 1, 4.80374e+19
--- pALPIDEfs_6 ---
Pixel 559, 372, 1, 1, 4.80374e+19
Pixel 559, 373, 1, 1, 4.80374e+19
Pixel 560, 373, 1, 1, 4.80374e+19
=== 1984556 ===
--- pALPIDEfs_2 ---
Pixel 269, 469, 1, 1, 4.80374e+19
Pixel 269, 470, 1, 1, 4.80374e+19
Pixel 271, 469, 1, 1, 4.80374e+19
Pixel 270, 469, 1, 1, 4.80374e+19
Pixel 270, 470, 1, 1, 4.80374e+19
=== 2000431 ===
--- pALPIDEfs_5 ---
Pixel 492, 390, 1, 1, 4.80374e+19
Pixel 492, 391, 1, 1, 4.80374e+19
=== 2004060 ===
--- pALPIDEfs_6 ---
Pixel 204, 406, 1, 1, 4.80374e+19
Pixel 205, 406, 1, 1, 4.80374e+19
=== 2033071 ===
--- pALPIDEfs_3 ---
Pixel 397, 217, 1, 1, 4.80374e+19
=== 2041348 ===
--- pALPIDEfs_3 ---
Pixel 643, 472, 1, 1, 4.80374e+19
Pixel 643, 473, 1, 1, 4.80374e+19
Pixel 643, 474, 1, 1, 4.80374e+19
Pixel 644, 472, 1, 1, 4.80374e+19
Pixel 644, 473, 1, 1, 4.80374e+19
Pixel 644, 474, 1, 1, 4.80374e+19
Pixel 644, 475, 1, 1, 4.80374e+19
Pixel 644, 476, 1, 1, 4.80374e+19
Pixel 645, 476, 1, 1, 4.80374e+19
Pixel 645, 477, 1, 1, 4.80374e+19
Pixel 644, 477, 1, 1, 4.80374e+19
Pixel 644, 478, 1, 1, 4.80374e+19
=== 2064630 ===
--- pALPIDEfs_1 ---
Pixel 576, 140, 1, 1, 4.80374e+19
Pixel 577, 143, 1, 1, 4.80374e+19
Pixel 577, 144, 1, 1, 4.80374e+19
Pixel 577, 145, 1, 1, 4.80374e+19
Pixel 578, 144, 1, 1, 4.80374e+19
Pixel 578, 145, 1, 1, 4.80374e+19
Pixel 578, 146, 1, 1, 4.80374e+19
Pixel 579, 146, 1, 1, 4.80374e+19
Pixel 579, 147, 1, 1, 4.80374e+19
Pixel 578, 147, 1, 1, 4.80374e+19
Pixel 578, 148, 1, 1, 4.80374e+19
Pixel 578, 149, 1, 1, 4.80374e+19
=== 2118868 ===
--- pALPIDEfs_3 ---
Pixel 153, 438, 1, 1, 4.80374e+19
Pixel 153, 439, 1, 1, 4.80374e+19
Pixel 152, 439, 1, 1, 4.80374e+19
Pixel 619, 220, 1, 1, 4.80374e+19
Pixel 620, 219, 1, 1, 4.80374e+19
Pixel 620, 220, 1, 1, 4.80374e+19
Pixel 621, 220, 1, 1, 4.80374e+19
Pixel 621, 221, 1, 1, 4.80374e+19
Pixel 620, 221, 1, 1, 4.80374e+19
=== 2162640 ===
--- pALPIDEfs_3 ---
Pixel 40, 10, 1, 1, 4.80374e+19
Pixel 41, 10, 1, 1, 4.80374e+19
Pixel 41, 11, 1, 1, 4.80374e+19
Pixel 40, 11, 1, 1, 4.80374e+19
Pixel 42, 10, 1, 1, 4.80374e+19
Pixel 42, 11, 1, 1, 4.80374e+19
=== 2172025 ===
--- pALPIDEfs_0 ---
Pixel 219, 118, 1, 1, 4.80374e+19
Pixel 220, 118, 1, 1, 4.80374e+19
=== 2189685 ===
--- pALPIDEfs_0 ---
Pixel 260, 260, 1, 1, 4.80374e+19
Pixel 261, 260, 1, 1, 4.80374e+19
Pixel 261, 261, 1, 1, 4.80374e+19
Pixel 260, 261, 1, 1, 4.80374e+19
Pixel 262, 260, 1, 1, 4.80374e+19
=== 2189777 ===
--- pALPIDEfs_1 ---
Pixel 687, 382, 1, 1, 4.80374e+19
Pixel 687, 383, 1, 1, 4.80374e+19
Pixel 688, 382, 1, 1, 4.80374e+19
Pixel 689, 382, 1, 1, 4.80374e+19
Pixel 689, 383, 1, 1, 4.80374e+19
Pixel 688, 383, 1, 1, 4.80374e+19
Pixel 690, 382, 1, 1, 4.80374e+19
Pixel 690, 383, 1, 1, 4.80374e+19
=== 2199077 ===
--- pALPIDEfs_3 ---
Pixel 128, 41, 1, 1, 4.80374e+19
--- pALPIDEfs_4 ---
Pixel 562, 163, 1, 1, 4.80374e+19
--- pALPIDEfs_5 ---
Pixel 963, 328, 1, 1, 4.80374e+19
Pixel 964, 328, 1, 1, 4.80374e+19
=== 2203896 ===
--- pALPIDEfs_0 ---
Pixel 765, 226, 1, 1, 4.80374e+19
Pixel 765, 227, 1, 1, 4.80374e+19
=== 2227935 ===
--- pALPIDEfs_1 ---
Pixel 466, 282, 1, 1, 4.80374e+19
Pixel 467, 282, 1, 1, 4.80374e+19
Pixel 467, 283, 1, 1, 4.80374e+19
Pixel 466, 283, 1, 1, 4.80374e+19
Pixel 466, 284, 1, 1, 4.80374e+19
Pixel 467, 284, 1, 1, 4.80374e+19
=== 2237694 ===
--- pALPIDEfs_3 ---
Pixel 106, 178, 1, 1, 4.80374e+19
=== 2255481 ===
--- pALPIDEfs_0 ---
Pixel 243, 389, 1, 1, 4.80374e+19
Pixel 242, 389, 1, 1, 4.80374e+19
Pixel 244, 389, 1, 1, 4.80374e+19
=== 2262737 ===
--- pALPIDEfs_4 ---
Pixel 532, 157, 1, 1, 4.80374e+19
Pixel 532, 158, 1, 1, 4.80374e+19
=== 2275132 ===
--- pALPIDEfs_3 ---
Pixel 557, 180, 1, 1, 4.80374e+19
=== 2275496 ===
--- pALPIDEfs_2 ---
Pixel 1018, 510, 1, 1, 4.80374e+19
Pixel 1019, 511, 1, 1, 4.80374e+19
Pixel 1018, 511, 1, 1, 4.80374e+19
=== 2280807 ===
--- pALPIDEfs_6 ---
Pixel 47, 462, 1, 1, 4.80374e+19
Pixel 47, 463, 1, 1, 4.80374e+19
Pixel 46, 463, 1, 1, 4.80374e+19
Pixel 48, 462, 1, 1, 4.80374e+19
=== 2285323 ===
--- pALPIDEfs_6 ---
Pixel 1003, 129, 1, 1, 4.80374e+19
Pixel 1002, 129, 1, 1, 4.80374e+19
Pixel 1002, 130, 1, 1, 4.80374e+19
Pixel 1003, 130, 1, 1, 4.80374e+19
=== 2312035 ===
--- pALPIDEfs_6 ---
Pixel 517, 113, 1, 1, 4.80374e+19
Pixel 517, 114, 1, 1, 4.80374e+19
Pixel 517, 115, 1, 1, 4.80374e+19
Pixel 519, 110, 1, 1, 4.80374e+19
Pixel 519, 111, 1, 1, 4.80374e+19
Pixel 518, 112, 1, 1, 4.80374e+19
Pixel 519, 112, 1, 1, 4.80374e+19
Pixel 518, 113, 1, 1, 4.80374e+19
Pixel 520, 110, 1, 1, 4.80374e+19
=== 2337655 ===
--- pALPIDEfs_1 ---
Pixel 983, 37, 1, 1, 4.80374e+19
Pixel 982, 37, 1, 1, 4.80374e+19
=== 2343648 ===
--- pALPIDEfs_4 ---
Pixel 448, 469, 1, 1, 4.80374e+19
=== 2343952 ===
--- pALPIDEfs_2 ---
Pixel 945, 415, 1, 1, 4.80374e+19
Pixel 945, 416, 1, 1, 4.80374e+19
Pixel 945, 417, 1, 1, 4.80374e+19
Pixel 945, 418, 1, 1, 4.80374e+19
Pixel 946, 415, 1, 1, 4.80374e+19
Pixel 946, 416, 1, 1, 4.80374e+19
Pixel 946, 417, 1, 1, 4.80374e+19
=== 2347706 ===
--- pALPIDEfs_0 ---
Pixel 445, 25, 1, 1, 4.80374e+19
=== 2351950 ===
--- pALPIDEfs_5 ---
Pixel 875, 120, 1, 1, 4.80374e+19
Pixel 875, 121, 1, 1, 4.80374e+19
Pixel 876, 120, 1, 1, 4.80374e+19
Pixel 876, 121, 1, 1, 4.80374e+19
=== 2352236 ===
--- pALPIDEfs_1 ---
Pixel 966, 156, 1, 1, 4.80374e+19
Pixel 967, 156, 1, 1, 4.80374e+19
Pixel 967, 157, 1, 1, 4.80374e+19
Pixel 966, 157, 1, 1, 4.80374e+19
=== 2360948 ===
--- pALPIDEfs_6 ---
Pixel 874, 67, 1, 1, 4.80374e+19
Pixel 874, 68, 1, 1, 4.80374e+19
=== 2375201 ===
--- pALPIDEfs_3 ---
Pixel 557, 180, 1, 1, 4.80374e+19
=== 2375260 ===
--- pALPIDEfs_4 ---
Pixel 289, 442, 1, 1, 4.80374e+19
Pixel 289, 443, 1, 1, 4.80374e+19
=== 2390533 ===
--- pALPIDEfs_0 ---
Pixel 484, 141, 1, 1, 4.80374e+19
Pixel 484, 142, 1, 1, 4.80374e+19
=== 2393598 ===
--- pALPIDEfs_2 ---
Pixel 360, 298, 1, 1, 4.80374e+19
Pixel 360, 299, 1, 1, 4.80374e+19
--- pALPIDEfs_3 ---
Pixel 832, 331, 1, 1, 4.80374e+19
=== 2403835 ===
--- pALPIDEfs_4 ---
Pixel 543, 15, 1, 1, 4.80374e+19
Pixel 545, 15, 1, 1, 4.80374e+19
Pixel 544, 15, 1, 1, 4.80374e+19
Pixel 544, 16, 1, 1, 4.80374e+19
Pixel 545, 16, 1, 1, 4.80374e+19
Pixel 546, 16, 1, 1, 4.80374e+19
=== 2406120 ===
--- pALPIDEfs_0 ---
Pixel 101, 15, 1, 1, 4.80374e+19
=== 2406325 ===
--- pALPIDEfs_0 ---
Pixel 190, 30, 1, 1, 4.80374e+19
Pixel 191, 30, 1, 1, 4.80374e+19
=== 2415930 ===
--- pALPIDEfs_3 ---
Pixel 57, 377, 1, 1, 4.80374e+19
Pixel 58, 376, 1, 1, 4.80374e+19
Pixel 59, 377, 1, 1, 4.80374e+19
Pixel 58, 377, 1, 1, 4.80374e+19
Pixel 58, 378, 1, 1, 4.80374e+19
Pixel 59, 378, 1, 1, 4.80374e+19
=== 2416658 ===
--- pALPIDEfs_3 ---
Pixel 912, 310, 1, 1, 4.80374e+19
Pixel 913, 310, 1, 1, 4.80374e+19
Pixel 913, 311, 1, 1, 4.80374e+19
Pixel 912, 311, 1, 1, 4.80374e+19
Pixel 912, 312, 1, 1, 4.80374e+19
Pixel 913, 312, 1, 1, 4.80374e+19
Pixel 914, 311, 1, 1, 4.80374e+19
Pixel 914, 312, 1, 1, 4.80374e+19
=== 2422879 ===
--- pALPIDEfs_3 ---
Pixel 557, 180, 1, 1, 4.80374e+19
=== 2423914 ===
--- pALPIDEfs_2 ---
Pixel 929, 291, 1, 1, 4.80374e+19
Pixel 928, 291, 1, 1, 4.80374e+19
Pixel 928, 292, 1, 1, 4.80374e+19
=== 2431499 ===
--- pALPIDEfs_4 ---
Pixel 299, 45, 1, 1, 4.80374e+19
Pixel 299, 46, 1, 1, 4.80374e+19
=== 2437339 ===
--- pALPIDEfs_1 ---
Pixel 687, 13, 1, 1, 4.80374e+19
=== 2455505 ===
--- pALPIDEfs_6 ---
Pixel 907, 38, 1, 1, 4.80374e+19
Pixel 908, 37, 1, 1, 4.80374e+19
Pixel 908, 38, 1, 1, 4.80374e+19
=== 2455909 ===
--- pALPIDEfs_0 ---
Pixel 368, 509, 1, 1, 4.80374e+19
=== 2455910 ===
--- pALPIDEfs_0 ---
Pixel 368, 509, 1, 1, 4.80374e+19
=== 2472173 ===
--- pALPIDEfs_0 ---
Pixel 984, 80, 1, 1, 4.80374e+19
Pixel 984, 81, 1, 1, 4.80374e+19
=== 2475644 ===
--- pALPIDEfs_2 ---
Pixel 265, 9, 1, 1, 4.80374e+19
Pixel 264, 10, 1, 1, 4.80374e+19
Pixel 265, 10, 1, 1, 4.80374e+19
=== 2479698 ===
--- pALPIDEfs_3 ---
Pixel 1016, 152, 1, 1, 4.80374e+19
=== 2492925 ===
--- pALPIDEfs_6 ---
Pixel 280, 369, 1, 1, 4.80374e+19
Pixel 280, 370, 1, 1, 4.80374e+19
Pixel 281, 370, 1, 1, 4.80374e+19
Pixel 280, 371, 1, 1, 4.80374e+19
=== 2497531 ===
--- pALPIDEfs_3 ---
Pixel 661, 92, 1, 1, 4.80374e+19
Pixel 661, 93, 1, 1, 4.80374e+19
Pixel 663, 91, 1, 1, 4.80374e+19
Pixel 662, 92, 1, 1, 4.80374e+19
Pixel 663, 92, 1, 1, 4.80374e+19
Pixel 665, 90, 1, 1, 4.80374e+19
Pixel 665, 91, 1, 1, 4.80374e+19
Pixel 664, 91, 1, 1, 4.80374e+19
Pixel 666, 90, 1, 1, 4.80374e+19
Pixel 667, 90, 1, 1, 4.80374e+19
Pixel 667, 91, 1, 1, 4.80374e+19
Pixel 666, 91, 1, 1, 4.80374e+19
Pixel 668, 90, 1, 1, 4.80374e+19
Pixel 669, 90, 1, 1, 4.80374e+19
Pixel 669, 91, 1, 1, 4.80374e+19
Pixel 668, 91, 1, 1, 4.80374e+19
Pixel 670, 90, 1, 1, 4.80374e+19
Pixel 671, 90, 1, 1, 4.80374e+19
Pixel 671, 91, 1, 1, 4.80374e+19
Pixel 670, 91, 1, 1, 4.80374e+19
Pixel 672, 90, 1, 1, 4.80374e+19
Pixel 673, 90, 1, 1, 4.80374e+19
=== 2516312 ===
--- pALPIDEfs_3 ---
Pixel 212, 228, 1, 1, 4.80374e+19
Pixel 212, 229, 1, 1, 4.80374e+19
=== 2533911 ===
--- pALPIDEfs_0 ---
Pixel 629, 457, 1, 1, 4.80374e+19
Pixel 628, 457, 1, 1, 4.80374e+19
=== 2534412 ===
--- pALPIDEfs_6 ---
Pixel 395, 485, 1, 1, 4.80374e+19
Pixel 395, 486, 1, 1, 4.80374e+19
Pixel 396, 484, 1, 1, 4.80374e+19
Pixel 396, 485, 1, 1, 4.80374e+19
Pixel 396, 486, 1, 1, 4.80374e+19
=== 2601620 ===
--- pALPIDEfs_3 ---
Pixel 557, 180, 1, 1, 4.80374e+19
=== 2620798 ===
--- pALPIDEfs_0 ---
Pixel 193, 387, 1, 1, 4.80374e+19
Pixel 193, 388, 1, 1, 4.80374e+19
=== 2625391 ===
--- pALPIDEfs_3 ---
Pixel 145, 382, 1, 1, 4.80374e+19
Pixel 145, 383, 1, 1, 4.80374e+19
Pixel 146, 382, 1, 1, 4.80374e+19
Pixel 146, 383, 1, 1, 4.80374e+19
=== 2633976 ===
--- pALPIDEfs_1 ---
Pixel 582, 215, 1, 1, 4.80374e+19
Pixel 582, 216, 1, 1, 4.80374e+19
--- pALPIDEfs_2 ---
Pixel 659, 385, 1, 1, 4.80374e+19
=== 2651393 ===
--- pALPIDEfs_2 ---
Pixel 563, 37, 1, 1, 4.80374e+19
=== 2661801 ===
--- pALPIDEfs_2 ---
Pixel 107, 3, 1, 1, 4.80374e+19
Pixel 106, 3, 1, 1, 4.80374e+19
=== 2669911 ===
--- pALPIDEfs_1 ---
Pixel 65, 137, 1, 1, 4.80374e+19
Pixel 64, 137, 1, 1, 4.80374e+19
Pixel 64, 138, 1, 1, 4.80374e+19
Pixel 65, 138, 1, 1, 4.80374e+19
--- pALPIDEfs_2 ---
Pixel 851, 446, 1, 1, 4.80374e+19
Pixel 851, 447, 1, 1, 4.80374e+19
Pixel 852, 446, 1, 1, 4.80374e+19
Pixel 853, 446, 1, 1, 4.80374e+19
Pixel 853, 447, 1, 1, 4.80374e+19
Pixel 852, 447, 1, 1, 4.80374e+19
Pixel 854, 447, 1, 1, 4.80374e+19
Pixel 854, 448, 1, 1, 4.80374e+19
Pixel 855, 448, 1, 1, 4.80374e+19
=== 2674022 ===
--- pALPIDEfs_4 ---
Pixel 1006, 426, 1, 1, 4.80374e+19
Pixel 1007, 426, 1, 1, 4.80374e+19
Pixel 1006, 427, 1, 1, 4.80374e+19
=== 2682554 ===
--- pALPIDEfs_3 ---
Pixel 198, 173, 1, 1, 4.80374e+19
Pixel 198, 174, 1, 1, 4.80374e+19
Pixel 199, 174, 1, 1, 4.80374e+19
Pixel 198, 175, 1, 1, 4.80374e+19
=== 2690611 ===
--- pALPIDEfs_1 ---
Pixel 121, 145, 1, 1, 4.80374e+19
Pixel 122, 145, 1, 1, 4.80374e+19
=== 2712181 ===
--- pALPIDEfs_6 ---
Pixel 740, 30, 1, 1, 4.80374e+19
Pixel 741, 30, 1, 1, 4.80374e+19
Pixel 741, 31, 1, 1, 4.80374e+19
=== 2726902 ===
--- pALPIDEfs_4 ---
Pixel 113, 349, 1, 1, 4.80374e+19
--- pALPIDEfs_5 ---
Pixel 247, 340, 1, 1, 4.80374e+19
--- pALPIDEfs_6 ---
Pixel 435, 272, 1, 1, 4.80374e+19
Pixel 436, 272, 1, 1, 4.80374e+19
=== 2734795 ===
--- pALPIDEfs_1 ---
Pixel 137, 149, 1, 1, 4.80374e+19
Pixel 136, 149, 1, 1, 4.80374e+19
=== 2738322 ===
--- pALPIDEfs_0 ---
Pixel 269, 22, 1, 1, 4.80374e+19
=== 2740318 ===
--- pALPIDEfs_3 ---
Pixel 101, 295, 1, 1, 4.80374e+19
Pixel 100, 295, 1, 1, 4.80374e+19
Pixel 100, 296, 1, 1, 4.80374e+19
Pixel 101, 296, 1, 1, 4.80374e+19
--- pALPIDEfs_4 ---
Pixel 416, 54, 1, 1, 4.80374e+19
Pixel 416, 55, 1, 1, 4.80374e+19
=== 2766740 ===
--- pALPIDEfs_1 ---
Pixel 41, 329, 1, 1, 4.80374e+19
Pixel 41, 330, 1, 1, 4.80374e+19
Pixel 42, 329, 1, 1, 4.80374e+19
Pixel 42, 330, 1, 1, 4.80374e+19
=== 2794007 ===
--- pALPIDEfs_3 ---
Pixel 557, 180, 1, 1, 4.80374e+19
=== 2796121 ===
--- pALPIDEfs_2 ---
Pixel 400, 496, 1, 1, 4.80374e+19
=== 2798551 ===
--- pALPIDEfs_6 ---
Pixel 717, 508, 1, 1, 4.80374e+19
Pixel 717, 509, 1, 1, 4.80374e+19
Pixel 718, 508, 1, 1, 4.80374e+19
Pixel 718, 509, 1, 1, 4.80374e+19
=== 2806746 ===
--- pALPIDEfs_1 ---
Pixel 131, 453, 1, 1, 4.80374e+19
=== 2834590 ===
--- pALPIDEfs_3 ---
Pixel 557, 180, 1, 1, 4.80374e+19
=== 2836120 ===
--- pALPIDEfs_6 ---
Pixel 831, 446, 1, 1, 4.80374e+19
=== 2839182 ===
--- pALPIDEfs_3 ---
Pixel 11, 485, 1, 1, 4.80374e+19
Pixel 10, 485, 1, 1, 4.80374e+19
Pixel 10, 486, 1, 1, 4.80374e+19
Pixel 11, 486, 1, 1, 4.80374e+19
=== 2857877 ===
--- pALPIDEfs_2 ---
Pixel 843, 301, 1, 1, 4.80374e+19
Pixel 843, 302, 1, 1, 4.80374e+19
Pixel 844, 302, 1, 1, 4.80374e+19
--- pALPIDEfs_3 ---
Pixel 993, 289, 1, 1, 4.80374e+19
=== 2866274 ===
--- pALPIDEfs_0 ---
Pixel 673, 331, 1, 1, 4.80374e+19
Pixel 672, 331, 1, 1, 4.80374e+19
Pixel 672, 332, 1, 1, 4.80374e+19
Pixel 673, 332, 1, 1, 4.80374e+19
=== 2884775 ===
--- pALPIDEfs_1 ---
Pixel 619, 129, 1, 1, 4.80374e+19
Pixel 620, 129, 1, 1, 4.80374e+19
=== 2894319 ===
--- pALPIDEfs_0 ---
Pixel 673, 246, 1, 1, 4.80374e+19
Pixel 673, 247, 1, 1, 4.80374e+19
=== 2901368 ===
--- pALPIDEfs_2 ---
Pixel 382, 1, 1, 1, 4.80374e+19
Pixel 382, 2, 1, 1, 4.80374e+19
Pixel 383, 2, 1, 1, 4.80374e+19
=== 2918333 ===
--- pALPIDEfs_5 ---
Pixel 907, 29, 1, 1, 4.80374e+19
Pixel 909, 29, 1, 1, 4.80374e+19
Pixel 908, 29, 1, 1, 4.80374e+19
Pixel 908, 30, 1, 1, 4.80374e+19
Pixel 909, 30, 1, 1, 4.80374e+19
Pixel 910, 29, 1, 1, 4.80374e+19
Pixel 910, 30, 1, 1, 4.80374e+19
Pixel 911, 30, 1, 1, 4.80374e+19
Pixel 911, 31, 1, 1, 4.80374e+19
Pixel 910, 31, 1, 1, 4.80374e+19
Pixel 912, 30, 1, 1, 4.80374e+19
Pixel 912, 31, 1, 1, 4.80374e+19
=== 2939196 ===
--- pALPIDEfs_5 ---
Pixel 769, 345, 1, 1, 4.80374e+19
Pixel 769, 346, 1, 1, 4.80374e+19
=== 2951359 ===
--- pALPIDEfs_4 ---
Pixel 726, 96, 1, 1, 4.80374e+19
Pixel 727, 96, 1, 1, 4.80374e+19
Pixel 727, 97, 1, 1, 4.80374e+19
Pixel 726, 97, 1, 1, 4.80374e+19
=== 2953434 ===
--- pALPIDEfs_3 ---
Pixel 741, 257, 1, 1, 4.80374e+19
Pixel 740, 257, 1, 1, 4.80374e+19
Pixel 741, 258, 1, 1, 4.80374e+19
=== 2993175 ===
--- pALPIDEfs_0 ---
Pixel 539, 35, 1, 1, 4.80374e+19
--- pALPIDEfs_1 ---
Pixel 568, 140, 1, 1, 4.80374e+19
Pixel 569, 140, 1, 1, 4.80374e+19
--- pALPIDEfs_2 ---
Pixel 719, 100, 1, 1, 4.80374e+19
Pixel 719, 101, 1, 1, 4.80374e+19
=== 3012594 ===
--- pALPIDEfs_5 ---
Pixel 791, 457, 1, 1, 4.80374e+19
Pixel 791, 458, 1, 1, 4.80374e+19
=== 3024835 ===
--- pALPIDEfs_3 ---
Pixel 70, 234, 1, 1, 4.80374e+19
=== 3034705 ===
--- pALPIDEfs_6 ---
Pixel 598, 455, 1, 1, 4.80374e+19
=== 3037785 ===
--- pALPIDEfs_2 ---
Pixel 770, 384, 1, 1, 4.80374e+19
Pixel 771, 384, 1, 1, 4.80374e+19
Pixel 771, 385, 1, 1, 4.80374e+19
Pixel 770, 385, 1, 1, 4.80374e+19
Pixel 770, 386, 1, 1, 4.80374e+19
=== 3046372 ===
--- pALPIDEfs_5 ---
Pixel 389, 327, 1, 1, 4.80374e+19
=== 3048525 ===
--- pALPIDEfs_6 ---
Pixel 135, 131, 1, 1, 4.80374e+19
Pixel 135, 132, 1, 1, 4.80374e+19
Pixel 135, 133, 1, 1, 4.80374e+19
Pixel 136, 131, 1, 1, 4.80374e+19
Pixel 136, 132, 1, 1, 4.80374e+19
=== 3049925 ===
--- pALPIDEfs_0 ---
Pixel 1016, 452, 1, 1, 4.80374e+19
Pixel 1017, 452, 1, 1, 4.80374e+19
=== 3059318 ===
--- pALPIDEfs_1 ---
Pixel 602, 290, 1, 1, 4.80374e+19
Pixel 602, 291, 1, 1, 4.80374e+19
Pixel 602, 292, 1, 1, 4.80374e+19
=== 3085763 ===
--- pALPIDEfs_4 ---
Pixel 337, 181, 1, 1, 4.80374e+19
Pixel 337, 182, 1, 1, 4.80374e+19
Pixel 337, 183, 1, 1, 4.80374e+19
Pixel 337, 184, 1, 1, 4.80374e+19
Pixel 337, 185, 1, 1, 4.80374e+19
Pixel 338, 181, 1, 1, 4.80374e+19
Pixel 338, 182, 1, 1, 4.80374e+19
Pixel 338, 183, 1, 1, 4.80374e+19
Pixel 338, 184, 1, 1, 4.80374e+19
Pixel 338, 185, 1, 1, 4.80374e+19
=== 3088015 ===
--- pALPIDEfs_5 ---
Pixel 216, 266, 1, 1, 4.80374e+19
Pixel 498, 116, 1, 1, 4.80374e+19
Pixel 498, 117, 1, 1, 4.80374e+19
--- pALPIDEfs_6 ---
Pixel 573, 97, 1, 1, 4.80374e+19
Pixel 572, 97, 1, 1, 4.80374e+19
=== 3090350 ===
--- pALPIDEfs_0 ---
Pixel 699, 425, 1, 1, 4.80374e+19
Pixel 700, 424, 1, 1, 4.80374e+19
Pixel 700, 425, 1, 1, 4.80374e+19
=== 3092771 ===
--- pALPIDEfs_5 ---
Pixel 263, 241, 1, 1, 4.80374e+19
Pixel 263, 242, 1, 1, 4.80374e+19
Pixel 264, 241, 1, 1, 4.80374e+19
Pixel 264, 242, 1, 1, 4.80374e+19
Pixel 264, 243, 1, 1, 4.80374e+19
=== 3093697 ===
--- pALPIDEfs_0 ---
Pixel 937, 374, 1, 1, 4.80374e+19
Pixel 937, 375, 1, 1, 4.80374e+19
=== 3093712 ===
--- pALPIDEfs_0 ---
Pixel 715, 297, 1, 1, 4.80374e+19
Pixel 714, 297, 1, 1, 4.80374e+19
Pixel 714, 298, 1, 1, 4.80374e+19
Pixel 715, 298, 1, 1, 4.80374e+19
=== 3098649 ===
--- pALPIDEfs_6 ---
Pixel 224, 235, 1, 1, 4.80374e+19
Pixel 224, 236, 1, 1, 4.80374e+19
=== 3132765 ===
--- pALPIDEfs_3 ---
Pixel 106, 178, 1, 1, 4.80374e+19
=== 3165421 ===
--- pALPIDEfs_3 ---
Pixel 771, 495, 1, 1, 4.80374e+19
=== 3170231 ===
--- pALPIDEfs_5 ---
Pixel 741, 59, 1, 1, 4.80374e+19
=== 3170962 ===
--- pALPIDEfs_3 ---
Pixel 557, 180, 1, 1, 4.80374e+19
=== 3172708 ===
--- pALPIDEfs_4 ---
Pixel 859, 34, 1, 1, 4.80374e+19
Pixel 859, 35, 1, 1, 4.80374e+19
Pixel 860, 34, 1, 1, 4.80374e+19
Pixel 860, 35, 1, 1, 4.80374e+19
=== 3180782 ===
--- pALPIDEfs_0 ---
Pixel 189, 177, 1, 1, 4.80374e+19
Pixel 189, 178, 1, 1, 4.80374e+19
Pixel 189, 179, 1, 1, 4.80374e+19
Pixel 189, 180, 1, 1, 4.80374e+19
Pixel 190, 177, 1, 1, 4.80374e+19
Pixel 190, 178, 1, 1, 4.80374e+19
Pixel 191, 179, 1, 1, 4.80374e+19
Pixel 190, 179, 1, 1, 4.80374e+19
Pixel 190, 180, 1, 1, 4.80374e+19
Pixel 190, 181, 1, 1, 4.80374e+19
Pixel 190, 182, 1, 1, 4.80374e+19
Pixel 190, 183, 1, 1, 4.80374e+19
Pixel 190, 184, 1, 1, 4.80374e+19
Pixel 191, 184, 1, 1, 4.80374e+19
Pixel 191, 185, 1, 1, 4.80374e+19
Pixel 190, 185, 1, 1, 4.80374e+19
Pixel 190, 186, 1, 1, 4.80374e+19
Pixel 191, 186, 1, 1, 4.80374e+19
Pixel 191, 187, 1, 1, 4.80374e+19
Pixel 190, 187, 1, 1, 4.80374e+19
Pixel 190, 188, 1, 1, 4.80374e+19
Pixel 191, 188, 1, 1, 4.80374e+19
Pixel 191, 189, 1, 1, 4.80374e+19
Pixel 190, 189, 1, 1, 4.80374e+19
Pixel 190, 190, 1, 1, 4.80374e+19
Pixel 191, 190, 1, 1, 4.80374e+19
Pixel 190, 191, 1, 1, 4.80374e+19
Pixel 190, 192, 1, 1, 4.80374e+19
Pixel 190, 193, 1, 1, 4.80374e+19
=== 3188286 ===
--- pALPIDEfs_3 ---
Pixel 413, 240, 1, 1, 4.80374e+19
=== 3190866 ===
--- pALPIDEfs_2 ---
Pixel 841, 229, 1, 1, 4.80374e+19
Pixel 840, 229, 1, 1, 4.80374e+19
Pixel 841, 230, 1, 1, 4.80374e+19
Pixel 842, 230, 1, 1, 4.80374e+19
Pixel 843, 230, 1, 1, 4.80374e+19
Pixel 843, 231, 1, 1, 4.80374e+19
Pixel 842, 231, 1, 1, 4.80374e+19
=== 3244306 ===
--- pALPIDEfs_5 ---
Pixel 179, 419, 1, 1, 4.80374e+19
Pixel 178, 420, 1, 1, 4.80374e+19
Pixel 179, 420, 1, 1, 4.80374e+19
Pixel 179, 421, 1, 1, 4.80374e+19
Pixel 178, 421, 1, 1, 4.80374e+19
Pixel 179, 422, 1, 1, 4.80374e+19
=== 3262986 ===
--- pALPIDEfs_6 ---
Pixel 295, 53, 1, 1, 4.80374e+19
Pixel 294, 53, 1, 1, 4.80374e+19
=== 3283570 ===
--- pALPIDEfs_0 ---
Pixel 784, 146, 1, 1, 4.80374e+19
--- pALPIDEfs_1 ---
Pixel 824, 178, 1, 1, 4.80374e+19
Pixel 825, 178, 1, 1, 4.80374e+19
--- pALPIDEfs_2 ---
Pixel 885, 102, 1, 1, 4.80374e+19
--- pALPIDEfs_3 ---
Pixel 947, 98, 1, 1, 4.80374e+19
Pixel 947, 99, 1, 1, 4.80374e+19
=== 3285068 ===
--- pALPIDEfs_5 ---
Pixel 858, 238, 1, 1, 4.80374e+19
=== 3287857 ===
--- pALPIDEfs_5 ---
Pixel 185, 366, 1, 1, 4.80374e+19
=== 3288968 ===
--- pALPIDEfs_6 ---
Pixel 827, 75, 1, 1, 4.80374e+19
Pixel 827, 76, 1, 1, 4.80374e+19
Pixel 828, 75, 1, 1, 4.80374e+19
Pixel 828, 76, 1, 1, 4.80374e+19
=== 3302643 ===
--- pALPIDEfs_5 ---
Pixel 83, 510, 1, 1, 4.80374e+19
Pixel 83, 511, 1, 1, 4.80374e+19
Pixel 84, 509, 1, 1, 4.80374e+19
Pixel 84, 510, 1, 1, 4.80374e+19
Pixel 84, 511, 1, 1, 4.80374e+19
=== 3304957 ===
--- pALPIDEfs_3 ---
Pixel 779, 480, 1, 1, 4.80374e+19
=== 3305132 ===
--- pALPIDEfs_5 ---
Pixel 557, 437, 1, 1, 4.80374e+19
Pixel 556, 437, 1, 1, 4.80374e+19
Pixel 557, 438, 1, 1, 4.80374e+19
--- pALPIDEfs_6 ---
Pixel 389, 33, 1, 1, 4.80374e+19
Pixel 389, 34, 1, 1, 4.80374e+19
Pixel 390, 33, 1, 1, 4.80374e+19
Pixel 390, 34, 1, 1, 4.80374e+19
=== 3316166 ===
--- pALPIDEfs_3 ---
Pixel 33, 323, 1, 1, 4.80374e+19
Pixel 33, 324, 1, 1, 4.80374e+19
Pixel 34, 323, 1, 1, 4.80374e+19
Pixel 34, 324, 1, 1, 4.80374e+19
=== 3335341 ===
--- pALPIDEfs_1 ---
Pixel 89, 235, 1, 1, 4.80374e+19
Pixel 90, 235, 1, 1, 4.80374e+19
=== 3339897 ===
--- pALPIDEfs_1 ---
Pixel 533, 460, 1, 1, 4.80374e+19
=== 3362836 ===
--- pALPIDEfs_0 ---
Pixel 631, 239, 1, 1, 4.80374e+19
Pixel 632, 239, 1, 1, 4.80374e+19
=== 3366033 ===
--- pALPIDEfs_0 ---
Pixel 697, 163, 1, 1, 4.80374e+19
Pixel 698, 163, 1, 1, 4.80374e+19
=== 3389936 ===
--- pALPIDEfs_6 ---
Pixel 911, 425, 1, 1, 4.80374e+19
Pixel 911, 426, 1, 1, 4.80374e+19
Pixel 912, 425, 1, 1, 4.80374e+19
Pixel 912, 426, 1, 1, 4.80374e+19
=== 3395202 ===
--- pALPIDEfs_3 ---
Pixel 308, 52, 1, 1, 4.80374e+19
Pixel 309, 52, 1, 1, 4.80374e+19
Pixel 309, 53, 1, 1, 4.80374e+19
Pixel 308, 53, 1, 1, 4.80374e+19
Pixel 308, 54, 1, 1, 4.80374e+19
=== 3401943 ===
--- pALPIDEfs_0 ---
Pixel 855, 413, 1, 1, 4.80374e+19
Pixel 855, 414, 1, 1, 4.80374e+19
=== 3433835 ===
--- pALPIDEfs_6 ---
Pixel 99, 240, 1, 1, 4.80374e+19
Pixel 99, 241, 1, 1, 4.80374e+19
Pixel 100, 240, 1, 1, 4.80374e+19
Pixel 100, 241, 1, 1, 4.80374e+19
=== 3437567 ===
--- pALPIDEfs_6 ---
Pixel 259, 423, 1, 1, 4.80374e+19
Pixel 259, 424, 1, 1, 4.80374e+19
Pixel 260, 423, 1, 1, 4.80374e+19
Pixel 260, 424, 1, 1, 4.80374e+19
=== 3441825 ===
--- pALPIDEfs_4 ---
Pixel 510, 485, 1, 1, 4.80374e+19
--- pALPIDEfs_5 ---
Pixel 566, 156, 1, 1, 4.80374e+19
=== 3447778 ===
--- pALPIDEfs_1 ---
Pixel 10, 320, 1, 1, 4.80374e+19
Pixel 10, 321, 1, 1, 4.80374e+19
=== 3449207 ===
--- pALPIDEfs_2 ---
Pixel 90, 361, 1, 1, 4.80374e+19
=== 3452843 ===
--- pALPIDEfs_4 ---
Pixel 45, 31, 1, 1, 4.80374e+19
--- pALPIDEfs_5 ---
Pixel 22, 232, 1, 1, 4.80374e+19
--- pALPIDEfs_6 ---
Pixel 53, 376, 1, 1, 4.80374e+19
=== 3457370 ===
--- pALPIDEfs_2 ---
Pixel 481, 137, 1, 1, 4.80374e+19
Pixel 481, 138, 1, 1, 4.80374e+19
=== 3459117 ===
--- pALPIDEfs_1 ---
Pixel 49, 61, 1, 1, 4.80374e+19
Pixel 48, 61, 1, 1, 4.80374e+19
Pixel 48, 62, 1, 1, 4.80374e+19
=== 3471076 ===
--- pALPIDEfs_6 ---
Pixel 810, 123, 1, 1, 4.80374e+19
Pixel 810, 124, 1, 1, 4.80374e+19
=== 3482469 ===
--- pALPIDEfs_2 ---
Pixel 653, 451, 1, 1, 4.80374e+19
Pixel 652, 452, 1, 1, 4.80374e+19
Pixel 653, 452, 1, 1, 4.80374e+19
Pixel 655, 451, 1, 1, 4.80374e+19
Pixel 654, 451, 1, 1, 4.80374e+19
Pixel 654, 452, 1, 1, 4.80374e+19
Pixel 656, 451, 1, 1, 4.80374e+19
Pixel 661, 449, 1, 1, 4.80374e+19
Pixel 660, 449, 1, 1, 4.80374e+19
Pixel 660, 450, 1, 1, 4.80374e+19
Pixel 661, 450, 1, 1, 4.80374e+19
Pixel 663, 449, 1, 1, 4.80374e+19
Pixel 662, 449, 1, 1, 4.80374e+19
=== 3492857 ===
--- pALPIDEfs_5 ---
Pixel 426, 301, 1, 1, 4.80374e+19
Pixel 426, 302, 1, 1, 4.80374e+19
=== 3495361 ===
--- pALPIDEfs_2 ---
Pixel 67, 351, 1, 1, 4.80374e+19
Pixel 66, 351, 1, 1, 4.80374e+19
=== 3511282 ===
--- pALPIDEfs_3 ---
Pixel 865, 133, 1, 1, 4.80374e+19
Pixel 864, 133, 1, 1, 4.80374e+19
Pixel 864, 134, 1, 1, 4.80374e+19
Pixel 865, 134, 1, 1, 4.80374e+19
--- pALPIDEfs_4 ---
Pixel 216, 152, 1, 1, 4.80374e+19
Pixel 217, 152, 1, 1, 4.80374e+19
=== 3515088 ===
--- pALPIDEfs_0 ---
Pixel 862, 168, 1, 1, 4.80374e+19
=== 3544374 ===
--- pALPIDEfs_2 ---
Pixel 146, 494, 1, 1, 4.80374e+19
=== 3547121 ===
--- pALPIDEfs_6 ---
Pixel 1006, 258, 1, 1, 4.80374e+19
Pixel 1007, 258, 1, 1, 4.80374e+19
Pixel 1006, 259, 1, 1, 4.80374e+19
=== 3555009 ===
--- pALPIDEfs_1 ---
Pixel 509, 90, 1, 1, 4.80374e+19
Pixel 509, 91, 1, 1, 4.80374e+19
=== 3559908 ===
--- pALPIDEfs_5 ---
Pixel 807, 350, 1, 1, 4.80374e+19
Pixel 808, 350, 1, 1, 4.80374e+19
--- pALPIDEfs_6 ---
Pixel 0, 280, 1, 1, 4.80374e+19
Pixel 0, 281, 1, 1, 4.80374e+19
Pixel 964, 475, 1, 1, 4.80374e+19
=== 3567245 ===
--- pALPIDEfs_5 ---
Pixel 979, 337, 1, 1, 4.80374e+19
Pixel 979, 338, 1, 1, 4.80374e+19
=== 3582591 ===
--- pALPIDEfs_3 ---
Pixel 557, 180, 1, 1, 4.80374e+19
=== 3582984 ===
--- pALPIDEfs_1 ---
Pixel 948, 179, 1, 1, 4.80374e+19
=== 3584079 ===
--- pALPIDEfs_5 ---
Pixel 475, 116, 1, 1, 4.80374e+19
Pixel 475, 117, 1, 1, 4.80374e+19
Pixel 476, 116, 1, 1, 4.80374e+19
Pixel 476, 117, 1, 1, 4.80374e+19
=== 3590265 ===
--- pALPIDEfs_1 ---
Pixel 669, 458, 1, 1, 4.80374e+19
Pixel 669, 459, 1, 1, 4.80374e+19
Pixel 670, 458, 1, 1, 4.80374e+19
Pixel 670, 459, 1, 1, 4.80374e+19
=== 3601286 ===
--- pALPIDEfs_0 ---
Pixel 262, 36, 1, 1, 4.80374e+19
Pixel 262, 37, 1, 1, 4.80374e+19
--- pALPIDEfs_1 ---
Pixel 93, 137, 1, 1, 4.80374e+19
Pixel 93, 138, 1, 1, 4.80374e+19
Pixel 94, 137, 1, 1, 4.80374e+19
Pixel 94, 138, 1, 1, 4.80374e+19
=== 3650328 ===
--- pALPIDEfs_6 ---
Pixel 133, 356, 1, 1, 4.80374e+19
=== 3671857 ===
--- pALPIDEfs_0 ---
Pixel 902, 38, 1, 1, 4.80374e+19
Pixel 903, 38, 1, 1, 4.80374e+19
=== 3675779 ===
--- pALPIDEfs_4 ---
Pixel 601, 318, 1, 1, 4.80374e+19
Pixel 601, 319, 1, 1, 4.80374e+19
Pixel 600, 319, 1, 1, 4.80374e+19
Pixel 600, 320, 1, 1, 4.80374e+19
Pixel 601, 320, 1, 1, 4.80374e+19
=== 3688556 ===
--- pALPIDEfs_6 ---
Pixel 211, 217, 1, 1, 4.80374e+19
Pixel 211, 218, 1, 1, 4.80374e+19
=== 3722454 ===
--- pALPIDEfs_4 ---
Pixel 667, 99, 1, 1, 4.80374e+19
Pixel 666, 100, 1, 1, 4.80374e+19
Pixel 667, 100, 1, 1, 4.80374e+19
Pixel 669, 98, 1, 1, 4.80374e+19
Pixel 669, 99, 1, 1, 4.80374e+19
Pixel 668, 99, 1, 1, 4.80374e+19
Pixel 668, 100, 1, 1, 4.80374e+19
Pixel 670, 98, 1, 1, 4.80374e+19
Pixel 671, 98, 1, 1, 4.80374e+19
Pixel 670, 99, 1, 1, 4.80374e+19
=== 3725534 ===
--- pALPIDEfs_4 ---
Pixel 1013, 10, 1, 1, 4.80374e+19
=== 3734818 ===
--- pALPIDEfs_5 ---
Pixel 737, 470, 1, 1, 4.80374e+19
Pixel 737, 471, 1, 1, 4.80374e+19
Pixel 738, 469, 1, 1, 4.80374e+19
Pixel 738, 470, 1, 1, 4.80374e+19
Pixel 738, 471, 1, 1, 4.80374e+19
=== 3739544 ===
--- pALPIDEfs_1 ---
Pixel 872, 207, 1, 1, 4.80374e+19
=== 3762370 ===
--- pALPIDEfs_6 ---
Pixel 817, 504, 1, 1, 4.80374e+19
Pixel 817, 505, 1, 1, 4.80374e+19
=== 3767939 ===
--- pALPIDEfs_3 ---
Pixel 522, 136, 1, 1, 4.80374e+19
Pixel 522, 137, 1, 1, 4.80374e+19
--- pALPIDEfs_4 ---
Pixel 603, 236, 1, 1, 4.80374e+19
Pixel 604, 236, 1, 1, 4.80374e+19
Pixel 605, 237, 1, 1, 4.80374e+19
Pixel 604, 237, 1, 1, 4.80374e+19
=== 3779232 ===
--- pALPIDEfs_6 ---
Pixel 43, 353, 1, 1, 4.80374e+19
Pixel 42, 353, 1, 1, 4.80374e+19
Pixel 43, 354, 1, 1, 4.80374e+19
=== 3779928 ===
--- pALPIDEfs_6 ---
Pixel 673, 476, 1, 1, 4.80374e+19
=== 3808521 ===
--- pALPIDEfs_0 ---
Pixel 686, 263, 1, 1, 4.80374e+19
=== 3808687 ===
--- pALPIDEfs_2 ---
Pixel 399, 503, 1, 1, 4.80374e+19
Pixel 398, 503, 1, 1, 4.80374e+19
=== 3813351 ===
--- pALPIDEfs_4 ---
Pixel 71, 252, 1, 1, 4.80374e+19
Pixel 71, 253, 1, 1, 4.80374e+19
Pixel 72, 252, 1, 1, 4.80374e+19
Pixel 73, 253, 1, 1, 4.80374e+19
Pixel 72, 253, 1, 1, 4.80374e+19
--- pALPIDEfs_5 ---
Pixel 180, 405, 1, 1, 4.80374e+19
Pixel 180, 406, 1, 1, 4.80374e+19
--- pALPIDEfs_6 ---
Pixel 456, 165, 1, 1, 4.80374e+19
=== 3821418 ===
--- pALPIDEfs_0 ---
Pixel 406, 27, 1, 1, 4.80374e+19
Pixel 406, 28, 1, 1, 4.80374e+19
--- pALPIDEfs_1 ---
Pixel 197, 155, 1, 1, 4.80374e+19
--- pALPIDEfs_2 ---
Pixel 9, 182, 1, 1, 4.80374e+19
Pixel 10, 182, 1, 1, 4.80374e+19
Pixel 10, 183, 1, 1, 4.80374e+19
=== 3833644 ===
--- pALPIDEfs_2 ---
Pixel 33, 52, 1, 1, 4.80374e+19
Pixel 34, 52, 1, 1, 4.80374e+19
=== 3849338 ===
--- pALPIDEfs_5 ---
Pixel 359, 100, 1, 1, 4.80374e+19
Pixel 359, 101, 1, 1, 4.80374e+19
Pixel 360, 99, 1, 1, 4.80374e+19
Pixel 360, 100, 1, 1, 4.80374e+19
Pixel 360, 101, 1, 1, 4.80374e+19
=== 3850897 ===
--- pALPIDEfs_1 ---
Pixel 835, 369, 1, 1, 4.80374e+19
Pixel 835, 370, 1, 1, 4.80374e+19
Pixel 836, 369, 1, 1, 4.80374e+19
Pixel 836, 370, 1, 1, 4.80374e+19
=== 3864627 ===
--- pALPIDEfs_2 ---
Pixel 263, 152, 1, 1, 4.80374e+19
--- pALPIDEfs_3 ---
Pixel 461, 325, 1, 1, 4.80374e+19
--- pALPIDEfs_4 ---
Pixel 808, 335, 1, 1, 4.80374e+19
--- pALPIDEfs_5 ---
Pixel 973, 365, 1, 1, 4.80374e+19
Pixel 974, 365, 1, 1, 4.80374e+19
=== 3868538 ===
--- pALPIDEfs_0 ---
Pixel 138, 74, 1, 1, 4.80374e+19
--- pALPIDEfs_1 ---
Pixel 223, 110, 1, 1, 4.80374e+19
Pixel 223, 111, 1, 1, 4.80374e+19
--- pALPIDEfs_2 ---
Pixel 200, 16, 1, 1, 4.80374e+19
Pixel 201, 16, 1, 1, 4.80374e+19
Pixel 201, 17, 1, 1, 4.80374e+19
Pixel 202, 16, 1, 1, 4.80374e+19
Pixel 203, 16, 1, 1, 4.80374e+19
Pixel 203, 17, 1, 1, 4.80374e+19
Pixel 202, 17, 1, 1, 4.80374e+19
Pixel 205, 17, 1, 1, 4.80374e+19
Pixel 204, 17, 1, 1, 4.80374e+19
=== 3885995 ===
--- pALPIDEfs_6 ---
Pixel 885, 329, 1, 1, 4.80374e+19
Pixel 886, 329, 1, 1, 4.80374e+19
=== 3914961 ===
--- pALPIDEfs_4 ---
Pixel 871, 351, 1, 1, 4.80374e+19
Pixel 871, 352, 1, 1, 4.80374e+19
Pixel 872, 352, 1, 1, 4.80374e+19
=== 3917805 ===
--- pALPIDEfs_3 ---
Pixel 557, 180, 1, 1, 4.80374e+19
=== 3931973 ===
--- pALPIDEfs_5 ---
Pixel 157, 440, 1, 1, 4.80374e+19
Pixel 157, 441, 1, 1, 4.80374e+19
Pixel 159, 439, 1, 1, 4.80374e+19
Pixel 158, 439, 1, 1, 4.80374e+19
Pixel 158, 440, 1, 1, 4.80374e+19
Pixel 160, 438, 1, 1, 4.80374e+19
Pixel 161, 438, 1, 1, 4.80374e+19
Pixel 161, 439, 1, 1, 4.80374e+19
Pixel 160, 439, 1, 1, 4.80374e+19
=== 3946453 ===
--- pALPIDEfs_0 ---
Pixel 651, 268, 1, 1, 4.80374e+19
Pixel 651, 269, 1, 1, 4.80374e+19
=== 3969257 ===
--- pALPIDEfs_3 ---
Pixel 1, 241, 1, 1, 4.80374e+19
Pixel 1, 242, 1, 1, 4.80374e+19
Pixel 1, 243, 1, 1, 4.80374e+19
=== 3999698 ===
--- pALPIDEfs_3 ---
Pixel 233, 321, 1, 1, 4.80374e+19
Pixel 233, 322, 1, 1, 4.80374e+19
=== 4019528 ===
--- pALPIDEfs_3 ---
Pixel 776, 120, 1, 1, 4.80374e+19
Pixel 777, 120, 1, 1, 4.80374e+19
Pixel 777, 121, 1, 1, 4.80374e+19
Pixel 776, 121, 1, 1, 4.80374e+19
Pixel 778, 120, 1, 1, 4.80374e+19
=== 4034190 ===
--- pALPIDEfs_2 ---
Pixel 945, 223, 1, 1, 4.80374e+19
Pixel 945, 224, 1, 1, 4.80374e+19
--- pALPIDEfs_3 ---
Pixel 337, 403, 1, 1, 4.80374e+19
Pixel 336, 404, 1, 1, 4.80374e+19
Pixel 337, 404, 1, 1, 4.80374e+19
=== 4034878 ===
--- pALPIDEfs_5 ---
Pixel 1013, 54, 1, 1, 4.80374e+19
Pixel 1013, 55, 1, 1, 4.80374e+19
Pixel 1014, 54, 1, 1, 4.80374e+19
Pixel 1014, 55, 1, 1, 4.80374e+19
--- pALPIDEfs_6 ---
Pixel 995, 169, 1, 1, 4.80374e+19
Pixel 995, 170, 1, 1, 4.80374e+19
=== 4045116 ===
--- pALPIDEfs_3 ---
Pixel 581, 339, 1, 1, 4.80374e+19
Pixel 580, 339, 1, 1, 4.80374e+19
Pixel 580, 340, 1, 1, 4.80374e+19
Pixel 581, 340, 1, 1, 4.80374e+19
=== 4056872 ===
--- pALPIDEfs_0 ---
Pixel 221, 353, 1, 1, 4.80374e+19
Pixel 221, 354, 1, 1, 4.80374e+19
Pixel 221, 355, 1, 1, 4.80374e+19
=== 4069391 ===
--- pALPIDEfs_2 ---
Pixel 585, 4, 1, 1, 4.80374e+19
=== 4076828 ===
--- pALPIDEfs_0 ---
Pixel 304, 54, 1, 1, 4.80374e+19
Pixel 304, 55, 1, 1, 4.80374e+19
--- pALPIDEfs_1 ---
Pixel 409, 442, 1, 1, 4.80374e+19
Pixel 409, 443, 1, 1, 4.80374e+19
Pixel 410, 443, 1, 1, 4.80374e+19
=== 4077610 ===
--- pALPIDEfs_3 ---
Pixel 557, 180, 1, 1, 4.80374e+19
=== 4086170 ===
--- pALPIDEfs_6 ---
Pixel 401, 46, 1, 1, 4.80374e+19
Pixel 401, 47, 1, 1, 4.80374e+19
Pixel 402, 46, 1, 1, 4.80374e+19
Pixel 402, 47, 1, 1, 4.80374e+19
=== 4150732 ===
--- pALPIDEfs_0 ---
Pixel 313, 405, 1, 1, 4.80374e+19
Pixel 314, 405, 1, 1, 4.80374e+19
--- pALPIDEfs_1 ---
Pixel 251, 176, 1, 1, 4.80374e+19
Pixel 251, 177, 1, 1, 4.80374e+19
=== 4150866 ===
--- pALPIDEfs_5 ---
Pixel 45, 392, 1, 1, 4.80374e+19
Pixel 45, 393, 1, 1, 4.80374e+19
Pixel 46, 392, 1, 1, 4.80374e+19
Pixel 46, 393, 1, 1, 4.80374e+19
--- pALPIDEfs_6 ---
Pixel 767, 511, 1, 1, 4.80374e+19
Pixel 769, 510, 1, 1, 4.80374e+19
Pixel 769, 511, 1, 1, 4.80374e+19
Pixel 770, 511, 1, 1, 4.80374e+19
=== 4150931 ===
--- pALPIDEfs_4 ---
Pixel 85, 223, 1, 1, 4.80374e+19
--- pALPIDEfs_5 ---
Pixel 382, 195, 1, 1, 4.80374e+19
--- pALPIDEfs_6 ---
Pixel 736, 109, 1, 1, 4.80374e+19
Pixel 736, 110, 1, 1, 4.80374e+19
=== 4175481 ===
--- pALPIDEfs_0 ---
Pixel 891, 438, 1, 1, 4.80374e+19
Pixel 891, 439, 1, 1, 4.80374e+19
Pixel 892, 438, 1, 1, 4.80374e+19
Pixel 892, 439, 1, 1, 4.80374e+19
Pixel 911, 462, 1, 1, 4.80374e+19
=== 4175602 ===
--- pALPIDEfs_5 ---
Pixel 359, 471, 1, 1, 4.80374e+19
Pixel 358, 472, 1, 1, 4.80374e+19
Pixel 359, 472, 1, 1, 4.80374e+19
=== 4188812 ===
--- pALPIDEfs_0 ---
Pixel 930, 392, 1, 1, 4.80374e+19
Pixel 931, 392, 1, 1, 4.80374e+19
Pixel 931, 393, 1, 1, 4.80374e+19
Pixel 930, 393, 1, 1, 4.80374e+19
=== 4206093 ===
--- pALPIDEfs_0 ---
Pixel 496, 215, 1, 1, 4.80374e+19
Pixel 496, 216, 1, 1, 4.80374e+19
=== 4230887 ===
--- pALPIDEfs_2 ---
Pixel 174, 170, 1, 1, 4.80374e+19
Pixel 175, 170, 1, 1, 4.80374e+19
--- pALPIDEfs_3 ---
Pixel 1003, 357, 1, 1, 4.80374e+19
Pixel 1004, 357, 1, 1, 4.80374e+19
Pixel 1004, 358, 1, 1, 4.80374e+19
=== 4237091 ===
--- pALPIDEfs_3 ---
Pixel 584, 198, 1, 1, 4.80374e+19
=== 4272232 ===
--- pALPIDEfs_4 ---
Pixel 930, 328, 1, 1, 4.80374e+19
Pixel 931, 328, 1, 1, 4.80374e+19
=== 4300962 ===
--- pALPIDEfs_5 ---
Pixel 719, 151, 1, 1, 4.80374e+19
Pixel 719, 152, 1, 1, 4.80374e+19
Pixel 720, 150, 1, 1, 4.80374e+19
Pixel 721, 150, 1, 1, 4.80374e+19
Pixel 721, 151, 1, 1, 4.80374e+19
Pixel 720, 151, 1, 1, 4.80374e+19
Pixel 720, 152, 1, 1, 4.80374e+19
Pixel 723, 149, 1, 1, 4.80374e+19
Pixel 722, 149, 1, 1, 4.80374e+19
Pixel 722, 150, 1, 1, 4.80374e+19
Pixel 723, 150, 1, 1, 4.80374e+19
Pixel 722, 151, 1, 1, 4.80374e+19
=== 4303486 ===
--- pALPIDEfs_0 ---
Pixel 15, 112, 1, 1, 4.80374e+19
=== 4304409 ===
--- pALPIDEfs_4 ---
Pixel 807, 144, 1, 1, 4.80374e+19
Pixel 807, 145, 1, 1, 4.80374e+19
Pixel 807, 146, 1, 1, 4.80374e+19
Pixel 807, 147, 1, 1, 4.80374e+19
Pixel 807, 148, 1, 1, 4.80374e+19
Pixel 807, 149, 1, 1, 4.80374e+19
Pixel 807, 150, 1, 1, 4.80374e+19
Pixel 807, 151, 1, 1, 4.80374e+19
Pixel 807, 152, 1, 1, 4.80374e+19
Pixel 807, 153, 1, 1, 4.80374e+19
Pixel 806, 153, 1, 1, 4.80374e+19
Pixel 806, 154, 1, 1, 4.80374e+19
Pixel 807, 154, 1, 1, 4.80374e+19
Pixel 807, 155, 1, 1, 4.80374e+19
Pixel 806, 155, 1, 1, 4.80374e+19
Pixel 806, 156, 1, 1, 4.80374e+19
Pixel 807, 156, 1, 1, 4.80374e+19
Pixel 807, 157, 1, 1, 4.80374e+19
Pixel 806, 157, 1, 1, 4.80374e+19
Pixel 806, 158, 1, 1, 4.80374e+19
Pixel 807, 158, 1, 1, 4.80374e+19
Pixel 807, 159, 1, 1, 4.80374e+19
Pixel 806, 159, 1, 1, 4.80374e+19
Pixel 806, 160, 1, 1, 4.80374e+19
Pixel 807, 160, 1, 1, 4.80374e+19
Pixel 807, 161, 1, 1, 4.80374e+19
Pixel 806, 161, 1, 1, 4.80374e+19
Pixel 806, 162, 1, 1, 4.80374e+19
Pixel 807, 162, 1, 1, 4.80374e+19
Pixel 807, 163, 1, 1, 4.80374e+19
Pixel 806, 163, 1, 1, 4.80374e+19
Pixel 806, 164, 1, 1, 4.80374e+19
Pixel 807, 164, 1, 1, 4.80374e+19
Pixel 807, 165, 1, 1, 4.80374e+19
Pixel 806, 165, 1, 1, 4.80374e+19
Pixel 806, 166, 1, 1, 4.80374e+19
Pixel 807, 166, 1, 1, 4.80374e+19
Pixel 808, 143, 1, 1, 4.80374e+19
Pixel 808, 144, 1, 1, 4.80374e+19
Pixel 808, 145, 1, 1, 4.80374e+19
Pixel 808, 146, 1, 1, 4.80374e+19
Pixel 808, 150, 1, 1, 4.80374e+19
=== 4326050 ===
--- pALPIDEfs_6 ---
Pixel 573, 156, 1, 1, 4.80374e+19
Pixel 573, 157, 1, 1, 4.80374e+19
Pixel 574, 156, 1, 1, 4.80374e+19
Pixel 574, 157, 1, 1, 4.80374e+19
=== 4345832 ===
--- pALPIDEfs_3 ---
Pixel 787, 231, 1, 1, 4.80374e+19
Pixel 787, 232, 1, 1, 4.80374e+19
Pixel 787, 233, 1, 1, 4.80374e+19
Pixel 787, 234, 1, 1, 4.80374e+19
Pixel 787, 235, 1, 1, 4.80374e+19
Pixel 787, 236, 1, 1, 4.80374e+19
Pixel 789, 230, 1, 1, 4.80374e+19
Pixel 789, 231, 1, 1, 4.80374e+19
Pixel 788, 231, 1, 1, 4.80374e+19
Pixel 788, 232, 1, 1, 4.80374e+19
Pixel 789, 232, 1, 1, 4.80374e+19
Pixel 788, 233, 1, 1, 4.80374e+19
Pixel 788, 234, 1, 1, 4.80374e+19
Pixel 788, 235, 1, 1, 4.80374e+19
Pixel 788, 236, 1, 1, 4.80374e+19
Pixel 790, 230, 1, 1, 4.80374e+19
Pixel 790, 231, 1, 1, 4.80374e+19
=== 4354540 ===
--- pALPIDEfs_3 ---
Pixel 706, 482, 1, 1, 4.80374e+19
Pixel 707, 482, 1, 1, 4.80374e+19
Pixel 707, 483, 1, 1, 4.80374e+19
Pixel 707, 484, 1, 1, 4.80374e+19
Pixel 708, 482, 1, 1, 4.80374e+19
Pixel 708, 483, 1, 1, 4.80374e+19
Pixel 708, 484, 1, 1, 4.80374e+19
=== 4359301 ===
--- pALPIDEfs_1 ---
Pixel 440, 150, 1, 1, 4.80374e+19
Pixel 440, 151, 1, 1, 4.80374e+19
=== 4365889 ===
--- pALPIDEfs_4 ---
Pixel 447, 241, 1, 1, 4.80374e+19
Pixel 447, 242, 1, 1, 4.80374e+19
Pixel 447, 243, 1, 1, 4.80374e+19
Pixel 448, 241, 1, 1, 4.80374e+19
Pixel 448, 242, 1, 1, 4.80374e+19
Pixel 449, 242, 1, 1, 4.80374e+19
Pixel 449, 243, 1, 1, 4.80374e+19
Pixel 448, 243, 1, 1, 4.80374e+19
Pixel 449, 244, 1, 1, 4.80374e+19
Pixel 450, 243, 1, 1, 4.80374e+19
Pixel 450, 244, 1, 1, 4.80374e+19
=== 4368596 ===
--- pALPIDEfs_0 ---
Pixel 477, 67, 1, 1, 4.80374e+19
--- pALPIDEfs_1 ---
Pixel 650, 240, 1, 1, 4.80374e+19
Pixel 651, 240, 1, 1, 4.80374e+19
--- pALPIDEfs_2 ---
Pixel 845, 305, 1, 1, 4.80374e+19
Pixel 845, 306, 1, 1, 4.80374e+19
=== 4396896 ===
--- pALPIDEfs_3 ---
Pixel 557, 180, 1, 1, 4.80374e+19
=== 4401853 ===
--- pALPIDEfs_2 ---
Pixel 561, 475, 1, 1, 4.80374e+19
=== 4416162 ===
--- pALPIDEfs_5 ---
Pixel 539, 309, 1, 1, 4.80374e+19
=== 4433927 ===
--- pALPIDEfs_4 ---
Pixel 31, 450, 1, 1, 4.80374e+19
Pixel 31, 451, 1, 1, 4.80374e+19
=== 4436345 ===
--- pALPIDEfs_3 ---
Pixel 195, 399, 1, 1, 4.80374e+19
Pixel 195, 400, 1, 1, 4.80374e+19
Pixel 195, 401, 1, 1, 4.80374e+19
Pixel 196, 398, 1, 1, 4.80374e+19
Pixel 196, 399, 1, 1, 4.80374e+19
Pixel 196, 400, 1, 1, 4.80374e+19
Pixel 196, 401, 1, 1, 4.80374e+19
=== 4441648 ===
--- pALPIDEfs_5 ---
Pixel 92, 132, 1, 1, 4.80374e+19
=== 4446704 ===
--- pALPIDEfs_4 ---
Pixel 218, 308, 1, 1, 4.80374e+19
Pixel 219, 308, 1, 1, 4.80374e+19
Pixel 219, 309, 1, 1, 4.80374e+19
Pixel 218, 309, 1, 1, 4.80374e+19
=== 4460336 ===
--- pALPIDEfs_0 ---
Pixel 1000, 101, 1, 1, 4.80374e+19
Pixel 1000, 102, 1, 1, 4.80374e+19
=== 4460411 ===
--- pALPIDEfs_1 ---
Pixel 463, 511, 1, 1, 4.80374e+19
=== 4465974 ===
--- pALPIDEfs_5 ---
Pixel 297, 245, 1, 1, 4.80374e+19
Pixel 297, 246, 1, 1, 4.80374e+19
=== 4470776 ===
--- pALPIDEfs_2 ---
Pixel 434, 267, 1, 1, 4.80374e+19
=== 4470777 ===
--- pALPIDEfs_2 ---
Pixel 435, 267, 1, 1, 4.80374e+19
Pixel 434, 267, 1, 1, 4.80374e+19
=== 4480657 ===
--- pALPIDEfs_2 ---
Pixel 101, 85, 1, 1, 4.80374e+19
Pixel 101, 86, 1, 1, 4.80374e+19
Pixel 102, 85, 1, 1, 4.80374e+19
Pixel 102, 86, 1, 1, 4.80374e+19
Pixel 103, 86, 1, 1, 4.80374e+19
=== 4480835 ===
--- pALPIDEfs_0 ---
Pixel 714, 123, 1, 1, 4.80374e+19
=== 4496303 ===
--- pALPIDEfs_5 ---
Pixel 488, 2, 1, 1, 4.80374e+19
Pixel 489, 2, 1, 1, 4.80374e+19
Pixel 489, 3, 1, 1, 4.80374e+19
Pixel 488, 3, 1, 1, 4.80374e+19
=== 4498949 ===
--- pALPIDEfs_3 ---
Pixel 153, 200, 1, 1, 4.80374e+19
Pixel 153, 201, 1, 1, 4.80374e+19
Pixel 154, 200, 1, 1, 4.80374e+19
=== 4499832 ===
--- pALPIDEfs_3 ---
Pixel 673, 447, 1, 1, 4.80374e+19
--- pALPIDEfs_4 ---
Pixel 797, 219, 1, 1, 4.80374e+19
Pixel 796, 219, 1, 1, 4.80374e+19
Pixel 796, 220, 1, 1, 4.80374e+19
Pixel 797, 220, 1, 1, 4.80374e+19
--- pALPIDEfs_5 ---
Pixel 889, 36, 1, 1, 4.80374e+19
=== 4529802 ===
--- pALPIDEfs_1 ---
Pixel 549, 33, 1, 1, 4.80374e+19
=== 4543865 ===
--- pALPIDEfs_5 ---
Pixel 303, 58, 1, 1, 4.80374e+19
Pixel 303, 59, 1, 1, 4.80374e+19
Pixel 304, 58, 1, 1, 4.80374e+19
Pixel 304, 59, 1, 1, 4.80374e+19
=== 4572516 ===
--- pALPIDEfs_2 ---
Pixel 43, 253, 1, 1, 4.80374e+19
Pixel 43, 254, 1, 1, 4.80374e+19
Pixel 44, 254, 1, 1, 4.80374e+19
Pixel 45, 254, 1, 1, 4.80374e+19
Pixel 45, 255, 1, 1, 4.80374e+19
Pixel 44, 255, 1, 1, 4.80374e+19
--- pALPIDEfs_3 ---
Pixel 153, 465, 1, 1, 4.80374e+19
Pixel 152, 465, 1, 1, 4.80374e+19
Pixel 152, 466, 1, 1, 4.80374e+19
Pixel 153, 466, 1, 1, 4.80374e+19
=== 4574453 ===
--- pALPIDEfs_0 ---
Pixel 467, 446, 1, 1, 4.80374e+19
Pixel 467, 447, 1, 1, 4.80374e+19
Pixel 468, 446, 1, 1, 4.80374e+19
Pixel 468, 447, 1, 1, 4.80374e+19
--- pALPIDEfs_1 ---
Pixel 419, 240, 1, 1, 4.80374e+19
Pixel 419, 241, 1, 1, 4.80374e+19
Pixel 420, 240, 1, 1, 4.80374e+19
Pixel 420, 241, 1, 1, 4.80374e+19
=== 4594116 ===
--- pALPIDEfs_1 ---
Pixel 410, 92, 1, 1, 4.80374e+19
=== 4624931 ===
--- pALPIDEfs_2 ---
Pixel 77, 365, 1, 1, 4.80374e+19
Pixel 76, 365, 1, 1, 4.80374e+19
Pixel 76, 366, 1, 1, 4.80374e+19
Pixel 77, 366, 1, 1, 4.80374e+19
--- pALPIDEfs_3 ---
Pixel 203, 129, 1, 1, 4.80374e+19
Pixel 202, 129, 1, 1, 4.80374e+19
Pixel 202, 130, 1, 1, 4.80374e+19
Pixel 203, 130, 1, 1, 4.80374e+19
=== 4627914 ===
--- pALPIDEfs_3 ---
Pixel 557, 180, 1, 1, 4.80374e+19
=== 4658193 ===
--- pALPIDEfs_1 ---
Pixel 705, 93, 1, 1, 4.80374e+19
Pixel 705, 94, 1, 1, 4.80374e+19
Pixel 707, 93, 1, 1, 4.80374e+19
Pixel 706, 93, 1, 1, 4.80374e+19
Pixel 706, 94, 1, 1, 4.80374e+19
Pixel 707, 94, 1, 1, 4.80374e+19
Pixel 709, 93, 1, 1, 4.80374e+19
Pixel 708, 93, 1, 1, 4.80374e+19
Pixel 708, 94, 1, 1, 4.80374e+19
=== 4665158 ===
--- pALPIDEfs_0 ---
Pixel 929, 263, 1, 1, 4.80374e+19
Pixel 928, 263, 1, 1, 4.80374e+19
--- pALPIDEfs_1 ---
Pixel 671, 349, 1, 1, 4.80374e+19
Pixel 670, 349, 1, 1, 4.80374e+19
--- pALPIDEfs_2 ---
Pixel 217, 147, 1, 1, 4.80374e+19
Pixel 216, 147, 1, 1, 4.80374e+19
Pixel 216, 148, 1, 1, 4.80374e+19
Pixel 217, 148, 1, 1, 4.80374e+19
=== 4674007 ===
--- pALPIDEfs_6 ---
Pixel 93, 301, 1, 1, 4.80374e+19
Pixel 95, 301, 1, 1, 4.80374e+19
Pixel 94, 301, 1, 1, 4.80374e+19
Pixel 94, 302, 1, 1, 4.80374e+19
Pixel 95, 302, 1, 1, 4.80374e+19
=== 4675101 ===
--- pALPIDEfs_2 ---
Pixel 120, 160, 1, 1, 4.80374e+19
Pixel 121, 160, 1, 1, 4.80374e+19
--- pALPIDEfs_3 ---
Pixel 417, 408, 1, 1, 4.80374e+19
Pixel 417, 409, 1, 1, 4.80374e+19
Pixel 418, 408, 1, 1, 4.80374e+19
=== 4687892 ===
--- pALPIDEfs_6 ---
Pixel 287, 261, 1, 1, 4.80374e+19
=== 4707398 ===
--- pALPIDEfs_1 ---
Pixel 772, 400, 1, 1, 4.80374e+19
Pixel 773, 400, 1, 1, 4.80374e+19
Pixel 773, 401, 1, 1, 4.80374e+19
Pixel 772, 401, 1, 1, 4.80374e+19
--- pALPIDEfs_2 ---
Pixel 107, 100, 1, 1, 4.80374e+19
Pixel 108, 100, 1, 1, 4.80374e+19
=== 4714516 ===
--- pALPIDEfs_5 ---
Pixel 481, 501, 1, 1, 4.80374e+19
Pixel 480, 501, 1, 1, 4.80374e+19
Pixel 480, 502, 1, 1, 4.80374e+19
Pixel 481, 502, 1, 1, 4.80374e+19
Pixel 719, 397, 1, 1, 4.80374e+19
Pixel 718, 397, 1, 1, 4.80374e+19
Pixel 718, 398, 1, 1, 4.80374e+19
Pixel 719, 398, 1, 1, 4.80374e+19
Pixel 747, 415, 1, 1, 4.80374e+19
Pixel 747, 416, 1, 1, 4.80374e+19
Pixel 747, 417, 1, 1, 4.80374e+19
Pixel 748, 416, 1, 1, 4.80374e+19
=== 4744811 ===
--- pALPIDEfs_6 ---
Pixel 678, 419, 1, 1, 4.80374e+19
Pixel 678, 420, 1, 1, 4.80374e+19
=== 4746650 ===
--- pALPIDEfs_3 ---
Pixel 354, 318, 1, 1, 4.80374e+19
Pixel 354, 319, 1, 1, 4.80374e+19
Pixel 354, 320, 1, 1, 4.80374e+19
=== 4748036 ===
--- pALPIDEfs_5 ---
Pixel 847, 471, 1, 1, 4.80374e+19
Pixel 847, 472, 1, 1, 4.80374e+19
Pixel 848, 471, 1, 1, 4.80374e+19
Pixel 848, 472, 1, 1, 4.80374e+19
=== 4756620 ===
--- pALPIDEfs_1 ---
Pixel 1021, 340, 1, 1, 4.80374e+19
Pixel 1022, 340, 1, 1, 4.80374e+19
=== 4779177 ===
--- pALPIDEfs_1 ---
Pixel 873, 163, 1, 1, 4.80374e+19
Pixel 872, 163, 1, 1, 4.80374e+19
Pixel 872, 164, 1, 1, 4.80374e+19
Pixel 873, 164, 1, 1, 4.80374e+19
=== 4784392 ===
--- pALPIDEfs_5 ---
Pixel 533, 185, 1, 1, 4.80374e+19
Pixel 533, 186, 1, 1, 4.80374e+19
Pixel 534, 185, 1, 1, 4.80374e+19
Pixel 534, 186, 1, 1, 4.80374e+19
--- pALPIDEfs_6 ---
Pixel 250, 331, 1, 1, 4.80374e+19
=== 4797408 ===
--- pALPIDEfs_0 ---
Pixel 108, 374, 1, 1, 4.80374e+19
Pixel 109, 374, 1, 1, 4.80374e+19
=== 4801141 ===
--- pALPIDEfs_2 ---
Pixel 308, 330, 1, 1, 4.80374e+19
Pixel 308, 331, 1, 1, 4.80374e+19
Pixel 308, 332, 1, 1, 4.80374e+19
=== 4819491 ===
--- pALPIDEfs_4 ---
Pixel 508, 132, 1, 1, 4.80374e+19
Pixel 509, 133, 1, 1, 4.80374e+19
Pixel 508, 133, 1, 1, 4.80374e+19
Pixel 509, 134, 1, 1, 4.80374e+19
Pixel 510, 132, 1, 1, 4.80374e+19
Pixel 511, 133, 1, 1, 4.80374e+19
Pixel 510, 133, 1, 1, 4.80374e+19
Pixel 510, 134, 1, 1, 4.80374e+19
Pixel 511, 134, 1, 1, 4.80374e+19
=== 4825910 ===
--- pALPIDEfs_0 ---
Pixel 30, 156, 1, 1, 4.80374e+19
Pixel 31, 156, 1, 1, 4.80374e+19
=== 4865203 ===
--- pALPIDEfs_0 ---
Pixel 113, 275, 1, 1, 4.80374e+19
Pixel 112, 275, 1, 1, 4.80374e+19
Pixel 112, 276, 1, 1, 4.80374e+19
Pixel 113, 276, 1, 1, 4.80374e+19
--- pALPIDEfs_1 ---
Pixel 395, 314, 1, 1, 4.80374e+19
--- pALPIDEfs_3 ---
Pixel 445, 401, 1, 1, 4.80374e+19
Pixel 445, 402, 1, 1, 4.80374e+19
Pixel 445, 403, 1, 1, 4.80374e+19
Pixel 446, 402, 1, 1, 4.80374e+19
Pixel 446, 403, 1, 1, 4.80374e+19
=== 4878952 ===
--- pALPIDEfs_1 ---
Pixel 177, 316, 1, 1, 4.80374e+19
--- pALPIDEfs_2 ---
Pixel 545, 400, 1, 1, 4.80374e+19
=== 4903813 ===
--- pALPIDEfs_0 ---
Pixel 745, 441, 1, 1, 4.80374e+19
Pixel 745, 442, 1, 1, 4.80374e+19
Pixel 746, 441, 1, 1, 4.80374e+19
Pixel 746, 442, 1, 1, 4.80374e+19
Pixel 747, 442, 1, 1, 4.80374e+19
Pixel 747, 443, 1, 1, 4.80374e+19
Pixel 746, 443, 1, 1, 4.80374e+19
=== 4908726 ===
--- pALPIDEfs_6 ---
Pixel 406, 152, 1, 1, 4.80374e+19
=== 4922808 ===
--- pALPIDEfs_6 ---
Pixel 481, 294, 1, 1, 4.80374e+19
Pixel 481, 295, 1, 1, 4.80374e+19
=== 4944187 ===
--- pALPIDEfs_3 ---
Pixel 689, 276, 1, 1, 4.80374e+19
Pixel 690, 276, 1, 1, 4.80374e+19
=== 4950602 ===
--- pALPIDEfs_6 ---
Pixel 14, 504, 1, 1, 4.80374e+19
Pixel 15, 504, 1, 1, 4.80374e+19
=== 4961650 ===
--- pALPIDEfs_4 ---
Pixel 897, 381, 1, 1, 4.80374e+19
Pixel 896, 381, 1, 1, 4.80374e+19
Pixel 896, 382, 1, 1, 4.80374e+19
Pixel 897, 382, 1, 1, 4.80374e+19
Pixel 898, 382, 1, 1, 4.80374e+19
=== 4976144 ===
--- pALPIDEfs_0 ---
Pixel 765, 292, 1, 1, 4.80374e+19
Pixel 765, 293, 1, 1, 4.80374e+19
=== 4989744 ===
--- pALPIDEfs_3 ---
Pixel 557, 180, 1, 1, 4.80374e+19
=== 4999597 ===
--- pALPIDEfs_1 ---
Pixel 542, 198, 1, 1, 4.80374e+19
Pixel 543, 198, 1, 1, 4.80374e+19
=== 5007256 ===
--- pALPIDEfs_3 ---
Pixel 75, 73, 1, 1, 4.80374e+19
Pixel 74, 73, 1, 1, 4.80374e+19
Pixel 74, 74, 1, 1, 4.80374e+19
Pixel 75, 74, 1, 1, 4.80374e+19
--- pALPIDEfs_4 ---
Pixel 36, 186, 1, 1, 4.80374e+19
--- pALPIDEfs_5 ---
Pixel 21, 155, 1, 1, 4.80374e+19
Pixel 21, 156, 1, 1, 4.80374e+19
=== 5011900 ===
--- pALPIDEfs_6 ---
Pixel 91, 335, 1, 1, 4.80374e+19
Pixel 91, 336, 1, 1, 4.80374e+19
Pixel 91, 337, 1, 1, 4.80374e+19
Pixel 91, 338, 1, 1, 4.80374e+19
=== 5014945 ===
--- pALPIDEfs_3 ---
Pixel 267, 450, 1, 1, 4.80374e+19
Pixel 267, 451, 1, 1, 4.80374e+19
Pixel 268, 450, 1, 1, 4.80374e+19
Pixel 268, 451, 1, 1, 4.80374e+19
--- pALPIDEfs_4 ---
Pixel 513, 319, 1, 1, 4.80374e+19
Pixel 513, 320, 1, 1, 4.80374e+19
Pixel 514, 319, 1, 1, 4.80374e+19
--- pALPIDEfs_5 ---
Pixel 729, 233, 1, 1, 4.80374e+19
Pixel 728, 233, 1, 1, 4.80374e+19
--- pALPIDEfs_6 ---
Pixel 999, 90, 1, 1, 4.80374e+19
Pixel 1000, 90, 1, 1, 4.80374e+19
=== 5018351 ===
--- pALPIDEfs_6 ---
Pixel 497, 243, 1, 1, 4.80374e+19
Pixel 497, 244, 1, 1, 4.80374e+19
