Run: Cosmics000406
=== 2 ===
--- pALPIDEfs_3 ---
Pixel 238, 320, 1, 1, 4.80374e+19
Pixel 238, 320, 1, 1, 4.80374e+19
=== 3 ===
--- pALPIDEfs_0 ---
Pixel 92, 0, 1, 1, 4.80374e+19
Pixel 93, 0, 1, 1, 4.80374e+19
Pixel 93, 1, 1, 1, 4.80374e+19
Pixel 92, 1, 1, 1, 4.80374e+19
Pixel 92, 2, 1, 1, 4.80374e+19
Pixel 93, 2, 1, 1, 4.80374e+19
Pixel 93, 3, 1, 1, 4.80374e+19
Pixel 92, 3, 1, 1, 4.80374e+19
Pixel 92, 4, 1, 1, 4.80374e+19
Pixel 93, 4, 1, 1, 4.80374e+19
Pixel 93, 5, 1, 1, 4.80374e+19
Pixel 92, 5, 1, 1, 4.80374e+19
Pixel 92, 6, 1, 1, 4.80374e+19
Pixel 93, 6, 1, 1, 4.80374e+19
Pixel 93, 7, 1, 1, 4.80374e+19
Pixel 92, 7, 1, 1, 4.80374e+19
Pixel 92, 8, 1, 1, 4.80374e+19
Pixel 93, 8, 1, 1, 4.80374e+19
Pixel 93, 9, 1, 1, 4.80374e+19
Pixel 92, 9, 1, 1, 4.80374e+19
Pixel 92, 10, 1, 1, 4.80374e+19
Pixel 93, 10, 1, 1, 4.80374e+19
Pixel 93, 11, 1, 1, 4.80374e+19
Pixel 92, 11, 1, 1, 4.80374e+19
Pixel 92, 12, 1, 1, 4.80374e+19
Pixel 93, 12, 1, 1, 4.80374e+19
Pixel 93, 13, 1, 1, 4.80374e+19
Pixel 92, 13, 1, 1, 4.80374e+19
Pixel 92, 14, 1, 1, 4.80374e+19
Pixel 93, 14, 1, 1, 4.80374e+19
Pixel 93, 15, 1, 1, 4.80374e+19
Pixel 92, 15, 1, 1, 4.80374e+19
Pixel 92, 16, 1, 1, 4.80374e+19
Pixel 93, 16, 1, 1, 4.80374e+19
Pixel 93, 17, 1, 1, 4.80374e+19
Pixel 92, 17, 1, 1, 4.80374e+19
Pixel 92, 18, 1, 1, 4.80374e+19
Pixel 93, 18, 1, 1, 4.80374e+19
Pixel 93, 19, 1, 1, 4.80374e+19
Pixel 92, 19, 1, 1, 4.80374e+19
Pixel 92, 20, 1, 1, 4.80374e+19
Pixel 93, 20, 1, 1, 4.80374e+19
Pixel 93, 21, 1, 1, 4.80374e+19
Pixel 92, 21, 1, 1, 4.80374e+19
Pixel 92, 22, 1, 1, 4.80374e+19
Pixel 93, 22, 1, 1, 4.80374e+19
Pixel 93, 23, 1, 1, 4.80374e+19
Pixel 92, 23, 1, 1, 4.80374e+19
Pixel 92, 24, 1, 1, 4.80374e+19
Pixel 93, 24, 1, 1, 4.80374e+19
Pixel 93, 25, 1, 1, 4.80374e+19
Pixel 92, 25, 1, 1, 4.80374e+19
Pixel 92, 26, 1, 1, 4.80374e+19
Pixel 93, 26, 1, 1, 4.80374e+19
Pixel 93, 27, 1, 1, 4.80374e+19
Pixel 92, 27, 1, 1, 4.80374e+19
Pixel 92, 28, 1, 1, 4.80374e+19
Pixel 93, 28, 1, 1, 4.80374e+19
Pixel 93, 29, 1, 1, 4.80374e+19
Pixel 92, 29, 1, 1, 4.80374e+19
Pixel 92, 30, 1, 1, 4.80374e+19
Pixel 93, 30, 1, 1, 4.80374e+19
Pixel 93, 31, 1, 1, 4.80374e+19
Pixel 92, 31, 1, 1, 4.80374e+19
Pixel 92, 32, 1, 1, 4.80374e+19
Pixel 93, 32, 1, 1, 4.80374e+19
Pixel 93, 33, 1, 1, 4.80374e+19
Pixel 92, 33, 1, 1, 4.80374e+19
Pixel 92, 34, 1, 1, 4.80374e+19
Pixel 93, 34, 1, 1, 4.80374e+19
Pixel 93, 35, 1, 1, 4.80374e+19
Pixel 92, 35, 1, 1, 4.80374e+19
Pixel 92, 36, 1, 1, 4.80374e+19
Pixel 93, 36, 1, 1, 4.80374e+19
Pixel 93, 37, 1, 1, 4.80374e+19
Pixel 92, 37, 1, 1, 4.80374e+19
Pixel 92, 38, 1, 1, 4.80374e+19
Pixel 93, 38, 1, 1, 4.80374e+19
Pixel 93, 39, 1, 1, 4.80374e+19
Pixel 92, 39, 1, 1, 4.80374e+19
Pixel 92, 40, 1, 1, 4.80374e+19
Pixel 93, 40, 1, 1, 4.80374e+19
Pixel 93, 41, 1, 1, 4.80374e+19
Pixel 92, 41, 1, 1, 4.80374e+19
Pixel 92, 42, 1, 1, 4.80374e+19
Pixel 93, 42, 1, 1, 4.80374e+19
Pixel 93, 43, 1, 1, 4.80374e+19
Pixel 92, 43, 1, 1, 4.80374e+19
Pixel 92, 44, 1, 1, 4.80374e+19
Pixel 93, 44, 1, 1, 4.80374e+19
Pixel 93, 45, 1, 1, 4.80374e+19
Pixel 92, 45, 1, 1, 4.80374e+19
Pixel 92, 46, 1, 1, 4.80374e+19
Pixel 93, 46, 1, 1, 4.80374e+19
Pixel 93, 47, 1, 1, 4.80374e+19
Pixel 92, 47, 1, 1, 4.80374e+19
Pixel 92, 48, 1, 1, 4.80374e+19
Pixel 93, 48, 1, 1, 4.80374e+19
Pixel 93, 49, 1, 1, 4.80374e+19
Pixel 92, 49, 1, 1, 4.80374e+19
Pixel 92, 50, 1, 1, 4.80374e+19
Pixel 93, 50, 1, 1, 4.80374e+19
Pixel 93, 51, 1, 1, 4.80374e+19
Pixel 92, 51, 1, 1, 4.80374e+19
Pixel 92, 52, 1, 1, 4.80374e+19
Pixel 93, 52, 1, 1, 4.80374e+19
Pixel 93, 53, 1, 1, 4.80374e+19
Pixel 92, 53, 1, 1, 4.80374e+19
Pixel 92, 54, 1, 1, 4.80374e+19
Pixel 93, 54, 1, 1, 4.80374e+19
Pixel 93, 55, 1, 1, 4.80374e+19
Pixel 92, 55, 1, 1, 4.80374e+19
Pixel 92, 56, 1, 1, 4.80374e+19
Pixel 93, 56, 1, 1, 4.80374e+19
Pixel 93, 57, 1, 1, 4.80374e+19
Pixel 92, 57, 1, 1, 4.80374e+19
Pixel 92, 58, 1, 1, 4.80374e+19
Pixel 93, 58, 1, 1, 4.80374e+19
Pixel 93, 59, 1, 1, 4.80374e+19
Pixel 92, 59, 1, 1, 4.80374e+19
Pixel 92, 60, 1, 1, 4.80374e+19
Pixel 93, 60, 1, 1, 4.80374e+19
Pixel 93, 61, 1, 1, 4.80374e+19
Pixel 92, 61, 1, 1, 4.80374e+19
Pixel 92, 62, 1, 1, 4.80374e+19
Pixel 93, 62, 1, 1, 4.80374e+19
Pixel 93, 63, 1, 1, 4.80374e+19
Pixel 92, 63, 1, 1, 4.80374e+19
Pixel 92, 64, 1, 1, 4.80374e+19
Pixel 93, 64, 1, 1, 4.80374e+19
Pixel 93, 65, 1, 1, 4.80374e+19
Pixel 92, 65, 1, 1, 4.80374e+19
Pixel 92, 66, 1, 1, 4.80374e+19
Pixel 93, 66, 1, 1, 4.80374e+19
Pixel 93, 67, 1, 1, 4.80374e+19
Pixel 92, 67, 1, 1, 4.80374e+19
Pixel 92, 68, 1, 1, 4.80374e+19
Pixel 93, 68, 1, 1, 4.80374e+19
Pixel 93, 69, 1, 1, 4.80374e+19
Pixel 92, 69, 1, 1, 4.80374e+19
Pixel 92, 70, 1, 1, 4.80374e+19
Pixel 93, 70, 1, 1, 4.80374e+19
Pixel 93, 71, 1, 1, 4.80374e+19
Pixel 92, 71, 1, 1, 4.80374e+19
Pixel 92, 72, 1, 1, 4.80374e+19
Pixel 93, 72, 1, 1, 4.80374e+19
Pixel 93, 73, 1, 1, 4.80374e+19
Pixel 92, 73, 1, 1, 4.80374e+19
Pixel 92, 74, 1, 1, 4.80374e+19
Pixel 93, 74, 1, 1, 4.80374e+19
Pixel 93, 75, 1, 1, 4.80374e+19
Pixel 92, 75, 1, 1, 4.80374e+19
Pixel 92, 76, 1, 1, 4.80374e+19
Pixel 93, 76, 1, 1, 4.80374e+19
Pixel 93, 77, 1, 1, 4.80374e+19
Pixel 92, 77, 1, 1, 4.80374e+19
Pixel 92, 78, 1, 1, 4.80374e+19
Pixel 93, 78, 1, 1, 4.80374e+19
Pixel 93, 79, 1, 1, 4.80374e+19
Pixel 92, 79, 1, 1, 4.80374e+19
Pixel 92, 80, 1, 1, 4.80374e+19
Pixel 93, 80, 1, 1, 4.80374e+19
Pixel 93, 81, 1, 1, 4.80374e+19
Pixel 92, 81, 1, 1, 4.80374e+19
Pixel 92, 82, 1, 1, 4.80374e+19
Pixel 93, 82, 1, 1, 4.80374e+19
Pixel 93, 83, 1, 1, 4.80374e+19
Pixel 92, 83, 1, 1, 4.80374e+19
Pixel 92, 84, 1, 1, 4.80374e+19
Pixel 93, 84, 1, 1, 4.80374e+19
Pixel 93, 85, 1, 1, 4.80374e+19
Pixel 92, 85, 1, 1, 4.80374e+19
Pixel 92, 86, 1, 1, 4.80374e+19
Pixel 93, 86, 1, 1, 4.80374e+19
Pixel 93, 87, 1, 1, 4.80374e+19
Pixel 92, 87, 1, 1, 4.80374e+19
Pixel 92, 88, 1, 1, 4.80374e+19
Pixel 93, 88, 1, 1, 4.80374e+19
Pixel 93, 89, 1, 1, 4.80374e+19
Pixel 92, 89, 1, 1, 4.80374e+19
Pixel 92, 90, 1, 1, 4.80374e+19
Pixel 93, 90, 1, 1, 4.80374e+19
Pixel 93, 91, 1, 1, 4.80374e+19
Pixel 92, 91, 1, 1, 4.80374e+19
Pixel 92, 92, 1, 1, 4.80374e+19
Pixel 93, 92, 1, 1, 4.80374e+19
Pixel 93, 93, 1, 1, 4.80374e+19
Pixel 92, 93, 1, 1, 4.80374e+19
Pixel 92, 94, 1, 1, 4.80374e+19
Pixel 93, 94, 1, 1, 4.80374e+19
Pixel 93, 95, 1, 1, 4.80374e+19
Pixel 92, 95, 1, 1, 4.80374e+19
Pixel 92, 96, 1, 1, 4.80374e+19
Pixel 93, 96, 1, 1, 4.80374e+19
Pixel 93, 97, 1, 1, 4.80374e+19
Pixel 92, 97, 1, 1, 4.80374e+19
Pixel 92, 98, 1, 1, 4.80374e+19
Pixel 93, 98, 1, 1, 4.80374e+19
Pixel 93, 99, 1, 1, 4.80374e+19
Pixel 92, 99, 1, 1, 4.80374e+19
Pixel 92, 100, 1, 1, 4.80374e+19
Pixel 93, 100, 1, 1, 4.80374e+19
Pixel 93, 101, 1, 1, 4.80374e+19
Pixel 92, 101, 1, 1, 4.80374e+19
Pixel 92, 102, 1, 1, 4.80374e+19
Pixel 93, 102, 1, 1, 4.80374e+19
Pixel 93, 103, 1, 1, 4.80374e+19
Pixel 92, 103, 1, 1, 4.80374e+19
Pixel 92, 104, 1, 1, 4.80374e+19
Pixel 93, 104, 1, 1, 4.80374e+19
Pixel 93, 105, 1, 1, 4.80374e+19
Pixel 92, 105, 1, 1, 4.80374e+19
Pixel 92, 106, 1, 1, 4.80374e+19
Pixel 93, 106, 1, 1, 4.80374e+19
Pixel 93, 107, 1, 1, 4.80374e+19
Pixel 92, 107, 1, 1, 4.80374e+19
Pixel 92, 108, 1, 1, 4.80374e+19
Pixel 93, 108, 1, 1, 4.80374e+19
Pixel 93, 109, 1, 1, 4.80374e+19
Pixel 92, 109, 1, 1, 4.80374e+19
Pixel 92, 110, 1, 1, 4.80374e+19
Pixel 93, 110, 1, 1, 4.80374e+19
Pixel 93, 111, 1, 1, 4.80374e+19
Pixel 92, 111, 1, 1, 4.80374e+19
Pixel 92, 112, 1, 1, 4.80374e+19
Pixel 93, 112, 1, 1, 4.80374e+19
Pixel 93, 113, 1, 1, 4.80374e+19
Pixel 92, 113, 1, 1, 4.80374e+19
Pixel 92, 114, 1, 1, 4.80374e+19
Pixel 93, 114, 1, 1, 4.80374e+19
Pixel 93, 115, 1, 1, 4.80374e+19
Pixel 92, 115, 1, 1, 4.80374e+19
Pixel 92, 116, 1, 1, 4.80374e+19
Pixel 93, 116, 1, 1, 4.80374e+19
Pixel 93, 117, 1, 1, 4.80374e+19
Pixel 92, 117, 1, 1, 4.80374e+19
Pixel 92, 118, 1, 1, 4.80374e+19
Pixel 93, 118, 1, 1, 4.80374e+19
Pixel 93, 119, 1, 1, 4.80374e+19
Pixel 92, 119, 1, 1, 4.80374e+19
Pixel 92, 120, 1, 1, 4.80374e+19
Pixel 93, 120, 1, 1, 4.80374e+19
Pixel 93, 121, 1, 1, 4.80374e+19
Pixel 92, 121, 1, 1, 4.80374e+19
Pixel 92, 122, 1, 1, 4.80374e+19
Pixel 93, 122, 1, 1, 4.80374e+19
Pixel 93, 123, 1, 1, 4.80374e+19
Pixel 92, 123, 1, 1, 4.80374e+19
Pixel 92, 124, 1, 1, 4.80374e+19
Pixel 93, 124, 1, 1, 4.80374e+19
Pixel 93, 125, 1, 1, 4.80374e+19
Pixel 92, 125, 1, 1, 4.80374e+19
Pixel 92, 126, 1, 1, 4.80374e+19
Pixel 93, 126, 1, 1, 4.80374e+19
Pixel 93, 127, 1, 1, 4.80374e+19
Pixel 92, 127, 1, 1, 4.80374e+19
Pixel 92, 128, 1, 1, 4.80374e+19
Pixel 93, 128, 1, 1, 4.80374e+19
Pixel 93, 129, 1, 1, 4.80374e+19
Pixel 92, 129, 1, 1, 4.80374e+19
Pixel 92, 130, 1, 1, 4.80374e+19
Pixel 93, 130, 1, 1, 4.80374e+19
Pixel 93, 131, 1, 1, 4.80374e+19
Pixel 92, 131, 1, 1, 4.80374e+19
Pixel 92, 132, 1, 1, 4.80374e+19
Pixel 93, 132, 1, 1, 4.80374e+19
Pixel 93, 133, 1, 1, 4.80374e+19
Pixel 92, 133, 1, 1, 4.80374e+19
Pixel 92, 134, 1, 1, 4.80374e+19
Pixel 93, 134, 1, 1, 4.80374e+19
Pixel 93, 135, 1, 1, 4.80374e+19
Pixel 92, 135, 1, 1, 4.80374e+19
Pixel 92, 136, 1, 1, 4.80374e+19
Pixel 93, 136, 1, 1, 4.80374e+19
Pixel 93, 137, 1, 1, 4.80374e+19
Pixel 92, 137, 1, 1, 4.80374e+19
Pixel 92, 138, 1, 1, 4.80374e+19
Pixel 93, 138, 1, 1, 4.80374e+19
Pixel 93, 139, 1, 1, 4.80374e+19
Pixel 92, 139, 1, 1, 4.80374e+19
Pixel 92, 140, 1, 1, 4.80374e+19
Pixel 93, 140, 1, 1, 4.80374e+19
Pixel 93, 141, 1, 1, 4.80374e+19
Pixel 92, 141, 1, 1, 4.80374e+19
Pixel 92, 142, 1, 1, 4.80374e+19
Pixel 93, 142, 1, 1, 4.80374e+19
Pixel 93, 143, 1, 1, 4.80374e+19
Pixel 92, 143, 1, 1, 4.80374e+19
Pixel 92, 144, 1, 1, 4.80374e+19
Pixel 93, 144, 1, 1, 4.80374e+19
Pixel 93, 145, 1, 1, 4.80374e+19
Pixel 92, 145, 1, 1, 4.80374e+19
Pixel 92, 146, 1, 1, 4.80374e+19
Pixel 93, 146, 1, 1, 4.80374e+19
Pixel 93, 147, 1, 1, 4.80374e+19
Pixel 92, 147, 1, 1, 4.80374e+19
Pixel 92, 148, 1, 1, 4.80374e+19
Pixel 93, 148, 1, 1, 4.80374e+19
Pixel 93, 149, 1, 1, 4.80374e+19
Pixel 92, 149, 1, 1, 4.80374e+19
Pixel 92, 150, 1, 1, 4.80374e+19
Pixel 93, 150, 1, 1, 4.80374e+19
Pixel 93, 151, 1, 1, 4.80374e+19
Pixel 92, 151, 1, 1, 4.80374e+19
Pixel 92, 152, 1, 1, 4.80374e+19
Pixel 93, 152, 1, 1, 4.80374e+19
Pixel 93, 153, 1, 1, 4.80374e+19
Pixel 92, 153, 1, 1, 4.80374e+19
Pixel 92, 154, 1, 1, 4.80374e+19
Pixel 93, 154, 1, 1, 4.80374e+19
Pixel 93, 155, 1, 1, 4.80374e+19
Pixel 92, 155, 1, 1, 4.80374e+19
Pixel 92, 156, 1, 1, 4.80374e+19
Pixel 93, 156, 1, 1, 4.80374e+19
Pixel 93, 157, 1, 1, 4.80374e+19
Pixel 92, 157, 1, 1, 4.80374e+19
Pixel 92, 158, 1, 1, 4.80374e+19
Pixel 93, 158, 1, 1, 4.80374e+19
Pixel 93, 159, 1, 1, 4.80374e+19
Pixel 92, 159, 1, 1, 4.80374e+19
Pixel 92, 160, 1, 1, 4.80374e+19
Pixel 93, 160, 1, 1, 4.80374e+19
Pixel 93, 161, 1, 1, 4.80374e+19
Pixel 92, 161, 1, 1, 4.80374e+19
Pixel 92, 162, 1, 1, 4.80374e+19
Pixel 93, 162, 1, 1, 4.80374e+19
Pixel 93, 163, 1, 1, 4.80374e+19
Pixel 92, 163, 1, 1, 4.80374e+19
Pixel 92, 164, 1, 1, 4.80374e+19
Pixel 93, 164, 1, 1, 4.80374e+19
Pixel 93, 165, 1, 1, 4.80374e+19
Pixel 92, 165, 1, 1, 4.80374e+19
Pixel 92, 166, 1, 1, 4.80374e+19
Pixel 93, 166, 1, 1, 4.80374e+19
Pixel 93, 167, 1, 1, 4.80374e+19
Pixel 92, 167, 1, 1, 4.80374e+19
Pixel 92, 168, 1, 1, 4.80374e+19
Pixel 93, 168, 1, 1, 4.80374e+19
Pixel 93, 169, 1, 1, 4.80374e+19
Pixel 92, 169, 1, 1, 4.80374e+19
Pixel 92, 170, 1, 1, 4.80374e+19
Pixel 93, 170, 1, 1, 4.80374e+19
Pixel 93, 171, 1, 1, 4.80374e+19
Pixel 92, 171, 1, 1, 4.80374e+19
Pixel 92, 172, 1, 1, 4.80374e+19
Pixel 93, 172, 1, 1, 4.80374e+19
Pixel 93, 173, 1, 1, 4.80374e+19
Pixel 92, 173, 1, 1, 4.80374e+19
Pixel 92, 174, 1, 1, 4.80374e+19
Pixel 93, 174, 1, 1, 4.80374e+19
Pixel 93, 175, 1, 1, 4.80374e+19
Pixel 92, 175, 1, 1, 4.80374e+19
Pixel 92, 176, 1, 1, 4.80374e+19
Pixel 93, 176, 1, 1, 4.80374e+19
Pixel 93, 177, 1, 1, 4.80374e+19
Pixel 92, 177, 1, 1, 4.80374e+19
Pixel 92, 178, 1, 1, 4.80374e+19
Pixel 93, 178, 1, 1, 4.80374e+19
Pixel 93, 179, 1, 1, 4.80374e+19
Pixel 92, 179, 1, 1, 4.80374e+19
Pixel 92, 180, 1, 1, 4.80374e+19
Pixel 93, 180, 1, 1, 4.80374e+19
Pixel 93, 181, 1, 1, 4.80374e+19
Pixel 92, 181, 1, 1, 4.80374e+19
Pixel 92, 182, 1, 1, 4.80374e+19
Pixel 93, 182, 1, 1, 4.80374e+19
Pixel 93, 183, 1, 1, 4.80374e+19
Pixel 92, 183, 1, 1, 4.80374e+19
Pixel 92, 184, 1, 1, 4.80374e+19
Pixel 93, 184, 1, 1, 4.80374e+19
Pixel 93, 185, 1, 1, 4.80374e+19
Pixel 92, 185, 1, 1, 4.80374e+19
Pixel 92, 186, 1, 1, 4.80374e+19
Pixel 93, 186, 1, 1, 4.80374e+19
Pixel 93, 187, 1, 1, 4.80374e+19
Pixel 92, 187, 1, 1, 4.80374e+19
Pixel 92, 188, 1, 1, 4.80374e+19
Pixel 93, 188, 1, 1, 4.80374e+19
Pixel 93, 189, 1, 1, 4.80374e+19
Pixel 92, 189, 1, 1, 4.80374e+19
Pixel 92, 190, 1, 1, 4.80374e+19
Pixel 93, 190, 1, 1, 4.80374e+19
Pixel 93, 191, 1, 1, 4.80374e+19
Pixel 92, 191, 1, 1, 4.80374e+19
Pixel 92, 192, 1, 1, 4.80374e+19
Pixel 93, 192, 1, 1, 4.80374e+19
Pixel 93, 193, 1, 1, 4.80374e+19
Pixel 92, 193, 1, 1, 4.80374e+19
Pixel 92, 194, 1, 1, 4.80374e+19
Pixel 93, 194, 1, 1, 4.80374e+19
Pixel 93, 195, 1, 1, 4.80374e+19
Pixel 92, 195, 1, 1, 4.80374e+19
Pixel 92, 196, 1, 1, 4.80374e+19
Pixel 93, 196, 1, 1, 4.80374e+19
Pixel 93, 197, 1, 1, 4.80374e+19
Pixel 92, 197, 1, 1, 4.80374e+19
Pixel 92, 198, 1, 1, 4.80374e+19
Pixel 93, 198, 1, 1, 4.80374e+19
Pixel 93, 199, 1, 1, 4.80374e+19
Pixel 92, 199, 1, 1, 4.80374e+19
Pixel 92, 200, 1, 1, 4.80374e+19
Pixel 93, 200, 1, 1, 4.80374e+19
Pixel 93, 201, 1, 1, 4.80374e+19
Pixel 92, 201, 1, 1, 4.80374e+19
Pixel 92, 202, 1, 1, 4.80374e+19
Pixel 93, 202, 1, 1, 4.80374e+19
Pixel 93, 203, 1, 1, 4.80374e+19
Pixel 92, 203, 1, 1, 4.80374e+19
Pixel 92, 204, 1, 1, 4.80374e+19
Pixel 93, 204, 1, 1, 4.80374e+19
Pixel 93, 205, 1, 1, 4.80374e+19
Pixel 92, 205, 1, 1, 4.80374e+19
Pixel 92, 206, 1, 1, 4.80374e+19
Pixel 93, 206, 1, 1, 4.80374e+19
Pixel 93, 207, 1, 1, 4.80374e+19
Pixel 92, 207, 1, 1, 4.80374e+19
Pixel 92, 208, 1, 1, 4.80374e+19
Pixel 93, 208, 1, 1, 4.80374e+19
Pixel 93, 209, 1, 1, 4.80374e+19
Pixel 92, 209, 1, 1, 4.80374e+19
Pixel 92, 210, 1, 1, 4.80374e+19
Pixel 93, 210, 1, 1, 4.80374e+19
Pixel 93, 211, 1, 1, 4.80374e+19
Pixel 92, 211, 1, 1, 4.80374e+19
Pixel 92, 212, 1, 1, 4.80374e+19
Pixel 93, 212, 1, 1, 4.80374e+19
Pixel 93, 213, 1, 1, 4.80374e+19
Pixel 92, 213, 1, 1, 4.80374e+19
Pixel 92, 214, 1, 1, 4.80374e+19
Pixel 93, 214, 1, 1, 4.80374e+19
Pixel 93, 215, 1, 1, 4.80374e+19
Pixel 92, 215, 1, 1, 4.80374e+19
Pixel 92, 216, 1, 1, 4.80374e+19
Pixel 93, 216, 1, 1, 4.80374e+19
Pixel 93, 217, 1, 1, 4.80374e+19
Pixel 92, 217, 1, 1, 4.80374e+19
Pixel 92, 218, 1, 1, 4.80374e+19
Pixel 93, 218, 1, 1, 4.80374e+19
Pixel 93, 219, 1, 1, 4.80374e+19
Pixel 92, 219, 1, 1, 4.80374e+19
Pixel 92, 220, 1, 1, 4.80374e+19
Pixel 93, 220, 1, 1, 4.80374e+19
Pixel 93, 221, 1, 1, 4.80374e+19
Pixel 92, 221, 1, 1, 4.80374e+19
Pixel 92, 222, 1, 1, 4.80374e+19
Pixel 93, 222, 1, 1, 4.80374e+19
Pixel 93, 223, 1, 1, 4.80374e+19
Pixel 92, 223, 1, 1, 4.80374e+19
Pixel 92, 224, 1, 1, 4.80374e+19
Pixel 93, 224, 1, 1, 4.80374e+19
Pixel 93, 225, 1, 1, 4.80374e+19
Pixel 92, 225, 1, 1, 4.80374e+19
Pixel 92, 226, 1, 1, 4.80374e+19
Pixel 93, 226, 1, 1, 4.80374e+19
Pixel 93, 227, 1, 1, 4.80374e+19
Pixel 92, 227, 1, 1, 4.80374e+19
Pixel 92, 228, 1, 1, 4.80374e+19
Pixel 93, 228, 1, 1, 4.80374e+19
Pixel 93, 229, 1, 1, 4.80374e+19
Pixel 92, 229, 1, 1, 4.80374e+19
Pixel 92, 230, 1, 1, 4.80374e+19
Pixel 93, 230, 1, 1, 4.80374e+19
Pixel 93, 231, 1, 1, 4.80374e+19
Pixel 92, 231, 1, 1, 4.80374e+19
Pixel 92, 232, 1, 1, 4.80374e+19
Pixel 93, 232, 1, 1, 4.80374e+19
Pixel 93, 233, 1, 1, 4.80374e+19
Pixel 92, 233, 1, 1, 4.80374e+19
Pixel 92, 234, 1, 1, 4.80374e+19
Pixel 93, 234, 1, 1, 4.80374e+19
Pixel 93, 235, 1, 1, 4.80374e+19
Pixel 92, 235, 1, 1, 4.80374e+19
Pixel 92, 236, 1, 1, 4.80374e+19
Pixel 93, 236, 1, 1, 4.80374e+19
Pixel 93, 237, 1, 1, 4.80374e+19
Pixel 92, 237, 1, 1, 4.80374e+19
Pixel 92, 238, 1, 1, 4.80374e+19
Pixel 93, 238, 1, 1, 4.80374e+19
Pixel 93, 239, 1, 1, 4.80374e+19
Pixel 92, 239, 1, 1, 4.80374e+19
Pixel 92, 240, 1, 1, 4.80374e+19
Pixel 93, 240, 1, 1, 4.80374e+19
Pixel 93, 241, 1, 1, 4.80374e+19
Pixel 92, 241, 1, 1, 4.80374e+19
Pixel 92, 242, 1, 1, 4.80374e+19
Pixel 93, 242, 1, 1, 4.80374e+19
Pixel 93, 243, 1, 1, 4.80374e+19
Pixel 92, 243, 1, 1, 4.80374e+19
Pixel 92, 244, 1, 1, 4.80374e+19
Pixel 93, 244, 1, 1, 4.80374e+19
Pixel 93, 245, 1, 1, 4.80374e+19
Pixel 92, 245, 1, 1, 4.80374e+19
Pixel 92, 246, 1, 1, 4.80374e+19
Pixel 93, 246, 1, 1, 4.80374e+19
Pixel 93, 247, 1, 1, 4.80374e+19
Pixel 92, 247, 1, 1, 4.80374e+19
Pixel 92, 248, 1, 1, 4.80374e+19
Pixel 93, 248, 1, 1, 4.80374e+19
Pixel 93, 249, 1, 1, 4.80374e+19
Pixel 92, 249, 1, 1, 4.80374e+19
Pixel 92, 250, 1, 1, 4.80374e+19
Pixel 93, 250, 1, 1, 4.80374e+19
Pixel 93, 251, 1, 1, 4.80374e+19
Pixel 92, 251, 1, 1, 4.80374e+19
Pixel 92, 252, 1, 1, 4.80374e+19
Pixel 93, 252, 1, 1, 4.80374e+19
Pixel 93, 253, 1, 1, 4.80374e+19
Pixel 92, 253, 1, 1, 4.80374e+19
Pixel 92, 254, 1, 1, 4.80374e+19
Pixel 93, 254, 1, 1, 4.80374e+19
Pixel 93, 255, 1, 1, 4.80374e+19
Pixel 92, 255, 1, 1, 4.80374e+19
=== 1478 ===
--- pALPIDEfs_4 ---
Pixel 781, 267, 1, 1, 4.80374e+19
Pixel 781, 268, 1, 1, 4.80374e+19
Pixel 782, 267, 1, 1, 4.80374e+19
Pixel 782, 268, 1, 1, 4.80374e+19
=== 9157 ===
--- pALPIDEfs_6 ---
Pixel 904, 100, 1, 1, 4.80374e+19
Pixel 905, 100, 1, 1, 4.80374e+19
Pixel 904, 101, 1, 1, 4.80374e+19
=== 10628 ===
--- pALPIDEfs_0 ---
Pixel 697, 72, 1, 1, 4.80374e+19
Pixel 698, 72, 1, 1, 4.80374e+19
Pixel 698, 73, 1, 1, 4.80374e+19
=== 27414 ===
--- pALPIDEfs_4 ---
Pixel 455, 435, 1, 1, 4.80374e+19
Pixel 455, 436, 1, 1, 4.80374e+19
Pixel 456, 436, 1, 1, 4.80374e+19
=== 39676 ===
--- pALPIDEfs_0 ---
Pixel 526, 426, 1, 1, 4.80374e+19
--- pALPIDEfs_1 ---
Pixel 742, 458, 1, 1, 4.80374e+19
Pixel 743, 458, 1, 1, 4.80374e+19
--- pALPIDEfs_2 ---
Pixel 981, 382, 1, 1, 4.80374e+19
Pixel 982, 382, 1, 1, 4.80374e+19
=== 48593 ===
--- pALPIDEfs_0 ---
Pixel 64, 332, 1, 1, 4.80374e+19
Pixel 64, 333, 1, 1, 4.80374e+19
=== 58479 ===
--- pALPIDEfs_6 ---
Pixel 915, 158, 1, 1, 4.80374e+19
Pixel 915, 159, 1, 1, 4.80374e+19
=== 66643 ===
--- pALPIDEfs_4 ---
Pixel 51, 381, 1, 1, 4.80374e+19
=== 67243 ===
--- pALPIDEfs_1 ---
Pixel 395, 429, 1, 1, 4.80374e+19
=== 70864 ===
--- pALPIDEfs_3 ---
Pixel 1016, 6, 1, 1, 4.80374e+19
=== 86896 ===
--- pALPIDEfs_0 ---
Pixel 314, 491, 1, 1, 4.80374e+19
=== 110355 ===
--- pALPIDEfs_3 ---
Pixel 805, 97, 1, 1, 4.80374e+19
Pixel 805, 98, 1, 1, 4.80374e+19
Pixel 807, 92, 1, 1, 4.80374e+19
Pixel 807, 93, 1, 1, 4.80374e+19
=== 115605 ===
--- pALPIDEfs_0 ---
Pixel 994, 320, 1, 1, 4.80374e+19
=== 124804 ===
--- pALPIDEfs_3 ---
Pixel 557, 70, 1, 1, 4.80374e+19
Pixel 558, 70, 1, 1, 4.80374e+19
=== 131448 ===
--- pALPIDEfs_0 ---
Pixel 69, 86, 1, 1, 4.80374e+19
Pixel 70, 86, 1, 1, 4.80374e+19
=== 153027 ===
--- pALPIDEfs_1 ---
Pixel 667, 245, 1, 1, 4.80374e+19
Pixel 668, 245, 1, 1, 4.80374e+19
=== 174055 ===
--- pALPIDEfs_5 ---
Pixel 1003, 11, 1, 1, 4.80374e+19
Pixel 1002, 11, 1, 1, 4.80374e+19
Pixel 1002, 12, 1, 1, 4.80374e+19
Pixel 1003, 12, 1, 1, 4.80374e+19
Pixel 1003, 13, 1, 1, 4.80374e+19
Pixel 1002, 13, 1, 1, 4.80374e+19
Pixel 1002, 14, 1, 1, 4.80374e+19
Pixel 1003, 14, 1, 1, 4.80374e+19
=== 200971 ===
--- pALPIDEfs_5 ---
Pixel 580, 57, 1, 1, 4.80374e+19
Pixel 580, 58, 1, 1, 4.80374e+19
Pixel 581, 59, 1, 1, 4.80374e+19
Pixel 580, 59, 1, 1, 4.80374e+19
=== 226978 ===
--- pALPIDEfs_2 ---
Pixel 961, 191, 1, 1, 4.80374e+19
Pixel 960, 191, 1, 1, 4.80374e+19
Pixel 960, 192, 1, 1, 4.80374e+19
=== 229891 ===
--- pALPIDEfs_1 ---
Pixel 398, 188, 1, 1, 4.80374e+19
Pixel 399, 188, 1, 1, 4.80374e+19
Pixel 399, 189, 1, 1, 4.80374e+19
Pixel 398, 189, 1, 1, 4.80374e+19
Pixel 398, 190, 1, 1, 4.80374e+19
Pixel 399, 190, 1, 1, 4.80374e+19
=== 231893 ===
--- pALPIDEfs_3 ---
Pixel 153, 150, 1, 1, 4.80374e+19
Pixel 153, 151, 1, 1, 4.80374e+19
Pixel 154, 150, 1, 1, 4.80374e+19
Pixel 154, 151, 1, 1, 4.80374e+19
--- pALPIDEfs_4 ---
Pixel 731, 358, 1, 1, 4.80374e+19
Pixel 732, 358, 1, 1, 4.80374e+19
=== 233631 ===
--- pALPIDEfs_5 ---
Pixel 227, 394, 1, 1, 4.80374e+19
Pixel 228, 394, 1, 1, 4.80374e+19
--- pALPIDEfs_6 ---
Pixel 763, 278, 1, 1, 4.80374e+19
Pixel 763, 279, 1, 1, 4.80374e+19
Pixel 764, 279, 1, 1, 4.80374e+19
=== 236329 ===
--- pALPIDEfs_4 ---
Pixel 972, 456, 1, 1, 4.80374e+19
=== 245073 ===
--- pALPIDEfs_4 ---
Pixel 338, 266, 1, 1, 4.80374e+19
Pixel 339, 266, 1, 1, 4.80374e+19
Pixel 339, 267, 1, 1, 4.80374e+19
Pixel 338, 267, 1, 1, 4.80374e+19
=== 254258 ===
--- pALPIDEfs_1 ---
Pixel 768, 358, 1, 1, 4.80374e+19
Pixel 769, 358, 1, 1, 4.80374e+19
=== 272689 ===
--- pALPIDEfs_2 ---
Pixel 253, 392, 1, 1, 4.80374e+19
Pixel 253, 393, 1, 1, 4.80374e+19
Pixel 254, 392, 1, 1, 4.80374e+19
Pixel 254, 393, 1, 1, 4.80374e+19
--- pALPIDEfs_4 ---
Pixel 46, 166, 1, 1, 4.80374e+19
Pixel 47, 166, 1, 1, 4.80374e+19
=== 278379 ===
--- pALPIDEfs_4 ---
Pixel 763, 487, 1, 1, 4.80374e+19
Pixel 763, 488, 1, 1, 4.80374e+19
Pixel 763, 489, 1, 1, 4.80374e+19
Pixel 764, 489, 1, 1, 4.80374e+19
=== 288643 ===
--- pALPIDEfs_1 ---
Pixel 491, 443, 1, 1, 4.80374e+19
Pixel 490, 443, 1, 1, 4.80374e+19
Pixel 490, 444, 1, 1, 4.80374e+19
Pixel 491, 444, 1, 1, 4.80374e+19
Pixel 491, 445, 1, 1, 4.80374e+19
=== 301026 ===
--- pALPIDEfs_0 ---
Pixel 151, 194, 1, 1, 4.80374e+19
Pixel 151, 195, 1, 1, 4.80374e+19
Pixel 152, 194, 1, 1, 4.80374e+19
Pixel 152, 195, 1, 1, 4.80374e+19
=== 313955 ===
--- pALPIDEfs_6 ---
Pixel 913, 373, 1, 1, 4.80374e+19
Pixel 912, 373, 1, 1, 4.80374e+19
=== 339290 ===
--- pALPIDEfs_1 ---
Pixel 18, 30, 1, 1, 4.80374e+19
Pixel 19, 30, 1, 1, 4.80374e+19
=== 352990 ===
--- pALPIDEfs_4 ---
Pixel 1, 42, 1, 1, 4.80374e+19
Pixel 1, 43, 1, 1, 4.80374e+19
Pixel 1, 44, 1, 1, 4.80374e+19
Pixel 1, 45, 1, 1, 4.80374e+19
Pixel 2, 43, 1, 1, 4.80374e+19
Pixel 2, 44, 1, 1, 4.80374e+19
Pixel 3, 44, 1, 1, 4.80374e+19
Pixel 3, 45, 1, 1, 4.80374e+19
Pixel 2, 45, 1, 1, 4.80374e+19
Pixel 3, 46, 1, 1, 4.80374e+19
=== 361727 ===
--- pALPIDEfs_0 ---
Pixel 694, 140, 1, 1, 4.80374e+19
Pixel 695, 140, 1, 1, 4.80374e+19
--- pALPIDEfs_1 ---
Pixel 998, 148, 1, 1, 4.80374e+19
Pixel 998, 149, 1, 1, 4.80374e+19
=== 366946 ===
--- pALPIDEfs_5 ---
Pixel 1006, 493, 1, 1, 4.80374e+19
=== 377572 ===
--- pALPIDEfs_3 ---
Pixel 897, 343, 1, 1, 4.80374e+19
Pixel 896, 343, 1, 1, 4.80374e+19
Pixel 896, 344, 1, 1, 4.80374e+19
=== 384118 ===
--- pALPIDEfs_4 ---
Pixel 730, 468, 1, 1, 4.80374e+19
Pixel 731, 468, 1, 1, 4.80374e+19
Pixel 731, 469, 1, 1, 4.80374e+19
Pixel 730, 469, 1, 1, 4.80374e+19
Pixel 732, 468, 1, 1, 4.80374e+19
Pixel 733, 468, 1, 1, 4.80374e+19
Pixel 732, 469, 1, 1, 4.80374e+19
=== 411113 ===
--- pALPIDEfs_6 ---
Pixel 121, 448, 1, 1, 4.80374e+19
Pixel 121, 449, 1, 1, 4.80374e+19
Pixel 122, 449, 1, 1, 4.80374e+19
Pixel 122, 450, 1, 1, 4.80374e+19
Pixel 123, 450, 1, 1, 4.80374e+19
Pixel 123, 451, 1, 1, 4.80374e+19
Pixel 122, 451, 1, 1, 4.80374e+19
Pixel 123, 452, 1, 1, 4.80374e+19
Pixel 123, 453, 1, 1, 4.80374e+19
Pixel 124, 452, 1, 1, 4.80374e+19
Pixel 124, 453, 1, 1, 4.80374e+19
=== 420662 ===
--- pALPIDEfs_1 ---
Pixel 58, 316, 1, 1, 4.80374e+19
Pixel 59, 317, 1, 1, 4.80374e+19
Pixel 58, 317, 1, 1, 4.80374e+19
Pixel 58, 318, 1, 1, 4.80374e+19
Pixel 59, 318, 1, 1, 4.80374e+19
Pixel 59, 319, 1, 1, 4.80374e+19
=== 432301 ===
--- pALPIDEfs_4 ---
Pixel 899, 397, 1, 1, 4.80374e+19
Pixel 899, 398, 1, 1, 4.80374e+19
Pixel 900, 397, 1, 1, 4.80374e+19
Pixel 900, 398, 1, 1, 4.80374e+19
--- pALPIDEfs_5 ---
Pixel 380, 8, 1, 1, 4.80374e+19
Pixel 381, 8, 1, 1, 4.80374e+19
Pixel 381, 9, 1, 1, 4.80374e+19
Pixel 380, 9, 1, 1, 4.80374e+19
=== 435997 ===
--- pALPIDEfs_3 ---
Pixel 203, 84, 1, 1, 4.80374e+19
Pixel 203, 85, 1, 1, 4.80374e+19
=== 438106 ===
--- pALPIDEfs_1 ---
Pixel 339, 184, 1, 1, 4.80374e+19
Pixel 339, 185, 1, 1, 4.80374e+19
Pixel 341, 185, 1, 1, 4.80374e+19
Pixel 340, 185, 1, 1, 4.80374e+19
Pixel 340, 186, 1, 1, 4.80374e+19
Pixel 341, 186, 1, 1, 4.80374e+19
=== 445425 ===
--- pALPIDEfs_4 ---
Pixel 622, 210, 1, 1, 4.80374e+19
Pixel 623, 210, 1, 1, 4.80374e+19
--- pALPIDEfs_5 ---
Pixel 181, 272, 1, 1, 4.80374e+19
Pixel 182, 272, 1, 1, 4.80374e+19
=== 452955 ===
--- pALPIDEfs_6 ---
Pixel 118, 304, 1, 1, 4.80374e+19
Pixel 119, 304, 1, 1, 4.80374e+19
Pixel 119, 305, 1, 1, 4.80374e+19
Pixel 118, 305, 1, 1, 4.80374e+19
=== 455422 ===
--- pALPIDEfs_5 ---
Pixel 389, 365, 1, 1, 4.80374e+19
Pixel 389, 366, 1, 1, 4.80374e+19
=== 460180 ===
--- pALPIDEfs_6 ---
Pixel 793, 359, 1, 1, 4.80374e+19
Pixel 794, 359, 1, 1, 4.80374e+19
Pixel 794, 360, 1, 1, 4.80374e+19
=== 468751 ===
--- pALPIDEfs_4 ---
Pixel 722, 32, 1, 1, 4.80374e+19
Pixel 723, 32, 1, 1, 4.80374e+19
Pixel 722, 33, 1, 1, 4.80374e+19
=== 489059 ===
--- pALPIDEfs_2 ---
Pixel 565, 55, 1, 1, 4.80374e+19
Pixel 565, 56, 1, 1, 4.80374e+19
--- pALPIDEfs_3 ---
Pixel 527, 260, 1, 1, 4.80374e+19
Pixel 527, 261, 1, 1, 4.80374e+19
Pixel 528, 260, 1, 1, 4.80374e+19
Pixel 528, 261, 1, 1, 4.80374e+19
=== 490666 ===
--- pALPIDEfs_0 ---
Pixel 276, 57, 1, 1, 4.80374e+19
Pixel 276, 58, 1, 1, 4.80374e+19
=== 493950 ===
--- pALPIDEfs_1 ---
Pixel 821, 288, 1, 1, 4.80374e+19
Pixel 821, 289, 1, 1, 4.80374e+19
Pixel 822, 288, 1, 1, 4.80374e+19
Pixel 822, 289, 1, 1, 4.80374e+19
=== 493951 ===
--- pALPIDEfs_1 ---
Pixel 821, 288, 1, 1, 4.80374e+19
=== 499380 ===
--- pALPIDEfs_2 ---
Pixel 958, 506, 1, 1, 4.80374e+19
Pixel 959, 506, 1, 1, 4.80374e+19
Pixel 959, 507, 1, 1, 4.80374e+19
=== 499677 ===
--- pALPIDEfs_3 ---
Pixel 80, 132, 1, 1, 4.80374e+19
Pixel 81, 132, 1, 1, 4.80374e+19
Pixel 81, 133, 1, 1, 4.80374e+19
Pixel 80, 133, 1, 1, 4.80374e+19
=== 552402 ===
--- pALPIDEfs_3 ---
Pixel 143, 490, 1, 1, 4.80374e+19
Pixel 144, 490, 1, 1, 4.80374e+19
Pixel 144, 491, 1, 1, 4.80374e+19
--- pALPIDEfs_4 ---
Pixel 193, 95, 1, 1, 4.80374e+19
Pixel 193, 96, 1, 1, 4.80374e+19
=== 571129 ===
--- pALPIDEfs_0 ---
Pixel 850, 243, 1, 1, 4.80374e+19
Pixel 850, 244, 1, 1, 4.80374e+19
=== 576259 ===
--- pALPIDEfs_0 ---
Pixel 42, 236, 1, 1, 4.80374e+19
=== 577013 ===
--- pALPIDEfs_4 ---
Pixel 83, 189, 1, 1, 4.80374e+19
Pixel 84, 189, 1, 1, 4.80374e+19
=== 580287 ===
--- pALPIDEfs_6 ---
Pixel 212, 107, 1, 1, 4.80374e+19
Pixel 212, 108, 1, 1, 4.80374e+19
=== 581662 ===
--- pALPIDEfs_3 ---
Pixel 361, 179, 1, 1, 4.80374e+19
Pixel 360, 179, 1, 1, 4.80374e+19
Pixel 360, 180, 1, 1, 4.80374e+19
Pixel 361, 180, 1, 1, 4.80374e+19
=== 591542 ===
--- pALPIDEfs_2 ---
Pixel 659, 129, 1, 1, 4.80374e+19
Pixel 658, 129, 1, 1, 4.80374e+19
Pixel 658, 130, 1, 1, 4.80374e+19
Pixel 659, 130, 1, 1, 4.80374e+19
Pixel 659, 131, 1, 1, 4.80374e+19
Pixel 658, 131, 1, 1, 4.80374e+19
=== 598651 ===
--- pALPIDEfs_2 ---
Pixel 362, 162, 1, 1, 4.80374e+19
Pixel 363, 162, 1, 1, 4.80374e+19
Pixel 363, 163, 1, 1, 4.80374e+19
Pixel 362, 163, 1, 1, 4.80374e+19
--- pALPIDEfs_3 ---
Pixel 317, 313, 1, 1, 4.80374e+19
Pixel 316, 313, 1, 1, 4.80374e+19
--- pALPIDEfs_4 ---
Pixel 289, 495, 1, 1, 4.80374e+19
=== 611639 ===
--- pALPIDEfs_4 ---
Pixel 723, 128, 1, 1, 4.80374e+19
Pixel 723, 129, 1, 1, 4.80374e+19
=== 626834 ===
--- pALPIDEfs_2 ---
Pixel 522, 472, 1, 1, 4.80374e+19
=== 657828 ===
--- pALPIDEfs_2 ---
Pixel 692, 409, 1, 1, 4.80374e+19
Pixel 692, 410, 1, 1, 4.80374e+19
=== 669237 ===
--- pALPIDEfs_2 ---
Pixel 378, 199, 1, 1, 4.80374e+19
=== 677654 ===
--- pALPIDEfs_5 ---
Pixel 567, 148, 1, 1, 4.80374e+19
Pixel 568, 148, 1, 1, 4.80374e+19
Pixel 568, 149, 1, 1, 4.80374e+19
=== 698499 ===
--- pALPIDEfs_1 ---
Pixel 287, 168, 1, 1, 4.80374e+19
=== 718531 ===
--- pALPIDEfs_3 ---
Pixel 123, 226, 1, 1, 4.80374e+19
Pixel 123, 227, 1, 1, 4.80374e+19
Pixel 124, 226, 1, 1, 4.80374e+19
Pixel 124, 227, 1, 1, 4.80374e+19
=== 740934 ===
--- pALPIDEfs_4 ---
Pixel 357, 88, 1, 1, 4.80374e+19
=== 752180 ===
--- pALPIDEfs_2 ---
Pixel 961, 435, 1, 1, 4.80374e+19
Pixel 961, 436, 1, 1, 4.80374e+19
Pixel 962, 436, 1, 1, 4.80374e+19
=== 761355 ===
--- pALPIDEfs_4 ---
Pixel 665, 305, 1, 1, 4.80374e+19
Pixel 665, 306, 1, 1, 4.80374e+19
=== 763096 ===
--- pALPIDEfs_4 ---
Pixel 589, 80, 1, 1, 4.80374e+19
Pixel 589, 81, 1, 1, 4.80374e+19
Pixel 590, 80, 1, 1, 4.80374e+19
Pixel 590, 81, 1, 1, 4.80374e+19
--- pALPIDEfs_5 ---
Pixel 399, 218, 1, 1, 4.80374e+19
Pixel 400, 218, 1, 1, 4.80374e+19
--- pALPIDEfs_6 ---
Pixel 262, 299, 1, 1, 4.80374e+19
Pixel 262, 300, 1, 1, 4.80374e+19
=== 774188 ===
--- pALPIDEfs_2 ---
Pixel 221, 157, 1, 1, 4.80374e+19
Pixel 221, 158, 1, 1, 4.80374e+19
Pixel 222, 158, 1, 1, 4.80374e+19
=== 789545 ===
--- pALPIDEfs_4 ---
Pixel 360, 162, 1, 1, 4.80374e+19
Pixel 360, 163, 1, 1, 4.80374e+19
=== 814444 ===
--- pALPIDEfs_5 ---
Pixel 978, 181, 1, 1, 4.80374e+19
Pixel 978, 182, 1, 1, 4.80374e+19
Pixel 979, 182, 1, 1, 4.80374e+19
Pixel 978, 183, 1, 1, 4.80374e+19
Pixel 978, 184, 1, 1, 4.80374e+19
Pixel 978, 185, 1, 1, 4.80374e+19
Pixel 978, 186, 1, 1, 4.80374e+19
=== 820283 ===
--- pALPIDEfs_3 ---
Pixel 136, 38, 1, 1, 4.80374e+19
Pixel 137, 38, 1, 1, 4.80374e+19
Pixel 137, 39, 1, 1, 4.80374e+19
Pixel 137, 40, 1, 1, 4.80374e+19
Pixel 138, 38, 1, 1, 4.80374e+19
Pixel 138, 39, 1, 1, 4.80374e+19
=== 829649 ===
--- pALPIDEfs_5 ---
Pixel 442, 486, 1, 1, 4.80374e+19
Pixel 443, 487, 1, 1, 4.80374e+19
Pixel 442, 487, 1, 1, 4.80374e+19
=== 835070 ===
--- pALPIDEfs_6 ---
Pixel 425, 131, 1, 1, 4.80374e+19
Pixel 425, 132, 1, 1, 4.80374e+19
Pixel 426, 131, 1, 1, 4.80374e+19
=== 855929 ===
--- pALPIDEfs_0 ---
Pixel 768, 158, 1, 1, 4.80374e+19
=== 859660 ===
--- pALPIDEfs_2 ---
Pixel 803, 263, 1, 1, 4.80374e+19
Pixel 802, 264, 1, 1, 4.80374e+19
Pixel 803, 264, 1, 1, 4.80374e+19
--- pALPIDEfs_3 ---
Pixel 225, 482, 1, 1, 4.80374e+19
Pixel 225, 483, 1, 1, 4.80374e+19
Pixel 226, 482, 1, 1, 4.80374e+19
=== 867469 ===
--- pALPIDEfs_0 ---
Pixel 646, 328, 1, 1, 4.80374e+19
--- pALPIDEfs_1 ---
Pixel 535, 21, 1, 1, 4.80374e+19
=== 867853 ===
--- pALPIDEfs_5 ---
Pixel 84, 504, 1, 1, 4.80374e+19
--- pALPIDEfs_6 ---
Pixel 284, 98, 1, 1, 4.80374e+19
Pixel 284, 99, 1, 1, 4.80374e+19
=== 868882 ===
--- pALPIDEfs_5 ---
Pixel 845, 21, 1, 1, 4.80374e+19
Pixel 844, 21, 1, 1, 4.80374e+19
Pixel 845, 22, 1, 1, 4.80374e+19
=== 873404 ===
--- pALPIDEfs_4 ---
Pixel 37, 152, 1, 1, 4.80374e+19
Pixel 39, 151, 1, 1, 4.80374e+19
Pixel 39, 152, 1, 1, 4.80374e+19
Pixel 41, 149, 1, 1, 4.80374e+19
Pixel 40, 150, 1, 1, 4.80374e+19
Pixel 41, 150, 1, 1, 4.80374e+19
Pixel 41, 151, 1, 1, 4.80374e+19
Pixel 40, 151, 1, 1, 4.80374e+19
Pixel 40, 152, 1, 1, 4.80374e+19
Pixel 42, 148, 1, 1, 4.80374e+19
=== 889552 ===
--- pALPIDEfs_1 ---
Pixel 162, 83, 1, 1, 4.80374e+19
Pixel 162, 84, 1, 1, 4.80374e+19
--- pALPIDEfs_2 ---
Pixel 84, 354, 1, 1, 4.80374e+19
Pixel 84, 355, 1, 1, 4.80374e+19
=== 920754 ===
--- pALPIDEfs_2 ---
Pixel 822, 85, 1, 1, 4.80374e+19
=== 937955 ===
--- pALPIDEfs_6 ---
Pixel 129, 45, 1, 1, 4.80374e+19
Pixel 129, 46, 1, 1, 4.80374e+19
=== 939927 ===
--- pALPIDEfs_3 ---
Pixel 757, 446, 1, 1, 4.80374e+19
Pixel 757, 447, 1, 1, 4.80374e+19
Pixel 757, 448, 1, 1, 4.80374e+19
Pixel 758, 447, 1, 1, 4.80374e+19
Pixel 758, 448, 1, 1, 4.80374e+19
Pixel 759, 449, 1, 1, 4.80374e+19
Pixel 758, 449, 1, 1, 4.80374e+19
Pixel 759, 450, 1, 1, 4.80374e+19
Pixel 759, 451, 1, 1, 4.80374e+19
=== 959896 ===
--- pALPIDEfs_3 ---
Pixel 335, 299, 1, 1, 4.80374e+19
Pixel 334, 299, 1, 1, 4.80374e+19
Pixel 336, 299, 1, 1, 4.80374e+19
Pixel 971, 497, 1, 1, 4.80374e+19
Pixel 973, 497, 1, 1, 4.80374e+19
Pixel 972, 497, 1, 1, 4.80374e+19
Pixel 972, 498, 1, 1, 4.80374e+19
Pixel 973, 498, 1, 1, 4.80374e+19
Pixel 974, 497, 1, 1, 4.80374e+19
Pixel 974, 498, 1, 1, 4.80374e+19
Pixel 975, 498, 1, 1, 4.80374e+19
=== 960504 ===
--- pALPIDEfs_0 ---
Pixel 983, 223, 1, 1, 4.80374e+19
Pixel 983, 224, 1, 1, 4.80374e+19
Pixel 984, 223, 1, 1, 4.80374e+19
=== 990496 ===
--- pALPIDEfs_0 ---
Pixel 911, 372, 1, 1, 4.80374e+19
Pixel 911, 373, 1, 1, 4.80374e+19
Pixel 910, 373, 1, 1, 4.80374e+19
Pixel 911, 374, 1, 1, 4.80374e+19
Pixel 912, 372, 1, 1, 4.80374e+19
Pixel 912, 373, 1, 1, 4.80374e+19
Pixel 912, 374, 1, 1, 4.80374e+19
=== 1003025 ===
--- pALPIDEfs_1 ---
Pixel 894, 478, 1, 1, 4.80374e+19
=== 1010771 ===
--- pALPIDEfs_0 ---
Pixel 969, 479, 1, 1, 4.80374e+19
Pixel 969, 480, 1, 1, 4.80374e+19
Pixel 970, 479, 1, 1, 4.80374e+19
Pixel 970, 480, 1, 1, 4.80374e+19
=== 1014603 ===
--- pALPIDEfs_4 ---
Pixel 718, 18, 1, 1, 4.80374e+19
Pixel 719, 18, 1, 1, 4.80374e+19
Pixel 719, 19, 1, 1, 4.80374e+19
Pixel 718, 19, 1, 1, 4.80374e+19
=== 1018159 ===
--- pALPIDEfs_3 ---
Pixel 603, 237, 1, 1, 4.80374e+19
Pixel 603, 238, 1, 1, 4.80374e+19
Pixel 604, 237, 1, 1, 4.80374e+19
=== 1029039 ===
--- pALPIDEfs_6 ---
Pixel 209, 355, 1, 1, 4.80374e+19
=== 1032354 ===
--- pALPIDEfs_2 ---
Pixel 581, 260, 1, 1, 4.80374e+19
=== 1050618 ===
--- pALPIDEfs_0 ---
Pixel 714, 444, 1, 1, 4.80374e+19
Pixel 715, 444, 1, 1, 4.80374e+19
Pixel 721, 446, 1, 1, 4.80374e+19
Pixel 721, 447, 1, 1, 4.80374e+19
Pixel 720, 447, 1, 1, 4.80374e+19
=== 1075280 ===
--- pALPIDEfs_1 ---
Pixel 336, 344, 1, 1, 4.80374e+19
=== 1078539 ===
--- pALPIDEfs_1 ---
Pixel 390, 177, 1, 1, 4.80374e+19
--- pALPIDEfs_2 ---
Pixel 336, 269, 1, 1, 4.80374e+19
=== 1089509 ===
--- pALPIDEfs_0 ---
Pixel 129, 369, 1, 1, 4.80374e+19
Pixel 128, 370, 1, 1, 4.80374e+19
Pixel 129, 370, 1, 1, 4.80374e+19
=== 1096693 ===
--- pALPIDEfs_4 ---
Pixel 721, 393, 1, 1, 4.80374e+19
Pixel 720, 393, 1, 1, 4.80374e+19
=== 1100126 ===
--- pALPIDEfs_5 ---
Pixel 674, 199, 1, 1, 4.80374e+19
=== 1102125 ===
--- pALPIDEfs_2 ---
Pixel 963, 259, 1, 1, 4.80374e+19
Pixel 962, 259, 1, 1, 4.80374e+19
Pixel 962, 260, 1, 1, 4.80374e+19
Pixel 963, 260, 1, 1, 4.80374e+19
Pixel 964, 259, 1, 1, 4.80374e+19
Pixel 964, 260, 1, 1, 4.80374e+19
=== 1112313 ===
--- pALPIDEfs_0 ---
Pixel 701, 22, 1, 1, 4.80374e+19
Pixel 703, 21, 1, 1, 4.80374e+19
Pixel 702, 21, 1, 1, 4.80374e+19
Pixel 702, 22, 1, 1, 4.80374e+19
Pixel 705, 17, 1, 1, 4.80374e+19
Pixel 704, 17, 1, 1, 4.80374e+19
Pixel 704, 18, 1, 1, 4.80374e+19
Pixel 705, 18, 1, 1, 4.80374e+19
Pixel 705, 19, 1, 1, 4.80374e+19
Pixel 704, 20, 1, 1, 4.80374e+19
Pixel 705, 20, 1, 1, 4.80374e+19
=== 1112314 ===
--- pALPIDEfs_0 ---
Pixel 701, 22, 1, 1, 4.80374e+19
Pixel 703, 20, 1, 1, 4.80374e+19
Pixel 703, 21, 1, 1, 4.80374e+19
Pixel 702, 21, 1, 1, 4.80374e+19
Pixel 702, 22, 1, 1, 4.80374e+19
Pixel 703, 22, 1, 1, 4.80374e+19
Pixel 704, 18, 1, 1, 4.80374e+19
Pixel 704, 19, 1, 1, 4.80374e+19
Pixel 704, 20, 1, 1, 4.80374e+19
Pixel 705, 20, 1, 1, 4.80374e+19
Pixel 704, 21, 1, 1, 4.80374e+19
Pixel 706, 18, 1, 1, 4.80374e+19
=== 1115037 ===
--- pALPIDEfs_0 ---
Pixel 828, 104, 1, 1, 4.80374e+19
--- pALPIDEfs_1 ---
Pixel 959, 72, 1, 1, 4.80374e+19
Pixel 959, 73, 1, 1, 4.80374e+19
Pixel 960, 72, 1, 1, 4.80374e+19
Pixel 960, 73, 1, 1, 4.80374e+19
=== 1119076 ===
--- pALPIDEfs_4 ---
Pixel 741, 439, 1, 1, 4.80374e+19
Pixel 740, 439, 1, 1, 4.80374e+19
Pixel 740, 440, 1, 1, 4.80374e+19
Pixel 741, 440, 1, 1, 4.80374e+19
=== 1123817 ===
--- pALPIDEfs_3 ---
Pixel 899, 136, 1, 1, 4.80374e+19
Pixel 899, 137, 1, 1, 4.80374e+19
Pixel 900, 136, 1, 1, 4.80374e+19
Pixel 900, 137, 1, 1, 4.80374e+19
=== 1123939 ===
--- pALPIDEfs_6 ---
Pixel 984, 234, 1, 1, 4.80374e+19
=== 1145971 ===
--- pALPIDEfs_1 ---
Pixel 930, 359, 1, 1, 4.80374e+19
=== 1153857 ===
--- pALPIDEfs_4 ---
Pixel 205, 249, 1, 1, 4.80374e+19
Pixel 205, 250, 1, 1, 4.80374e+19
Pixel 205, 251, 1, 1, 4.80374e+19
=== 1158726 ===
--- pALPIDEfs_4 ---
Pixel 3, 240, 1, 1, 4.80374e+19
Pixel 3, 241, 1, 1, 4.80374e+19
=== 1159875 ===
--- pALPIDEfs_3 ---
Pixel 1009, 299, 1, 1, 4.80374e+19
Pixel 1008, 299, 1, 1, 4.80374e+19
Pixel 1008, 300, 1, 1, 4.80374e+19
Pixel 1009, 300, 1, 1, 4.80374e+19
=== 1161620 ===
--- pALPIDEfs_3 ---
Pixel 468, 7, 1, 1, 4.80374e+19
Pixel 468, 8, 1, 1, 4.80374e+19
Pixel 469, 8, 1, 1, 4.80374e+19
--- pALPIDEfs_4 ---
Pixel 706, 284, 1, 1, 4.80374e+19
=== 1179469 ===
--- pALPIDEfs_2 ---
Pixel 353, 406, 1, 1, 4.80374e+19
Pixel 353, 407, 1, 1, 4.80374e+19
Pixel 354, 406, 1, 1, 4.80374e+19
Pixel 354, 407, 1, 1, 4.80374e+19
=== 1183918 ===
--- pALPIDEfs_2 ---
Pixel 188, 155, 1, 1, 4.80374e+19
Pixel 188, 156, 1, 1, 4.80374e+19
=== 1186048 ===
--- pALPIDEfs_2 ---
Pixel 210, 308, 1, 1, 4.80374e+19
Pixel 210, 309, 1, 1, 4.80374e+19
=== 1186049 ===
--- pALPIDEfs_2 ---
Pixel 210, 308, 1, 1, 4.80374e+19
Pixel 210, 309, 1, 1, 4.80374e+19
=== 1197467 ===
--- pALPIDEfs_3 ---
Pixel 655, 467, 1, 1, 4.80374e+19
Pixel 655, 468, 1, 1, 4.80374e+19
Pixel 655, 469, 1, 1, 4.80374e+19
Pixel 656, 467, 1, 1, 4.80374e+19
Pixel 656, 468, 1, 1, 4.80374e+19
Pixel 656, 469, 1, 1, 4.80374e+19
=== 1200370 ===
--- pALPIDEfs_2 ---
Pixel 449, 18, 1, 1, 4.80374e+19
Pixel 449, 19, 1, 1, 4.80374e+19
Pixel 450, 17, 1, 1, 4.80374e+19
Pixel 450, 18, 1, 1, 4.80374e+19
Pixel 451, 18, 1, 1, 4.80374e+19
Pixel 450, 19, 1, 1, 4.80374e+19
=== 1225816 ===
--- pALPIDEfs_6 ---
Pixel 299, 196, 1, 1, 4.80374e+19
Pixel 299, 197, 1, 1, 4.80374e+19
Pixel 300, 197, 1, 1, 4.80374e+19
=== 1227024 ===
--- pALPIDEfs_4 ---
Pixel 800, 60, 1, 1, 4.80374e+19
Pixel 801, 60, 1, 1, 4.80374e+19
Pixel 801, 61, 1, 1, 4.80374e+19
Pixel 800, 61, 1, 1, 4.80374e+19
Pixel 800, 62, 1, 1, 4.80374e+19
=== 1239538 ===
--- pALPIDEfs_4 ---
Pixel 836, 164, 1, 1, 4.80374e+19
Pixel 837, 164, 1, 1, 4.80374e+19
=== 1272452 ===
--- pALPIDEfs_1 ---
Pixel 95, 411, 1, 1, 4.80374e+19
Pixel 96, 411, 1, 1, 4.80374e+19
Pixel 96, 412, 1, 1, 4.80374e+19
=== 1296628 ===
--- pALPIDEfs_4 ---
Pixel 137, 127, 1, 1, 4.80374e+19
Pixel 137, 128, 1, 1, 4.80374e+19
Pixel 138, 128, 1, 1, 4.80374e+19
Pixel 139, 128, 1, 1, 4.80374e+19
=== 1315025 ===
--- pALPIDEfs_1 ---
Pixel 189, 35, 1, 1, 4.80374e+19
Pixel 188, 35, 1, 1, 4.80374e+19
--- pALPIDEfs_2 ---
Pixel 506, 424, 1, 1, 4.80374e+19
=== 1322183 ===
--- pALPIDEfs_3 ---
Pixel 385, 85, 1, 1, 4.80374e+19
Pixel 385, 86, 1, 1, 4.80374e+19
Pixel 386, 85, 1, 1, 4.80374e+19
Pixel 386, 86, 1, 1, 4.80374e+19
Pixel 386, 87, 1, 1, 4.80374e+19
=== 1338889 ===
--- pALPIDEfs_2 ---
Pixel 980, 358, 1, 1, 4.80374e+19
Pixel 981, 358, 1, 1, 4.80374e+19
Pixel 981, 359, 1, 1, 4.80374e+19
=== 1359854 ===
--- pALPIDEfs_0 ---
Pixel 194, 280, 1, 1, 4.80374e+19
Pixel 194, 281, 1, 1, 4.80374e+19
=== 1383018 ===
--- pALPIDEfs_0 ---
Pixel 299, 310, 1, 1, 4.80374e+19
Pixel 299, 311, 1, 1, 4.80374e+19
=== 1397498 ===
--- pALPIDEfs_2 ---
Pixel 13, 155, 1, 1, 4.80374e+19
Pixel 13, 156, 1, 1, 4.80374e+19
Pixel 13, 157, 1, 1, 4.80374e+19
Pixel 14, 157, 1, 1, 4.80374e+19
Pixel 14, 158, 1, 1, 4.80374e+19
Pixel 15, 158, 1, 1, 4.80374e+19
Pixel 15, 159, 1, 1, 4.80374e+19
Pixel 14, 159, 1, 1, 4.80374e+19
Pixel 15, 160, 1, 1, 4.80374e+19
Pixel 15, 161, 1, 1, 4.80374e+19
Pixel 16, 160, 1, 1, 4.80374e+19
Pixel 16, 161, 1, 1, 4.80374e+19
Pixel 16, 162, 1, 1, 4.80374e+19
Pixel 17, 163, 1, 1, 4.80374e+19
Pixel 16, 163, 1, 1, 4.80374e+19
Pixel 17, 164, 1, 1, 4.80374e+19
Pixel 17, 165, 1, 1, 4.80374e+19
Pixel 17, 166, 1, 1, 4.80374e+19
Pixel 17, 167, 1, 1, 4.80374e+19
Pixel 17, 168, 1, 1, 4.80374e+19
Pixel 18, 166, 1, 1, 4.80374e+19
Pixel 18, 167, 1, 1, 4.80374e+19
Pixel 18, 168, 1, 1, 4.80374e+19
=== 1401321 ===
--- pALPIDEfs_4 ---
Pixel 182, 143, 1, 1, 4.80374e+19
Pixel 182, 144, 1, 1, 4.80374e+19
--- pALPIDEfs_5 ---
Pixel 530, 384, 1, 1, 4.80374e+19
=== 1410256 ===
--- pALPIDEfs_5 ---
Pixel 441, 361, 1, 1, 4.80374e+19
=== 1423962 ===
--- pALPIDEfs_0 ---
Pixel 315, 315, 1, 1, 4.80374e+19
Pixel 316, 314, 1, 1, 4.80374e+19
Pixel 316, 315, 1, 1, 4.80374e+19
Pixel 316, 316, 1, 1, 4.80374e+19
=== 1430078 ===
--- pALPIDEfs_2 ---
Pixel 35, 129, 1, 1, 4.80374e+19
Pixel 35, 130, 1, 1, 4.80374e+19
Pixel 35, 131, 1, 1, 4.80374e+19
Pixel 36, 129, 1, 1, 4.80374e+19
Pixel 36, 130, 1, 1, 4.80374e+19
Pixel 36, 131, 1, 1, 4.80374e+19
--- pALPIDEfs_3 ---
Pixel 413, 330, 1, 1, 4.80374e+19
Pixel 413, 331, 1, 1, 4.80374e+19
Pixel 414, 330, 1, 1, 4.80374e+19
Pixel 415, 330, 1, 1, 4.80374e+19
Pixel 415, 331, 1, 1, 4.80374e+19
Pixel 414, 331, 1, 1, 4.80374e+19
=== 1435870 ===
--- pALPIDEfs_4 ---
Pixel 39, 469, 1, 1, 4.80374e+19
Pixel 38, 469, 1, 1, 4.80374e+19
Pixel 38, 470, 1, 1, 4.80374e+19
=== 1449746 ===
--- pALPIDEfs_5 ---
Pixel 754, 291, 1, 1, 4.80374e+19
=== 1449747 ===
--- pALPIDEfs_5 ---
Pixel 754, 291, 1, 1, 4.80374e+19
Pixel 754, 292, 1, 1, 4.80374e+19
=== 1467973 ===
--- pALPIDEfs_3 ---
Pixel 413, 240, 1, 1, 4.80374e+19
=== 1472832 ===
--- pALPIDEfs_3 ---
Pixel 80, 428, 1, 1, 4.80374e+19
Pixel 81, 428, 1, 1, 4.80374e+19
Pixel 81, 429, 1, 1, 4.80374e+19
Pixel 80, 429, 1, 1, 4.80374e+19
Pixel 82, 428, 1, 1, 4.80374e+19
Pixel 82, 429, 1, 1, 4.80374e+19
=== 1481668 ===
--- pALPIDEfs_5 ---
Pixel 330, 154, 1, 1, 4.80374e+19
Pixel 330, 155, 1, 1, 4.80374e+19
=== 1492974 ===
--- pALPIDEfs_4 ---
Pixel 107, 460, 1, 1, 4.80374e+19
Pixel 107, 461, 1, 1, 4.80374e+19
Pixel 106, 461, 1, 1, 4.80374e+19
Pixel 109, 459, 1, 1, 4.80374e+19
Pixel 108, 460, 1, 1, 4.80374e+19
Pixel 109, 460, 1, 1, 4.80374e+19
Pixel 111, 458, 1, 1, 4.80374e+19
Pixel 111, 459, 1, 1, 4.80374e+19
Pixel 110, 459, 1, 1, 4.80374e+19
Pixel 113, 458, 1, 1, 4.80374e+19
Pixel 115, 457, 1, 1, 4.80374e+19
Pixel 114, 458, 1, 1, 4.80374e+19
Pixel 115, 458, 1, 1, 4.80374e+19
Pixel 117, 457, 1, 1, 4.80374e+19
Pixel 116, 457, 1, 1, 4.80374e+19
Pixel 119, 455, 1, 1, 4.80374e+19
Pixel 118, 456, 1, 1, 4.80374e+19
Pixel 119, 456, 1, 1, 4.80374e+19
Pixel 118, 457, 1, 1, 4.80374e+19
Pixel 121, 453, 1, 1, 4.80374e+19
Pixel 120, 454, 1, 1, 4.80374e+19
Pixel 121, 454, 1, 1, 4.80374e+19
Pixel 121, 455, 1, 1, 4.80374e+19
Pixel 120, 455, 1, 1, 4.80374e+19
Pixel 120, 456, 1, 1, 4.80374e+19
Pixel 122, 452, 1, 1, 4.80374e+19
Pixel 123, 452, 1, 1, 4.80374e+19
Pixel 123, 453, 1, 1, 4.80374e+19
Pixel 122, 453, 1, 1, 4.80374e+19
Pixel 122, 454, 1, 1, 4.80374e+19
Pixel 124, 452, 1, 1, 4.80374e+19
Pixel 125, 452, 1, 1, 4.80374e+19
Pixel 124, 453, 1, 1, 4.80374e+19
=== 1501185 ===
--- pALPIDEfs_0 ---
Pixel 26, 482, 1, 1, 4.80374e+19
Pixel 26, 483, 1, 1, 4.80374e+19
=== 1505401 ===
--- pALPIDEfs_5 ---
Pixel 739, 475, 1, 1, 4.80374e+19
Pixel 738, 476, 1, 1, 4.80374e+19
Pixel 739, 476, 1, 1, 4.80374e+19
Pixel 739, 477, 1, 1, 4.80374e+19
Pixel 738, 477, 1, 1, 4.80374e+19
Pixel 739, 483, 1, 1, 4.80374e+19
Pixel 739, 484, 1, 1, 4.80374e+19
Pixel 740, 483, 1, 1, 4.80374e+19
Pixel 740, 484, 1, 1, 4.80374e+19
=== 1518693 ===
--- pALPIDEfs_3 ---
Pixel 541, 250, 1, 1, 4.80374e+19
=== 1520070 ===
--- pALPIDEfs_4 ---
Pixel 944, 200, 1, 1, 4.80374e+19
Pixel 945, 200, 1, 1, 4.80374e+19
=== 1545141 ===
--- pALPIDEfs_3 ---
Pixel 203, 438, 1, 1, 4.80374e+19
Pixel 203, 439, 1, 1, 4.80374e+19
Pixel 204, 438, 1, 1, 4.80374e+19
Pixel 204, 439, 1, 1, 4.80374e+19
=== 1567692 ===
--- pALPIDEfs_0 ---
Pixel 177, 110, 1, 1, 4.80374e+19
=== 1586967 ===
--- pALPIDEfs_5 ---
Pixel 550, 406, 1, 1, 4.80374e+19
Pixel 551, 406, 1, 1, 4.80374e+19
Pixel 551, 407, 1, 1, 4.80374e+19
=== 1588353 ===
--- pALPIDEfs_2 ---
Pixel 829, 269, 1, 1, 4.80374e+19
Pixel 829, 270, 1, 1, 4.80374e+19
Pixel 830, 270, 1, 1, 4.80374e+19
=== 1598160 ===
--- pALPIDEfs_6 ---
Pixel 992, 467, 1, 1, 4.80374e+19
=== 1611887 ===
--- pALPIDEfs_5 ---
Pixel 231, 64, 1, 1, 4.80374e+19
Pixel 231, 65, 1, 1, 4.80374e+19
Pixel 230, 65, 1, 1, 4.80374e+19
=== 1621925 ===
--- pALPIDEfs_0 ---
Pixel 154, 76, 1, 1, 4.80374e+19
Pixel 155, 76, 1, 1, 4.80374e+19
Pixel 157, 75, 1, 1, 4.80374e+19
Pixel 156, 75, 1, 1, 4.80374e+19
Pixel 156, 76, 1, 1, 4.80374e+19
=== 1641461 ===
--- pALPIDEfs_0 ---
Pixel 27, 338, 1, 1, 4.80374e+19
Pixel 28, 338, 1, 1, 4.80374e+19
Pixel 29, 338, 1, 1, 4.80374e+19
=== 1677856 ===
--- pALPIDEfs_1 ---
Pixel 81, 348, 1, 1, 4.80374e+19
Pixel 81, 349, 1, 1, 4.80374e+19
=== 1695142 ===
--- pALPIDEfs_1 ---
Pixel 849, 171, 1, 1, 4.80374e+19
--- pALPIDEfs_2 ---
Pixel 499, 495, 1, 1, 4.80374e+19
Pixel 498, 495, 1, 1, 4.80374e+19
=== 1731966 ===
--- pALPIDEfs_3 ---
Pixel 963, 173, 1, 1, 4.80374e+19
Pixel 963, 174, 1, 1, 4.80374e+19
Pixel 964, 174, 1, 1, 4.80374e+19
=== 1733147 ===
--- pALPIDEfs_5 ---
Pixel 573, 380, 1, 1, 4.80374e+19
Pixel 573, 381, 1, 1, 4.80374e+19
Pixel 572, 381, 1, 1, 4.80374e+19
Pixel 575, 379, 1, 1, 4.80374e+19
Pixel 574, 379, 1, 1, 4.80374e+19
Pixel 574, 380, 1, 1, 4.80374e+19
=== 1745420 ===
--- pALPIDEfs_3 ---
Pixel 513, 187, 1, 1, 4.80374e+19
Pixel 513, 188, 1, 1, 4.80374e+19
Pixel 514, 187, 1, 1, 4.80374e+19
Pixel 514, 188, 1, 1, 4.80374e+19
=== 1761313 ===
--- pALPIDEfs_4 ---
Pixel 180, 194, 1, 1, 4.80374e+19
Pixel 183, 5, 1, 1, 4.80374e+19
Pixel 183, 6, 1, 1, 4.80374e+19
Pixel 184, 6, 1, 1, 4.80374e+19
--- pALPIDEfs_5 ---
Pixel 441, 244, 1, 1, 4.80374e+19
--- pALPIDEfs_6 ---
Pixel 780, 443, 1, 1, 4.80374e+19
Pixel 780, 444, 1, 1, 4.80374e+19
Pixel 785, 473, 1, 1, 4.80374e+19
Pixel 785, 474, 1, 1, 4.80374e+19
Pixel 786, 473, 1, 1, 4.80374e+19
Pixel 786, 474, 1, 1, 4.80374e+19
Pixel 787, 474, 1, 1, 4.80374e+19
Pixel 786, 475, 1, 1, 4.80374e+19
=== 1772747 ===
--- pALPIDEfs_0 ---
Pixel 570, 318, 1, 1, 4.80374e+19
Pixel 571, 318, 1, 1, 4.80374e+19
Pixel 571, 319, 1, 1, 4.80374e+19
Pixel 570, 319, 1, 1, 4.80374e+19
Pixel 571, 320, 1, 1, 4.80374e+19
Pixel 571, 321, 1, 1, 4.80374e+19
Pixel 572, 320, 1, 1, 4.80374e+19
Pixel 573, 321, 1, 1, 4.80374e+19
Pixel 572, 321, 1, 1, 4.80374e+19
Pixel 572, 322, 1, 1, 4.80374e+19
Pixel 573, 322, 1, 1, 4.80374e+19
Pixel 574, 321, 1, 1, 4.80374e+19
Pixel 574, 322, 1, 1, 4.80374e+19
Pixel 575, 322, 1, 1, 4.80374e+19
Pixel 576, 322, 1, 1, 4.80374e+19
Pixel 577, 323, 1, 1, 4.80374e+19
Pixel 576, 323, 1, 1, 4.80374e+19
Pixel 578, 323, 1, 1, 4.80374e+19
=== 1791150 ===
--- pALPIDEfs_6 ---
Pixel 435, 303, 1, 1, 4.80374e+19
Pixel 435, 304, 1, 1, 4.80374e+19
=== 1792129 ===
--- pALPIDEfs_3 ---
Pixel 51, 126, 1, 1, 4.80374e+19
Pixel 51, 127, 1, 1, 4.80374e+19
Pixel 52, 126, 1, 1, 4.80374e+19
Pixel 52, 127, 1, 1, 4.80374e+19
=== 1801928 ===
--- pALPIDEfs_1 ---
Pixel 96, 292, 1, 1, 4.80374e+19
Pixel 96, 293, 1, 1, 4.80374e+19
--- pALPIDEfs_2 ---
Pixel 258, 84, 1, 1, 4.80374e+19
Pixel 259, 84, 1, 1, 4.80374e+19
=== 1811176 ===
--- pALPIDEfs_2 ---
Pixel 316, 304, 1, 1, 4.80374e+19
Pixel 317, 304, 1, 1, 4.80374e+19
Pixel 317, 305, 1, 1, 4.80374e+19
Pixel 316, 305, 1, 1, 4.80374e+19
=== 1814373 ===
--- pALPIDEfs_2 ---
Pixel 533, 450, 1, 1, 4.80374e+19
Pixel 534, 450, 1, 1, 4.80374e+19
--- pALPIDEfs_3 ---
Pixel 817, 333, 1, 1, 4.80374e+19
Pixel 818, 332, 1, 1, 4.80374e+19
Pixel 818, 333, 1, 1, 4.80374e+19
=== 1820432 ===
--- pALPIDEfs_1 ---
Pixel 815, 110, 1, 1, 4.80374e+19
Pixel 815, 111, 1, 1, 4.80374e+19
Pixel 814, 111, 1, 1, 4.80374e+19
=== 1828244 ===
--- pALPIDEfs_4 ---
Pixel 88, 231, 1, 1, 4.80374e+19
Pixel 88, 232, 1, 1, 4.80374e+19
Pixel 89, 232, 1, 1, 4.80374e+19
Pixel 89, 233, 1, 1, 4.80374e+19
Pixel 88, 233, 1, 1, 4.80374e+19
=== 1847141 ===
--- pALPIDEfs_4 ---
Pixel 79, 406, 1, 1, 4.80374e+19
Pixel 79, 407, 1, 1, 4.80374e+19
Pixel 78, 408, 1, 1, 4.80374e+19
Pixel 79, 408, 1, 1, 4.80374e+19
Pixel 79, 409, 1, 1, 4.80374e+19
Pixel 78, 409, 1, 1, 4.80374e+19
Pixel 78, 410, 1, 1, 4.80374e+19
Pixel 79, 410, 1, 1, 4.80374e+19
Pixel 79, 411, 1, 1, 4.80374e+19
Pixel 78, 411, 1, 1, 4.80374e+19
Pixel 78, 412, 1, 1, 4.80374e+19
=== 1850546 ===
--- pALPIDEfs_0 ---
Pixel 349, 361, 1, 1, 4.80374e+19
Pixel 350, 361, 1, 1, 4.80374e+19
=== 1851369 ===
--- pALPIDEfs_0 ---
Pixel 305, 135, 1, 1, 4.80374e+19
Pixel 305, 136, 1, 1, 4.80374e+19
Pixel 306, 136, 1, 1, 4.80374e+19
=== 1855735 ===
--- pALPIDEfs_5 ---
Pixel 239, 5, 1, 1, 4.80374e+19
Pixel 238, 5, 1, 1, 4.80374e+19
Pixel 238, 6, 1, 1, 4.80374e+19
Pixel 239, 6, 1, 1, 4.80374e+19
Pixel 239, 7, 1, 1, 4.80374e+19
Pixel 238, 7, 1, 1, 4.80374e+19
=== 1886800 ===
--- pALPIDEfs_3 ---
Pixel 70, 234, 1, 1, 4.80374e+19
=== 1888677 ===
--- pALPIDEfs_2 ---
Pixel 140, 29, 1, 1, 4.80374e+19
=== 1897844 ===
--- pALPIDEfs_2 ---
Pixel 331, 417, 1, 1, 4.80374e+19
Pixel 330, 417, 1, 1, 4.80374e+19
Pixel 330, 418, 1, 1, 4.80374e+19
Pixel 331, 418, 1, 1, 4.80374e+19
=== 1914377 ===
--- pALPIDEfs_2 ---
Pixel 457, 314, 1, 1, 4.80374e+19
Pixel 457, 315, 1, 1, 4.80374e+19
=== 1919037 ===
--- pALPIDEfs_5 ---
Pixel 715, 174, 1, 1, 4.80374e+19
=== 1923678 ===
--- pALPIDEfs_0 ---
Pixel 79, 59, 1, 1, 4.80374e+19
Pixel 78, 59, 1, 1, 4.80374e+19
Pixel 78, 60, 1, 1, 4.80374e+19
=== 1929094 ===
--- pALPIDEfs_4 ---
Pixel 567, 177, 1, 1, 4.80374e+19
=== 1936038 ===
--- pALPIDEfs_0 ---
Pixel 374, 157, 1, 1, 4.80374e+19
Pixel 374, 158, 1, 1, 4.80374e+19
=== 1941651 ===
--- pALPIDEfs_0 ---
Pixel 281, 233, 1, 1, 4.80374e+19
Pixel 281, 234, 1, 1, 4.80374e+19
Pixel 282, 233, 1, 1, 4.80374e+19
Pixel 282, 234, 1, 1, 4.80374e+19
=== 1946846 ===
--- pALPIDEfs_4 ---
Pixel 751, 211, 1, 1, 4.80374e+19
Pixel 750, 212, 1, 1, 4.80374e+19
Pixel 751, 212, 1, 1, 4.80374e+19
Pixel 752, 211, 1, 1, 4.80374e+19
=== 1951646 ===
--- pALPIDEfs_0 ---
Pixel 524, 358, 1, 1, 4.80374e+19
Pixel 524, 359, 1, 1, 4.80374e+19
Pixel 524, 360, 1, 1, 4.80374e+19
=== 1959091 ===
--- pALPIDEfs_6 ---
Pixel 687, 403, 1, 1, 4.80374e+19
=== 1980476 ===
--- pALPIDEfs_4 ---
Pixel 756, 274, 1, 1, 4.80374e+19
Pixel 757, 274, 1, 1, 4.80374e+19
Pixel 757, 275, 1, 1, 4.80374e+19
Pixel 756, 275, 1, 1, 4.80374e+19
=== 1981106 ===
--- pALPIDEfs_0 ---
Pixel 419, 203, 1, 1, 4.80374e+19
Pixel 418, 203, 1, 1, 4.80374e+19
Pixel 418, 204, 1, 1, 4.80374e+19
=== 1984170 ===
--- pALPIDEfs_3 ---
Pixel 208, 494, 1, 1, 4.80374e+19
=== 1997268 ===
--- pALPIDEfs_6 ---
Pixel 672, 372, 1, 1, 4.80374e+19
Pixel 673, 372, 1, 1, 4.80374e+19
=== 2024434 ===
--- pALPIDEfs_0 ---
Pixel 241, 258, 1, 1, 4.80374e+19
=== 2024781 ===
--- pALPIDEfs_4 ---
Pixel 400, 284, 1, 1, 4.80374e+19
Pixel 401, 284, 1, 1, 4.80374e+19
Pixel 401, 285, 1, 1, 4.80374e+19
Pixel 400, 285, 1, 1, 4.80374e+19
Pixel 402, 284, 1, 1, 4.80374e+19
Pixel 402, 285, 1, 1, 4.80374e+19
=== 2029306 ===
--- pALPIDEfs_1 ---
Pixel 821, 355, 1, 1, 4.80374e+19
Pixel 822, 355, 1, 1, 4.80374e+19
=== 2046324 ===
--- pALPIDEfs_3 ---
Pixel 209, 199, 1, 1, 4.80374e+19
Pixel 209, 200, 1, 1, 4.80374e+19
Pixel 209, 201, 1, 1, 4.80374e+19
Pixel 210, 199, 1, 1, 4.80374e+19
Pixel 210, 200, 1, 1, 4.80374e+19
=== 2046325 ===
--- pALPIDEfs_3 ---
Pixel 209, 199, 1, 1, 4.80374e+19
Pixel 208, 200, 1, 1, 4.80374e+19
Pixel 210, 199, 1, 1, 4.80374e+19
Pixel 210, 200, 1, 1, 4.80374e+19
Pixel 210, 201, 1, 1, 4.80374e+19
=== 2047645 ===
--- pALPIDEfs_1 ---
Pixel 669, 198, 1, 1, 4.80374e+19
Pixel 670, 198, 1, 1, 4.80374e+19
Pixel 671, 198, 1, 1, 4.80374e+19
Pixel 670, 199, 1, 1, 4.80374e+19
--- pALPIDEfs_2 ---
Pixel 221, 206, 1, 1, 4.80374e+19
Pixel 223, 205, 1, 1, 4.80374e+19
Pixel 222, 205, 1, 1, 4.80374e+19
Pixel 222, 206, 1, 1, 4.80374e+19
Pixel 223, 206, 1, 1, 4.80374e+19
Pixel 222, 207, 1, 1, 4.80374e+19
=== 2065328 ===
--- pALPIDEfs_0 ---
Pixel 355, 363, 1, 1, 4.80374e+19
Pixel 355, 364, 1, 1, 4.80374e+19
Pixel 356, 363, 1, 1, 4.80374e+19
Pixel 356, 364, 1, 1, 4.80374e+19
=== 2102632 ===
--- pALPIDEfs_2 ---
Pixel 789, 212, 1, 1, 4.80374e+19
Pixel 789, 213, 1, 1, 4.80374e+19
=== 2109701 ===
--- pALPIDEfs_3 ---
Pixel 177, 121, 1, 1, 4.80374e+19
Pixel 176, 121, 1, 1, 4.80374e+19
Pixel 176, 122, 1, 1, 4.80374e+19
Pixel 177, 122, 1, 1, 4.80374e+19
=== 2123627 ===
--- pALPIDEfs_0 ---
Pixel 297, 58, 1, 1, 4.80374e+19
Pixel 298, 58, 1, 1, 4.80374e+19
--- pALPIDEfs_1 ---
Pixel 675, 264, 1, 1, 4.80374e+19
=== 2124815 ===
--- pALPIDEfs_3 ---
Pixel 967, 439, 1, 1, 4.80374e+19
Pixel 967, 440, 1, 1, 4.80374e+19
Pixel 967, 441, 1, 1, 4.80374e+19
Pixel 968, 440, 1, 1, 4.80374e+19
Pixel 968, 441, 1, 1, 4.80374e+19
=== 2132798 ===
--- pALPIDEfs_4 ---
Pixel 733, 208, 1, 1, 4.80374e+19
Pixel 733, 209, 1, 1, 4.80374e+19
Pixel 733, 210, 1, 1, 4.80374e+19
Pixel 734, 208, 1, 1, 4.80374e+19
Pixel 734, 209, 1, 1, 4.80374e+19
=== 2135694 ===
--- pALPIDEfs_5 ---
Pixel 28, 36, 1, 1, 4.80374e+19
Pixel 29, 36, 1, 1, 4.80374e+19
Pixel 29, 37, 1, 1, 4.80374e+19
Pixel 28, 37, 1, 1, 4.80374e+19
=== 2150689 ===
--- pALPIDEfs_1 ---
Pixel 429, 216, 1, 1, 4.80374e+19
--- pALPIDEfs_3 ---
Pixel 578, 204, 1, 1, 4.80374e+19
Pixel 579, 204, 1, 1, 4.80374e+19
Pixel 578, 205, 1, 1, 4.80374e+19
=== 2154407 ===
--- pALPIDEfs_6 ---
Pixel 103, 157, 1, 1, 4.80374e+19
Pixel 104, 156, 1, 1, 4.80374e+19
Pixel 104, 157, 1, 1, 4.80374e+19
Pixel 104, 158, 1, 1, 4.80374e+19
=== 2159078 ===
--- pALPIDEfs_2 ---
Pixel 662, 227, 1, 1, 4.80374e+19
=== 2183004 ===
--- pALPIDEfs_3 ---
Pixel 771, 263, 1, 1, 4.80374e+19
Pixel 770, 264, 1, 1, 4.80374e+19
Pixel 771, 264, 1, 1, 4.80374e+19
Pixel 771, 265, 1, 1, 4.80374e+19
=== 2207697 ===
--- pALPIDEfs_4 ---
Pixel 787, 312, 1, 1, 4.80374e+19
Pixel 787, 313, 1, 1, 4.80374e+19
=== 2218763 ===
--- pALPIDEfs_6 ---
Pixel 363, 137, 1, 1, 4.80374e+19
Pixel 363, 138, 1, 1, 4.80374e+19
=== 2229719 ===
--- pALPIDEfs_3 ---
Pixel 557, 180, 1, 1, 4.80374e+19
=== 2236839 ===
--- pALPIDEfs_3 ---
Pixel 341, 411, 1, 1, 4.80374e+19
=== 2250425 ===
--- pALPIDEfs_0 ---
Pixel 184, 216, 1, 1, 4.80374e+19
=== 2292962 ===
--- pALPIDEfs_5 ---
Pixel 749, 452, 1, 1, 4.80374e+19
Pixel 749, 453, 1, 1, 4.80374e+19
Pixel 748, 453, 1, 1, 4.80374e+19
--- pALPIDEfs_6 ---
Pixel 239, 292, 1, 1, 4.80374e+19
Pixel 239, 293, 1, 1, 4.80374e+19
Pixel 240, 292, 1, 1, 4.80374e+19
Pixel 240, 293, 1, 1, 4.80374e+19
=== 2293048 ===
--- pALPIDEfs_4 ---
Pixel 309, 390, 1, 1, 4.80374e+19
Pixel 309, 391, 1, 1, 4.80374e+19
Pixel 308, 391, 1, 1, 4.80374e+19
Pixel 310, 389, 1, 1, 4.80374e+19
Pixel 310, 390, 1, 1, 4.80374e+19
Pixel 310, 391, 1, 1, 4.80374e+19
=== 2305025 ===
--- pALPIDEfs_1 ---
Pixel 491, 300, 1, 1, 4.80374e+19
Pixel 491, 301, 1, 1, 4.80374e+19
=== 2317083 ===
--- pALPIDEfs_0 ---
Pixel 987, 364, 1, 1, 4.80374e+19
Pixel 988, 364, 1, 1, 4.80374e+19
Pixel 988, 365, 1, 1, 4.80374e+19
=== 2338784 ===
--- pALPIDEfs_2 ---
Pixel 143, 407, 1, 1, 4.80374e+19
=== 2344969 ===
--- pALPIDEfs_3 ---
Pixel 557, 180, 1, 1, 4.80374e+19
=== 2349463 ===
--- pALPIDEfs_4 ---
Pixel 128, 252, 1, 1, 4.80374e+19
Pixel 129, 252, 1, 1, 4.80374e+19
Pixel 129, 253, 1, 1, 4.80374e+19
Pixel 128, 253, 1, 1, 4.80374e+19
Pixel 128, 254, 1, 1, 4.80374e+19
Pixel 129, 254, 1, 1, 4.80374e+19
Pixel 130, 252, 1, 1, 4.80374e+19
=== 2349608 ===
--- pALPIDEfs_0 ---
Pixel 309, 289, 1, 1, 4.80374e+19
=== 2354734 ===
--- pALPIDEfs_6 ---
Pixel 224, 437, 1, 1, 4.80374e+19
=== 2356660 ===
--- pALPIDEfs_2 ---
Pixel 852, 11, 1, 1, 4.80374e+19
Pixel 852, 12, 1, 1, 4.80374e+19
Pixel 853, 12, 1, 1, 4.80374e+19
Pixel 853, 13, 1, 1, 4.80374e+19
Pixel 857, 13, 1, 1, 4.80374e+19
Pixel 856, 13, 1, 1, 4.80374e+19
Pixel 856, 14, 1, 1, 4.80374e+19
Pixel 857, 14, 1, 1, 4.80374e+19
Pixel 858, 13, 1, 1, 4.80374e+19
Pixel 858, 14, 1, 1, 4.80374e+19
=== 2387533 ===
--- pALPIDEfs_3 ---
Pixel 557, 180, 1, 1, 4.80374e+19
=== 2447624 ===
--- pALPIDEfs_4 ---
Pixel 801, 337, 1, 1, 4.80374e+19
Pixel 801, 338, 1, 1, 4.80374e+19
Pixel 802, 337, 1, 1, 4.80374e+19
Pixel 802, 338, 1, 1, 4.80374e+19
=== 2469319 ===
--- pALPIDEfs_2 ---
Pixel 621, 428, 1, 1, 4.80374e+19
Pixel 621, 429, 1, 1, 4.80374e+19
Pixel 622, 428, 1, 1, 4.80374e+19
Pixel 622, 429, 1, 1, 4.80374e+19
=== 2471535 ===
--- pALPIDEfs_4 ---
Pixel 315, 79, 1, 1, 4.80374e+19
Pixel 314, 79, 1, 1, 4.80374e+19
Pixel 315, 80, 1, 1, 4.80374e+19
--- pALPIDEfs_5 ---
Pixel 485, 287, 1, 1, 4.80374e+19
Pixel 485, 288, 1, 1, 4.80374e+19
--- pALPIDEfs_6 ---
Pixel 711, 440, 1, 1, 4.80374e+19
=== 2474675 ===
--- pALPIDEfs_1 ---
Pixel 493, 381, 1, 1, 4.80374e+19
Pixel 492, 381, 1, 1, 4.80374e+19
Pixel 492, 382, 1, 1, 4.80374e+19
Pixel 493, 382, 1, 1, 4.80374e+19
Pixel 494, 382, 1, 1, 4.80374e+19
Pixel 495, 382, 1, 1, 4.80374e+19
Pixel 494, 383, 1, 1, 4.80374e+19
--- pALPIDEfs_2 ---
Pixel 485, 229, 1, 1, 4.80374e+19
Pixel 484, 229, 1, 1, 4.80374e+19
Pixel 484, 230, 1, 1, 4.80374e+19
Pixel 485, 230, 1, 1, 4.80374e+19
=== 2478405 ===
--- pALPIDEfs_0 ---
Pixel 269, 459, 1, 1, 4.80374e+19
Pixel 270, 458, 1, 1, 4.80374e+19
Pixel 270, 459, 1, 1, 4.80374e+19
=== 2482783 ===
--- pALPIDEfs_5 ---
Pixel 351, 391, 1, 1, 4.80374e+19
Pixel 351, 392, 1, 1, 4.80374e+19
Pixel 352, 392, 1, 1, 4.80374e+19
=== 2490417 ===
--- pALPIDEfs_1 ---
Pixel 495, 293, 1, 1, 4.80374e+19
Pixel 494, 293, 1, 1, 4.80374e+19
=== 2492647 ===
--- pALPIDEfs_5 ---
Pixel 885, 32, 1, 1, 4.80374e+19
=== 2496624 ===
--- pALPIDEfs_1 ---
Pixel 310, 100, 1, 1, 4.80374e+19
Pixel 311, 100, 1, 1, 4.80374e+19
Pixel 311, 101, 1, 1, 4.80374e+19
Pixel 310, 101, 1, 1, 4.80374e+19
=== 2500683 ===
--- pALPIDEfs_1 ---
Pixel 23, 242, 1, 1, 4.80374e+19
Pixel 24, 242, 1, 1, 4.80374e+19
=== 2504701 ===
--- pALPIDEfs_3 ---
Pixel 812, 257, 1, 1, 4.80374e+19
Pixel 812, 258, 1, 1, 4.80374e+19
--- pALPIDEfs_4 ---
Pixel 869, 201, 1, 1, 4.80374e+19
Pixel 870, 201, 1, 1, 4.80374e+19
Pixel 870, 202, 1, 1, 4.80374e+19
=== 2521250 ===
--- pALPIDEfs_3 ---
Pixel 702, 90, 1, 1, 4.80374e+19
Pixel 702, 91, 1, 1, 4.80374e+19
=== 2560390 ===
--- pALPIDEfs_0 ---
Pixel 294, 508, 1, 1, 4.80374e+19
Pixel 295, 508, 1, 1, 4.80374e+19
--- pALPIDEfs_1 ---
Pixel 803, 254, 1, 1, 4.80374e+19
=== 2564838 ===
--- pALPIDEfs_6 ---
Pixel 235, 379, 1, 1, 4.80374e+19
=== 2570693 ===
--- pALPIDEfs_5 ---
Pixel 790, 416, 1, 1, 4.80374e+19
Pixel 791, 416, 1, 1, 4.80374e+19
Pixel 790, 417, 1, 1, 4.80374e+19
=== 2583637 ===
--- pALPIDEfs_0 ---
Pixel 850, 294, 1, 1, 4.80374e+19
=== 2615088 ===
--- pALPIDEfs_6 ---
Pixel 713, 224, 1, 1, 4.80374e+19
Pixel 713, 225, 1, 1, 4.80374e+19
=== 2634530 ===
--- pALPIDEfs_6 ---
Pixel 691, 53, 1, 1, 4.80374e+19
Pixel 691, 54, 1, 1, 4.80374e+19
Pixel 693, 53, 1, 1, 4.80374e+19
Pixel 692, 53, 1, 1, 4.80374e+19
Pixel 692, 54, 1, 1, 4.80374e+19
Pixel 693, 54, 1, 1, 4.80374e+19
Pixel 735, 41, 1, 1, 4.80374e+19
Pixel 735, 42, 1, 1, 4.80374e+19
Pixel 736, 41, 1, 1, 4.80374e+19
Pixel 736, 42, 1, 1, 4.80374e+19
=== 2637430 ===
--- pALPIDEfs_2 ---
Pixel 699, 99, 1, 1, 4.80374e+19
Pixel 698, 99, 1, 1, 4.80374e+19
=== 2639273 ===
--- pALPIDEfs_5 ---
Pixel 558, 87, 1, 1, 4.80374e+19
Pixel 558, 88, 1, 1, 4.80374e+19
=== 2647514 ===
--- pALPIDEfs_1 ---
Pixel 893, 257, 1, 1, 4.80374e+19
Pixel 893, 258, 1, 1, 4.80374e+19
Pixel 893, 259, 1, 1, 4.80374e+19
Pixel 894, 257, 1, 1, 4.80374e+19
Pixel 894, 258, 1, 1, 4.80374e+19
Pixel 895, 258, 1, 1, 4.80374e+19
Pixel 895, 259, 1, 1, 4.80374e+19
Pixel 894, 259, 1, 1, 4.80374e+19
Pixel 896, 258, 1, 1, 4.80374e+19
=== 2651268 ===
--- pALPIDEfs_6 ---
Pixel 397, 222, 1, 1, 4.80374e+19
Pixel 397, 223, 1, 1, 4.80374e+19
Pixel 398, 222, 1, 1, 4.80374e+19
Pixel 398, 223, 1, 1, 4.80374e+19
=== 2667034 ===
--- pALPIDEfs_1 ---
Pixel 925, 102, 1, 1, 4.80374e+19
Pixel 926, 101, 1, 1, 4.80374e+19
Pixel 926, 102, 1, 1, 4.80374e+19
=== 2683949 ===
--- pALPIDEfs_5 ---
Pixel 27, 258, 1, 1, 4.80374e+19
Pixel 27, 259, 1, 1, 4.80374e+19
Pixel 26, 259, 1, 1, 4.80374e+19
Pixel 28, 258, 1, 1, 4.80374e+19
Pixel 28, 259, 1, 1, 4.80374e+19
=== 2688831 ===
--- pALPIDEfs_2 ---
Pixel 81, 214, 1, 1, 4.80374e+19
Pixel 81, 215, 1, 1, 4.80374e+19
=== 2689972 ===
--- pALPIDEfs_6 ---
Pixel 644, 140, 1, 1, 4.80374e+19
=== 2691669 ===
--- pALPIDEfs_1 ---
Pixel 768, 321, 1, 1, 4.80374e+19
Pixel 768, 322, 1, 1, 4.80374e+19
=== 2695383 ===
--- pALPIDEfs_4 ---
Pixel 660, 72, 1, 1, 4.80374e+19
Pixel 661, 72, 1, 1, 4.80374e+19
Pixel 661, 73, 1, 1, 4.80374e+19
=== 2705638 ===
--- pALPIDEfs_5 ---
Pixel 563, 383, 1, 1, 4.80374e+19
Pixel 563, 384, 1, 1, 4.80374e+19
Pixel 564, 383, 1, 1, 4.80374e+19
Pixel 564, 384, 1, 1, 4.80374e+19
=== 2721900 ===
--- pALPIDEfs_3 ---
Pixel 118, 128, 1, 1, 4.80374e+19
Pixel 119, 128, 1, 1, 4.80374e+19
Pixel 119, 129, 1, 1, 4.80374e+19
Pixel 118, 129, 1, 1, 4.80374e+19
Pixel 120, 128, 1, 1, 4.80374e+19
Pixel 121, 128, 1, 1, 4.80374e+19
Pixel 120, 129, 1, 1, 4.80374e+19
=== 2742592 ===
--- pALPIDEfs_1 ---
Pixel 845, 196, 1, 1, 4.80374e+19
Pixel 845, 197, 1, 1, 4.80374e+19
Pixel 847, 195, 1, 1, 4.80374e+19
Pixel 846, 195, 1, 1, 4.80374e+19
Pixel 846, 196, 1, 1, 4.80374e+19
Pixel 847, 196, 1, 1, 4.80374e+19
Pixel 847, 197, 1, 1, 4.80374e+19
Pixel 846, 197, 1, 1, 4.80374e+19
Pixel 848, 195, 1, 1, 4.80374e+19
=== 2753152 ===
--- pALPIDEfs_5 ---
Pixel 430, 463, 1, 1, 4.80374e+19
Pixel 430, 464, 1, 1, 4.80374e+19
=== 2767127 ===
--- pALPIDEfs_0 ---
Pixel 816, 94, 1, 1, 4.80374e+19
=== 2777112 ===
--- pALPIDEfs_1 ---
Pixel 286, 438, 1, 1, 4.80374e+19
--- pALPIDEfs_2 ---
Pixel 2, 164, 1, 1, 4.80374e+19
Pixel 3, 164, 1, 1, 4.80374e+19
Pixel 3, 165, 1, 1, 4.80374e+19
Pixel 4, 164, 1, 1, 4.80374e+19
Pixel 5, 165, 1, 1, 4.80374e+19
Pixel 4, 165, 1, 1, 4.80374e+19
Pixel 4, 166, 1, 1, 4.80374e+19
Pixel 5, 166, 1, 1, 4.80374e+19
--- pALPIDEfs_3 ---
Pixel 854, 240, 1, 1, 4.80374e+19
Pixel 855, 240, 1, 1, 4.80374e+19
Pixel 855, 241, 1, 1, 4.80374e+19
Pixel 854, 241, 1, 1, 4.80374e+19
Pixel 856, 240, 1, 1, 4.80374e+19
Pixel 856, 241, 1, 1, 4.80374e+19
=== 2777957 ===
--- pALPIDEfs_3 ---
Pixel 240, 70, 1, 1, 4.80374e+19
Pixel 241, 70, 1, 1, 4.80374e+19
Pixel 241, 71, 1, 1, 4.80374e+19
Pixel 240, 71, 1, 1, 4.80374e+19
Pixel 241, 72, 1, 1, 4.80374e+19
=== 2778229 ===
--- pALPIDEfs_5 ---
Pixel 261, 381, 1, 1, 4.80374e+19
Pixel 262, 381, 1, 1, 4.80374e+19
Pixel 262, 382, 1, 1, 4.80374e+19
=== 2789095 ===
--- pALPIDEfs_3 ---
Pixel 278, 396, 1, 1, 4.80374e+19
Pixel 279, 397, 1, 1, 4.80374e+19
Pixel 278, 397, 1, 1, 4.80374e+19
--- pALPIDEfs_4 ---
Pixel 514, 193, 1, 1, 4.80374e+19
Pixel 514, 194, 1, 1, 4.80374e+19
--- pALPIDEfs_5 ---
Pixel 767, 24, 1, 1, 4.80374e+19
Pixel 767, 25, 1, 1, 4.80374e+19
=== 2793613 ===
--- pALPIDEfs_3 ---
Pixel 753, 423, 1, 1, 4.80374e+19
Pixel 753, 424, 1, 1, 4.80374e+19
Pixel 754, 423, 1, 1, 4.80374e+19
=== 2837175 ===
--- pALPIDEfs_6 ---
Pixel 870, 285, 1, 1, 4.80374e+19
Pixel 870, 286, 1, 1, 4.80374e+19
Pixel 870, 287, 1, 1, 4.80374e+19
=== 2848617 ===
--- pALPIDEfs_5 ---
Pixel 521, 489, 1, 1, 4.80374e+19
Pixel 522, 488, 1, 1, 4.80374e+19
Pixel 522, 489, 1, 1, 4.80374e+19
Pixel 522, 490, 1, 1, 4.80374e+19
Pixel 523, 490, 1, 1, 4.80374e+19
=== 2875023 ===
--- pALPIDEfs_1 ---
Pixel 415, 43, 1, 1, 4.80374e+19
Pixel 414, 43, 1, 1, 4.80374e+19
Pixel 415, 44, 1, 1, 4.80374e+19
Pixel 415, 45, 1, 1, 4.80374e+19
Pixel 415, 46, 1, 1, 4.80374e+19
Pixel 415, 47, 1, 1, 4.80374e+19
Pixel 415, 48, 1, 1, 4.80374e+19
Pixel 416, 46, 1, 1, 4.80374e+19
Pixel 416, 47, 1, 1, 4.80374e+19
Pixel 416, 48, 1, 1, 4.80374e+19
--- pALPIDEfs_2 ---
Pixel 307, 49, 1, 1, 4.80374e+19
Pixel 308, 48, 1, 1, 4.80374e+19
Pixel 309, 49, 1, 1, 4.80374e+19
Pixel 308, 49, 1, 1, 4.80374e+19
Pixel 308, 50, 1, 1, 4.80374e+19
=== 2878480 ===
--- pALPIDEfs_0 ---
Pixel 328, 157, 1, 1, 4.80374e+19
--- pALPIDEfs_1 ---
Pixel 336, 204, 1, 1, 4.80374e+19
--- pALPIDEfs_2 ---
Pixel 364, 148, 1, 1, 4.80374e+19
--- pALPIDEfs_3 ---
Pixel 395, 159, 1, 1, 4.80374e+19
Pixel 394, 159, 1, 1, 4.80374e+19
Pixel 394, 160, 1, 1, 4.80374e+19
Pixel 395, 160, 1, 1, 4.80374e+19
--- pALPIDEfs_4 ---
Pixel 447, 158, 1, 1, 4.80374e+19
Pixel 447, 159, 1, 1, 4.80374e+19
Pixel 446, 159, 1, 1, 4.80374e+19
--- pALPIDEfs_5 ---
Pixel 469, 203, 1, 1, 4.80374e+19
--- pALPIDEfs_6 ---
Pixel 546, 191, 1, 1, 4.80374e+19
=== 2882672 ===
--- pALPIDEfs_4 ---
Pixel 537, 508, 1, 1, 4.80374e+19
Pixel 537, 509, 1, 1, 4.80374e+19
Pixel 536, 509, 1, 1, 4.80374e+19
Pixel 536, 510, 1, 1, 4.80374e+19
=== 2887344 ===
--- pALPIDEfs_0 ---
Pixel 929, 57, 1, 1, 4.80374e+19
Pixel 929, 58, 1, 1, 4.80374e+19
Pixel 930, 57, 1, 1, 4.80374e+19
Pixel 930, 58, 1, 1, 4.80374e+19
=== 2894040 ===
--- pALPIDEfs_1 ---
Pixel 100, 83, 1, 1, 4.80374e+19
=== 2898110 ===
--- pALPIDEfs_0 ---
Pixel 925, 501, 1, 1, 4.80374e+19
Pixel 924, 501, 1, 1, 4.80374e+19
Pixel 924, 502, 1, 1, 4.80374e+19
Pixel 925, 502, 1, 1, 4.80374e+19
Pixel 925, 503, 1, 1, 4.80374e+19
Pixel 926, 501, 1, 1, 4.80374e+19
Pixel 926, 502, 1, 1, 4.80374e+19
=== 2901018 ===
--- pALPIDEfs_3 ---
Pixel 971, 322, 1, 1, 4.80374e+19
Pixel 971, 323, 1, 1, 4.80374e+19
Pixel 972, 322, 1, 1, 4.80374e+19
Pixel 972, 323, 1, 1, 4.80374e+19
=== 2904104 ===
--- pALPIDEfs_4 ---
Pixel 332, 478, 1, 1, 4.80374e+19
Pixel 333, 478, 1, 1, 4.80374e+19
=== 2916551 ===
--- pALPIDEfs_0 ---
Pixel 963, 40, 1, 1, 4.80374e+19
Pixel 963, 41, 1, 1, 4.80374e+19
Pixel 964, 40, 1, 1, 4.80374e+19
Pixel 964, 41, 1, 1, 4.80374e+19
=== 2934497 ===
--- pALPIDEfs_5 ---
Pixel 394, 291, 1, 1, 4.80374e+19
=== 2935221 ===
--- pALPIDEfs_3 ---
Pixel 61, 319, 1, 1, 4.80374e+19
Pixel 60, 319, 1, 1, 4.80374e+19
Pixel 60, 320, 1, 1, 4.80374e+19
Pixel 61, 320, 1, 1, 4.80374e+19
=== 2944806 ===
--- pALPIDEfs_0 ---
Pixel 826, 457, 1, 1, 4.80374e+19
Pixel 826, 458, 1, 1, 4.80374e+19
=== 2953289 ===
--- pALPIDEfs_1 ---
Pixel 107, 312, 1, 1, 4.80374e+19
Pixel 108, 312, 1, 1, 4.80374e+19
=== 2961062 ===
--- pALPIDEfs_3 ---
Pixel 455, 170, 1, 1, 4.80374e+19
=== 2979608 ===
--- pALPIDEfs_6 ---
Pixel 399, 360, 1, 1, 4.80374e+19
Pixel 399, 361, 1, 1, 4.80374e+19
Pixel 399, 362, 1, 1, 4.80374e+19
Pixel 400, 360, 1, 1, 4.80374e+19
Pixel 401, 361, 1, 1, 4.80374e+19
Pixel 400, 361, 1, 1, 4.80374e+19
Pixel 400, 362, 1, 1, 4.80374e+19
=== 2987519 ===
--- pALPIDEfs_1 ---
Pixel 535, 434, 1, 1, 4.80374e+19
Pixel 535, 435, 1, 1, 4.80374e+19
=== 3037309 ===
--- pALPIDEfs_3 ---
Pixel 585, 484, 1, 1, 4.80374e+19
Pixel 586, 484, 1, 1, 4.80374e+19
Pixel 586, 485, 1, 1, 4.80374e+19
=== 3045575 ===
--- pALPIDEfs_1 ---
Pixel 501, 277, 1, 1, 4.80374e+19
--- pALPIDEfs_2 ---
Pixel 381, 281, 1, 1, 4.80374e+19
--- pALPIDEfs_3 ---
Pixel 505, 209, 1, 1, 4.80374e+19
Pixel 504, 209, 1, 1, 4.80374e+19
Pixel 504, 210, 1, 1, 4.80374e+19
Pixel 505, 210, 1, 1, 4.80374e+19
--- pALPIDEfs_4 ---
Pixel 335, 226, 1, 1, 4.80374e+19
Pixel 336, 226, 1, 1, 4.80374e+19
Pixel 336, 227, 1, 1, 4.80374e+19
=== 3064675 ===
--- pALPIDEfs_1 ---
Pixel 659, 502, 1, 1, 4.80374e+19
Pixel 659, 503, 1, 1, 4.80374e+19
Pixel 660, 502, 1, 1, 4.80374e+19
Pixel 660, 503, 1, 1, 4.80374e+19
=== 3085675 ===
--- pALPIDEfs_0 ---
Pixel 1021, 78, 1, 1, 4.80374e+19
Pixel 1021, 79, 1, 1, 4.80374e+19
Pixel 1022, 78, 1, 1, 4.80374e+19
Pixel 1022, 79, 1, 1, 4.80374e+19
=== 3087731 ===
--- pALPIDEfs_3 ---
Pixel 177, 502, 1, 1, 4.80374e+19
Pixel 177, 503, 1, 1, 4.80374e+19
Pixel 176, 506, 1, 1, 4.80374e+19
Pixel 177, 506, 1, 1, 4.80374e+19
Pixel 176, 507, 1, 1, 4.80374e+19
Pixel 179, 498, 1, 1, 4.80374e+19
Pixel 179, 499, 1, 1, 4.80374e+19
Pixel 178, 500, 1, 1, 4.80374e+19
Pixel 179, 500, 1, 1, 4.80374e+19
Pixel 179, 501, 1, 1, 4.80374e+19
Pixel 178, 501, 1, 1, 4.80374e+19
Pixel 178, 502, 1, 1, 4.80374e+19
Pixel 180, 497, 1, 1, 4.80374e+19
Pixel 180, 498, 1, 1, 4.80374e+19
Pixel 180, 499, 1, 1, 4.80374e+19
=== 3096558 ===
--- pALPIDEfs_4 ---
Pixel 48, 484, 1, 1, 4.80374e+19
Pixel 49, 484, 1, 1, 4.80374e+19
Pixel 49, 485, 1, 1, 4.80374e+19
=== 3122637 ===
--- pALPIDEfs_1 ---
Pixel 591, 323, 1, 1, 4.80374e+19
Pixel 590, 323, 1, 1, 4.80374e+19
Pixel 591, 324, 1, 1, 4.80374e+19
=== 3132796 ===
--- pALPIDEfs_0 ---
Pixel 583, 445, 1, 1, 4.80374e+19
Pixel 582, 446, 1, 1, 4.80374e+19
Pixel 583, 446, 1, 1, 4.80374e+19
=== 3138544 ===
--- pALPIDEfs_1 ---
Pixel 701, 293, 1, 1, 4.80374e+19
Pixel 702, 291, 1, 1, 4.80374e+19
Pixel 702, 292, 1, 1, 4.80374e+19
Pixel 702, 293, 1, 1, 4.80374e+19
=== 3145467 ===
--- pALPIDEfs_2 ---
Pixel 301, 28, 1, 1, 4.80374e+19
Pixel 302, 27, 1, 1, 4.80374e+19
Pixel 302, 28, 1, 1, 4.80374e+19
=== 3151147 ===
--- pALPIDEfs_6 ---
Pixel 361, 222, 1, 1, 4.80374e+19
Pixel 361, 223, 1, 1, 4.80374e+19
Pixel 361, 224, 1, 1, 4.80374e+19
Pixel 362, 223, 1, 1, 4.80374e+19
=== 3170122 ===
--- pALPIDEfs_6 ---
Pixel 551, 222, 1, 1, 4.80374e+19
Pixel 551, 223, 1, 1, 4.80374e+19
Pixel 552, 223, 1, 1, 4.80374e+19
=== 3177206 ===
--- pALPIDEfs_4 ---
Pixel 30, 278, 1, 1, 4.80374e+19
Pixel 31, 278, 1, 1, 4.80374e+19
=== 3178010 ===
--- pALPIDEfs_6 ---
Pixel 617, 150, 1, 1, 4.80374e+19
Pixel 617, 151, 1, 1, 4.80374e+19
Pixel 618, 150, 1, 1, 4.80374e+19
=== 3183325 ===
--- pALPIDEfs_4 ---
Pixel 837, 60, 1, 1, 4.80374e+19
Pixel 838, 60, 1, 1, 4.80374e+19
Pixel 839, 60, 1, 1, 4.80374e+19
Pixel 838, 61, 1, 1, 4.80374e+19
Pixel 840, 59, 1, 1, 4.80374e+19
Pixel 840, 60, 1, 1, 4.80374e+19
=== 3197159 ===
--- pALPIDEfs_5 ---
Pixel 1021, 54, 1, 1, 4.80374e+19
Pixel 1021, 55, 1, 1, 4.80374e+19
Pixel 1022, 55, 1, 1, 4.80374e+19
=== 3214425 ===
--- pALPIDEfs_6 ---
Pixel 279, 276, 1, 1, 4.80374e+19
Pixel 280, 276, 1, 1, 4.80374e+19
Pixel 280, 277, 1, 1, 4.80374e+19
=== 3219619 ===
--- pALPIDEfs_3 ---
Pixel 145, 511, 1, 1, 4.80374e+19
=== 3221726 ===
--- pALPIDEfs_0 ---
Pixel 875, 125, 1, 1, 4.80374e+19
Pixel 875, 126, 1, 1, 4.80374e+19
Pixel 876, 126, 1, 1, 4.80374e+19
Pixel 877, 126, 1, 1, 4.80374e+19
Pixel 877, 127, 1, 1, 4.80374e+19
Pixel 876, 127, 1, 1, 4.80374e+19
=== 3252297 ===
--- pALPIDEfs_5 ---
Pixel 494, 407, 1, 1, 4.80374e+19
Pixel 494, 408, 1, 1, 4.80374e+19
=== 3263280 ===
--- pALPIDEfs_4 ---
Pixel 799, 116, 1, 1, 4.80374e+19
=== 3269443 ===
--- pALPIDEfs_6 ---
Pixel 453, 332, 1, 1, 4.80374e+19
Pixel 453, 333, 1, 1, 4.80374e+19
Pixel 452, 333, 1, 1, 4.80374e+19
Pixel 452, 334, 1, 1, 4.80374e+19
=== 3270186 ===
--- pALPIDEfs_3 ---
Pixel 961, 150, 1, 1, 4.80374e+19
Pixel 961, 151, 1, 1, 4.80374e+19
Pixel 962, 150, 1, 1, 4.80374e+19
Pixel 962, 151, 1, 1, 4.80374e+19
=== 3271815 ===
--- pALPIDEfs_4 ---
Pixel 508, 442, 1, 1, 4.80374e+19
--- pALPIDEfs_5 ---
Pixel 477, 405, 1, 1, 4.80374e+19
Pixel 477, 406, 1, 1, 4.80374e+19
Pixel 478, 405, 1, 1, 4.80374e+19
--- pALPIDEfs_6 ---
Pixel 499, 312, 1, 1, 4.80374e+19
=== 3277268 ===
--- pALPIDEfs_2 ---
Pixel 25, 241, 1, 1, 4.80374e+19
Pixel 24, 241, 1, 1, 4.80374e+19
--- pALPIDEfs_3 ---
Pixel 513, 67, 1, 1, 4.80374e+19
Pixel 514, 67, 1, 1, 4.80374e+19
=== 3283257 ===
--- pALPIDEfs_4 ---
Pixel 727, 504, 1, 1, 4.80374e+19
Pixel 727, 505, 1, 1, 4.80374e+19
=== 3284373 ===
--- pALPIDEfs_4 ---
Pixel 564, 178, 1, 1, 4.80374e+19
=== 3316755 ===
--- pALPIDEfs_0 ---
Pixel 257, 110, 1, 1, 4.80374e+19
Pixel 257, 111, 1, 1, 4.80374e+19
Pixel 258, 110, 1, 1, 4.80374e+19
Pixel 258, 111, 1, 1, 4.80374e+19
=== 3317243 ===
--- pALPIDEfs_2 ---
Pixel 25, 144, 1, 1, 4.80374e+19
=== 3348426 ===
--- pALPIDEfs_2 ---
Pixel 265, 436, 1, 1, 4.80374e+19
Pixel 266, 436, 1, 1, 4.80374e+19
--- pALPIDEfs_3 ---
Pixel 656, 146, 1, 1, 4.80374e+19
Pixel 657, 146, 1, 1, 4.80374e+19
Pixel 657, 147, 1, 1, 4.80374e+19
Pixel 656, 147, 1, 1, 4.80374e+19
Pixel 656, 148, 1, 1, 4.80374e+19
Pixel 657, 148, 1, 1, 4.80374e+19
=== 3355298 ===
--- pALPIDEfs_6 ---
Pixel 56, 125, 1, 1, 4.80374e+19
Pixel 56, 126, 1, 1, 4.80374e+19
=== 3394921 ===
--- pALPIDEfs_1 ---
Pixel 379, 314, 1, 1, 4.80374e+19
Pixel 379, 315, 1, 1, 4.80374e+19
=== 3409874 ===
--- pALPIDEfs_6 ---
Pixel 585, 498, 1, 1, 4.80374e+19
Pixel 586, 497, 1, 1, 4.80374e+19
Pixel 586, 498, 1, 1, 4.80374e+19
=== 3426362 ===
--- pALPIDEfs_6 ---
Pixel 783, 36, 1, 1, 4.80374e+19
Pixel 784, 36, 1, 1, 4.80374e+19
=== 3432007 ===
--- pALPIDEfs_2 ---
Pixel 875, 225, 1, 1, 4.80374e+19
Pixel 875, 226, 1, 1, 4.80374e+19
=== 3438565 ===
--- pALPIDEfs_0 ---
Pixel 475, 158, 1, 1, 4.80374e+19
Pixel 475, 159, 1, 1, 4.80374e+19
=== 3446543 ===
--- pALPIDEfs_3 ---
Pixel 397, 124, 1, 1, 4.80374e+19
Pixel 397, 125, 1, 1, 4.80374e+19
=== 3450985 ===
--- pALPIDEfs_1 ---
Pixel 289, 279, 1, 1, 4.80374e+19
--- pALPIDEfs_2 ---
Pixel 137, 494, 1, 1, 4.80374e+19
Pixel 137, 495, 1, 1, 4.80374e+19
=== 3451086 ===
--- pALPIDEfs_0 ---
Pixel 980, 417, 1, 1, 4.80374e+19
Pixel 980, 418, 1, 1, 4.80374e+19
Pixel 981, 418, 1, 1, 4.80374e+19
=== 3479644 ===
--- pALPIDEfs_1 ---
Pixel 665, 89, 1, 1, 4.80374e+19
--- pALPIDEfs_2 ---
Pixel 765, 228, 1, 1, 4.80374e+19
Pixel 766, 228, 1, 1, 4.80374e+19
--- pALPIDEfs_3 ---
Pixel 868, 439, 1, 1, 4.80374e+19
--- pALPIDEfs_4 ---
Pixel 477, 92, 1, 1, 4.80374e+19
--- pALPIDEfs_5 ---
Pixel 577, 118, 1, 1, 4.80374e+19
Pixel 577, 119, 1, 1, 4.80374e+19
Pixel 578, 118, 1, 1, 4.80374e+19
Pixel 579, 118, 1, 1, 4.80374e+19
Pixel 579, 119, 1, 1, 4.80374e+19
Pixel 578, 119, 1, 1, 4.80374e+19
=== 3479991 ===
--- pALPIDEfs_2 ---
Pixel 559, 87, 1, 1, 4.80374e+19
Pixel 561, 84, 1, 1, 4.80374e+19
Pixel 561, 85, 1, 1, 4.80374e+19
Pixel 560, 85, 1, 1, 4.80374e+19
Pixel 560, 86, 1, 1, 4.80374e+19
Pixel 560, 87, 1, 1, 4.80374e+19
Pixel 562, 84, 1, 1, 4.80374e+19
=== 3495526 ===
--- pALPIDEfs_1 ---
Pixel 386, 398, 1, 1, 4.80374e+19
--- pALPIDEfs_2 ---
Pixel 991, 239, 1, 1, 4.80374e+19
Pixel 991, 240, 1, 1, 4.80374e+19
Pixel 992, 239, 1, 1, 4.80374e+19
Pixel 992, 240, 1, 1, 4.80374e+19
=== 3577620 ===
--- pALPIDEfs_3 ---
Pixel 662, 148, 1, 1, 4.80374e+19
Pixel 663, 148, 1, 1, 4.80374e+19
Pixel 663, 149, 1, 1, 4.80374e+19
Pixel 662, 149, 1, 1, 4.80374e+19
Pixel 663, 150, 1, 1, 4.80374e+19
Pixel 664, 148, 1, 1, 4.80374e+19
Pixel 664, 149, 1, 1, 4.80374e+19
--- pALPIDEfs_4 ---
Pixel 793, 87, 1, 1, 4.80374e+19
Pixel 792, 87, 1, 1, 4.80374e+19
Pixel 792, 88, 1, 1, 4.80374e+19
Pixel 793, 88, 1, 1, 4.80374e+19
=== 3585849 ===
--- pALPIDEfs_6 ---
Pixel 751, 435, 1, 1, 4.80374e+19
Pixel 751, 436, 1, 1, 4.80374e+19
=== 3594661 ===
--- pALPIDEfs_5 ---
Pixel 557, 112, 1, 1, 4.80374e+19
Pixel 557, 113, 1, 1, 4.80374e+19
Pixel 557, 114, 1, 1, 4.80374e+19
Pixel 557, 115, 1, 1, 4.80374e+19
=== 3601935 ===
--- pALPIDEfs_4 ---
Pixel 845, 49, 1, 1, 4.80374e+19
=== 3607858 ===
--- pALPIDEfs_2 ---
Pixel 253, 507, 1, 1, 4.80374e+19
Pixel 252, 508, 1, 1, 4.80374e+19
Pixel 253, 508, 1, 1, 4.80374e+19
Pixel 254, 507, 1, 1, 4.80374e+19
Pixel 254, 508, 1, 1, 4.80374e+19
=== 3621483 ===
--- pALPIDEfs_2 ---
Pixel 386, 180, 1, 1, 4.80374e+19
Pixel 387, 180, 1, 1, 4.80374e+19
=== 3644615 ===
--- pALPIDEfs_5 ---
Pixel 613, 314, 1, 1, 4.80374e+19
Pixel 613, 315, 1, 1, 4.80374e+19
--- pALPIDEfs_6 ---
Pixel 617, 371, 1, 1, 4.80374e+19
Pixel 616, 371, 1, 1, 4.80374e+19
Pixel 616, 372, 1, 1, 4.80374e+19
Pixel 617, 372, 1, 1, 4.80374e+19
=== 3652649 ===
--- pALPIDEfs_4 ---
Pixel 1001, 319, 1, 1, 4.80374e+19
Pixel 1000, 319, 1, 1, 4.80374e+19
Pixel 1000, 320, 1, 1, 4.80374e+19
Pixel 1001, 320, 1, 1, 4.80374e+19
Pixel 1001, 321, 1, 1, 4.80374e+19
Pixel 1000, 321, 1, 1, 4.80374e+19
Pixel 1002, 319, 1, 1, 4.80374e+19
Pixel 1002, 320, 1, 1, 4.80374e+19
--- pALPIDEfs_5 ---
Pixel 961, 495, 1, 1, 4.80374e+19
Pixel 960, 495, 1, 1, 4.80374e+19
Pixel 960, 496, 1, 1, 4.80374e+19
Pixel 961, 496, 1, 1, 4.80374e+19
Pixel 960, 497, 1, 1, 4.80374e+19
Pixel 960, 498, 1, 1, 4.80374e+19
=== 3657967 ===
--- pALPIDEfs_3 ---
Pixel 1015, 443, 1, 1, 4.80374e+19
Pixel 1015, 444, 1, 1, 4.80374e+19
Pixel 1015, 445, 1, 1, 4.80374e+19
Pixel 1016, 445, 1, 1, 4.80374e+19
Pixel 1016, 446, 1, 1, 4.80374e+19
Pixel 1017, 446, 1, 1, 4.80374e+19
Pixel 1017, 447, 1, 1, 4.80374e+19
=== 3672366 ===
--- pALPIDEfs_6 ---
Pixel 876, 377, 1, 1, 4.80374e+19
Pixel 876, 378, 1, 1, 4.80374e+19
=== 3679673 ===
--- pALPIDEfs_4 ---
Pixel 550, 194, 1, 1, 4.80374e+19
Pixel 551, 194, 1, 1, 4.80374e+19
=== 3689347 ===
--- pALPIDEfs_6 ---
Pixel 611, 366, 1, 1, 4.80374e+19
Pixel 612, 366, 1, 1, 4.80374e+19
Pixel 612, 367, 1, 1, 4.80374e+19
=== 3701366 ===
--- pALPIDEfs_3 ---
Pixel 788, 298, 1, 1, 4.80374e+19
Pixel 789, 298, 1, 1, 4.80374e+19
Pixel 789, 299, 1, 1, 4.80374e+19
Pixel 790, 299, 1, 1, 4.80374e+19
--- pALPIDEfs_4 ---
Pixel 552, 190, 1, 1, 4.80374e+19
Pixel 553, 191, 1, 1, 4.80374e+19
Pixel 552, 191, 1, 1, 4.80374e+19
=== 3706704 ===
--- pALPIDEfs_0 ---
Pixel 267, 1, 1, 1, 4.80374e+19
Pixel 267, 2, 1, 1, 4.80374e+19
Pixel 268, 2, 1, 1, 4.80374e+19
=== 3709073 ===
--- pALPIDEfs_2 ---
Pixel 913, 333, 1, 1, 4.80374e+19
Pixel 912, 333, 1, 1, 4.80374e+19
Pixel 912, 334, 1, 1, 4.80374e+19
Pixel 913, 334, 1, 1, 4.80374e+19
--- pALPIDEfs_3 ---
Pixel 619, 179, 1, 1, 4.80374e+19
Pixel 618, 179, 1, 1, 4.80374e+19
--- pALPIDEfs_4 ---
Pixel 348, 11, 1, 1, 4.80374e+19
=== 3711472 ===
--- pALPIDEfs_2 ---
Pixel 987, 283, 1, 1, 4.80374e+19
Pixel 986, 283, 1, 1, 4.80374e+19
Pixel 986, 284, 1, 1, 4.80374e+19
--- pALPIDEfs_3 ---
Pixel 693, 95, 1, 1, 4.80374e+19
Pixel 692, 95, 1, 1, 4.80374e+19
=== 3711747 ===
--- pALPIDEfs_4 ---
Pixel 391, 293, 1, 1, 4.80374e+19
Pixel 391, 294, 1, 1, 4.80374e+19
=== 3754652 ===
--- pALPIDEfs_1 ---
Pixel 819, 451, 1, 1, 4.80374e+19
Pixel 818, 451, 1, 1, 4.80374e+19
Pixel 819, 452, 1, 1, 4.80374e+19
=== 3770241 ===
--- pALPIDEfs_5 ---
Pixel 163, 222, 1, 1, 4.80374e+19
Pixel 163, 223, 1, 1, 4.80374e+19
Pixel 164, 222, 1, 1, 4.80374e+19
Pixel 164, 223, 1, 1, 4.80374e+19
=== 3776374 ===
--- pALPIDEfs_2 ---
Pixel 739, 63, 1, 1, 4.80374e+19
Pixel 740, 63, 1, 1, 4.80374e+19
Pixel 740, 64, 1, 1, 4.80374e+19
--- pALPIDEfs_3 ---
Pixel 177, 356, 1, 1, 4.80374e+19
Pixel 177, 357, 1, 1, 4.80374e+19
Pixel 178, 356, 1, 1, 4.80374e+19
Pixel 178, 357, 1, 1, 4.80374e+19
=== 3781907 ===
--- pALPIDEfs_6 ---
Pixel 865, 501, 1, 1, 4.80374e+19
Pixel 864, 501, 1, 1, 4.80374e+19
Pixel 864, 502, 1, 1, 4.80374e+19
Pixel 865, 502, 1, 1, 4.80374e+19
Pixel 865, 503, 1, 1, 4.80374e+19
Pixel 864, 503, 1, 1, 4.80374e+19
=== 3795725 ===
--- pALPIDEfs_4 ---
Pixel 321, 370, 1, 1, 4.80374e+19
Pixel 321, 371, 1, 1, 4.80374e+19
Pixel 322, 370, 1, 1, 4.80374e+19
Pixel 322, 371, 1, 1, 4.80374e+19
=== 3815826 ===
--- pALPIDEfs_4 ---
Pixel 401, 457, 1, 1, 4.80374e+19
Pixel 400, 457, 1, 1, 4.80374e+19
Pixel 401, 458, 1, 1, 4.80374e+19
--- pALPIDEfs_5 ---
Pixel 617, 50, 1, 1, 4.80374e+19
Pixel 617, 51, 1, 1, 4.80374e+19
Pixel 618, 50, 1, 1, 4.80374e+19
Pixel 618, 51, 1, 1, 4.80374e+19
=== 3820893 ===
--- pALPIDEfs_3 ---
Pixel 95, 17, 1, 1, 4.80374e+19
Pixel 94, 17, 1, 1, 4.80374e+19
--- pALPIDEfs_4 ---
Pixel 179, 79, 1, 1, 4.80374e+19
Pixel 178, 79, 1, 1, 4.80374e+19
Pixel 179, 80, 1, 1, 4.80374e+19
--- pALPIDEfs_5 ---
Pixel 232, 187, 1, 1, 4.80374e+19
Pixel 232, 188, 1, 1, 4.80374e+19
--- pALPIDEfs_6 ---
Pixel 340, 239, 1, 1, 4.80374e+19
=== 3826564 ===
--- pALPIDEfs_3 ---
Pixel 775, 111, 1, 1, 4.80374e+19
=== 3831362 ===
--- pALPIDEfs_6 ---
Pixel 663, 445, 1, 1, 4.80374e+19
Pixel 662, 445, 1, 1, 4.80374e+19
Pixel 662, 446, 1, 1, 4.80374e+19
Pixel 663, 446, 1, 1, 4.80374e+19
=== 3834401 ===
--- pALPIDEfs_2 ---
Pixel 128, 104, 1, 1, 4.80374e+19
Pixel 129, 104, 1, 1, 4.80374e+19
=== 3839953 ===
--- pALPIDEfs_1 ---
Pixel 359, 161, 1, 1, 4.80374e+19
Pixel 359, 162, 1, 1, 4.80374e+19
=== 3842868 ===
--- pALPIDEfs_2 ---
Pixel 343, 150, 1, 1, 4.80374e+19
Pixel 343, 151, 1, 1, 4.80374e+19
--- pALPIDEfs_3 ---
Pixel 847, 402, 1, 1, 4.80374e+19
=== 3845990 ===
--- pALPIDEfs_5 ---
Pixel 78, 346, 1, 1, 4.80374e+19
Pixel 79, 347, 1, 1, 4.80374e+19
Pixel 78, 347, 1, 1, 4.80374e+19
=== 3847568 ===
--- pALPIDEfs_2 ---
Pixel 459, 287, 1, 1, 4.80374e+19
Pixel 459, 288, 1, 1, 4.80374e+19
Pixel 460, 286, 1, 1, 4.80374e+19
Pixel 460, 287, 1, 1, 4.80374e+19
=== 3849479 ===
--- pALPIDEfs_4 ---
Pixel 61, 499, 1, 1, 4.80374e+19
Pixel 61, 500, 1, 1, 4.80374e+19
=== 3853384 ===
--- pALPIDEfs_2 ---
Pixel 1008, 387, 1, 1, 4.80374e+19
=== 3864743 ===
--- pALPIDEfs_3 ---
Pixel 976, 310, 1, 1, 4.80374e+19
Pixel 977, 310, 1, 1, 4.80374e+19
Pixel 976, 311, 1, 1, 4.80374e+19
--- pALPIDEfs_4 ---
Pixel 275, 443, 1, 1, 4.80374e+19
Pixel 275, 444, 1, 1, 4.80374e+19
Pixel 276, 443, 1, 1, 4.80374e+19
Pixel 276, 444, 1, 1, 4.80374e+19
=== 3869707 ===
--- pALPIDEfs_2 ---
Pixel 803, 288, 1, 1, 4.80374e+19
Pixel 803, 289, 1, 1, 4.80374e+19
Pixel 805, 287, 1, 1, 4.80374e+19
Pixel 804, 288, 1, 1, 4.80374e+19
Pixel 805, 288, 1, 1, 4.80374e+19
Pixel 804, 289, 1, 1, 4.80374e+19
Pixel 807, 287, 1, 1, 4.80374e+19
Pixel 806, 287, 1, 1, 4.80374e+19
Pixel 806, 288, 1, 1, 4.80374e+19
Pixel 807, 288, 1, 1, 4.80374e+19
Pixel 809, 287, 1, 1, 4.80374e+19
Pixel 808, 287, 1, 1, 4.80374e+19
Pixel 808, 288, 1, 1, 4.80374e+19
Pixel 811, 287, 1, 1, 4.80374e+19
Pixel 810, 287, 1, 1, 4.80374e+19
Pixel 813, 287, 1, 1, 4.80374e+19
Pixel 812, 287, 1, 1, 4.80374e+19
=== 3889700 ===
--- pALPIDEfs_2 ---
Pixel 759, 142, 1, 1, 4.80374e+19
Pixel 759, 143, 1, 1, 4.80374e+19
Pixel 760, 142, 1, 1, 4.80374e+19
Pixel 760, 143, 1, 1, 4.80374e+19
=== 3914732 ===
--- pALPIDEfs_6 ---
Pixel 376, 468, 1, 1, 4.80374e+19
Pixel 376, 469, 1, 1, 4.80374e+19
=== 3929905 ===
--- pALPIDEfs_0 ---
Pixel 944, 199, 1, 1, 4.80374e+19
Pixel 944, 200, 1, 1, 4.80374e+19
=== 3945228 ===
--- pALPIDEfs_5 ---
Pixel 25, 495, 1, 1, 4.80374e+19
Pixel 24, 495, 1, 1, 4.80374e+19
Pixel 25, 496, 1, 1, 4.80374e+19
=== 3951752 ===
--- pALPIDEfs_6 ---
Pixel 867, 23, 1, 1, 4.80374e+19
=== 3968008 ===
--- pALPIDEfs_4 ---
Pixel 620, 450, 1, 1, 4.80374e+19
=== 3969727 ===
--- pALPIDEfs_5 ---
Pixel 99, 253, 1, 1, 4.80374e+19
Pixel 100, 253, 1, 1, 4.80374e+19
=== 3978333 ===
--- pALPIDEfs_3 ---
Pixel 477, 354, 1, 1, 4.80374e+19
Pixel 477, 355, 1, 1, 4.80374e+19
Pixel 476, 355, 1, 1, 4.80374e+19
Pixel 476, 356, 1, 1, 4.80374e+19
Pixel 477, 356, 1, 1, 4.80374e+19
Pixel 478, 355, 1, 1, 4.80374e+19
Pixel 478, 356, 1, 1, 4.80374e+19
=== 3983397 ===
--- pALPIDEfs_5 ---
Pixel 775, 504, 1, 1, 4.80374e+19
Pixel 775, 505, 1, 1, 4.80374e+19
--- pALPIDEfs_6 ---
Pixel 961, 425, 1, 1, 4.80374e+19
=== 3990211 ===
--- pALPIDEfs_2 ---
Pixel 859, 150, 1, 1, 4.80374e+19
Pixel 859, 151, 1, 1, 4.80374e+19
Pixel 860, 151, 1, 1, 4.80374e+19
Pixel 860, 152, 1, 1, 4.80374e+19
=== 3991356 ===
--- pALPIDEfs_2 ---
Pixel 973, 415, 1, 1, 4.80374e+19
Pixel 972, 415, 1, 1, 4.80374e+19
Pixel 972, 416, 1, 1, 4.80374e+19
Pixel 973, 416, 1, 1, 4.80374e+19
Pixel 973, 417, 1, 1, 4.80374e+19
=== 4001844 ===
--- pALPIDEfs_6 ---
Pixel 749, 396, 1, 1, 4.80374e+19
Pixel 750, 395, 1, 1, 4.80374e+19
Pixel 750, 396, 1, 1, 4.80374e+19
=== 4014666 ===
--- pALPIDEfs_4 ---
Pixel 987, 219, 1, 1, 4.80374e+19
Pixel 987, 220, 1, 1, 4.80374e+19
Pixel 987, 221, 1, 1, 4.80374e+19
Pixel 988, 220, 1, 1, 4.80374e+19
Pixel 989, 221, 1, 1, 4.80374e+19
Pixel 988, 221, 1, 1, 4.80374e+19
Pixel 992, 222, 1, 1, 4.80374e+19
=== 4018334 ===
--- pALPIDEfs_0 ---
Pixel 19, 251, 1, 1, 4.80374e+19
Pixel 18, 252, 1, 1, 4.80374e+19
Pixel 19, 252, 1, 1, 4.80374e+19
--- pALPIDEfs_1 ---
Pixel 30, 62, 1, 1, 4.80374e+19
=== 4035804 ===
--- pALPIDEfs_3 ---
Pixel 587, 292, 1, 1, 4.80374e+19
Pixel 588, 292, 1, 1, 4.80374e+19
Pixel 588, 293, 1, 1, 4.80374e+19
--- pALPIDEfs_4 ---
Pixel 668, 398, 1, 1, 4.80374e+19
Pixel 669, 398, 1, 1, 4.80374e+19
Pixel 669, 399, 1, 1, 4.80374e+19
Pixel 668, 399, 1, 1, 4.80374e+19
=== 4039346 ===
--- pALPIDEfs_5 ---
Pixel 198, 402, 1, 1, 4.80374e+19
Pixel 199, 402, 1, 1, 4.80374e+19
Pixel 199, 403, 1, 1, 4.80374e+19
=== 4045684 ===
--- pALPIDEfs_5 ---
Pixel 800, 14, 1, 1, 4.80374e+19
Pixel 801, 14, 1, 1, 4.80374e+19
Pixel 801, 15, 1, 1, 4.80374e+19
Pixel 800, 15, 1, 1, 4.80374e+19
--- pALPIDEfs_6 ---
Pixel 773, 455, 1, 1, 4.80374e+19
Pixel 772, 455, 1, 1, 4.80374e+19
Pixel 772, 456, 1, 1, 4.80374e+19
=== 4064453 ===
--- pALPIDEfs_5 ---
Pixel 171, 39, 1, 1, 4.80374e+19
Pixel 170, 39, 1, 1, 4.80374e+19
=== 4078138 ===
--- pALPIDEfs_5 ---
Pixel 623, 365, 1, 1, 4.80374e+19
Pixel 622, 365, 1, 1, 4.80374e+19
Pixel 622, 366, 1, 1, 4.80374e+19
Pixel 623, 366, 1, 1, 4.80374e+19
=== 4083294 ===
--- pALPIDEfs_5 ---
Pixel 64, 313, 1, 1, 4.80374e+19
Pixel 64, 314, 1, 1, 4.80374e+19
Pixel 65, 314, 1, 1, 4.80374e+19
=== 4092973 ===
--- pALPIDEfs_5 ---
Pixel 568, 395, 1, 1, 4.80374e+19
Pixel 568, 396, 1, 1, 4.80374e+19
=== 4094920 ===
--- pALPIDEfs_2 ---
Pixel 191, 153, 1, 1, 4.80374e+19
Pixel 190, 154, 1, 1, 4.80374e+19
Pixel 191, 154, 1, 1, 4.80374e+19
Pixel 191, 155, 1, 1, 4.80374e+19
Pixel 190, 155, 1, 1, 4.80374e+19
Pixel 190, 156, 1, 1, 4.80374e+19
=== 4106598 ===
--- pALPIDEfs_2 ---
Pixel 985, 193, 1, 1, 4.80374e+19
Pixel 984, 193, 1, 1, 4.80374e+19
Pixel 984, 194, 1, 1, 4.80374e+19
Pixel 985, 194, 1, 1, 4.80374e+19
Pixel 986, 192, 1, 1, 4.80374e+19
Pixel 986, 193, 1, 1, 4.80374e+19
Pixel 986, 194, 1, 1, 4.80374e+19
--- pALPIDEfs_3 ---
Pixel 714, 382, 1, 1, 4.80374e+19
Pixel 715, 382, 1, 1, 4.80374e+19
Pixel 715, 383, 1, 1, 4.80374e+19
Pixel 714, 383, 1, 1, 4.80374e+19
=== 4124978 ===
--- pALPIDEfs_3 ---
Pixel 395, 299, 1, 1, 4.80374e+19
=== 4125515 ===
--- pALPIDEfs_3 ---
Pixel 620, 433, 1, 1, 4.80374e+19
--- pALPIDEfs_4 ---
Pixel 68, 254, 1, 1, 4.80374e+19
Pixel 69, 254, 1, 1, 4.80374e+19
=== 4125787 ===
--- pALPIDEfs_3 ---
Pixel 192, 432, 1, 1, 4.80374e+19
Pixel 193, 432, 1, 1, 4.80374e+19
Pixel 193, 433, 1, 1, 4.80374e+19
Pixel 192, 433, 1, 1, 4.80374e+19
--- pALPIDEfs_4 ---
Pixel 12, 268, 1, 1, 4.80374e+19
Pixel 12, 269, 1, 1, 4.80374e+19
=== 4126241 ===
--- pALPIDEfs_0 ---
Pixel 663, 494, 1, 1, 4.80374e+19
=== 4127269 ===
--- pALPIDEfs_0 ---
Pixel 703, 28, 1, 1, 4.80374e+19
Pixel 703, 29, 1, 1, 4.80374e+19
=== 4131297 ===
--- pALPIDEfs_0 ---
Pixel 681, 262, 1, 1, 4.80374e+19
=== 4142136 ===
--- pALPIDEfs_2 ---
Pixel 716, 111, 1, 1, 4.80374e+19
Pixel 716, 112, 1, 1, 4.80374e+19
--- pALPIDEfs_3 ---
Pixel 815, 342, 1, 1, 4.80374e+19
Pixel 815, 343, 1, 1, 4.80374e+19
Pixel 816, 342, 1, 1, 4.80374e+19
Pixel 816, 343, 1, 1, 4.80374e+19
=== 4152370 ===
--- pALPIDEfs_3 ---
Pixel 1000, 376, 1, 1, 4.80374e+19
=== 4180779 ===
--- pALPIDEfs_5 ---
Pixel 481, 494, 1, 1, 4.80374e+19
Pixel 481, 495, 1, 1, 4.80374e+19
Pixel 482, 494, 1, 1, 4.80374e+19
Pixel 482, 495, 1, 1, 4.80374e+19
=== 4188039 ===
--- pALPIDEfs_3 ---
Pixel 177, 48, 1, 1, 4.80374e+19
Pixel 177, 49, 1, 1, 4.80374e+19
Pixel 178, 48, 1, 1, 4.80374e+19
Pixel 178, 49, 1, 1, 4.80374e+19
--- pALPIDEfs_5 ---
Pixel 112, 93, 1, 1, 4.80374e+19
Pixel 112, 94, 1, 1, 4.80374e+19
=== 4190492 ===
--- pALPIDEfs_6 ---
Pixel 666, 304, 1, 1, 4.80374e+19
Pixel 666, 305, 1, 1, 4.80374e+19
=== 4207288 ===
--- pALPIDEfs_2 ---
Pixel 656, 190, 1, 1, 4.80374e+19
Pixel 657, 191, 1, 1, 4.80374e+19
Pixel 656, 191, 1, 1, 4.80374e+19
=== 4215220 ===
--- pALPIDEfs_5 ---
Pixel 347, 201, 1, 1, 4.80374e+19
Pixel 347, 202, 1, 1, 4.80374e+19
=== 4228171 ===
--- pALPIDEfs_2 ---
Pixel 420, 202, 1, 1, 4.80374e+19
Pixel 421, 202, 1, 1, 4.80374e+19
Pixel 421, 203, 1, 1, 4.80374e+19
Pixel 420, 203, 1, 1, 4.80374e+19
--- pALPIDEfs_3 ---
Pixel 262, 476, 1, 1, 4.80374e+19
Pixel 262, 477, 1, 1, 4.80374e+19
=== 4228464 ===
--- pALPIDEfs_5 ---
Pixel 912, 159, 1, 1, 4.80374e+19
=== 4239156 ===
--- pALPIDEfs_6 ---
Pixel 646, 328, 1, 1, 4.80374e+19
Pixel 647, 328, 1, 1, 4.80374e+19
=== 4251622 ===
--- pALPIDEfs_4 ---
Pixel 681, 442, 1, 1, 4.80374e+19
Pixel 681, 443, 1, 1, 4.80374e+19
Pixel 681, 444, 1, 1, 4.80374e+19
Pixel 682, 443, 1, 1, 4.80374e+19
Pixel 682, 444, 1, 1, 4.80374e+19
=== 4261597 ===
--- pALPIDEfs_4 ---
Pixel 969, 295, 1, 1, 4.80374e+19
=== 4264685 ===
--- pALPIDEfs_4 ---
Pixel 396, 107, 1, 1, 4.80374e+19
=== 4279044 ===
--- pALPIDEfs_1 ---
Pixel 955, 108, 1, 1, 4.80374e+19
Pixel 956, 108, 1, 1, 4.80374e+19
=== 4282849 ===
--- pALPIDEfs_3 ---
Pixel 557, 180, 1, 1, 4.80374e+19
=== 4305320 ===
--- pALPIDEfs_6 ---
Pixel 507, 53, 1, 1, 4.80374e+19
Pixel 507, 54, 1, 1, 4.80374e+19
Pixel 508, 54, 1, 1, 4.80374e+19
=== 4307980 ===
--- pALPIDEfs_5 ---
Pixel 639, 306, 1, 1, 4.80374e+19
Pixel 639, 307, 1, 1, 4.80374e+19
Pixel 640, 306, 1, 1, 4.80374e+19
Pixel 640, 307, 1, 1, 4.80374e+19
Pixel 640, 308, 1, 1, 4.80374e+19
--- pALPIDEfs_6 ---
Pixel 301, 453, 1, 1, 4.80374e+19
Pixel 301, 454, 1, 1, 4.80374e+19
Pixel 302, 453, 1, 1, 4.80374e+19
Pixel 302, 454, 1, 1, 4.80374e+19
=== 4314383 ===
--- pALPIDEfs_2 ---
Pixel 477, 100, 1, 1, 4.80374e+19
Pixel 903, 111, 1, 1, 4.80374e+19
Pixel 902, 111, 1, 1, 4.80374e+19
Pixel 902, 112, 1, 1, 4.80374e+19
Pixel 903, 112, 1, 1, 4.80374e+19
=== 4322336 ===
--- pALPIDEfs_5 ---
Pixel 623, 486, 1, 1, 4.80374e+19
=== 4332433 ===
--- pALPIDEfs_1 ---
Pixel 251, 158, 1, 1, 4.80374e+19
Pixel 251, 159, 1, 1, 4.80374e+19
Pixel 252, 158, 1, 1, 4.80374e+19
Pixel 252, 159, 1, 1, 4.80374e+19
=== 4356053 ===
--- pALPIDEfs_3 ---
Pixel 737, 387, 1, 1, 4.80374e+19
Pixel 736, 387, 1, 1, 4.80374e+19
Pixel 736, 388, 1, 1, 4.80374e+19
Pixel 737, 388, 1, 1, 4.80374e+19
=== 4359270 ===
--- pALPIDEfs_0 ---
Pixel 774, 96, 1, 1, 4.80374e+19
=== 4375889 ===
--- pALPIDEfs_0 ---
Pixel 283, 419, 1, 1, 4.80374e+19
Pixel 283, 420, 1, 1, 4.80374e+19
Pixel 284, 419, 1, 1, 4.80374e+19
Pixel 284, 420, 1, 1, 4.80374e+19
--- pALPIDEfs_1 ---
Pixel 133, 351, 1, 1, 4.80374e+19
Pixel 132, 351, 1, 1, 4.80374e+19
Pixel 132, 352, 1, 1, 4.80374e+19
Pixel 133, 352, 1, 1, 4.80374e+19
Pixel 133, 353, 1, 1, 4.80374e+19
Pixel 134, 355, 1, 1, 4.80374e+19
Pixel 134, 356, 1, 1, 4.80374e+19
=== 4427904 ===
--- pALPIDEfs_3 ---
Pixel 690, 420, 1, 1, 4.80374e+19
Pixel 691, 420, 1, 1, 4.80374e+19
=== 4432804 ===
--- pALPIDEfs_0 ---
Pixel 693, 314, 1, 1, 4.80374e+19
Pixel 694, 314, 1, 1, 4.80374e+19
Pixel 694, 315, 1, 1, 4.80374e+19
=== 4441022 ===
--- pALPIDEfs_5 ---
Pixel 299, 49, 1, 1, 4.80374e+19
Pixel 299, 50, 1, 1, 4.80374e+19
=== 4441835 ===
--- pALPIDEfs_5 ---
Pixel 904, 166, 1, 1, 4.80374e+19
Pixel 905, 166, 1, 1, 4.80374e+19
Pixel 905, 167, 1, 1, 4.80374e+19
Pixel 904, 167, 1, 1, 4.80374e+19
--- pALPIDEfs_6 ---
Pixel 769, 253, 1, 1, 4.80374e+19
Pixel 770, 252, 1, 1, 4.80374e+19
Pixel 770, 253, 1, 1, 4.80374e+19
=== 4448178 ===
--- pALPIDEfs_3 ---
Pixel 369, 16, 1, 1, 4.80374e+19
Pixel 370, 16, 1, 1, 4.80374e+19
Pixel 547, 191, 1, 1, 4.80374e+19
Pixel 547, 192, 1, 1, 4.80374e+19
--- pALPIDEfs_4 ---
Pixel 90, 465, 1, 1, 4.80374e+19
Pixel 90, 466, 1, 1, 4.80374e+19
=== 4460778 ===
--- pALPIDEfs_0 ---
Pixel 326, 105, 1, 1, 4.80374e+19
Pixel 326, 106, 1, 1, 4.80374e+19
=== 4507236 ===
--- pALPIDEfs_4 ---
Pixel 619, 205, 1, 1, 4.80374e+19
Pixel 619, 206, 1, 1, 4.80374e+19
=== 4508551 ===
--- pALPIDEfs_0 ---
Pixel 954, 223, 1, 1, 4.80374e+19
Pixel 954, 224, 1, 1, 4.80374e+19
=== 4526148 ===
--- pALPIDEfs_6 ---
Pixel 321, 141, 1, 1, 4.80374e+19
Pixel 321, 142, 1, 1, 4.80374e+19
=== 4544663 ===
--- pALPIDEfs_1 ---
Pixel 865, 124, 1, 1, 4.80374e+19
=== 4556088 ===
--- pALPIDEfs_3 ---
Pixel 607, 451, 1, 1, 4.80374e+19
Pixel 606, 451, 1, 1, 4.80374e+19
Pixel 607, 452, 1, 1, 4.80374e+19
Pixel 609, 451, 1, 1, 4.80374e+19
Pixel 608, 451, 1, 1, 4.80374e+19
Pixel 608, 452, 1, 1, 4.80374e+19
Pixel 609, 452, 1, 1, 4.80374e+19
=== 4564548 ===
--- pALPIDEfs_2 ---
Pixel 938, 112, 1, 1, 4.80374e+19
Pixel 939, 112, 1, 1, 4.80374e+19
--- pALPIDEfs_3 ---
Pixel 825, 89, 1, 1, 4.80374e+19
Pixel 825, 90, 1, 1, 4.80374e+19
--- pALPIDEfs_4 ---
Pixel 733, 53, 1, 1, 4.80374e+19
Pixel 733, 54, 1, 1, 4.80374e+19
Pixel 734, 53, 1, 1, 4.80374e+19
Pixel 734, 54, 1, 1, 4.80374e+19
--- pALPIDEfs_5 ---
Pixel 612, 61, 1, 1, 4.80374e+19
Pixel 612, 62, 1, 1, 4.80374e+19
Pixel 613, 62, 1, 1, 4.80374e+19
--- pALPIDEfs_6 ---
Pixel 545, 14, 1, 1, 4.80374e+19
=== 4574785 ===
--- pALPIDEfs_4 ---
Pixel 319, 121, 1, 1, 4.80374e+19
Pixel 319, 122, 1, 1, 4.80374e+19
Pixel 320, 121, 1, 1, 4.80374e+19
Pixel 320, 122, 1, 1, 4.80374e+19
--- pALPIDEfs_5 ---
Pixel 665, 452, 1, 1, 4.80374e+19
Pixel 665, 453, 1, 1, 4.80374e+19
=== 4588935 ===
--- pALPIDEfs_0 ---
Pixel 462, 96, 1, 1, 4.80374e+19
Pixel 462, 97, 1, 1, 4.80374e+19
=== 4607766 ===
--- pALPIDEfs_1 ---
Pixel 808, 240, 1, 1, 4.80374e+19
Pixel 809, 240, 1, 1, 4.80374e+19
Pixel 809, 241, 1, 1, 4.80374e+19
Pixel 808, 241, 1, 1, 4.80374e+19
Pixel 810, 240, 1, 1, 4.80374e+19
Pixel 810, 241, 1, 1, 4.80374e+19
=== 4608060 ===
--- pALPIDEfs_3 ---
Pixel 557, 180, 1, 1, 4.80374e+19
=== 4616763 ===
--- pALPIDEfs_0 ---
Pixel 819, 488, 1, 1, 4.80374e+19
Pixel 819, 489, 1, 1, 4.80374e+19
Pixel 818, 489, 1, 1, 4.80374e+19
Pixel 821, 487, 1, 1, 4.80374e+19
Pixel 820, 487, 1, 1, 4.80374e+19
Pixel 820, 488, 1, 1, 4.80374e+19
=== 4653041 ===
--- pALPIDEfs_3 ---
Pixel 699, 471, 1, 1, 4.80374e+19
Pixel 699, 472, 1, 1, 4.80374e+19
Pixel 700, 471, 1, 1, 4.80374e+19
Pixel 700, 472, 1, 1, 4.80374e+19
=== 4701013 ===
--- pALPIDEfs_5 ---
Pixel 757, 294, 1, 1, 4.80374e+19
=== 4708292 ===
--- pALPIDEfs_2 ---
Pixel 943, 188, 1, 1, 4.80374e+19
Pixel 943, 189, 1, 1, 4.80374e+19
Pixel 945, 187, 1, 1, 4.80374e+19
Pixel 944, 187, 1, 1, 4.80374e+19
Pixel 944, 188, 1, 1, 4.80374e+19
Pixel 945, 188, 1, 1, 4.80374e+19
Pixel 944, 189, 1, 1, 4.80374e+19
=== 4761880 ===
--- pALPIDEfs_3 ---
Pixel 395, 299, 1, 1, 4.80374e+19
=== 4772909 ===
--- pALPIDEfs_4 ---
Pixel 317, 9, 1, 1, 4.80374e+19
Pixel 318, 9, 1, 1, 4.80374e+19
=== 4779767 ===
--- pALPIDEfs_5 ---
Pixel 76, 322, 1, 1, 4.80374e+19
Pixel 77, 322, 1, 1, 4.80374e+19
Pixel 77, 323, 1, 1, 4.80374e+19
Pixel 76, 323, 1, 1, 4.80374e+19
=== 4786166 ===
--- pALPIDEfs_6 ---
Pixel 417, 109, 1, 1, 4.80374e+19
Pixel 417, 110, 1, 1, 4.80374e+19
=== 4807382 ===
--- pALPIDEfs_6 ---
Pixel 465, 358, 1, 1, 4.80374e+19
Pixel 466, 358, 1, 1, 4.80374e+19
=== 4814878 ===
--- pALPIDEfs_3 ---
Pixel 1000, 278, 1, 1, 4.80374e+19
=== 4820777 ===
--- pALPIDEfs_1 ---
Pixel 887, 75, 1, 1, 4.80374e+19
Pixel 887, 76, 1, 1, 4.80374e+19
--- pALPIDEfs_2 ---
Pixel 867, 148, 1, 1, 4.80374e+19
Pixel 867, 149, 1, 1, 4.80374e+19
--- pALPIDEfs_3 ---
Pixel 849, 295, 1, 1, 4.80374e+19
--- pALPIDEfs_4 ---
Pixel 853, 429, 1, 1, 4.80374e+19
=== 4824679 ===
--- pALPIDEfs_1 ---
Pixel 328, 474, 1, 1, 4.80374e+19
Pixel 329, 474, 1, 1, 4.80374e+19
Pixel 329, 475, 1, 1, 4.80374e+19
=== 4827836 ===
--- pALPIDEfs_0 ---
Pixel 112, 138, 1, 1, 4.80374e+19
--- pALPIDEfs_1 ---
Pixel 42, 342, 1, 1, 4.80374e+19
Pixel 43, 342, 1, 1, 4.80374e+19
Pixel 43, 343, 1, 1, 4.80374e+19
Pixel 42, 343, 1, 1, 4.80374e+19
Pixel 43, 344, 1, 1, 4.80374e+19
=== 4834976 ===
--- pALPIDEfs_3 ---
Pixel 638, 190, 1, 1, 4.80374e+19
Pixel 638, 191, 1, 1, 4.80374e+19
=== 4855797 ===
--- pALPIDEfs_3 ---
Pixel 801, 340, 1, 1, 4.80374e+19
Pixel 802, 340, 1, 1, 4.80374e+19
=== 4856883 ===
--- pALPIDEfs_2 ---
Pixel 21, 495, 1, 1, 4.80374e+19
Pixel 20, 495, 1, 1, 4.80374e+19
Pixel 20, 496, 1, 1, 4.80374e+19
Pixel 21, 496, 1, 1, 4.80374e+19
Pixel 22, 482, 1, 1, 4.80374e+19
Pixel 23, 482, 1, 1, 4.80374e+19
Pixel 23, 483, 1, 1, 4.80374e+19
Pixel 22, 483, 1, 1, 4.80374e+19
Pixel 22, 495, 1, 1, 4.80374e+19
=== 4861047 ===
--- pALPIDEfs_0 ---
Pixel 651, 159, 1, 1, 4.80374e+19
Pixel 650, 159, 1, 1, 4.80374e+19
Pixel 650, 160, 1, 1, 4.80374e+19
Pixel 651, 160, 1, 1, 4.80374e+19
=== 4870677 ===
--- pALPIDEfs_3 ---
Pixel 557, 180, 1, 1, 4.80374e+19
=== 4871674 ===
--- pALPIDEfs_0 ---
Pixel 195, 13, 1, 1, 4.80374e+19
Pixel 194, 13, 1, 1, 4.80374e+19
=== 4881624 ===
--- pALPIDEfs_3 ---
Pixel 751, 351, 1, 1, 4.80374e+19
Pixel 750, 352, 1, 1, 4.80374e+19
Pixel 751, 352, 1, 1, 4.80374e+19
Pixel 751, 353, 1, 1, 4.80374e+19
Pixel 750, 353, 1, 1, 4.80374e+19
Pixel 752, 351, 1, 1, 4.80374e+19
Pixel 752, 352, 1, 1, 4.80374e+19
Pixel 752, 353, 1, 1, 4.80374e+19
=== 4901115 ===
--- pALPIDEfs_4 ---
Pixel 398, 285, 1, 1, 4.80374e+19
=== 4904723 ===
--- pALPIDEfs_6 ---
Pixel 909, 125, 1, 1, 4.80374e+19
=== 4931611 ===
--- pALPIDEfs_3 ---
Pixel 401, 444, 1, 1, 4.80374e+19
Pixel 401, 445, 1, 1, 4.80374e+19
Pixel 402, 444, 1, 1, 4.80374e+19
Pixel 402, 445, 1, 1, 4.80374e+19
=== 4931648 ===
--- pALPIDEfs_5 ---
Pixel 236, 82, 1, 1, 4.80374e+19
Pixel 237, 82, 1, 1, 4.80374e+19
Pixel 237, 83, 1, 1, 4.80374e+19
Pixel 236, 83, 1, 1, 4.80374e+19
Pixel 236, 84, 1, 1, 4.80374e+19
Pixel 237, 84, 1, 1, 4.80374e+19
Pixel 237, 85, 1, 1, 4.80374e+19
Pixel 238, 83, 1, 1, 4.80374e+19
Pixel 238, 84, 1, 1, 4.80374e+19
Pixel 238, 85, 1, 1, 4.80374e+19
=== 4960735 ===
--- pALPIDEfs_4 ---
Pixel 777, 75, 1, 1, 4.80374e+19
--- pALPIDEfs_5 ---
Pixel 577, 231, 1, 1, 4.80374e+19
Pixel 577, 232, 1, 1, 4.80374e+19
=== 4962601 ===
--- pALPIDEfs_3 ---
Pixel 100, 222, 1, 1, 4.80374e+19
Pixel 100, 223, 1, 1, 4.80374e+19
--- pALPIDEfs_4 ---
Pixel 413, 369, 1, 1, 4.80374e+19
Pixel 414, 369, 1, 1, 4.80374e+19
=== 4978444 ===
--- pALPIDEfs_0 ---
Pixel 554, 240, 1, 1, 4.80374e+19
Pixel 555, 240, 1, 1, 4.80374e+19
Pixel 555, 241, 1, 1, 4.80374e+19
=== 4998676 ===
--- pALPIDEfs_2 ---
Pixel 431, 182, 1, 1, 4.80374e+19
Pixel 430, 183, 1, 1, 4.80374e+19
Pixel 430, 184, 1, 1, 4.80374e+19
Pixel 432, 183, 1, 1, 4.80374e+19
--- pALPIDEfs_3 ---
Pixel 810, 67, 1, 1, 4.80374e+19
Pixel 812, 69, 1, 1, 4.80374e+19
Pixel 812, 70, 1, 1, 4.80374e+19
Pixel 813, 70, 1, 1, 4.80374e+19
Pixel 815, 69, 1, 1, 4.80374e+19
Pixel 814, 69, 1, 1, 4.80374e+19
Pixel 814, 70, 1, 1, 4.80374e+19
Pixel 815, 70, 1, 1, 4.80374e+19
Pixel 816, 69, 1, 1, 4.80374e+19
Pixel 816, 70, 1, 1, 4.80374e+19
