Run: Cosmics000401
=== 2 ===
--- pALPIDEfs_3 ---
Pixel 238, 320, 1, 1, 4.80374e+19
Pixel 238, 320, 1, 1, 4.80374e+19
=== 3 ===
--- pALPIDEfs_0 ---
Pixel 92, 0, 1, 1, 4.80374e+19
Pixel 93, 0, 1, 1, 4.80374e+19
Pixel 93, 1, 1, 1, 4.80374e+19
Pixel 92, 1, 1, 1, 4.80374e+19
Pixel 92, 2, 1, 1, 4.80374e+19
Pixel 93, 2, 1, 1, 4.80374e+19
Pixel 93, 3, 1, 1, 4.80374e+19
Pixel 92, 3, 1, 1, 4.80374e+19
Pixel 92, 4, 1, 1, 4.80374e+19
Pixel 93, 4, 1, 1, 4.80374e+19
Pixel 93, 5, 1, 1, 4.80374e+19
Pixel 92, 5, 1, 1, 4.80374e+19
Pixel 92, 6, 1, 1, 4.80374e+19
Pixel 93, 6, 1, 1, 4.80374e+19
Pixel 93, 7, 1, 1, 4.80374e+19
Pixel 92, 7, 1, 1, 4.80374e+19
Pixel 92, 8, 1, 1, 4.80374e+19
Pixel 93, 8, 1, 1, 4.80374e+19
Pixel 93, 9, 1, 1, 4.80374e+19
Pixel 92, 9, 1, 1, 4.80374e+19
Pixel 92, 10, 1, 1, 4.80374e+19
Pixel 93, 10, 1, 1, 4.80374e+19
Pixel 93, 11, 1, 1, 4.80374e+19
Pixel 92, 11, 1, 1, 4.80374e+19
Pixel 92, 12, 1, 1, 4.80374e+19
Pixel 93, 12, 1, 1, 4.80374e+19
Pixel 93, 13, 1, 1, 4.80374e+19
Pixel 92, 13, 1, 1, 4.80374e+19
Pixel 92, 14, 1, 1, 4.80374e+19
Pixel 93, 14, 1, 1, 4.80374e+19
Pixel 93, 15, 1, 1, 4.80374e+19
Pixel 92, 15, 1, 1, 4.80374e+19
Pixel 92, 16, 1, 1, 4.80374e+19
Pixel 93, 16, 1, 1, 4.80374e+19
Pixel 93, 17, 1, 1, 4.80374e+19
Pixel 92, 17, 1, 1, 4.80374e+19
Pixel 92, 18, 1, 1, 4.80374e+19
Pixel 93, 18, 1, 1, 4.80374e+19
Pixel 93, 19, 1, 1, 4.80374e+19
Pixel 92, 19, 1, 1, 4.80374e+19
Pixel 92, 20, 1, 1, 4.80374e+19
Pixel 93, 20, 1, 1, 4.80374e+19
Pixel 93, 21, 1, 1, 4.80374e+19
Pixel 92, 21, 1, 1, 4.80374e+19
Pixel 92, 22, 1, 1, 4.80374e+19
Pixel 93, 22, 1, 1, 4.80374e+19
Pixel 93, 23, 1, 1, 4.80374e+19
Pixel 92, 23, 1, 1, 4.80374e+19
Pixel 92, 24, 1, 1, 4.80374e+19
Pixel 93, 24, 1, 1, 4.80374e+19
Pixel 93, 25, 1, 1, 4.80374e+19
Pixel 92, 25, 1, 1, 4.80374e+19
Pixel 92, 26, 1, 1, 4.80374e+19
Pixel 93, 26, 1, 1, 4.80374e+19
Pixel 93, 27, 1, 1, 4.80374e+19
Pixel 92, 27, 1, 1, 4.80374e+19
Pixel 92, 28, 1, 1, 4.80374e+19
Pixel 93, 28, 1, 1, 4.80374e+19
Pixel 93, 29, 1, 1, 4.80374e+19
Pixel 92, 29, 1, 1, 4.80374e+19
Pixel 92, 30, 1, 1, 4.80374e+19
Pixel 93, 30, 1, 1, 4.80374e+19
Pixel 93, 31, 1, 1, 4.80374e+19
Pixel 92, 31, 1, 1, 4.80374e+19
Pixel 92, 32, 1, 1, 4.80374e+19
Pixel 93, 32, 1, 1, 4.80374e+19
Pixel 93, 33, 1, 1, 4.80374e+19
Pixel 92, 33, 1, 1, 4.80374e+19
Pixel 92, 34, 1, 1, 4.80374e+19
Pixel 93, 34, 1, 1, 4.80374e+19
Pixel 93, 35, 1, 1, 4.80374e+19
Pixel 92, 35, 1, 1, 4.80374e+19
Pixel 92, 36, 1, 1, 4.80374e+19
Pixel 93, 36, 1, 1, 4.80374e+19
Pixel 93, 37, 1, 1, 4.80374e+19
Pixel 92, 37, 1, 1, 4.80374e+19
Pixel 92, 38, 1, 1, 4.80374e+19
Pixel 93, 38, 1, 1, 4.80374e+19
Pixel 93, 39, 1, 1, 4.80374e+19
Pixel 92, 39, 1, 1, 4.80374e+19
Pixel 92, 40, 1, 1, 4.80374e+19
Pixel 93, 40, 1, 1, 4.80374e+19
Pixel 93, 41, 1, 1, 4.80374e+19
Pixel 92, 41, 1, 1, 4.80374e+19
Pixel 92, 42, 1, 1, 4.80374e+19
Pixel 93, 42, 1, 1, 4.80374e+19
Pixel 93, 43, 1, 1, 4.80374e+19
Pixel 92, 43, 1, 1, 4.80374e+19
Pixel 92, 44, 1, 1, 4.80374e+19
Pixel 93, 44, 1, 1, 4.80374e+19
Pixel 93, 45, 1, 1, 4.80374e+19
Pixel 92, 45, 1, 1, 4.80374e+19
Pixel 92, 46, 1, 1, 4.80374e+19
Pixel 93, 46, 1, 1, 4.80374e+19
Pixel 93, 47, 1, 1, 4.80374e+19
Pixel 92, 47, 1, 1, 4.80374e+19
Pixel 92, 48, 1, 1, 4.80374e+19
Pixel 93, 48, 1, 1, 4.80374e+19
Pixel 93, 49, 1, 1, 4.80374e+19
Pixel 92, 49, 1, 1, 4.80374e+19
Pixel 92, 50, 1, 1, 4.80374e+19
Pixel 93, 50, 1, 1, 4.80374e+19
Pixel 93, 51, 1, 1, 4.80374e+19
Pixel 92, 51, 1, 1, 4.80374e+19
Pixel 92, 52, 1, 1, 4.80374e+19
Pixel 93, 52, 1, 1, 4.80374e+19
Pixel 93, 53, 1, 1, 4.80374e+19
Pixel 92, 53, 1, 1, 4.80374e+19
Pixel 92, 54, 1, 1, 4.80374e+19
Pixel 93, 54, 1, 1, 4.80374e+19
Pixel 93, 55, 1, 1, 4.80374e+19
Pixel 92, 55, 1, 1, 4.80374e+19
Pixel 92, 56, 1, 1, 4.80374e+19
Pixel 93, 56, 1, 1, 4.80374e+19
Pixel 93, 57, 1, 1, 4.80374e+19
Pixel 92, 57, 1, 1, 4.80374e+19
Pixel 92, 58, 1, 1, 4.80374e+19
Pixel 93, 58, 1, 1, 4.80374e+19
Pixel 93, 59, 1, 1, 4.80374e+19
Pixel 92, 59, 1, 1, 4.80374e+19
Pixel 92, 60, 1, 1, 4.80374e+19
Pixel 93, 60, 1, 1, 4.80374e+19
Pixel 93, 61, 1, 1, 4.80374e+19
Pixel 92, 61, 1, 1, 4.80374e+19
Pixel 92, 62, 1, 1, 4.80374e+19
Pixel 93, 62, 1, 1, 4.80374e+19
Pixel 93, 63, 1, 1, 4.80374e+19
Pixel 92, 63, 1, 1, 4.80374e+19
Pixel 92, 64, 1, 1, 4.80374e+19
Pixel 93, 64, 1, 1, 4.80374e+19
Pixel 93, 65, 1, 1, 4.80374e+19
Pixel 92, 65, 1, 1, 4.80374e+19
Pixel 92, 66, 1, 1, 4.80374e+19
Pixel 93, 66, 1, 1, 4.80374e+19
Pixel 93, 67, 1, 1, 4.80374e+19
Pixel 92, 67, 1, 1, 4.80374e+19
Pixel 92, 68, 1, 1, 4.80374e+19
Pixel 93, 68, 1, 1, 4.80374e+19
Pixel 93, 69, 1, 1, 4.80374e+19
Pixel 92, 69, 1, 1, 4.80374e+19
Pixel 92, 70, 1, 1, 4.80374e+19
Pixel 93, 70, 1, 1, 4.80374e+19
Pixel 93, 71, 1, 1, 4.80374e+19
Pixel 92, 71, 1, 1, 4.80374e+19
Pixel 92, 72, 1, 1, 4.80374e+19
Pixel 93, 72, 1, 1, 4.80374e+19
Pixel 93, 73, 1, 1, 4.80374e+19
Pixel 92, 73, 1, 1, 4.80374e+19
Pixel 92, 74, 1, 1, 4.80374e+19
Pixel 93, 74, 1, 1, 4.80374e+19
Pixel 93, 75, 1, 1, 4.80374e+19
Pixel 92, 75, 1, 1, 4.80374e+19
Pixel 92, 76, 1, 1, 4.80374e+19
Pixel 93, 76, 1, 1, 4.80374e+19
Pixel 93, 77, 1, 1, 4.80374e+19
Pixel 92, 77, 1, 1, 4.80374e+19
Pixel 92, 78, 1, 1, 4.80374e+19
Pixel 93, 78, 1, 1, 4.80374e+19
Pixel 93, 79, 1, 1, 4.80374e+19
Pixel 92, 79, 1, 1, 4.80374e+19
Pixel 92, 80, 1, 1, 4.80374e+19
Pixel 93, 80, 1, 1, 4.80374e+19
Pixel 93, 81, 1, 1, 4.80374e+19
Pixel 92, 81, 1, 1, 4.80374e+19
Pixel 92, 82, 1, 1, 4.80374e+19
Pixel 93, 82, 1, 1, 4.80374e+19
Pixel 93, 83, 1, 1, 4.80374e+19
Pixel 92, 83, 1, 1, 4.80374e+19
Pixel 92, 84, 1, 1, 4.80374e+19
Pixel 93, 84, 1, 1, 4.80374e+19
Pixel 93, 85, 1, 1, 4.80374e+19
Pixel 92, 85, 1, 1, 4.80374e+19
Pixel 92, 86, 1, 1, 4.80374e+19
Pixel 93, 86, 1, 1, 4.80374e+19
Pixel 93, 87, 1, 1, 4.80374e+19
Pixel 92, 87, 1, 1, 4.80374e+19
Pixel 92, 88, 1, 1, 4.80374e+19
Pixel 93, 88, 1, 1, 4.80374e+19
Pixel 93, 89, 1, 1, 4.80374e+19
Pixel 92, 89, 1, 1, 4.80374e+19
Pixel 92, 90, 1, 1, 4.80374e+19
Pixel 93, 90, 1, 1, 4.80374e+19
Pixel 93, 91, 1, 1, 4.80374e+19
Pixel 92, 91, 1, 1, 4.80374e+19
Pixel 92, 92, 1, 1, 4.80374e+19
Pixel 93, 92, 1, 1, 4.80374e+19
Pixel 93, 93, 1, 1, 4.80374e+19
Pixel 92, 93, 1, 1, 4.80374e+19
Pixel 92, 94, 1, 1, 4.80374e+19
Pixel 93, 94, 1, 1, 4.80374e+19
Pixel 93, 95, 1, 1, 4.80374e+19
Pixel 92, 95, 1, 1, 4.80374e+19
Pixel 92, 96, 1, 1, 4.80374e+19
Pixel 93, 96, 1, 1, 4.80374e+19
Pixel 93, 97, 1, 1, 4.80374e+19
Pixel 92, 97, 1, 1, 4.80374e+19
Pixel 92, 98, 1, 1, 4.80374e+19
Pixel 93, 98, 1, 1, 4.80374e+19
Pixel 93, 99, 1, 1, 4.80374e+19
Pixel 92, 99, 1, 1, 4.80374e+19
Pixel 92, 100, 1, 1, 4.80374e+19
Pixel 93, 100, 1, 1, 4.80374e+19
Pixel 93, 101, 1, 1, 4.80374e+19
Pixel 92, 101, 1, 1, 4.80374e+19
Pixel 92, 102, 1, 1, 4.80374e+19
Pixel 93, 102, 1, 1, 4.80374e+19
Pixel 93, 103, 1, 1, 4.80374e+19
Pixel 92, 103, 1, 1, 4.80374e+19
Pixel 92, 104, 1, 1, 4.80374e+19
Pixel 93, 104, 1, 1, 4.80374e+19
Pixel 93, 105, 1, 1, 4.80374e+19
Pixel 92, 105, 1, 1, 4.80374e+19
Pixel 92, 106, 1, 1, 4.80374e+19
Pixel 93, 106, 1, 1, 4.80374e+19
Pixel 93, 107, 1, 1, 4.80374e+19
Pixel 92, 107, 1, 1, 4.80374e+19
Pixel 92, 108, 1, 1, 4.80374e+19
Pixel 93, 108, 1, 1, 4.80374e+19
Pixel 93, 109, 1, 1, 4.80374e+19
Pixel 92, 109, 1, 1, 4.80374e+19
Pixel 92, 110, 1, 1, 4.80374e+19
Pixel 93, 110, 1, 1, 4.80374e+19
Pixel 93, 111, 1, 1, 4.80374e+19
Pixel 92, 111, 1, 1, 4.80374e+19
Pixel 92, 112, 1, 1, 4.80374e+19
Pixel 93, 112, 1, 1, 4.80374e+19
Pixel 93, 113, 1, 1, 4.80374e+19
Pixel 92, 113, 1, 1, 4.80374e+19
Pixel 92, 114, 1, 1, 4.80374e+19
Pixel 93, 114, 1, 1, 4.80374e+19
Pixel 93, 115, 1, 1, 4.80374e+19
Pixel 92, 115, 1, 1, 4.80374e+19
Pixel 92, 116, 1, 1, 4.80374e+19
Pixel 93, 116, 1, 1, 4.80374e+19
Pixel 93, 117, 1, 1, 4.80374e+19
Pixel 92, 117, 1, 1, 4.80374e+19
Pixel 92, 118, 1, 1, 4.80374e+19
Pixel 93, 118, 1, 1, 4.80374e+19
Pixel 93, 119, 1, 1, 4.80374e+19
Pixel 92, 119, 1, 1, 4.80374e+19
Pixel 92, 120, 1, 1, 4.80374e+19
Pixel 93, 120, 1, 1, 4.80374e+19
Pixel 93, 121, 1, 1, 4.80374e+19
Pixel 92, 121, 1, 1, 4.80374e+19
Pixel 92, 122, 1, 1, 4.80374e+19
Pixel 93, 122, 1, 1, 4.80374e+19
Pixel 93, 123, 1, 1, 4.80374e+19
Pixel 92, 123, 1, 1, 4.80374e+19
Pixel 92, 124, 1, 1, 4.80374e+19
Pixel 93, 124, 1, 1, 4.80374e+19
Pixel 93, 125, 1, 1, 4.80374e+19
Pixel 92, 125, 1, 1, 4.80374e+19
Pixel 92, 126, 1, 1, 4.80374e+19
Pixel 93, 126, 1, 1, 4.80374e+19
Pixel 93, 127, 1, 1, 4.80374e+19
Pixel 92, 127, 1, 1, 4.80374e+19
Pixel 92, 128, 1, 1, 4.80374e+19
Pixel 93, 128, 1, 1, 4.80374e+19
Pixel 93, 129, 1, 1, 4.80374e+19
Pixel 92, 129, 1, 1, 4.80374e+19
Pixel 92, 130, 1, 1, 4.80374e+19
Pixel 93, 130, 1, 1, 4.80374e+19
Pixel 93, 131, 1, 1, 4.80374e+19
Pixel 92, 131, 1, 1, 4.80374e+19
Pixel 92, 132, 1, 1, 4.80374e+19
Pixel 93, 132, 1, 1, 4.80374e+19
Pixel 93, 133, 1, 1, 4.80374e+19
Pixel 92, 133, 1, 1, 4.80374e+19
Pixel 92, 134, 1, 1, 4.80374e+19
Pixel 93, 134, 1, 1, 4.80374e+19
Pixel 93, 135, 1, 1, 4.80374e+19
Pixel 92, 135, 1, 1, 4.80374e+19
Pixel 92, 136, 1, 1, 4.80374e+19
Pixel 93, 136, 1, 1, 4.80374e+19
Pixel 93, 137, 1, 1, 4.80374e+19
Pixel 92, 137, 1, 1, 4.80374e+19
Pixel 92, 138, 1, 1, 4.80374e+19
Pixel 93, 138, 1, 1, 4.80374e+19
Pixel 93, 139, 1, 1, 4.80374e+19
Pixel 92, 139, 1, 1, 4.80374e+19
Pixel 92, 140, 1, 1, 4.80374e+19
Pixel 93, 140, 1, 1, 4.80374e+19
Pixel 93, 141, 1, 1, 4.80374e+19
Pixel 92, 141, 1, 1, 4.80374e+19
Pixel 92, 142, 1, 1, 4.80374e+19
Pixel 93, 142, 1, 1, 4.80374e+19
Pixel 93, 143, 1, 1, 4.80374e+19
Pixel 92, 143, 1, 1, 4.80374e+19
Pixel 92, 144, 1, 1, 4.80374e+19
Pixel 93, 144, 1, 1, 4.80374e+19
Pixel 93, 145, 1, 1, 4.80374e+19
Pixel 92, 145, 1, 1, 4.80374e+19
Pixel 92, 146, 1, 1, 4.80374e+19
Pixel 93, 146, 1, 1, 4.80374e+19
Pixel 93, 147, 1, 1, 4.80374e+19
Pixel 92, 147, 1, 1, 4.80374e+19
Pixel 92, 148, 1, 1, 4.80374e+19
Pixel 93, 148, 1, 1, 4.80374e+19
Pixel 93, 149, 1, 1, 4.80374e+19
Pixel 92, 149, 1, 1, 4.80374e+19
Pixel 92, 150, 1, 1, 4.80374e+19
Pixel 93, 150, 1, 1, 4.80374e+19
Pixel 93, 151, 1, 1, 4.80374e+19
Pixel 92, 151, 1, 1, 4.80374e+19
Pixel 92, 152, 1, 1, 4.80374e+19
Pixel 93, 152, 1, 1, 4.80374e+19
Pixel 93, 153, 1, 1, 4.80374e+19
Pixel 92, 153, 1, 1, 4.80374e+19
Pixel 92, 154, 1, 1, 4.80374e+19
Pixel 93, 154, 1, 1, 4.80374e+19
Pixel 93, 155, 1, 1, 4.80374e+19
Pixel 92, 155, 1, 1, 4.80374e+19
Pixel 92, 156, 1, 1, 4.80374e+19
Pixel 93, 156, 1, 1, 4.80374e+19
Pixel 93, 157, 1, 1, 4.80374e+19
Pixel 92, 157, 1, 1, 4.80374e+19
Pixel 92, 158, 1, 1, 4.80374e+19
Pixel 93, 158, 1, 1, 4.80374e+19
Pixel 93, 159, 1, 1, 4.80374e+19
Pixel 92, 159, 1, 1, 4.80374e+19
Pixel 92, 160, 1, 1, 4.80374e+19
Pixel 93, 160, 1, 1, 4.80374e+19
Pixel 93, 161, 1, 1, 4.80374e+19
Pixel 92, 161, 1, 1, 4.80374e+19
Pixel 92, 162, 1, 1, 4.80374e+19
Pixel 93, 162, 1, 1, 4.80374e+19
Pixel 93, 163, 1, 1, 4.80374e+19
Pixel 92, 163, 1, 1, 4.80374e+19
Pixel 92, 164, 1, 1, 4.80374e+19
Pixel 93, 164, 1, 1, 4.80374e+19
Pixel 93, 165, 1, 1, 4.80374e+19
Pixel 92, 165, 1, 1, 4.80374e+19
Pixel 92, 166, 1, 1, 4.80374e+19
Pixel 93, 166, 1, 1, 4.80374e+19
Pixel 93, 167, 1, 1, 4.80374e+19
Pixel 92, 167, 1, 1, 4.80374e+19
Pixel 92, 168, 1, 1, 4.80374e+19
Pixel 93, 168, 1, 1, 4.80374e+19
Pixel 93, 169, 1, 1, 4.80374e+19
Pixel 92, 169, 1, 1, 4.80374e+19
Pixel 92, 170, 1, 1, 4.80374e+19
Pixel 93, 170, 1, 1, 4.80374e+19
Pixel 93, 171, 1, 1, 4.80374e+19
Pixel 92, 171, 1, 1, 4.80374e+19
Pixel 92, 172, 1, 1, 4.80374e+19
Pixel 93, 172, 1, 1, 4.80374e+19
Pixel 93, 173, 1, 1, 4.80374e+19
Pixel 92, 173, 1, 1, 4.80374e+19
Pixel 92, 174, 1, 1, 4.80374e+19
Pixel 93, 174, 1, 1, 4.80374e+19
Pixel 93, 175, 1, 1, 4.80374e+19
Pixel 92, 175, 1, 1, 4.80374e+19
Pixel 92, 176, 1, 1, 4.80374e+19
Pixel 93, 176, 1, 1, 4.80374e+19
Pixel 93, 177, 1, 1, 4.80374e+19
Pixel 92, 177, 1, 1, 4.80374e+19
Pixel 92, 178, 1, 1, 4.80374e+19
Pixel 93, 178, 1, 1, 4.80374e+19
Pixel 93, 179, 1, 1, 4.80374e+19
Pixel 92, 179, 1, 1, 4.80374e+19
Pixel 92, 180, 1, 1, 4.80374e+19
Pixel 93, 180, 1, 1, 4.80374e+19
Pixel 93, 181, 1, 1, 4.80374e+19
Pixel 92, 181, 1, 1, 4.80374e+19
Pixel 92, 182, 1, 1, 4.80374e+19
Pixel 93, 182, 1, 1, 4.80374e+19
Pixel 93, 183, 1, 1, 4.80374e+19
Pixel 92, 183, 1, 1, 4.80374e+19
Pixel 92, 184, 1, 1, 4.80374e+19
Pixel 93, 184, 1, 1, 4.80374e+19
Pixel 93, 185, 1, 1, 4.80374e+19
Pixel 92, 185, 1, 1, 4.80374e+19
Pixel 92, 186, 1, 1, 4.80374e+19
Pixel 93, 186, 1, 1, 4.80374e+19
Pixel 93, 187, 1, 1, 4.80374e+19
Pixel 92, 187, 1, 1, 4.80374e+19
Pixel 92, 188, 1, 1, 4.80374e+19
Pixel 93, 188, 1, 1, 4.80374e+19
Pixel 93, 189, 1, 1, 4.80374e+19
Pixel 92, 189, 1, 1, 4.80374e+19
Pixel 92, 190, 1, 1, 4.80374e+19
Pixel 93, 190, 1, 1, 4.80374e+19
Pixel 93, 191, 1, 1, 4.80374e+19
Pixel 92, 191, 1, 1, 4.80374e+19
Pixel 92, 192, 1, 1, 4.80374e+19
Pixel 93, 192, 1, 1, 4.80374e+19
Pixel 93, 193, 1, 1, 4.80374e+19
Pixel 92, 193, 1, 1, 4.80374e+19
Pixel 92, 194, 1, 1, 4.80374e+19
Pixel 93, 194, 1, 1, 4.80374e+19
Pixel 93, 195, 1, 1, 4.80374e+19
Pixel 92, 195, 1, 1, 4.80374e+19
Pixel 92, 196, 1, 1, 4.80374e+19
Pixel 93, 196, 1, 1, 4.80374e+19
Pixel 93, 197, 1, 1, 4.80374e+19
Pixel 92, 197, 1, 1, 4.80374e+19
Pixel 92, 198, 1, 1, 4.80374e+19
Pixel 93, 198, 1, 1, 4.80374e+19
Pixel 93, 199, 1, 1, 4.80374e+19
Pixel 92, 199, 1, 1, 4.80374e+19
Pixel 92, 200, 1, 1, 4.80374e+19
Pixel 93, 200, 1, 1, 4.80374e+19
Pixel 93, 201, 1, 1, 4.80374e+19
Pixel 92, 201, 1, 1, 4.80374e+19
Pixel 92, 202, 1, 1, 4.80374e+19
Pixel 93, 202, 1, 1, 4.80374e+19
Pixel 93, 203, 1, 1, 4.80374e+19
Pixel 92, 203, 1, 1, 4.80374e+19
Pixel 92, 204, 1, 1, 4.80374e+19
Pixel 93, 204, 1, 1, 4.80374e+19
Pixel 93, 205, 1, 1, 4.80374e+19
Pixel 92, 205, 1, 1, 4.80374e+19
Pixel 92, 206, 1, 1, 4.80374e+19
Pixel 93, 206, 1, 1, 4.80374e+19
Pixel 93, 207, 1, 1, 4.80374e+19
Pixel 92, 207, 1, 1, 4.80374e+19
Pixel 92, 208, 1, 1, 4.80374e+19
Pixel 93, 208, 1, 1, 4.80374e+19
Pixel 93, 209, 1, 1, 4.80374e+19
Pixel 92, 209, 1, 1, 4.80374e+19
Pixel 92, 210, 1, 1, 4.80374e+19
Pixel 93, 210, 1, 1, 4.80374e+19
Pixel 93, 211, 1, 1, 4.80374e+19
Pixel 92, 211, 1, 1, 4.80374e+19
Pixel 92, 212, 1, 1, 4.80374e+19
Pixel 93, 212, 1, 1, 4.80374e+19
Pixel 93, 213, 1, 1, 4.80374e+19
Pixel 92, 213, 1, 1, 4.80374e+19
Pixel 92, 214, 1, 1, 4.80374e+19
Pixel 93, 214, 1, 1, 4.80374e+19
Pixel 93, 215, 1, 1, 4.80374e+19
Pixel 92, 215, 1, 1, 4.80374e+19
Pixel 92, 216, 1, 1, 4.80374e+19
Pixel 93, 216, 1, 1, 4.80374e+19
Pixel 93, 217, 1, 1, 4.80374e+19
Pixel 92, 217, 1, 1, 4.80374e+19
Pixel 92, 218, 1, 1, 4.80374e+19
Pixel 93, 218, 1, 1, 4.80374e+19
Pixel 93, 219, 1, 1, 4.80374e+19
Pixel 92, 219, 1, 1, 4.80374e+19
Pixel 92, 220, 1, 1, 4.80374e+19
Pixel 93, 220, 1, 1, 4.80374e+19
Pixel 93, 221, 1, 1, 4.80374e+19
Pixel 92, 221, 1, 1, 4.80374e+19
Pixel 92, 222, 1, 1, 4.80374e+19
Pixel 93, 222, 1, 1, 4.80374e+19
Pixel 93, 223, 1, 1, 4.80374e+19
Pixel 92, 223, 1, 1, 4.80374e+19
Pixel 92, 224, 1, 1, 4.80374e+19
Pixel 93, 224, 1, 1, 4.80374e+19
Pixel 93, 225, 1, 1, 4.80374e+19
Pixel 92, 225, 1, 1, 4.80374e+19
Pixel 92, 226, 1, 1, 4.80374e+19
Pixel 93, 226, 1, 1, 4.80374e+19
Pixel 93, 227, 1, 1, 4.80374e+19
Pixel 92, 227, 1, 1, 4.80374e+19
Pixel 92, 228, 1, 1, 4.80374e+19
Pixel 93, 228, 1, 1, 4.80374e+19
Pixel 93, 229, 1, 1, 4.80374e+19
Pixel 92, 229, 1, 1, 4.80374e+19
Pixel 92, 230, 1, 1, 4.80374e+19
Pixel 93, 230, 1, 1, 4.80374e+19
Pixel 93, 231, 1, 1, 4.80374e+19
Pixel 92, 231, 1, 1, 4.80374e+19
Pixel 92, 232, 1, 1, 4.80374e+19
Pixel 93, 232, 1, 1, 4.80374e+19
Pixel 93, 233, 1, 1, 4.80374e+19
Pixel 92, 233, 1, 1, 4.80374e+19
Pixel 92, 234, 1, 1, 4.80374e+19
Pixel 93, 234, 1, 1, 4.80374e+19
Pixel 93, 235, 1, 1, 4.80374e+19
Pixel 92, 235, 1, 1, 4.80374e+19
Pixel 92, 236, 1, 1, 4.80374e+19
Pixel 93, 236, 1, 1, 4.80374e+19
Pixel 93, 237, 1, 1, 4.80374e+19
Pixel 92, 237, 1, 1, 4.80374e+19
Pixel 92, 238, 1, 1, 4.80374e+19
Pixel 93, 238, 1, 1, 4.80374e+19
Pixel 93, 239, 1, 1, 4.80374e+19
Pixel 92, 239, 1, 1, 4.80374e+19
Pixel 92, 240, 1, 1, 4.80374e+19
Pixel 93, 240, 1, 1, 4.80374e+19
Pixel 93, 241, 1, 1, 4.80374e+19
Pixel 92, 241, 1, 1, 4.80374e+19
Pixel 92, 242, 1, 1, 4.80374e+19
Pixel 93, 242, 1, 1, 4.80374e+19
Pixel 93, 243, 1, 1, 4.80374e+19
Pixel 92, 243, 1, 1, 4.80374e+19
Pixel 92, 244, 1, 1, 4.80374e+19
Pixel 93, 244, 1, 1, 4.80374e+19
Pixel 93, 245, 1, 1, 4.80374e+19
Pixel 92, 245, 1, 1, 4.80374e+19
Pixel 92, 246, 1, 1, 4.80374e+19
Pixel 93, 246, 1, 1, 4.80374e+19
Pixel 93, 247, 1, 1, 4.80374e+19
Pixel 92, 247, 1, 1, 4.80374e+19
Pixel 92, 248, 1, 1, 4.80374e+19
Pixel 93, 248, 1, 1, 4.80374e+19
Pixel 93, 249, 1, 1, 4.80374e+19
Pixel 92, 249, 1, 1, 4.80374e+19
Pixel 92, 250, 1, 1, 4.80374e+19
Pixel 93, 250, 1, 1, 4.80374e+19
Pixel 93, 251, 1, 1, 4.80374e+19
Pixel 92, 251, 1, 1, 4.80374e+19
Pixel 92, 252, 1, 1, 4.80374e+19
Pixel 93, 252, 1, 1, 4.80374e+19
Pixel 93, 253, 1, 1, 4.80374e+19
Pixel 92, 253, 1, 1, 4.80374e+19
Pixel 92, 254, 1, 1, 4.80374e+19
Pixel 93, 254, 1, 1, 4.80374e+19
Pixel 93, 255, 1, 1, 4.80374e+19
Pixel 92, 255, 1, 1, 4.80374e+19
=== 1801 ===
--- pALPIDEfs_3 ---
Pixel 557, 180, 1, 1, 4.80374e+19
=== 15275 ===
--- pALPIDEfs_3 ---
Pixel 557, 180, 1, 1, 4.80374e+19
=== 15983 ===
--- pALPIDEfs_2 ---
Pixel 91, 214, 1, 1, 4.80374e+19
Pixel 91, 215, 1, 1, 4.80374e+19
--- pALPIDEfs_3 ---
Pixel 32, 500, 1, 1, 4.80374e+19
Pixel 32, 501, 1, 1, 4.80374e+19
=== 37072 ===
--- pALPIDEfs_4 ---
Pixel 811, 426, 1, 1, 4.80374e+19
=== 42364 ===
--- pALPIDEfs_3 ---
Pixel 320, 500, 1, 1, 4.80374e+19
Pixel 321, 500, 1, 1, 4.80374e+19
Pixel 320, 501, 1, 1, 4.80374e+19
=== 42703 ===
--- pALPIDEfs_0 ---
Pixel 681, 106, 1, 1, 4.80374e+19
Pixel 681, 107, 1, 1, 4.80374e+19
Pixel 681, 108, 1, 1, 4.80374e+19
Pixel 682, 106, 1, 1, 4.80374e+19
Pixel 682, 107, 1, 1, 4.80374e+19
Pixel 682, 108, 1, 1, 4.80374e+19
=== 55085 ===
--- pALPIDEfs_0 ---
Pixel 876, 247, 1, 1, 4.80374e+19
--- pALPIDEfs_1 ---
Pixel 586, 428, 1, 1, 4.80374e+19
=== 58458 ===
--- pALPIDEfs_1 ---
Pixel 300, 90, 1, 1, 4.80374e+19
--- pALPIDEfs_2 ---
Pixel 658, 121, 1, 1, 4.80374e+19
--- pALPIDEfs_3 ---
Pixel 1020, 222, 1, 1, 4.80374e+19
=== 66697 ===
--- pALPIDEfs_5 ---
Pixel 139, 419, 1, 1, 4.80374e+19
Pixel 140, 419, 1, 1, 4.80374e+19
=== 80385 ===
--- pALPIDEfs_3 ---
Pixel 557, 180, 1, 1, 4.80374e+19
=== 96003 ===
--- pALPIDEfs_3 ---
Pixel 557, 180, 1, 1, 4.80374e+19
=== 99784 ===
--- pALPIDEfs_6 ---
Pixel 425, 280, 1, 1, 4.80374e+19
Pixel 426, 280, 1, 1, 4.80374e+19
=== 103527 ===
--- pALPIDEfs_3 ---
Pixel 557, 180, 1, 1, 4.80374e+19
=== 129159 ===
--- pALPIDEfs_4 ---
Pixel 427, 90, 1, 1, 4.80374e+19
Pixel 427, 91, 1, 1, 4.80374e+19
Pixel 427, 92, 1, 1, 4.80374e+19
Pixel 427, 93, 1, 1, 4.80374e+19
Pixel 428, 92, 1, 1, 4.80374e+19
Pixel 428, 93, 1, 1, 4.80374e+19
=== 135027 ===
--- pALPIDEfs_4 ---
Pixel 396, 309, 1, 1, 4.80374e+19
=== 146852 ===
--- pALPIDEfs_3 ---
Pixel 303, 415, 1, 1, 4.80374e+19
Pixel 303, 416, 1, 1, 4.80374e+19
=== 155051 ===
--- pALPIDEfs_3 ---
Pixel 545, 407, 1, 1, 4.80374e+19
Pixel 544, 408, 1, 1, 4.80374e+19
Pixel 545, 408, 1, 1, 4.80374e+19
Pixel 545, 409, 1, 1, 4.80374e+19
Pixel 544, 409, 1, 1, 4.80374e+19
Pixel 546, 408, 1, 1, 4.80374e+19
=== 155347 ===
--- pALPIDEfs_3 ---
Pixel 434, 98, 1, 1, 4.80374e+19
--- pALPIDEfs_4 ---
Pixel 895, 258, 1, 1, 4.80374e+19
=== 157643 ===
--- pALPIDEfs_1 ---
Pixel 134, 96, 1, 1, 4.80374e+19
--- pALPIDEfs_2 ---
Pixel 186, 351, 1, 1, 4.80374e+19
=== 171199 ===
--- pALPIDEfs_3 ---
Pixel 557, 180, 1, 1, 4.80374e+19
=== 190840 ===
--- pALPIDEfs_0 ---
Pixel 19, 485, 1, 1, 4.80374e+19
Pixel 18, 485, 1, 1, 4.80374e+19
Pixel 18, 486, 1, 1, 4.80374e+19
Pixel 19, 486, 1, 1, 4.80374e+19
Pixel 19, 487, 1, 1, 4.80374e+19
Pixel 18, 487, 1, 1, 4.80374e+19
Pixel 20, 486, 1, 1, 4.80374e+19
Pixel 20, 487, 1, 1, 4.80374e+19
=== 198647 ===
--- pALPIDEfs_2 ---
Pixel 265, 343, 1, 1, 4.80374e+19
Pixel 266, 342, 1, 1, 4.80374e+19
Pixel 266, 343, 1, 1, 4.80374e+19
=== 233745 ===
--- pALPIDEfs_5 ---
Pixel 335, 365, 1, 1, 4.80374e+19
Pixel 335, 366, 1, 1, 4.80374e+19
Pixel 336, 365, 1, 1, 4.80374e+19
Pixel 336, 366, 1, 1, 4.80374e+19
=== 234717 ===
--- pALPIDEfs_3 ---
Pixel 557, 180, 1, 1, 4.80374e+19
=== 238708 ===
--- pALPIDEfs_0 ---
Pixel 294, 269, 1, 1, 4.80374e+19
--- pALPIDEfs_1 ---
Pixel 479, 176, 1, 1, 4.80374e+19
--- pALPIDEfs_2 ---
Pixel 770, 273, 1, 1, 4.80374e+19
--- pALPIDEfs_3 ---
Pixel 933, 504, 1, 1, 4.80374e+19
Pixel 933, 505, 1, 1, 4.80374e+19
=== 246348 ===
--- pALPIDEfs_5 ---
Pixel 116, 506, 1, 1, 4.80374e+19
Pixel 117, 507, 1, 1, 4.80374e+19
Pixel 116, 507, 1, 1, 4.80374e+19
Pixel 116, 508, 1, 1, 4.80374e+19
Pixel 117, 508, 1, 1, 4.80374e+19
Pixel 118, 507, 1, 1, 4.80374e+19
Pixel 118, 508, 1, 1, 4.80374e+19
Pixel 118, 509, 1, 1, 4.80374e+19
--- pALPIDEfs_6 ---
Pixel 613, 388, 1, 1, 4.80374e+19
Pixel 613, 389, 1, 1, 4.80374e+19
Pixel 614, 388, 1, 1, 4.80374e+19
Pixel 614, 389, 1, 1, 4.80374e+19
=== 249183 ===
--- pALPIDEfs_3 ---
Pixel 20, 351, 1, 1, 4.80374e+19
Pixel 20, 352, 1, 1, 4.80374e+19
=== 260000 ===
--- pALPIDEfs_5 ---
Pixel 939, 504, 1, 1, 4.80374e+19
Pixel 939, 505, 1, 1, 4.80374e+19
Pixel 940, 504, 1, 1, 4.80374e+19
Pixel 940, 505, 1, 1, 4.80374e+19
=== 278941 ===
--- pALPIDEfs_3 ---
Pixel 557, 180, 1, 1, 4.80374e+19
=== 281326 ===
--- pALPIDEfs_4 ---
Pixel 226, 239, 1, 1, 4.80374e+19
Pixel 226, 240, 1, 1, 4.80374e+19
=== 286473 ===
--- pALPIDEfs_5 ---
Pixel 1007, 213, 1, 1, 4.80374e+19
Pixel 1007, 214, 1, 1, 4.80374e+19
Pixel 1008, 213, 1, 1, 4.80374e+19
Pixel 1008, 214, 1, 1, 4.80374e+19
=== 310614 ===
--- pALPIDEfs_1 ---
Pixel 211, 454, 1, 1, 4.80374e+19
Pixel 211, 455, 1, 1, 4.80374e+19
Pixel 211, 456, 1, 1, 4.80374e+19
Pixel 211, 457, 1, 1, 4.80374e+19
=== 314166 ===
--- pALPIDEfs_2 ---
Pixel 695, 116, 1, 1, 4.80374e+19
Pixel 696, 116, 1, 1, 4.80374e+19
=== 334761 ===
--- pALPIDEfs_2 ---
Pixel 101, 229, 1, 1, 4.80374e+19
Pixel 101, 230, 1, 1, 4.80374e+19
Pixel 101, 231, 1, 1, 4.80374e+19
=== 337891 ===
--- pALPIDEfs_3 ---
Pixel 557, 180, 1, 1, 4.80374e+19
=== 353357 ===
--- pALPIDEfs_6 ---
Pixel 977, 43, 1, 1, 4.80374e+19
Pixel 977, 44, 1, 1, 4.80374e+19
Pixel 977, 45, 1, 1, 4.80374e+19
=== 367055 ===
--- pALPIDEfs_3 ---
Pixel 557, 180, 1, 1, 4.80374e+19
=== 375803 ===
--- pALPIDEfs_5 ---
Pixel 206, 478, 1, 1, 4.80374e+19
=== 381788 ===
--- pALPIDEfs_6 ---
Pixel 1020, 406, 1, 1, 4.80374e+19
Pixel 1021, 406, 1, 1, 4.80374e+19
=== 384838 ===
--- pALPIDEfs_3 ---
Pixel 557, 180, 1, 1, 4.80374e+19
=== 391159 ===
--- pALPIDEfs_1 ---
Pixel 381, 377, 1, 1, 4.80374e+19
=== 391552 ===
--- pALPIDEfs_0 ---
Pixel 191, 221, 1, 1, 4.80374e+19
Pixel 192, 221, 1, 1, 4.80374e+19
Pixel 192, 222, 1, 1, 4.80374e+19
=== 400282 ===
--- pALPIDEfs_3 ---
Pixel 557, 180, 1, 1, 4.80374e+19
=== 410013 ===
--- pALPIDEfs_4 ---
Pixel 942, 441, 1, 1, 4.80374e+19
Pixel 942, 442, 1, 1, 4.80374e+19
=== 426657 ===
--- pALPIDEfs_2 ---
Pixel 618, 468, 1, 1, 4.80374e+19
Pixel 618, 469, 1, 1, 4.80374e+19
--- pALPIDEfs_3 ---
Pixel 696, 7, 1, 1, 4.80374e+19
Pixel 696, 8, 1, 1, 4.80374e+19
=== 428270 ===
--- pALPIDEfs_6 ---
Pixel 535, 91, 1, 1, 4.80374e+19
Pixel 536, 91, 1, 1, 4.80374e+19
=== 430397 ===
--- pALPIDEfs_3 ---
Pixel 557, 180, 1, 1, 4.80374e+19
=== 438478 ===
--- pALPIDEfs_0 ---
Pixel 403, 273, 1, 1, 4.80374e+19
Pixel 403, 274, 1, 1, 4.80374e+19
--- pALPIDEfs_1 ---
Pixel 564, 456, 1, 1, 4.80374e+19
=== 441206 ===
--- pALPIDEfs_5 ---
Pixel 808, 96, 1, 1, 4.80374e+19
Pixel 809, 96, 1, 1, 4.80374e+19
--- pALPIDEfs_6 ---
Pixel 460, 16, 1, 1, 4.80374e+19
Pixel 461, 16, 1, 1, 4.80374e+19
Pixel 461, 17, 1, 1, 4.80374e+19
=== 466962 ===
--- pALPIDEfs_6 ---
Pixel 352, 154, 1, 1, 4.80374e+19
Pixel 353, 154, 1, 1, 4.80374e+19
Pixel 352, 155, 1, 1, 4.80374e+19
=== 473463 ===
--- pALPIDEfs_3 ---
Pixel 1015, 144, 1, 1, 4.80374e+19
Pixel 1015, 145, 1, 1, 4.80374e+19
Pixel 1015, 146, 1, 1, 4.80374e+19
Pixel 1016, 143, 1, 1, 4.80374e+19
Pixel 1016, 144, 1, 1, 4.80374e+19
Pixel 1016, 145, 1, 1, 4.80374e+19
=== 477290 ===
--- pALPIDEfs_0 ---
Pixel 119, 164, 1, 1, 4.80374e+19
Pixel 119, 165, 1, 1, 4.80374e+19
=== 481407 ===
--- pALPIDEfs_3 ---
Pixel 756, 314, 1, 1, 4.80374e+19
--- pALPIDEfs_4 ---
Pixel 445, 445, 1, 1, 4.80374e+19
Pixel 445, 446, 1, 1, 4.80374e+19
Pixel 446, 445, 1, 1, 4.80374e+19
=== 503145 ===
--- pALPIDEfs_2 ---
Pixel 905, 231, 1, 1, 4.80374e+19
Pixel 906, 231, 1, 1, 4.80374e+19
Pixel 906, 232, 1, 1, 4.80374e+19
=== 514663 ===
--- pALPIDEfs_5 ---
Pixel 583, 261, 1, 1, 4.80374e+19
Pixel 583, 262, 1, 1, 4.80374e+19
Pixel 584, 261, 1, 1, 4.80374e+19
Pixel 584, 262, 1, 1, 4.80374e+19
=== 537047 ===
--- pALPIDEfs_3 ---
Pixel 557, 180, 1, 1, 4.80374e+19
=== 540717 ===
--- pALPIDEfs_5 ---
Pixel 341, 405, 1, 1, 4.80374e+19
Pixel 341, 406, 1, 1, 4.80374e+19
Pixel 342, 405, 1, 1, 4.80374e+19
--- pALPIDEfs_6 ---
Pixel 844, 302, 1, 1, 4.80374e+19
Pixel 845, 302, 1, 1, 4.80374e+19
Pixel 845, 303, 1, 1, 4.80374e+19
Pixel 844, 303, 1, 1, 4.80374e+19
=== 543374 ===
--- pALPIDEfs_1 ---
Pixel 182, 52, 1, 1, 4.80374e+19
--- pALPIDEfs_5 ---
Pixel 114, 211, 1, 1, 4.80374e+19
Pixel 114, 212, 1, 1, 4.80374e+19
Pixel 115, 212, 1, 1, 4.80374e+19
--- pALPIDEfs_6 ---
Pixel 304, 383, 1, 1, 4.80374e+19
=== 581222 ===
--- pALPIDEfs_3 ---
Pixel 557, 180, 1, 1, 4.80374e+19
=== 597223 ===
--- pALPIDEfs_3 ---
Pixel 70, 234, 1, 1, 4.80374e+19
=== 601695 ===
--- pALPIDEfs_6 ---
Pixel 280, 190, 1, 1, 4.80374e+19
=== 602027 ===
--- pALPIDEfs_4 ---
Pixel 504, 386, 1, 1, 4.80374e+19
Pixel 505, 386, 1, 1, 4.80374e+19
Pixel 504, 387, 1, 1, 4.80374e+19
=== 603935 ===
--- pALPIDEfs_1 ---
Pixel 133, 379, 1, 1, 4.80374e+19
Pixel 133, 380, 1, 1, 4.80374e+19
Pixel 134, 380, 1, 1, 4.80374e+19
=== 605744 ===
--- pALPIDEfs_1 ---
Pixel 131, 176, 1, 1, 4.80374e+19
--- pALPIDEfs_2 ---
Pixel 353, 187, 1, 1, 4.80374e+19
Pixel 353, 188, 1, 1, 4.80374e+19
--- pALPIDEfs_3 ---
Pixel 428, 252, 1, 1, 4.80374e+19
Pixel 428, 253, 1, 1, 4.80374e+19
=== 613947 ===
--- pALPIDEfs_5 ---
Pixel 543, 446, 1, 1, 4.80374e+19
Pixel 543, 447, 1, 1, 4.80374e+19
Pixel 542, 447, 1, 1, 4.80374e+19
=== 620609 ===
--- pALPIDEfs_6 ---
Pixel 53, 449, 1, 1, 4.80374e+19
Pixel 52, 450, 1, 1, 4.80374e+19
Pixel 53, 450, 1, 1, 4.80374e+19
Pixel 53, 451, 1, 1, 4.80374e+19
Pixel 54, 449, 1, 1, 4.80374e+19
Pixel 54, 450, 1, 1, 4.80374e+19
=== 630943 ===
--- pALPIDEfs_3 ---
Pixel 557, 180, 1, 1, 4.80374e+19
=== 637888 ===
--- pALPIDEfs_5 ---
Pixel 267, 329, 1, 1, 4.80374e+19
--- pALPIDEfs_6 ---
Pixel 585, 197, 1, 1, 4.80374e+19
Pixel 584, 197, 1, 1, 4.80374e+19
=== 647690 ===
--- pALPIDEfs_3 ---
Pixel 963, 33, 1, 1, 4.80374e+19
Pixel 963, 34, 1, 1, 4.80374e+19
Pixel 964, 33, 1, 1, 4.80374e+19
Pixel 964, 34, 1, 1, 4.80374e+19
=== 662890 ===
--- pALPIDEfs_5 ---
Pixel 999, 453, 1, 1, 4.80374e+19
Pixel 999, 454, 1, 1, 4.80374e+19
=== 675298 ===
--- pALPIDEfs_4 ---
Pixel 107, 9, 1, 1, 4.80374e+19
--- pALPIDEfs_5 ---
Pixel 117, 3, 1, 1, 4.80374e+19
Pixel 116, 3, 1, 1, 4.80374e+19
Pixel 116, 4, 1, 1, 4.80374e+19
Pixel 117, 4, 1, 1, 4.80374e+19
Pixel 117, 5, 1, 1, 4.80374e+19
Pixel 118, 3, 1, 1, 4.80374e+19
Pixel 118, 4, 1, 1, 4.80374e+19
Pixel 118, 5, 1, 1, 4.80374e+19
=== 676053 ===
--- pALPIDEfs_5 ---
Pixel 555, 497, 1, 1, 4.80374e+19
Pixel 555, 498, 1, 1, 4.80374e+19
Pixel 556, 497, 1, 1, 4.80374e+19
=== 683315 ===
--- pALPIDEfs_2 ---
Pixel 740, 231, 1, 1, 4.80374e+19
Pixel 740, 232, 1, 1, 4.80374e+19
=== 687583 ===
--- pALPIDEfs_5 ---
Pixel 649, 129, 1, 1, 4.80374e+19
Pixel 649, 130, 1, 1, 4.80374e+19
Pixel 649, 131, 1, 1, 4.80374e+19
=== 687829 ===
--- pALPIDEfs_3 ---
Pixel 69, 126, 1, 1, 4.80374e+19
Pixel 69, 127, 1, 1, 4.80374e+19
Pixel 70, 126, 1, 1, 4.80374e+19
=== 697784 ===
--- pALPIDEfs_6 ---
Pixel 849, 180, 1, 1, 4.80374e+19
=== 698157 ===
--- pALPIDEfs_5 ---
Pixel 737, 341, 1, 1, 4.80374e+19
Pixel 736, 341, 1, 1, 4.80374e+19
Pixel 738, 341, 1, 1, 4.80374e+19
=== 698468 ===
--- pALPIDEfs_3 ---
Pixel 803, 443, 1, 1, 4.80374e+19
Pixel 802, 443, 1, 1, 4.80374e+19
=== 699978 ===
--- pALPIDEfs_4 ---
Pixel 916, 275, 1, 1, 4.80374e+19
Pixel 916, 276, 1, 1, 4.80374e+19
=== 704187 ===
--- pALPIDEfs_3 ---
Pixel 557, 180, 1, 1, 4.80374e+19
=== 732631 ===
--- pALPIDEfs_4 ---
Pixel 583, 123, 1, 1, 4.80374e+19
Pixel 583, 124, 1, 1, 4.80374e+19
Pixel 584, 124, 1, 1, 4.80374e+19
Pixel 585, 124, 1, 1, 4.80374e+19
Pixel 585, 125, 1, 1, 4.80374e+19
Pixel 584, 125, 1, 1, 4.80374e+19
Pixel 584, 126, 1, 1, 4.80374e+19
Pixel 585, 126, 1, 1, 4.80374e+19
Pixel 585, 127, 1, 1, 4.80374e+19
=== 734825 ===
--- pALPIDEfs_1 ---
Pixel 45, 180, 1, 1, 4.80374e+19
Pixel 46, 180, 1, 1, 4.80374e+19
Pixel 47, 180, 1, 1, 4.80374e+19
Pixel 47, 181, 1, 1, 4.80374e+19
Pixel 46, 181, 1, 1, 4.80374e+19
=== 742958 ===
--- pALPIDEfs_2 ---
Pixel 1021, 295, 1, 1, 4.80374e+19
=== 744524 ===
--- pALPIDEfs_1 ---
Pixel 902, 262, 1, 1, 4.80374e+19
--- pALPIDEfs_2 ---
Pixel 753, 430, 1, 1, 4.80374e+19
Pixel 753, 431, 1, 1, 4.80374e+19
Pixel 752, 431, 1, 1, 4.80374e+19
--- pALPIDEfs_3 ---
Pixel 613, 182, 1, 1, 4.80374e+19
Pixel 613, 183, 1, 1, 4.80374e+19
=== 749702 ===
--- pALPIDEfs_5 ---
Pixel 85, 359, 1, 1, 4.80374e+19
Pixel 85, 360, 1, 1, 4.80374e+19
Pixel 85, 361, 1, 1, 4.80374e+19
=== 754380 ===
--- pALPIDEfs_6 ---
Pixel 76, 268, 1, 1, 4.80374e+19
Pixel 76, 269, 1, 1, 4.80374e+19
=== 787329 ===
--- pALPIDEfs_3 ---
Pixel 557, 180, 1, 1, 4.80374e+19
=== 792304 ===
--- pALPIDEfs_1 ---
Pixel 343, 472, 1, 1, 4.80374e+19
=== 795393 ===
--- pALPIDEfs_3 ---
Pixel 557, 180, 1, 1, 4.80374e+19
=== 819016 ===
--- pALPIDEfs_0 ---
Pixel 495, 163, 1, 1, 4.80374e+19
Pixel 494, 163, 1, 1, 4.80374e+19
Pixel 494, 164, 1, 1, 4.80374e+19
Pixel 495, 164, 1, 1, 4.80374e+19
=== 823062 ===
--- pALPIDEfs_1 ---
Pixel 925, 51, 1, 1, 4.80374e+19
Pixel 924, 51, 1, 1, 4.80374e+19
Pixel 924, 52, 1, 1, 4.80374e+19
Pixel 925, 52, 1, 1, 4.80374e+19
=== 828825 ===
--- pALPIDEfs_4 ---
Pixel 800, 510, 1, 1, 4.80374e+19
Pixel 801, 510, 1, 1, 4.80374e+19
Pixel 800, 511, 1, 1, 4.80374e+19
=== 834459 ===
--- pALPIDEfs_5 ---
Pixel 215, 235, 1, 1, 4.80374e+19
--- pALPIDEfs_6 ---
Pixel 753, 127, 1, 1, 4.80374e+19
Pixel 752, 127, 1, 1, 4.80374e+19
=== 840165 ===
--- pALPIDEfs_3 ---
Pixel 557, 180, 1, 1, 4.80374e+19
=== 846143 ===
--- pALPIDEfs_1 ---
Pixel 865, 169, 1, 1, 4.80374e+19
Pixel 864, 169, 1, 1, 4.80374e+19
=== 848453 ===
--- pALPIDEfs_1 ---
Pixel 923, 195, 1, 1, 4.80374e+19
Pixel 922, 195, 1, 1, 4.80374e+19
Pixel 922, 196, 1, 1, 4.80374e+19
Pixel 923, 196, 1, 1, 4.80374e+19
Pixel 923, 197, 1, 1, 4.80374e+19
Pixel 922, 197, 1, 1, 4.80374e+19
Pixel 923, 198, 1, 1, 4.80374e+19
Pixel 924, 197, 1, 1, 4.80374e+19
Pixel 924, 198, 1, 1, 4.80374e+19
Pixel 925, 198, 1, 1, 4.80374e+19
Pixel 925, 199, 1, 1, 4.80374e+19
Pixel 924, 199, 1, 1, 4.80374e+19
Pixel 924, 200, 1, 1, 4.80374e+19
--- pALPIDEfs_2 ---
Pixel 500, 84, 1, 1, 4.80374e+19
Pixel 501, 84, 1, 1, 4.80374e+19
Pixel 501, 85, 1, 1, 4.80374e+19
Pixel 500, 85, 1, 1, 4.80374e+19
Pixel 797, 411, 1, 1, 4.80374e+19
Pixel 796, 412, 1, 1, 4.80374e+19
Pixel 797, 412, 1, 1, 4.80374e+19
=== 854222 ===
--- pALPIDEfs_3 ---
Pixel 557, 180, 1, 1, 4.80374e+19
=== 856414 ===
--- pALPIDEfs_5 ---
Pixel 871, 295, 1, 1, 4.80374e+19
Pixel 870, 295, 1, 1, 4.80374e+19
=== 861500 ===
--- pALPIDEfs_2 ---
Pixel 715, 125, 1, 1, 4.80374e+19
Pixel 715, 126, 1, 1, 4.80374e+19
Pixel 716, 124, 1, 1, 4.80374e+19
Pixel 716, 125, 1, 1, 4.80374e+19
Pixel 716, 126, 1, 1, 4.80374e+19
=== 901672 ===
--- pALPIDEfs_3 ---
Pixel 819, 103, 1, 1, 4.80374e+19
Pixel 818, 103, 1, 1, 4.80374e+19
=== 937292 ===
--- pALPIDEfs_0 ---
Pixel 485, 180, 1, 1, 4.80374e+19
Pixel 485, 181, 1, 1, 4.80374e+19
Pixel 484, 181, 1, 1, 4.80374e+19
--- pALPIDEfs_1 ---
Pixel 729, 363, 1, 1, 4.80374e+19
--- pALPIDEfs_2 ---
Pixel 996, 437, 1, 1, 4.80374e+19
=== 943854 ===
--- pALPIDEfs_3 ---
Pixel 1000, 42, 1, 1, 4.80374e+19
Pixel 1001, 42, 1, 1, 4.80374e+19
Pixel 1000, 43, 1, 1, 4.80374e+19
=== 945938 ===
--- pALPIDEfs_5 ---
Pixel 247, 338, 1, 1, 4.80374e+19
=== 948695 ===
--- pALPIDEfs_4 ---
Pixel 173, 2, 1, 1, 4.80374e+19
Pixel 173, 3, 1, 1, 4.80374e+19
Pixel 173, 4, 1, 1, 4.80374e+19
Pixel 173, 5, 1, 1, 4.80374e+19
Pixel 172, 5, 1, 1, 4.80374e+19
Pixel 174, 2, 1, 1, 4.80374e+19
Pixel 174, 3, 1, 1, 4.80374e+19
Pixel 174, 4, 1, 1, 4.80374e+19
=== 959850 ===
--- pALPIDEfs_4 ---
Pixel 308, 462, 1, 1, 4.80374e+19
Pixel 308, 463, 1, 1, 4.80374e+19
=== 960449 ===
--- pALPIDEfs_3 ---
Pixel 557, 180, 1, 1, 4.80374e+19
=== 966491 ===
--- pALPIDEfs_6 ---
Pixel 799, 148, 1, 1, 4.80374e+19
Pixel 799, 149, 1, 1, 4.80374e+19
Pixel 799, 150, 1, 1, 4.80374e+19
Pixel 800, 148, 1, 1, 4.80374e+19
Pixel 800, 149, 1, 1, 4.80374e+19
Pixel 800, 150, 1, 1, 4.80374e+19
=== 974507 ===
--- pALPIDEfs_0 ---
Pixel 623, 446, 1, 1, 4.80374e+19
Pixel 623, 447, 1, 1, 4.80374e+19
--- pALPIDEfs_1 ---
Pixel 444, 276, 1, 1, 4.80374e+19
Pixel 444, 277, 1, 1, 4.80374e+19
--- pALPIDEfs_2 ---
Pixel 286, 4, 1, 1, 4.80374e+19
Pixel 287, 4, 1, 1, 4.80374e+19
=== 991421 ===
--- pALPIDEfs_0 ---
Pixel 7, 477, 1, 1, 4.80374e+19
Pixel 8, 477, 1, 1, 4.80374e+19
=== 1004286 ===
--- pALPIDEfs_1 ---
Pixel 704, 121, 1, 1, 4.80374e+19
--- pALPIDEfs_2 ---
Pixel 683, 323, 1, 1, 4.80374e+19
=== 1004539 ===
--- pALPIDEfs_2 ---
Pixel 23, 43, 1, 1, 4.80374e+19
Pixel 23, 44, 1, 1, 4.80374e+19
=== 1035860 ===
--- pALPIDEfs_5 ---
Pixel 855, 388, 1, 1, 4.80374e+19
=== 1035861 ===
--- pALPIDEfs_5 ---
Pixel 855, 388, 1, 1, 4.80374e+19
=== 1040782 ===
--- pALPIDEfs_5 ---
Pixel 272, 442, 1, 1, 4.80374e+19
Pixel 273, 443, 1, 1, 4.80374e+19
Pixel 272, 443, 1, 1, 4.80374e+19
Pixel 272, 444, 1, 1, 4.80374e+19
=== 1043962 ===
--- pALPIDEfs_3 ---
Pixel 557, 180, 1, 1, 4.80374e+19
=== 1083562 ===
--- pALPIDEfs_5 ---
Pixel 769, 259, 1, 1, 4.80374e+19
--- pALPIDEfs_6 ---
Pixel 326, 269, 1, 1, 4.80374e+19
Pixel 326, 270, 1, 1, 4.80374e+19
=== 1088852 ===
--- pALPIDEfs_1 ---
Pixel 482, 122, 1, 1, 4.80374e+19
=== 1096460 ===
--- pALPIDEfs_3 ---
Pixel 557, 180, 1, 1, 4.80374e+19
=== 1099440 ===
--- pALPIDEfs_1 ---
Pixel 17, 312, 1, 1, 4.80374e+19
Pixel 18, 312, 1, 1, 4.80374e+19
--- pALPIDEfs_2 ---
Pixel 249, 190, 1, 1, 4.80374e+19
Pixel 250, 190, 1, 1, 4.80374e+19
=== 1120388 ===
--- pALPIDEfs_4 ---
Pixel 687, 509, 1, 1, 4.80374e+19
Pixel 687, 510, 1, 1, 4.80374e+19
=== 1125108 ===
--- pALPIDEfs_2 ---
Pixel 1010, 2, 1, 1, 4.80374e+19
Pixel 1011, 2, 1, 1, 4.80374e+19
Pixel 1011, 3, 1, 1, 4.80374e+19
Pixel 1010, 3, 1, 1, 4.80374e+19
=== 1128734 ===
--- pALPIDEfs_2 ---
Pixel 167, 177, 1, 1, 4.80374e+19
Pixel 166, 177, 1, 1, 4.80374e+19
=== 1137963 ===
--- pALPIDEfs_5 ---
Pixel 270, 405, 1, 1, 4.80374e+19
=== 1140336 ===
--- pALPIDEfs_3 ---
Pixel 557, 180, 1, 1, 4.80374e+19
=== 1147655 ===
--- pALPIDEfs_5 ---
Pixel 917, 211, 1, 1, 4.80374e+19
Pixel 918, 211, 1, 1, 4.80374e+19
Pixel 918, 212, 1, 1, 4.80374e+19
=== 1149873 ===
--- pALPIDEfs_6 ---
Pixel 89, 14, 1, 1, 4.80374e+19
Pixel 89, 15, 1, 1, 4.80374e+19
Pixel 90, 14, 1, 1, 4.80374e+19
=== 1160140 ===
--- pALPIDEfs_2 ---
Pixel 113, 275, 1, 1, 4.80374e+19
Pixel 113, 276, 1, 1, 4.80374e+19
Pixel 114, 275, 1, 1, 4.80374e+19
=== 1173519 ===
--- pALPIDEfs_2 ---
Pixel 846, 74, 1, 1, 4.80374e+19
Pixel 847, 74, 1, 1, 4.80374e+19
Pixel 847, 75, 1, 1, 4.80374e+19
Pixel 846, 75, 1, 1, 4.80374e+19
Pixel 847, 76, 1, 1, 4.80374e+19
=== 1178305 ===
--- pALPIDEfs_5 ---
Pixel 947, 320, 1, 1, 4.80374e+19
Pixel 948, 320, 1, 1, 4.80374e+19
=== 1211886 ===
--- pALPIDEfs_4 ---
Pixel 405, 17, 1, 1, 4.80374e+19
Pixel 404, 18, 1, 1, 4.80374e+19
Pixel 405, 18, 1, 1, 4.80374e+19
Pixel 405, 19, 1, 1, 4.80374e+19
Pixel 404, 19, 1, 1, 4.80374e+19
Pixel 404, 20, 1, 1, 4.80374e+19
Pixel 405, 20, 1, 1, 4.80374e+19
Pixel 405, 21, 1, 1, 4.80374e+19
=== 1218854 ===
--- pALPIDEfs_0 ---
Pixel 161, 364, 1, 1, 4.80374e+19
=== 1251181 ===
--- pALPIDEfs_2 ---
Pixel 531, 83, 1, 1, 4.80374e+19
Pixel 531, 84, 1, 1, 4.80374e+19
Pixel 532, 83, 1, 1, 4.80374e+19
Pixel 532, 84, 1, 1, 4.80374e+19
=== 1259123 ===
--- pALPIDEfs_4 ---
Pixel 698, 260, 1, 1, 4.80374e+19
Pixel 698, 261, 1, 1, 4.80374e+19
=== 1282379 ===
--- pALPIDEfs_3 ---
Pixel 557, 180, 1, 1, 4.80374e+19
=== 1290589 ===
--- pALPIDEfs_4 ---
Pixel 172, 303, 1, 1, 4.80374e+19
=== 1294843 ===
--- pALPIDEfs_0 ---
Pixel 859, 289, 1, 1, 4.80374e+19
Pixel 858, 290, 1, 1, 4.80374e+19
Pixel 859, 290, 1, 1, 4.80374e+19
=== 1307069 ===
--- pALPIDEfs_5 ---
Pixel 344, 24, 1, 1, 4.80374e+19
Pixel 345, 25, 1, 1, 4.80374e+19
Pixel 344, 25, 1, 1, 4.80374e+19
Pixel 344, 26, 1, 1, 4.80374e+19
Pixel 345, 26, 1, 1, 4.80374e+19
Pixel 346, 25, 1, 1, 4.80374e+19
Pixel 346, 26, 1, 1, 4.80374e+19
=== 1309265 ===
--- pALPIDEfs_1 ---
Pixel 1015, 221, 1, 1, 4.80374e+19
Pixel 1014, 221, 1, 1, 4.80374e+19
=== 1317339 ===
--- pALPIDEfs_0 ---
Pixel 383, 300, 1, 1, 4.80374e+19
Pixel 383, 301, 1, 1, 4.80374e+19
Pixel 384, 300, 1, 1, 4.80374e+19
=== 1322015 ===
--- pALPIDEfs_6 ---
Pixel 931, 241, 1, 1, 4.80374e+19
Pixel 931, 242, 1, 1, 4.80374e+19
=== 1328063 ===
--- pALPIDEfs_3 ---
Pixel 29, 498, 1, 1, 4.80374e+19
Pixel 30, 497, 1, 1, 4.80374e+19
Pixel 30, 498, 1, 1, 4.80374e+19
=== 1335863 ===
--- pALPIDEfs_2 ---
Pixel 464, 384, 1, 1, 4.80374e+19
Pixel 464, 385, 1, 1, 4.80374e+19
--- pALPIDEfs_3 ---
Pixel 785, 92, 1, 1, 4.80374e+19
Pixel 785, 93, 1, 1, 4.80374e+19
Pixel 786, 92, 1, 1, 4.80374e+19
Pixel 786, 93, 1, 1, 4.80374e+19
=== 1337109 ===
--- pALPIDEfs_1 ---
Pixel 731, 477, 1, 1, 4.80374e+19
Pixel 730, 477, 1, 1, 4.80374e+19
=== 1338662 ===
--- pALPIDEfs_3 ---
Pixel 582, 489, 1, 1, 4.80374e+19
=== 1339177 ===
--- pALPIDEfs_2 ---
Pixel 279, 342, 1, 1, 4.80374e+19
Pixel 279, 343, 1, 1, 4.80374e+19
=== 1342936 ===
--- pALPIDEfs_1 ---
Pixel 141, 458, 1, 1, 4.80374e+19
Pixel 142, 458, 1, 1, 4.80374e+19
Pixel 143, 458, 1, 1, 4.80374e+19
=== 1358933 ===
--- pALPIDEfs_4 ---
Pixel 445, 176, 1, 1, 4.80374e+19
Pixel 447, 174, 1, 1, 4.80374e+19
Pixel 447, 175, 1, 1, 4.80374e+19
Pixel 446, 175, 1, 1, 4.80374e+19
Pixel 446, 176, 1, 1, 4.80374e+19
Pixel 449, 171, 1, 1, 4.80374e+19
Pixel 449, 172, 1, 1, 4.80374e+19
Pixel 449, 173, 1, 1, 4.80374e+19
Pixel 448, 173, 1, 1, 4.80374e+19
Pixel 448, 174, 1, 1, 4.80374e+19
Pixel 451, 171, 1, 1, 4.80374e+19
Pixel 450, 171, 1, 1, 4.80374e+19
Pixel 450, 172, 1, 1, 4.80374e+19
Pixel 451, 172, 1, 1, 4.80374e+19
=== 1359211 ===
--- pALPIDEfs_6 ---
Pixel 949, 107, 1, 1, 4.80374e+19
Pixel 948, 107, 1, 1, 4.80374e+19
Pixel 948, 108, 1, 1, 4.80374e+19
Pixel 949, 108, 1, 1, 4.80374e+19
=== 1360919 ===
--- pALPIDEfs_2 ---
Pixel 210, 141, 1, 1, 4.80374e+19
=== 1368512 ===
--- pALPIDEfs_6 ---
Pixel 954, 164, 1, 1, 4.80374e+19
=== 1391350 ===
--- pALPIDEfs_3 ---
Pixel 5, 49, 1, 1, 4.80374e+19
=== 1398215 ===
--- pALPIDEfs_3 ---
Pixel 557, 180, 1, 1, 4.80374e+19
=== 1398435 ===
--- pALPIDEfs_0 ---
Pixel 467, 437, 1, 1, 4.80374e+19
Pixel 469, 437, 1, 1, 4.80374e+19
Pixel 468, 437, 1, 1, 4.80374e+19
Pixel 471, 437, 1, 1, 4.80374e+19
Pixel 470, 437, 1, 1, 4.80374e+19
Pixel 473, 437, 1, 1, 4.80374e+19
Pixel 472, 437, 1, 1, 4.80374e+19
Pixel 473, 438, 1, 1, 4.80374e+19
Pixel 474, 438, 1, 1, 4.80374e+19
=== 1404780 ===
--- pALPIDEfs_3 ---
Pixel 557, 180, 1, 1, 4.80374e+19
=== 1417973 ===
--- pALPIDEfs_3 ---
Pixel 941, 426, 1, 1, 4.80374e+19
=== 1419491 ===
--- pALPIDEfs_0 ---
Pixel 285, 343, 1, 1, 4.80374e+19
Pixel 285, 344, 1, 1, 4.80374e+19
Pixel 286, 342, 1, 1, 4.80374e+19
Pixel 286, 343, 1, 1, 4.80374e+19
Pixel 286, 344, 1, 1, 4.80374e+19
=== 1424025 ===
--- pALPIDEfs_0 ---
Pixel 881, 347, 1, 1, 4.80374e+19
Pixel 881, 348, 1, 1, 4.80374e+19
Pixel 882, 347, 1, 1, 4.80374e+19
Pixel 882, 348, 1, 1, 4.80374e+19
=== 1424224 ===
--- pALPIDEfs_3 ---
Pixel 920, 352, 1, 1, 4.80374e+19
Pixel 921, 352, 1, 1, 4.80374e+19
Pixel 920, 353, 1, 1, 4.80374e+19
=== 1438130 ===
--- pALPIDEfs_6 ---
Pixel 269, 409, 1, 1, 4.80374e+19
Pixel 270, 409, 1, 1, 4.80374e+19
=== 1441493 ===
--- pALPIDEfs_2 ---
Pixel 431, 293, 1, 1, 4.80374e+19
=== 1479435 ===
--- pALPIDEfs_5 ---
Pixel 852, 499, 1, 1, 4.80374e+19
--- pALPIDEfs_6 ---
Pixel 934, 348, 1, 1, 4.80374e+19
Pixel 935, 348, 1, 1, 4.80374e+19
Pixel 935, 349, 1, 1, 4.80374e+19
Pixel 934, 349, 1, 1, 4.80374e+19
Pixel 935, 350, 1, 1, 4.80374e+19
Pixel 936, 350, 1, 1, 4.80374e+19
=== 1483464 ===
--- pALPIDEfs_0 ---
Pixel 689, 84, 1, 1, 4.80374e+19
Pixel 690, 84, 1, 1, 4.80374e+19
=== 1486986 ===
--- pALPIDEfs_1 ---
Pixel 59, 417, 1, 1, 4.80374e+19
Pixel 58, 417, 1, 1, 4.80374e+19
Pixel 58, 418, 1, 1, 4.80374e+19
Pixel 59, 418, 1, 1, 4.80374e+19
=== 1490465 ===
--- pALPIDEfs_3 ---
Pixel 557, 180, 1, 1, 4.80374e+19
=== 1492377 ===
--- pALPIDEfs_6 ---
Pixel 128, 475, 1, 1, 4.80374e+19
=== 1495967 ===
--- pALPIDEfs_6 ---
Pixel 787, 72, 1, 1, 4.80374e+19
Pixel 787, 73, 1, 1, 4.80374e+19
Pixel 788, 72, 1, 1, 4.80374e+19
Pixel 788, 73, 1, 1, 4.80374e+19
=== 1500508 ===
--- pALPIDEfs_6 ---
Pixel 426, 334, 1, 1, 4.80374e+19
Pixel 426, 335, 1, 1, 4.80374e+19
=== 1506225 ===
--- pALPIDEfs_5 ---
Pixel 51, 302, 1, 1, 4.80374e+19
Pixel 51, 303, 1, 1, 4.80374e+19
--- pALPIDEfs_6 ---
Pixel 179, 437, 1, 1, 4.80374e+19
Pixel 178, 437, 1, 1, 4.80374e+19
Pixel 178, 438, 1, 1, 4.80374e+19
Pixel 179, 438, 1, 1, 4.80374e+19
=== 1510158 ===
--- pALPIDEfs_0 ---
Pixel 83, 297, 1, 1, 4.80374e+19
Pixel 84, 297, 1, 1, 4.80374e+19
=== 1517064 ===
--- pALPIDEfs_4 ---
Pixel 857, 467, 1, 1, 4.80374e+19
Pixel 857, 468, 1, 1, 4.80374e+19
Pixel 919, 432, 1, 1, 4.80374e+19
Pixel 919, 433, 1, 1, 4.80374e+19
Pixel 919, 434, 1, 1, 4.80374e+19
Pixel 920, 432, 1, 1, 4.80374e+19
Pixel 920, 433, 1, 1, 4.80374e+19
=== 1561094 ===
--- pALPIDEfs_3 ---
Pixel 241, 23, 1, 1, 4.80374e+19
Pixel 240, 23, 1, 1, 4.80374e+19
--- pALPIDEfs_4 ---
Pixel 827, 164, 1, 1, 4.80374e+19
Pixel 827, 165, 1, 1, 4.80374e+19
=== 1561367 ===
--- pALPIDEfs_0 ---
Pixel 615, 47, 1, 1, 4.80374e+19
Pixel 615, 48, 1, 1, 4.80374e+19
=== 1562637 ===
--- pALPIDEfs_1 ---
Pixel 913, 433, 1, 1, 4.80374e+19
Pixel 913, 434, 1, 1, 4.80374e+19
=== 1565141 ===
--- pALPIDEfs_6 ---
Pixel 653, 464, 1, 1, 4.80374e+19
Pixel 653, 465, 1, 1, 4.80374e+19
=== 1572383 ===
--- pALPIDEfs_6 ---
Pixel 259, 222, 1, 1, 4.80374e+19
Pixel 259, 223, 1, 1, 4.80374e+19
Pixel 260, 220, 1, 1, 4.80374e+19
Pixel 260, 221, 1, 1, 4.80374e+19
Pixel 260, 222, 1, 1, 4.80374e+19
=== 1581301 ===
--- pALPIDEfs_1 ---
Pixel 876, 462, 1, 1, 4.80374e+19
=== 1633317 ===
--- pALPIDEfs_0 ---
Pixel 981, 8, 1, 1, 4.80374e+19
Pixel 981, 9, 1, 1, 4.80374e+19
Pixel 980, 9, 1, 1, 4.80374e+19
Pixel 980, 10, 1, 1, 4.80374e+19
Pixel 981, 10, 1, 1, 4.80374e+19
Pixel 981, 11, 1, 1, 4.80374e+19
Pixel 980, 11, 1, 1, 4.80374e+19
Pixel 983, 8, 1, 1, 4.80374e+19
Pixel 982, 10, 1, 1, 4.80374e+19
Pixel 982, 11, 1, 1, 4.80374e+19
--- pALPIDEfs_1 ---
Pixel 777, 46, 1, 1, 4.80374e+19
--- pALPIDEfs_2 ---
Pixel 821, 296, 1, 1, 4.80374e+19
=== 1640436 ===
--- pALPIDEfs_2 ---
Pixel 362, 126, 1, 1, 4.80374e+19
Pixel 362, 127, 1, 1, 4.80374e+19
--- pALPIDEfs_3 ---
Pixel 235, 119, 1, 1, 4.80374e+19
Pixel 234, 119, 1, 1, 4.80374e+19
--- pALPIDEfs_4 ---
Pixel 373, 104, 1, 1, 4.80374e+19
--- pALPIDEfs_5 ---
Pixel 329, 9, 1, 1, 4.80374e+19
Pixel 328, 9, 1, 1, 4.80374e+19
Pixel 328, 10, 1, 1, 4.80374e+19
Pixel 329, 10, 1, 1, 4.80374e+19
=== 1646650 ===
--- pALPIDEfs_3 ---
Pixel 147, 428, 1, 1, 4.80374e+19
Pixel 148, 428, 1, 1, 4.80374e+19
Pixel 148, 429, 1, 1, 4.80374e+19
=== 1653723 ===
--- pALPIDEfs_5 ---
Pixel 119, 302, 1, 1, 4.80374e+19
Pixel 119, 303, 1, 1, 4.80374e+19
Pixel 118, 303, 1, 1, 4.80374e+19
Pixel 118, 304, 1, 1, 4.80374e+19
Pixel 119, 304, 1, 1, 4.80374e+19
Pixel 118, 305, 1, 1, 4.80374e+19
=== 1654431 ===
--- pALPIDEfs_3 ---
Pixel 557, 180, 1, 1, 4.80374e+19
=== 1667113 ===
--- pALPIDEfs_4 ---
Pixel 52, 63, 1, 1, 4.80374e+19
Pixel 52, 64, 1, 1, 4.80374e+19
--- pALPIDEfs_5 ---
Pixel 142, 331, 1, 1, 4.80374e+19
Pixel 142, 332, 1, 1, 4.80374e+19
Pixel 143, 332, 1, 1, 4.80374e+19
--- pALPIDEfs_6 ---
Pixel 537, 217, 1, 1, 4.80374e+19
Pixel 536, 217, 1, 1, 4.80374e+19
=== 1670770 ===
--- pALPIDEfs_6 ---
Pixel 654, 250, 1, 1, 4.80374e+19
Pixel 655, 250, 1, 1, 4.80374e+19
Pixel 655, 251, 1, 1, 4.80374e+19
Pixel 654, 251, 1, 1, 4.80374e+19
=== 1671426 ===
--- pALPIDEfs_2 ---
Pixel 39, 439, 1, 1, 4.80374e+19
Pixel 38, 439, 1, 1, 4.80374e+19
Pixel 39, 440, 1, 1, 4.80374e+19
=== 1677027 ===
--- pALPIDEfs_3 ---
Pixel 557, 180, 1, 1, 4.80374e+19
=== 1690753 ===
--- pALPIDEfs_5 ---
Pixel 135, 33, 1, 1, 4.80374e+19
Pixel 136, 32, 1, 1, 4.80374e+19
Pixel 136, 33, 1, 1, 4.80374e+19
=== 1722792 ===
--- pALPIDEfs_5 ---
Pixel 805, 172, 1, 1, 4.80374e+19
Pixel 805, 173, 1, 1, 4.80374e+19
Pixel 805, 174, 1, 1, 4.80374e+19
Pixel 806, 173, 1, 1, 4.80374e+19
Pixel 806, 174, 1, 1, 4.80374e+19
=== 1723983 ===
--- pALPIDEfs_1 ---
Pixel 195, 503, 1, 1, 4.80374e+19
Pixel 196, 502, 1, 1, 4.80374e+19
Pixel 196, 503, 1, 1, 4.80374e+19
Pixel 196, 504, 1, 1, 4.80374e+19
=== 1725353 ===
--- pALPIDEfs_5 ---
Pixel 973, 58, 1, 1, 4.80374e+19
Pixel 973, 59, 1, 1, 4.80374e+19
Pixel 974, 58, 1, 1, 4.80374e+19
Pixel 975, 59, 1, 1, 4.80374e+19
Pixel 974, 59, 1, 1, 4.80374e+19
Pixel 981, 58, 1, 1, 4.80374e+19
Pixel 981, 59, 1, 1, 4.80374e+19
Pixel 982, 58, 1, 1, 4.80374e+19
Pixel 982, 59, 1, 1, 4.80374e+19
Pixel 999, 34, 1, 1, 4.80374e+19
Pixel 999, 35, 1, 1, 4.80374e+19
=== 1726760 ===
--- pALPIDEfs_3 ---
Pixel 557, 180, 1, 1, 4.80374e+19
=== 1736915 ===
--- pALPIDEfs_3 ---
Pixel 557, 180, 1, 1, 4.80374e+19
=== 1757957 ===
--- pALPIDEfs_0 ---
Pixel 459, 56, 1, 1, 4.80374e+19
Pixel 459, 57, 1, 1, 4.80374e+19
Pixel 459, 58, 1, 1, 4.80374e+19
Pixel 460, 56, 1, 1, 4.80374e+19
Pixel 460, 57, 1, 1, 4.80374e+19
=== 1758869 ===
--- pALPIDEfs_5 ---
Pixel 822, 360, 1, 1, 4.80374e+19
Pixel 822, 361, 1, 1, 4.80374e+19
--- pALPIDEfs_6 ---
Pixel 312, 382, 1, 1, 4.80374e+19
Pixel 313, 382, 1, 1, 4.80374e+19
Pixel 313, 383, 1, 1, 4.80374e+19
=== 1761742 ===
--- pALPIDEfs_1 ---
Pixel 170, 346, 1, 1, 4.80374e+19
Pixel 171, 346, 1, 1, 4.80374e+19
Pixel 171, 347, 1, 1, 4.80374e+19
Pixel 172, 346, 1, 1, 4.80374e+19
Pixel 172, 347, 1, 1, 4.80374e+19
=== 1762025 ===
--- pALPIDEfs_6 ---
Pixel 301, 171, 1, 1, 4.80374e+19
Pixel 302, 170, 1, 1, 4.80374e+19
Pixel 302, 171, 1, 1, 4.80374e+19
=== 1773733 ===
--- pALPIDEfs_2 ---
Pixel 759, 259, 1, 1, 4.80374e+19
Pixel 758, 260, 1, 1, 4.80374e+19
Pixel 759, 260, 1, 1, 4.80374e+19
Pixel 758, 261, 1, 1, 4.80374e+19
Pixel 760, 259, 1, 1, 4.80374e+19
=== 1780342 ===
--- pALPIDEfs_4 ---
Pixel 761, 211, 1, 1, 4.80374e+19
Pixel 760, 211, 1, 1, 4.80374e+19
Pixel 760, 212, 1, 1, 4.80374e+19
Pixel 763, 211, 1, 1, 4.80374e+19
Pixel 762, 211, 1, 1, 4.80374e+19
=== 1780343 ===
--- pALPIDEfs_4 ---
Pixel 761, 211, 1, 1, 4.80374e+19
Pixel 760, 211, 1, 1, 4.80374e+19
Pixel 760, 212, 1, 1, 4.80374e+19
Pixel 763, 211, 1, 1, 4.80374e+19
Pixel 762, 211, 1, 1, 4.80374e+19
=== 1781327 ===
--- pALPIDEfs_3 ---
Pixel 557, 180, 1, 1, 4.80374e+19
=== 1781929 ===
--- pALPIDEfs_3 ---
Pixel 145, 31, 1, 1, 4.80374e+19
Pixel 144, 32, 1, 1, 4.80374e+19
Pixel 145, 32, 1, 1, 4.80374e+19
Pixel 145, 33, 1, 1, 4.80374e+19
Pixel 144, 33, 1, 1, 4.80374e+19
Pixel 146, 31, 1, 1, 4.80374e+19
Pixel 146, 32, 1, 1, 4.80374e+19
=== 1785120 ===
--- pALPIDEfs_3 ---
Pixel 557, 180, 1, 1, 4.80374e+19
=== 1785215 ===
--- pALPIDEfs_2 ---
Pixel 864, 482, 1, 1, 4.80374e+19
Pixel 865, 482, 1, 1, 4.80374e+19
Pixel 865, 483, 1, 1, 4.80374e+19
Pixel 864, 483, 1, 1, 4.80374e+19
Pixel 864, 484, 1, 1, 4.80374e+19
Pixel 865, 484, 1, 1, 4.80374e+19
Pixel 865, 485, 1, 1, 4.80374e+19
Pixel 866, 484, 1, 1, 4.80374e+19
Pixel 866, 485, 1, 1, 4.80374e+19
=== 1787589 ===
--- pALPIDEfs_3 ---
Pixel 557, 180, 1, 1, 4.80374e+19
=== 1788850 ===
--- pALPIDEfs_0 ---
Pixel 622, 350, 1, 1, 4.80374e+19
=== 1791745 ===
--- pALPIDEfs_4 ---
Pixel 35, 112, 1, 1, 4.80374e+19
Pixel 35, 113, 1, 1, 4.80374e+19
Pixel 36, 111, 1, 1, 4.80374e+19
Pixel 36, 112, 1, 1, 4.80374e+19
Pixel 36, 113, 1, 1, 4.80374e+19
=== 1810509 ===
--- pALPIDEfs_1 ---
Pixel 286, 464, 1, 1, 4.80374e+19
Pixel 287, 465, 1, 1, 4.80374e+19
Pixel 286, 465, 1, 1, 4.80374e+19
Pixel 297, 462, 1, 1, 4.80374e+19
Pixel 298, 460, 1, 1, 4.80374e+19
Pixel 298, 461, 1, 1, 4.80374e+19
=== 1819982 ===
--- pALPIDEfs_5 ---
Pixel 731, 184, 1, 1, 4.80374e+19
Pixel 731, 185, 1, 1, 4.80374e+19
Pixel 732, 184, 1, 1, 4.80374e+19
Pixel 732, 185, 1, 1, 4.80374e+19
=== 1834016 ===
--- pALPIDEfs_3 ---
Pixel 557, 180, 1, 1, 4.80374e+19
=== 1836122 ===
--- pALPIDEfs_6 ---
Pixel 2, 0, 1, 1, 4.80374e+19
=== 1840773 ===
--- pALPIDEfs_3 ---
Pixel 557, 180, 1, 1, 4.80374e+19
=== 1854982 ===
--- pALPIDEfs_3 ---
Pixel 557, 180, 1, 1, 4.80374e+19
=== 1856842 ===
--- pALPIDEfs_1 ---
Pixel 644, 33, 1, 1, 4.80374e+19
--- pALPIDEfs_2 ---
Pixel 287, 319, 1, 1, 4.80374e+19
Pixel 287, 320, 1, 1, 4.80374e+19
=== 1857229 ===
--- pALPIDEfs_3 ---
Pixel 287, 471, 1, 1, 4.80374e+19
Pixel 287, 472, 1, 1, 4.80374e+19
Pixel 288, 471, 1, 1, 4.80374e+19
Pixel 288, 472, 1, 1, 4.80374e+19
Pixel 294, 468, 1, 1, 4.80374e+19
Pixel 295, 468, 1, 1, 4.80374e+19
Pixel 295, 469, 1, 1, 4.80374e+19
Pixel 294, 469, 1, 1, 4.80374e+19
=== 1860390 ===
--- pALPIDEfs_5 ---
Pixel 93, 273, 1, 1, 4.80374e+19
Pixel 93, 274, 1, 1, 4.80374e+19
Pixel 94, 273, 1, 1, 4.80374e+19
Pixel 94, 274, 1, 1, 4.80374e+19
=== 1864338 ===
--- pALPIDEfs_6 ---
Pixel 802, 139, 1, 1, 4.80374e+19
Pixel 802, 140, 1, 1, 4.80374e+19
=== 1868658 ===
--- pALPIDEfs_4 ---
Pixel 249, 420, 1, 1, 4.80374e+19
Pixel 250, 421, 1, 1, 4.80374e+19
=== 1883017 ===
--- pALPIDEfs_3 ---
Pixel 112, 136, 1, 1, 4.80374e+19
Pixel 113, 136, 1, 1, 4.80374e+19
Pixel 112, 137, 1, 1, 4.80374e+19
=== 1894434 ===
--- pALPIDEfs_4 ---
Pixel 835, 357, 1, 1, 4.80374e+19
Pixel 835, 358, 1, 1, 4.80374e+19
Pixel 836, 357, 1, 1, 4.80374e+19
Pixel 836, 358, 1, 1, 4.80374e+19
Pixel 837, 358, 1, 1, 4.80374e+19
Pixel 837, 359, 1, 1, 4.80374e+19
Pixel 836, 359, 1, 1, 4.80374e+19
Pixel 837, 360, 1, 1, 4.80374e+19
=== 1896117 ===
--- pALPIDEfs_2 ---
Pixel 794, 38, 1, 1, 4.80374e+19
Pixel 797, 36, 1, 1, 4.80374e+19
Pixel 797, 37, 1, 1, 4.80374e+19
Pixel 796, 37, 1, 1, 4.80374e+19
=== 1917209 ===
--- pALPIDEfs_3 ---
Pixel 557, 180, 1, 1, 4.80374e+19
=== 1920504 ===
--- pALPIDEfs_0 ---
Pixel 677, 495, 1, 1, 4.80374e+19
Pixel 676, 496, 1, 1, 4.80374e+19
Pixel 677, 496, 1, 1, 4.80374e+19
Pixel 677, 497, 1, 1, 4.80374e+19
Pixel 676, 497, 1, 1, 4.80374e+19
=== 1932878 ===
--- pALPIDEfs_3 ---
Pixel 557, 180, 1, 1, 4.80374e+19
=== 1944409 ===
--- pALPIDEfs_0 ---
Pixel 930, 154, 1, 1, 4.80374e+19
Pixel 931, 154, 1, 1, 4.80374e+19
Pixel 931, 155, 1, 1, 4.80374e+19
Pixel 930, 155, 1, 1, 4.80374e+19
Pixel 931, 156, 1, 1, 4.80374e+19
Pixel 932, 155, 1, 1, 4.80374e+19
Pixel 932, 156, 1, 1, 4.80374e+19
=== 1954320 ===
--- pALPIDEfs_0 ---
Pixel 669, 465, 1, 1, 4.80374e+19
Pixel 668, 465, 1, 1, 4.80374e+19
Pixel 668, 466, 1, 1, 4.80374e+19
Pixel 669, 466, 1, 1, 4.80374e+19
=== 1954432 ===
--- pALPIDEfs_3 ---
Pixel 557, 180, 1, 1, 4.80374e+19
=== 1963332 ===
--- pALPIDEfs_3 ---
Pixel 557, 180, 1, 1, 4.80374e+19
=== 1964872 ===
--- pALPIDEfs_3 ---
Pixel 557, 180, 1, 1, 4.80374e+19
=== 1997031 ===
--- pALPIDEfs_0 ---
Pixel 799, 87, 1, 1, 4.80374e+19
Pixel 799, 88, 1, 1, 4.80374e+19
Pixel 800, 87, 1, 1, 4.80374e+19
Pixel 800, 88, 1, 1, 4.80374e+19
=== 2003715 ===
--- pALPIDEfs_4 ---
Pixel 630, 468, 1, 1, 4.80374e+19
Pixel 630, 469, 1, 1, 4.80374e+19
Pixel 630, 470, 1, 1, 4.80374e+19
=== 2010411 ===
--- pALPIDEfs_3 ---
Pixel 709, 213, 1, 1, 4.80374e+19
Pixel 709, 214, 1, 1, 4.80374e+19
Pixel 710, 213, 1, 1, 4.80374e+19
Pixel 710, 214, 1, 1, 4.80374e+19
--- pALPIDEfs_4 ---
Pixel 464, 282, 1, 1, 4.80374e+19
=== 2020326 ===
--- pALPIDEfs_6 ---
Pixel 363, 246, 1, 1, 4.80374e+19
Pixel 363, 247, 1, 1, 4.80374e+19
Pixel 362, 247, 1, 1, 4.80374e+19
Pixel 362, 248, 1, 1, 4.80374e+19
Pixel 362, 249, 1, 1, 4.80374e+19
=== 2027599 ===
--- pALPIDEfs_4 ---
Pixel 458, 190, 1, 1, 4.80374e+19
=== 2047999 ===
--- pALPIDEfs_0 ---
Pixel 417, 105, 1, 1, 4.80374e+19
Pixel 416, 105, 1, 1, 4.80374e+19
Pixel 416, 106, 1, 1, 4.80374e+19
Pixel 417, 106, 1, 1, 4.80374e+19
Pixel 419, 105, 1, 1, 4.80374e+19
Pixel 418, 105, 1, 1, 4.80374e+19
Pixel 418, 106, 1, 1, 4.80374e+19
Pixel 419, 106, 1, 1, 4.80374e+19
=== 2073345 ===
--- pALPIDEfs_0 ---
Pixel 969, 4, 1, 1, 4.80374e+19
Pixel 969, 5, 1, 1, 4.80374e+19
Pixel 970, 4, 1, 1, 4.80374e+19
Pixel 970, 5, 1, 1, 4.80374e+19
--- pALPIDEfs_1 ---
Pixel 497, 99, 1, 1, 4.80374e+19
--- pALPIDEfs_2 ---
Pixel 45, 91, 1, 1, 4.80374e+19
=== 2075787 ===
--- pALPIDEfs_1 ---
Pixel 187, 459, 1, 1, 4.80374e+19
Pixel 186, 459, 1, 1, 4.80374e+19
=== 2081228 ===
--- pALPIDEfs_5 ---
Pixel 497, 337, 1, 1, 4.80374e+19
Pixel 498, 336, 1, 1, 4.80374e+19
Pixel 498, 337, 1, 1, 4.80374e+19
=== 2088821 ===
--- pALPIDEfs_5 ---
Pixel 183, 300, 1, 1, 4.80374e+19
Pixel 184, 300, 1, 1, 4.80374e+19
Pixel 184, 301, 1, 1, 4.80374e+19
=== 2098099 ===
--- pALPIDEfs_2 ---
Pixel 449, 334, 1, 1, 4.80374e+19
Pixel 451, 333, 1, 1, 4.80374e+19
Pixel 450, 333, 1, 1, 4.80374e+19
Pixel 450, 334, 1, 1, 4.80374e+19
=== 2106078 ===
--- pALPIDEfs_0 ---
Pixel 250, 302, 1, 1, 4.80374e+19
Pixel 251, 302, 1, 1, 4.80374e+19
Pixel 251, 303, 1, 1, 4.80374e+19
Pixel 252, 302, 1, 1, 4.80374e+19
Pixel 253, 302, 1, 1, 4.80374e+19
Pixel 252, 303, 1, 1, 4.80374e+19
Pixel 258, 300, 1, 1, 4.80374e+19
Pixel 260, 300, 1, 1, 4.80374e+19
Pixel 261, 300, 1, 1, 4.80374e+19
Pixel 261, 301, 1, 1, 4.80374e+19
Pixel 260, 301, 1, 1, 4.80374e+19
=== 2122196 ===
--- pALPIDEfs_2 ---
Pixel 285, 262, 1, 1, 4.80374e+19
Pixel 285, 263, 1, 1, 4.80374e+19
Pixel 286, 263, 1, 1, 4.80374e+19
=== 2142464 ===
--- pALPIDEfs_3 ---
Pixel 557, 180, 1, 1, 4.80374e+19
=== 2158602 ===
--- pALPIDEfs_6 ---
Pixel 103, 221, 1, 1, 4.80374e+19
=== 2159588 ===
--- pALPIDEfs_6 ---
Pixel 93, 322, 1, 1, 4.80374e+19
Pixel 94, 322, 1, 1, 4.80374e+19
=== 2190846 ===
--- pALPIDEfs_1 ---
Pixel 972, 114, 1, 1, 4.80374e+19
Pixel 973, 114, 1, 1, 4.80374e+19
Pixel 973, 115, 1, 1, 4.80374e+19
Pixel 972, 115, 1, 1, 4.80374e+19
Pixel 972, 116, 1, 1, 4.80374e+19
Pixel 973, 116, 1, 1, 4.80374e+19
=== 2195084 ===
--- pALPIDEfs_3 ---
Pixel 557, 180, 1, 1, 4.80374e+19
=== 2218912 ===
--- pALPIDEfs_3 ---
Pixel 557, 180, 1, 1, 4.80374e+19
=== 2243815 ===
--- pALPIDEfs_3 ---
Pixel 557, 180, 1, 1, 4.80374e+19
=== 2245829 ===
--- pALPIDEfs_0 ---
Pixel 842, 503, 1, 1, 4.80374e+19
Pixel 842, 504, 1, 1, 4.80374e+19
--- pALPIDEfs_1 ---
Pixel 183, 299, 1, 1, 4.80374e+19
=== 2251466 ===
--- pALPIDEfs_0 ---
Pixel 103, 248, 1, 1, 4.80374e+19
Pixel 103, 249, 1, 1, 4.80374e+19
=== 2256746 ===
--- pALPIDEfs_3 ---
Pixel 557, 180, 1, 1, 4.80374e+19
=== 2285594 ===
--- pALPIDEfs_3 ---
Pixel 557, 180, 1, 1, 4.80374e+19
=== 2295204 ===
--- pALPIDEfs_3 ---
Pixel 557, 180, 1, 1, 4.80374e+19
=== 2313747 ===
--- pALPIDEfs_3 ---
Pixel 557, 180, 1, 1, 4.80374e+19
=== 2319074 ===
--- pALPIDEfs_0 ---
Pixel 161, 455, 1, 1, 4.80374e+19
Pixel 161, 456, 1, 1, 4.80374e+19
--- pALPIDEfs_1 ---
Pixel 232, 475, 1, 1, 4.80374e+19
--- pALPIDEfs_2 ---
Pixel 327, 392, 1, 1, 4.80374e+19
--- pALPIDEfs_3 ---
Pixel 422, 375, 1, 1, 4.80374e+19
--- pALPIDEfs_4 ---
Pixel 539, 346, 1, 1, 4.80374e+19
--- pALPIDEfs_5 ---
Pixel 626, 362, 1, 1, 4.80374e+19
--- pALPIDEfs_6 ---
Pixel 768, 322, 1, 1, 4.80374e+19
=== 2320823 ===
--- pALPIDEfs_3 ---
Pixel 651, 116, 1, 1, 4.80374e+19
Pixel 652, 115, 1, 1, 4.80374e+19
Pixel 652, 116, 1, 1, 4.80374e+19
=== 2326090 ===
--- pALPIDEfs_3 ---
Pixel 557, 180, 1, 1, 4.80374e+19
=== 2331874 ===
--- pALPIDEfs_0 ---
Pixel 106, 43, 1, 1, 4.80374e+19
Pixel 106, 44, 1, 1, 4.80374e+19
=== 2331990 ===
--- pALPIDEfs_6 ---
Pixel 261, 89, 1, 1, 4.80374e+19
Pixel 261, 90, 1, 1, 4.80374e+19
=== 2353957 ===
--- pALPIDEfs_3 ---
Pixel 151, 419, 1, 1, 4.80374e+19
--- pALPIDEfs_4 ---
Pixel 614, 50, 1, 1, 4.80374e+19
=== 2354669 ===
--- pALPIDEfs_2 ---
Pixel 444, 337, 1, 1, 4.80374e+19
--- pALPIDEfs_3 ---
Pixel 137, 206, 1, 1, 4.80374e+19
Pixel 138, 206, 1, 1, 4.80374e+19
=== 2360846 ===
--- pALPIDEfs_2 ---
Pixel 584, 508, 1, 1, 4.80374e+19
Pixel 585, 508, 1, 1, 4.80374e+19
Pixel 585, 509, 1, 1, 4.80374e+19
Pixel 584, 509, 1, 1, 4.80374e+19
Pixel 584, 510, 1, 1, 4.80374e+19
Pixel 585, 510, 1, 1, 4.80374e+19
=== 2361598 ===
--- pALPIDEfs_6 ---
Pixel 23, 279, 1, 1, 4.80374e+19
Pixel 22, 280, 1, 1, 4.80374e+19
Pixel 23, 280, 1, 1, 4.80374e+19
Pixel 23, 281, 1, 1, 4.80374e+19
Pixel 22, 281, 1, 1, 4.80374e+19
Pixel 24, 280, 1, 1, 4.80374e+19
Pixel 24, 281, 1, 1, 4.80374e+19
=== 2376486 ===
--- pALPIDEfs_6 ---
Pixel 270, 434, 1, 1, 4.80374e+19
Pixel 270, 435, 1, 1, 4.80374e+19
Pixel 294, 460, 1, 1, 4.80374e+19
Pixel 295, 460, 1, 1, 4.80374e+19
=== 2380451 ===
--- pALPIDEfs_6 ---
Pixel 217, 101, 1, 1, 4.80374e+19
Pixel 216, 101, 1, 1, 4.80374e+19
Pixel 216, 102, 1, 1, 4.80374e+19
=== 2392132 ===
--- pALPIDEfs_2 ---
Pixel 597, 2, 1, 1, 4.80374e+19
Pixel 597, 3, 1, 1, 4.80374e+19
Pixel 597, 4, 1, 1, 4.80374e+19
Pixel 597, 5, 1, 1, 4.80374e+19
Pixel 596, 5, 1, 1, 4.80374e+19
Pixel 596, 6, 1, 1, 4.80374e+19
Pixel 597, 6, 1, 1, 4.80374e+19
Pixel 597, 7, 1, 1, 4.80374e+19
Pixel 596, 7, 1, 1, 4.80374e+19
Pixel 598, 2, 1, 1, 4.80374e+19
Pixel 598, 3, 1, 1, 4.80374e+19
=== 2393832 ===
--- pALPIDEfs_3 ---
Pixel 557, 180, 1, 1, 4.80374e+19
=== 2408428 ===
--- pALPIDEfs_5 ---
Pixel 680, 233, 1, 1, 4.80374e+19
Pixel 680, 234, 1, 1, 4.80374e+19
=== 2414657 ===
--- pALPIDEfs_2 ---
Pixel 543, 236, 1, 1, 4.80374e+19
Pixel 543, 237, 1, 1, 4.80374e+19
Pixel 544, 236, 1, 1, 4.80374e+19
Pixel 545, 237, 1, 1, 4.80374e+19
Pixel 544, 237, 1, 1, 4.80374e+19
=== 2419635 ===
--- pALPIDEfs_6 ---
Pixel 282, 80, 1, 1, 4.80374e+19
Pixel 283, 80, 1, 1, 4.80374e+19
Pixel 283, 81, 1, 1, 4.80374e+19
Pixel 282, 81, 1, 1, 4.80374e+19
Pixel 284, 80, 1, 1, 4.80374e+19
Pixel 285, 81, 1, 1, 4.80374e+19
Pixel 284, 81, 1, 1, 4.80374e+19
Pixel 284, 82, 1, 1, 4.80374e+19
Pixel 285, 82, 1, 1, 4.80374e+19
=== 2425042 ===
--- pALPIDEfs_3 ---
Pixel 557, 180, 1, 1, 4.80374e+19
=== 2478151 ===
--- pALPIDEfs_3 ---
Pixel 557, 180, 1, 1, 4.80374e+19
=== 2478903 ===
--- pALPIDEfs_3 ---
Pixel 557, 180, 1, 1, 4.80374e+19
=== 2483623 ===
--- pALPIDEfs_3 ---
Pixel 557, 180, 1, 1, 4.80374e+19
=== 2508343 ===
--- pALPIDEfs_3 ---
Pixel 557, 180, 1, 1, 4.80374e+19
=== 2514348 ===
--- pALPIDEfs_2 ---
Pixel 976, 247, 1, 1, 4.80374e+19
=== 2514736 ===
--- pALPIDEfs_3 ---
Pixel 557, 180, 1, 1, 4.80374e+19
=== 2520772 ===
--- pALPIDEfs_3 ---
Pixel 557, 180, 1, 1, 4.80374e+19
=== 2523792 ===
--- pALPIDEfs_3 ---
Pixel 557, 180, 1, 1, 4.80374e+19
=== 2524663 ===
--- pALPIDEfs_3 ---
Pixel 719, 410, 1, 1, 4.80374e+19
Pixel 719, 411, 1, 1, 4.80374e+19
=== 2537671 ===
--- pALPIDEfs_3 ---
Pixel 557, 180, 1, 1, 4.80374e+19
=== 2539842 ===
--- pALPIDEfs_5 ---
Pixel 351, 143, 1, 1, 4.80374e+19
Pixel 353, 143, 1, 1, 4.80374e+19
Pixel 352, 143, 1, 1, 4.80374e+19
Pixel 353, 144, 1, 1, 4.80374e+19
Pixel 354, 143, 1, 1, 4.80374e+19
Pixel 354, 144, 1, 1, 4.80374e+19
Pixel 355, 144, 1, 1, 4.80374e+19
=== 2544628 ===
--- pALPIDEfs_3 ---
Pixel 557, 180, 1, 1, 4.80374e+19
=== 2553983 ===
--- pALPIDEfs_3 ---
Pixel 587, 95, 1, 1, 4.80374e+19
Pixel 587, 96, 1, 1, 4.80374e+19
=== 2574777 ===
--- pALPIDEfs_0 ---
Pixel 223, 234, 1, 1, 4.80374e+19
Pixel 223, 235, 1, 1, 4.80374e+19
=== 2588655 ===
--- pALPIDEfs_3 ---
Pixel 591, 430, 1, 1, 4.80374e+19
Pixel 591, 431, 1, 1, 4.80374e+19
=== 2601627 ===
--- pALPIDEfs_3 ---
Pixel 557, 180, 1, 1, 4.80374e+19
=== 2606169 ===
--- pALPIDEfs_3 ---
Pixel 557, 180, 1, 1, 4.80374e+19
=== 2612114 ===
--- pALPIDEfs_6 ---
Pixel 360, 109, 1, 1, 4.80374e+19
Pixel 360, 110, 1, 1, 4.80374e+19
=== 2636608 ===
--- pALPIDEfs_3 ---
Pixel 557, 180, 1, 1, 4.80374e+19
=== 2637892 ===
--- pALPIDEfs_1 ---
Pixel 685, 138, 1, 1, 4.80374e+19
Pixel 686, 138, 1, 1, 4.80374e+19
Pixel 795, 16, 1, 1, 4.80374e+19
--- pALPIDEfs_2 ---
Pixel 310, 39, 1, 1, 4.80374e+19
Pixel 310, 40, 1, 1, 4.80374e+19
=== 2645198 ===
--- pALPIDEfs_1 ---
Pixel 686, 132, 1, 1, 4.80374e+19
Pixel 686, 133, 1, 1, 4.80374e+19
Pixel 686, 134, 1, 1, 4.80374e+19
=== 2645984 ===
--- pALPIDEfs_3 ---
Pixel 557, 180, 1, 1, 4.80374e+19
=== 2649223 ===
--- pALPIDEfs_2 ---
Pixel 481, 150, 1, 1, 4.80374e+19
Pixel 482, 150, 1, 1, 4.80374e+19
--- pALPIDEfs_3 ---
Pixel 311, 433, 1, 1, 4.80374e+19
Pixel 311, 434, 1, 1, 4.80374e+19
Pixel 312, 434, 1, 1, 4.80374e+19
=== 2650611 ===
--- pALPIDEfs_3 ---
Pixel 557, 180, 1, 1, 4.80374e+19
=== 2665055 ===
--- pALPIDEfs_3 ---
Pixel 557, 180, 1, 1, 4.80374e+19
=== 2670279 ===
--- pALPIDEfs_4 ---
Pixel 283, 141, 1, 1, 4.80374e+19
Pixel 284, 140, 1, 1, 4.80374e+19
Pixel 284, 141, 1, 1, 4.80374e+19
=== 2673323 ===
--- pALPIDEfs_6 ---
Pixel 10, 440, 1, 1, 4.80374e+19
Pixel 11, 440, 1, 1, 4.80374e+19
Pixel 11, 441, 1, 1, 4.80374e+19
Pixel 10, 441, 1, 1, 4.80374e+19
=== 2673462 ===
--- pALPIDEfs_1 ---
Pixel 887, 11, 1, 1, 4.80374e+19
Pixel 886, 11, 1, 1, 4.80374e+19
=== 2692197 ===
--- pALPIDEfs_4 ---
Pixel 724, 29, 1, 1, 4.80374e+19
--- pALPIDEfs_5 ---
Pixel 457, 111, 1, 1, 4.80374e+19
Pixel 458, 111, 1, 1, 4.80374e+19
--- pALPIDEfs_6 ---
Pixel 395, 117, 1, 1, 4.80374e+19
Pixel 394, 117, 1, 1, 4.80374e+19
=== 2697559 ===
--- pALPIDEfs_2 ---
Pixel 39, 384, 1, 1, 4.80374e+19
Pixel 39, 385, 1, 1, 4.80374e+19
Pixel 40, 384, 1, 1, 4.80374e+19
Pixel 40, 385, 1, 1, 4.80374e+19
--- pALPIDEfs_3 ---
Pixel 65, 272, 1, 1, 4.80374e+19
Pixel 65, 273, 1, 1, 4.80374e+19
Pixel 66, 272, 1, 1, 4.80374e+19
Pixel 66, 273, 1, 1, 4.80374e+19
--- pALPIDEfs_4 ---
Pixel 114, 148, 1, 1, 4.80374e+19
--- pALPIDEfs_5 ---
Pixel 132, 72, 1, 1, 4.80374e+19
=== 2704416 ===
--- pALPIDEfs_3 ---
Pixel 557, 180, 1, 1, 4.80374e+19
=== 2708630 ===
--- pALPIDEfs_3 ---
Pixel 217, 37, 1, 1, 4.80374e+19
Pixel 217, 38, 1, 1, 4.80374e+19
Pixel 218, 37, 1, 1, 4.80374e+19
Pixel 218, 38, 1, 1, 4.80374e+19
--- pALPIDEfs_4 ---
Pixel 151, 146, 1, 1, 4.80374e+19
Pixel 151, 147, 1, 1, 4.80374e+19
--- pALPIDEfs_5 ---
Pixel 56, 301, 1, 1, 4.80374e+19
--- pALPIDEfs_6 ---
Pixel 14, 398, 1, 1, 4.80374e+19
Pixel 15, 398, 1, 1, 4.80374e+19
=== 2711837 ===
--- pALPIDEfs_5 ---
Pixel 52, 212, 1, 1, 4.80374e+19
Pixel 53, 212, 1, 1, 4.80374e+19
Pixel 52, 213, 1, 1, 4.80374e+19
=== 2717010 ===
--- pALPIDEfs_6 ---
Pixel 339, 304, 1, 1, 4.80374e+19
Pixel 339, 305, 1, 1, 4.80374e+19
=== 2730144 ===
--- pALPIDEfs_4 ---
Pixel 636, 232, 1, 1, 4.80374e+19
Pixel 637, 232, 1, 1, 4.80374e+19
Pixel 637, 233, 1, 1, 4.80374e+19
Pixel 636, 233, 1, 1, 4.80374e+19
=== 2730518 ===
--- pALPIDEfs_3 ---
Pixel 167, 223, 1, 1, 4.80374e+19
Pixel 167, 224, 1, 1, 4.80374e+19
Pixel 168, 223, 1, 1, 4.80374e+19
Pixel 168, 224, 1, 1, 4.80374e+19
=== 2731263 ===
--- pALPIDEfs_4 ---
Pixel 779, 113, 1, 1, 4.80374e+19
Pixel 780, 113, 1, 1, 4.80374e+19
=== 2750464 ===
--- pALPIDEfs_0 ---
Pixel 82, 413, 1, 1, 4.80374e+19
Pixel 82, 414, 1, 1, 4.80374e+19
=== 2754533 ===
--- pALPIDEfs_6 ---
Pixel 274, 127, 1, 1, 4.80374e+19
Pixel 274, 128, 1, 1, 4.80374e+19
=== 2758287 ===
--- pALPIDEfs_1 ---
Pixel 96, 241, 1, 1, 4.80374e+19
Pixel 96, 242, 1, 1, 4.80374e+19
=== 2780364 ===
--- pALPIDEfs_3 ---
Pixel 557, 180, 1, 1, 4.80374e+19
=== 2798840 ===
--- pALPIDEfs_0 ---
Pixel 535, 200, 1, 1, 4.80374e+19
Pixel 536, 200, 1, 1, 4.80374e+19
=== 2803594 ===
--- pALPIDEfs_3 ---
Pixel 557, 180, 1, 1, 4.80374e+19
=== 2805437 ===
--- pALPIDEfs_1 ---
Pixel 512, 171, 1, 1, 4.80374e+19
Pixel 512, 172, 1, 1, 4.80374e+19
Pixel 513, 172, 1, 1, 4.80374e+19
Pixel 513, 173, 1, 1, 4.80374e+19
Pixel 512, 173, 1, 1, 4.80374e+19
Pixel 512, 174, 1, 1, 4.80374e+19
Pixel 513, 174, 1, 1, 4.80374e+19
=== 2814926 ===
--- pALPIDEfs_2 ---
Pixel 134, 342, 1, 1, 4.80374e+19
Pixel 134, 343, 1, 1, 4.80374e+19
=== 2818095 ===
--- pALPIDEfs_3 ---
Pixel 473, 99, 1, 1, 4.80374e+19
Pixel 473, 100, 1, 1, 4.80374e+19
--- pALPIDEfs_4 ---
Pixel 371, 441, 1, 1, 4.80374e+19
Pixel 372, 441, 1, 1, 4.80374e+19
=== 2832195 ===
--- pALPIDEfs_4 ---
Pixel 623, 396, 1, 1, 4.80374e+19
Pixel 624, 396, 1, 1, 4.80374e+19
Pixel 624, 397, 1, 1, 4.80374e+19
=== 2867098 ===
--- pALPIDEfs_0 ---
Pixel 403, 477, 1, 1, 4.80374e+19
Pixel 403, 478, 1, 1, 4.80374e+19
Pixel 403, 479, 1, 1, 4.80374e+19
Pixel 404, 478, 1, 1, 4.80374e+19
Pixel 404, 479, 1, 1, 4.80374e+19
=== 2885075 ===
--- pALPIDEfs_5 ---
Pixel 5, 66, 1, 1, 4.80374e+19
Pixel 5, 67, 1, 1, 4.80374e+19
Pixel 5, 68, 1, 1, 4.80374e+19
Pixel 6, 66, 1, 1, 4.80374e+19
Pixel 6, 67, 1, 1, 4.80374e+19
Pixel 6, 68, 1, 1, 4.80374e+19
=== 2896242 ===
--- pALPIDEfs_5 ---
Pixel 695, 413, 1, 1, 4.80374e+19
Pixel 694, 413, 1, 1, 4.80374e+19
Pixel 694, 414, 1, 1, 4.80374e+19
=== 2908476 ===
--- pALPIDEfs_3 ---
Pixel 557, 180, 1, 1, 4.80374e+19
=== 2908823 ===
--- pALPIDEfs_3 ---
Pixel 177, 487, 1, 1, 4.80374e+19
Pixel 176, 488, 1, 1, 4.80374e+19
Pixel 177, 488, 1, 1, 4.80374e+19
=== 2912004 ===
--- pALPIDEfs_6 ---
Pixel 294, 134, 1, 1, 4.80374e+19
Pixel 295, 134, 1, 1, 4.80374e+19
Pixel 295, 135, 1, 1, 4.80374e+19
Pixel 294, 135, 1, 1, 4.80374e+19
=== 2923331 ===
--- pALPIDEfs_2 ---
Pixel 195, 500, 1, 1, 4.80374e+19
Pixel 195, 501, 1, 1, 4.80374e+19
Pixel 196, 500, 1, 1, 4.80374e+19
Pixel 196, 501, 1, 1, 4.80374e+19
Pixel 196, 502, 1, 1, 4.80374e+19
=== 2938253 ===
--- pALPIDEfs_3 ---
Pixel 557, 180, 1, 1, 4.80374e+19
=== 2946337 ===
--- pALPIDEfs_5 ---
Pixel 573, 90, 1, 1, 4.80374e+19
Pixel 574, 90, 1, 1, 4.80374e+19
Pixel 574, 91, 1, 1, 4.80374e+19
=== 2952272 ===
--- pALPIDEfs_2 ---
Pixel 347, 266, 1, 1, 4.80374e+19
Pixel 347, 267, 1, 1, 4.80374e+19
Pixel 348, 266, 1, 1, 4.80374e+19
Pixel 348, 267, 1, 1, 4.80374e+19
=== 2958233 ===
--- pALPIDEfs_5 ---
Pixel 77, 359, 1, 1, 4.80374e+19
Pixel 76, 359, 1, 1, 4.80374e+19
Pixel 76, 360, 1, 1, 4.80374e+19
Pixel 77, 360, 1, 1, 4.80374e+19
Pixel 76, 361, 1, 1, 4.80374e+19
=== 2971330 ===
--- pALPIDEfs_5 ---
Pixel 871, 268, 1, 1, 4.80374e+19
Pixel 871, 269, 1, 1, 4.80374e+19
=== 2971734 ===
--- pALPIDEfs_3 ---
Pixel 846, 369, 1, 1, 4.80374e+19
=== 2980510 ===
--- pALPIDEfs_3 ---
Pixel 557, 180, 1, 1, 4.80374e+19
=== 3009647 ===
--- pALPIDEfs_4 ---
Pixel 397, 371, 1, 1, 4.80374e+19
Pixel 398, 371, 1, 1, 4.80374e+19
=== 3016031 ===
--- pALPIDEfs_5 ---
Pixel 919, 439, 1, 1, 4.80374e+19
Pixel 921, 437, 1, 1, 4.80374e+19
Pixel 920, 437, 1, 1, 4.80374e+19
Pixel 920, 438, 1, 1, 4.80374e+19
Pixel 921, 438, 1, 1, 4.80374e+19
Pixel 920, 439, 1, 1, 4.80374e+19
Pixel 922, 436, 1, 1, 4.80374e+19
Pixel 923, 437, 1, 1, 4.80374e+19
Pixel 922, 437, 1, 1, 4.80374e+19
Pixel 922, 438, 1, 1, 4.80374e+19
Pixel 923, 438, 1, 1, 4.80374e+19
=== 3019009 ===
--- pALPIDEfs_0 ---
Pixel 891, 468, 1, 1, 4.80374e+19
=== 3031249 ===
--- pALPIDEfs_3 ---
Pixel 124, 190, 1, 1, 4.80374e+19
=== 3046653 ===
--- pALPIDEfs_6 ---
Pixel 1000, 199, 1, 1, 4.80374e+19
Pixel 1000, 200, 1, 1, 4.80374e+19
Pixel 1001, 201, 1, 1, 4.80374e+19
Pixel 1000, 201, 1, 1, 4.80374e+19
Pixel 1000, 202, 1, 1, 4.80374e+19
Pixel 1001, 202, 1, 1, 4.80374e+19
=== 3049264 ===
--- pALPIDEfs_1 ---
Pixel 53, 327, 1, 1, 4.80374e+19
Pixel 52, 327, 1, 1, 4.80374e+19
Pixel 52, 328, 1, 1, 4.80374e+19
Pixel 53, 328, 1, 1, 4.80374e+19
Pixel 54, 328, 1, 1, 4.80374e+19
Pixel 55, 328, 1, 1, 4.80374e+19
Pixel 54, 329, 1, 1, 4.80374e+19
=== 3051301 ===
--- pALPIDEfs_3 ---
Pixel 557, 180, 1, 1, 4.80374e+19
=== 3057918 ===
--- pALPIDEfs_4 ---
Pixel 321, 123, 1, 1, 4.80374e+19
Pixel 321, 124, 1, 1, 4.80374e+19
=== 3078535 ===
--- pALPIDEfs_2 ---
Pixel 753, 20, 1, 1, 4.80374e+19
=== 3086655 ===
--- pALPIDEfs_3 ---
Pixel 557, 180, 1, 1, 4.80374e+19
=== 3103208 ===
--- pALPIDEfs_3 ---
Pixel 557, 180, 1, 1, 4.80374e+19
=== 3107116 ===
--- pALPIDEfs_6 ---
Pixel 764, 96, 1, 1, 4.80374e+19
Pixel 765, 97, 1, 1, 4.80374e+19
Pixel 764, 97, 1, 1, 4.80374e+19
Pixel 764, 98, 1, 1, 4.80374e+19
Pixel 765, 98, 1, 1, 4.80374e+19
=== 3107607 ===
--- pALPIDEfs_2 ---
Pixel 895, 485, 1, 1, 4.80374e+19
Pixel 895, 486, 1, 1, 4.80374e+19
=== 3110270 ===
--- pALPIDEfs_0 ---
Pixel 784, 12, 1, 1, 4.80374e+19
Pixel 785, 12, 1, 1, 4.80374e+19
Pixel 785, 13, 1, 1, 4.80374e+19
Pixel 784, 13, 1, 1, 4.80374e+19
=== 3131196 ===
--- pALPIDEfs_2 ---
Pixel 63, 17, 1, 1, 4.80374e+19
=== 3135511 ===
--- pALPIDEfs_3 ---
Pixel 166, 85, 1, 1, 4.80374e+19
=== 3149364 ===
--- pALPIDEfs_5 ---
Pixel 126, 84, 1, 1, 4.80374e+19
Pixel 127, 84, 1, 1, 4.80374e+19
=== 3151398 ===
--- pALPIDEfs_3 ---
Pixel 891, 322, 1, 1, 4.80374e+19
=== 3159688 ===
--- pALPIDEfs_3 ---
Pixel 557, 180, 1, 1, 4.80374e+19
=== 3181603 ===
--- pALPIDEfs_6 ---
Pixel 883, 452, 1, 1, 4.80374e+19
Pixel 883, 453, 1, 1, 4.80374e+19
Pixel 884, 452, 1, 1, 4.80374e+19
Pixel 884, 453, 1, 1, 4.80374e+19
=== 3184524 ===
--- pALPIDEfs_3 ---
Pixel 557, 180, 1, 1, 4.80374e+19
=== 3209379 ===
--- pALPIDEfs_2 ---
Pixel 614, 321, 1, 1, 4.80374e+19
--- pALPIDEfs_3 ---
Pixel 434, 377, 1, 1, 4.80374e+19
=== 3223999 ===
--- pALPIDEfs_1 ---
Pixel 648, 319, 1, 1, 4.80374e+19
=== 3226838 ===
--- pALPIDEfs_3 ---
Pixel 557, 180, 1, 1, 4.80374e+19
=== 3230998 ===
--- pALPIDEfs_3 ---
Pixel 106, 178, 1, 1, 4.80374e+19
=== 3237786 ===
--- pALPIDEfs_2 ---
Pixel 174, 271, 1, 1, 4.80374e+19
Pixel 174, 272, 1, 1, 4.80374e+19
=== 3241229 ===
--- pALPIDEfs_2 ---
Pixel 41, 6, 1, 1, 4.80374e+19
Pixel 41, 7, 1, 1, 4.80374e+19
=== 3241592 ===
--- pALPIDEfs_4 ---
Pixel 471, 423, 1, 1, 4.80374e+19
Pixel 471, 424, 1, 1, 4.80374e+19
Pixel 472, 423, 1, 1, 4.80374e+19
Pixel 472, 424, 1, 1, 4.80374e+19
--- pALPIDEfs_5 ---
Pixel 1, 35, 1, 1, 4.80374e+19
=== 3255109 ===
--- pALPIDEfs_0 ---
Pixel 521, 175, 1, 1, 4.80374e+19
Pixel 522, 174, 1, 1, 4.80374e+19
Pixel 522, 175, 1, 1, 4.80374e+19
--- pALPIDEfs_1 ---
Pixel 684, 98, 1, 1, 4.80374e+19
Pixel 685, 98, 1, 1, 4.80374e+19
=== 3278467 ===
--- pALPIDEfs_3 ---
Pixel 557, 180, 1, 1, 4.80374e+19
=== 3292505 ===
--- pALPIDEfs_5 ---
Pixel 679, 301, 1, 1, 4.80374e+19
Pixel 681, 301, 1, 1, 4.80374e+19
Pixel 680, 301, 1, 1, 4.80374e+19
Pixel 680, 302, 1, 1, 4.80374e+19
Pixel 681, 302, 1, 1, 4.80374e+19
Pixel 682, 302, 1, 1, 4.80374e+19
=== 3302768 ===
--- pALPIDEfs_5 ---
Pixel 929, 499, 1, 1, 4.80374e+19
Pixel 930, 499, 1, 1, 4.80374e+19
=== 3314596 ===
--- pALPIDEfs_3 ---
Pixel 441, 418, 1, 1, 4.80374e+19
Pixel 441, 419, 1, 1, 4.80374e+19
Pixel 440, 419, 1, 1, 4.80374e+19
Pixel 440, 420, 1, 1, 4.80374e+19
Pixel 441, 420, 1, 1, 4.80374e+19
Pixel 441, 421, 1, 1, 4.80374e+19
Pixel 442, 419, 1, 1, 4.80374e+19
Pixel 442, 420, 1, 1, 4.80374e+19
Pixel 442, 421, 1, 1, 4.80374e+19
=== 3321999 ===
--- pALPIDEfs_2 ---
Pixel 606, 170, 1, 1, 4.80374e+19
Pixel 606, 171, 1, 1, 4.80374e+19
=== 3328751 ===
--- pALPIDEfs_3 ---
Pixel 557, 180, 1, 1, 4.80374e+19
=== 3339024 ===
--- pALPIDEfs_3 ---
Pixel 557, 180, 1, 1, 4.80374e+19
=== 3340869 ===
--- pALPIDEfs_3 ---
Pixel 557, 180, 1, 1, 4.80374e+19
=== 3351078 ===
--- pALPIDEfs_0 ---
Pixel 78, 54, 1, 1, 4.80374e+19
Pixel 78, 55, 1, 1, 4.80374e+19
--- pALPIDEfs_1 ---
Pixel 301, 444, 1, 1, 4.80374e+19
Pixel 302, 444, 1, 1, 4.80374e+19
Pixel 302, 445, 1, 1, 4.80374e+19
=== 3359171 ===
--- pALPIDEfs_3 ---
Pixel 557, 180, 1, 1, 4.80374e+19
=== 3369565 ===
--- pALPIDEfs_3 ---
Pixel 204, 347, 1, 1, 4.80374e+19
Pixel 204, 348, 1, 1, 4.80374e+19
=== 3392038 ===
--- pALPIDEfs_3 ---
Pixel 557, 180, 1, 1, 4.80374e+19
=== 3392901 ===
--- pALPIDEfs_4 ---
Pixel 957, 423, 1, 1, 4.80374e+19
Pixel 956, 423, 1, 1, 4.80374e+19
Pixel 956, 424, 1, 1, 4.80374e+19
Pixel 957, 424, 1, 1, 4.80374e+19
=== 3394364 ===
--- pALPIDEfs_4 ---
Pixel 986, 422, 1, 1, 4.80374e+19
Pixel 987, 422, 1, 1, 4.80374e+19
Pixel 987, 423, 1, 1, 4.80374e+19
Pixel 988, 422, 1, 1, 4.80374e+19
Pixel 988, 423, 1, 1, 4.80374e+19
=== 3396239 ===
--- pALPIDEfs_3 ---
Pixel 557, 180, 1, 1, 4.80374e+19
=== 3415292 ===
--- pALPIDEfs_6 ---
Pixel 524, 369, 1, 1, 4.80374e+19
Pixel 524, 370, 1, 1, 4.80374e+19
Pixel 524, 371, 1, 1, 4.80374e+19
Pixel 524, 372, 1, 1, 4.80374e+19
=== 3423324 ===
--- pALPIDEfs_1 ---
Pixel 768, 314, 1, 1, 4.80374e+19
--- pALPIDEfs_2 ---
Pixel 445, 147, 1, 1, 4.80374e+19
Pixel 444, 147, 1, 1, 4.80374e+19
--- pALPIDEfs_3 ---
Pixel 120, 50, 1, 1, 4.80374e+19
Pixel 121, 50, 1, 1, 4.80374e+19
=== 3423484 ===
--- pALPIDEfs_6 ---
Pixel 17, 197, 1, 1, 4.80374e+19
Pixel 16, 197, 1, 1, 4.80374e+19
Pixel 16, 198, 1, 1, 4.80374e+19
Pixel 17, 198, 1, 1, 4.80374e+19
=== 3439882 ===
--- pALPIDEfs_5 ---
Pixel 181, 456, 1, 1, 4.80374e+19
Pixel 181, 457, 1, 1, 4.80374e+19
Pixel 182, 457, 1, 1, 4.80374e+19
--- pALPIDEfs_6 ---
Pixel 274, 23, 1, 1, 4.80374e+19
=== 3453719 ===
--- pALPIDEfs_3 ---
Pixel 557, 180, 1, 1, 4.80374e+19
=== 3473492 ===
--- pALPIDEfs_3 ---
Pixel 312, 16, 1, 1, 4.80374e+19
Pixel 313, 16, 1, 1, 4.80374e+19
Pixel 313, 17, 1, 1, 4.80374e+19
Pixel 312, 17, 1, 1, 4.80374e+19
--- pALPIDEfs_4 ---
Pixel 265, 352, 1, 1, 4.80374e+19
Pixel 265, 353, 1, 1, 4.80374e+19
Pixel 266, 352, 1, 1, 4.80374e+19
Pixel 266, 353, 1, 1, 4.80374e+19
=== 3474503 ===
--- pALPIDEfs_3 ---
Pixel 701, 156, 1, 1, 4.80374e+19
Pixel 701, 157, 1, 1, 4.80374e+19
Pixel 702, 156, 1, 1, 4.80374e+19
Pixel 702, 157, 1, 1, 4.80374e+19
=== 3475663 ===
--- pALPIDEfs_1 ---
Pixel 1003, 113, 1, 1, 4.80374e+19
Pixel 1003, 114, 1, 1, 4.80374e+19
=== 3482771 ===
--- pALPIDEfs_4 ---
Pixel 634, 384, 1, 1, 4.80374e+19
=== 3484359 ===
--- pALPIDEfs_4 ---
Pixel 45, 204, 1, 1, 4.80374e+19
Pixel 45, 205, 1, 1, 4.80374e+19
=== 3486579 ===
--- pALPIDEfs_3 ---
Pixel 442, 510, 1, 1, 4.80374e+19
Pixel 443, 510, 1, 1, 4.80374e+19
Pixel 443, 511, 1, 1, 4.80374e+19
Pixel 442, 511, 1, 1, 4.80374e+19
Pixel 444, 510, 1, 1, 4.80374e+19
Pixel 444, 511, 1, 1, 4.80374e+19
=== 3498130 ===
--- pALPIDEfs_2 ---
Pixel 611, 246, 1, 1, 4.80374e+19
=== 3498748 ===
--- pALPIDEfs_6 ---
Pixel 703, 109, 1, 1, 4.80374e+19
Pixel 704, 109, 1, 1, 4.80374e+19
=== 3504023 ===
--- pALPIDEfs_2 ---
Pixel 547, 503, 1, 1, 4.80374e+19
Pixel 547, 504, 1, 1, 4.80374e+19
Pixel 547, 505, 1, 1, 4.80374e+19
Pixel 546, 505, 1, 1, 4.80374e+19
Pixel 546, 506, 1, 1, 4.80374e+19
Pixel 547, 506, 1, 1, 4.80374e+19
Pixel 547, 507, 1, 1, 4.80374e+19
Pixel 546, 507, 1, 1, 4.80374e+19
=== 3515093 ===
--- pALPIDEfs_2 ---
Pixel 735, 357, 1, 1, 4.80374e+19
Pixel 735, 358, 1, 1, 4.80374e+19
Pixel 735, 359, 1, 1, 4.80374e+19
Pixel 736, 358, 1, 1, 4.80374e+19
Pixel 736, 359, 1, 1, 4.80374e+19
=== 3516018 ===
--- pALPIDEfs_0 ---
Pixel 831, 181, 1, 1, 4.80374e+19
Pixel 832, 180, 1, 1, 4.80374e+19
=== 3522738 ===
--- pALPIDEfs_5 ---
Pixel 511, 30, 1, 1, 4.80374e+19
Pixel 513, 29, 1, 1, 4.80374e+19
Pixel 512, 29, 1, 1, 4.80374e+19
Pixel 512, 30, 1, 1, 4.80374e+19
Pixel 513, 30, 1, 1, 4.80374e+19
=== 3547659 ===
--- pALPIDEfs_5 ---
Pixel 135, 273, 1, 1, 4.80374e+19
Pixel 134, 273, 1, 1, 4.80374e+19
Pixel 134, 274, 1, 1, 4.80374e+19
Pixel 135, 274, 1, 1, 4.80374e+19
=== 3549652 ===
--- pALPIDEfs_0 ---
Pixel 743, 219, 1, 1, 4.80374e+19
Pixel 742, 219, 1, 1, 4.80374e+19
=== 3552638 ===
--- pALPIDEfs_1 ---
Pixel 711, 381, 1, 1, 4.80374e+19
Pixel 712, 381, 1, 1, 4.80374e+19
--- pALPIDEfs_2 ---
Pixel 568, 100, 1, 1, 4.80374e+19
Pixel 569, 101, 1, 1, 4.80374e+19
Pixel 568, 101, 1, 1, 4.80374e+19
--- pALPIDEfs_3 ---
Pixel 762, 16, 1, 1, 4.80374e+19
Pixel 763, 17, 1, 1, 4.80374e+19
Pixel 762, 17, 1, 1, 4.80374e+19
=== 3553255 ===
--- pALPIDEfs_2 ---
Pixel 673, 291, 1, 1, 4.80374e+19
Pixel 673, 292, 1, 1, 4.80374e+19
Pixel 674, 291, 1, 1, 4.80374e+19
Pixel 674, 292, 1, 1, 4.80374e+19
=== 3556565 ===
--- pALPIDEfs_0 ---
Pixel 23, 33, 1, 1, 4.80374e+19
Pixel 22, 33, 1, 1, 4.80374e+19
Pixel 23, 34, 1, 1, 4.80374e+19
--- pALPIDEfs_1 ---
Pixel 548, 416, 1, 1, 4.80374e+19
Pixel 548, 417, 1, 1, 4.80374e+19
=== 3561181 ===
--- pALPIDEfs_4 ---
Pixel 887, 128, 1, 1, 4.80374e+19
Pixel 887, 129, 1, 1, 4.80374e+19
=== 3567683 ===
--- pALPIDEfs_3 ---
Pixel 557, 180, 1, 1, 4.80374e+19
=== 3575511 ===
--- pALPIDEfs_3 ---
Pixel 557, 180, 1, 1, 4.80374e+19
=== 3598600 ===
--- pALPIDEfs_0 ---
Pixel 337, 231, 1, 1, 4.80374e+19
Pixel 336, 232, 1, 1, 4.80374e+19
Pixel 337, 232, 1, 1, 4.80374e+19
Pixel 337, 233, 1, 1, 4.80374e+19
Pixel 336, 233, 1, 1, 4.80374e+19
Pixel 338, 231, 1, 1, 4.80374e+19
Pixel 338, 232, 1, 1, 4.80374e+19
=== 3619198 ===
--- pALPIDEfs_1 ---
Pixel 971, 27, 1, 1, 4.80374e+19
Pixel 970, 27, 1, 1, 4.80374e+19
--- pALPIDEfs_2 ---
Pixel 75, 448, 1, 1, 4.80374e+19
Pixel 75, 449, 1, 1, 4.80374e+19
Pixel 75, 450, 1, 1, 4.80374e+19
Pixel 75, 451, 1, 1, 4.80374e+19
Pixel 75, 452, 1, 1, 4.80374e+19
Pixel 75, 453, 1, 1, 4.80374e+19
Pixel 74, 454, 1, 1, 4.80374e+19
Pixel 75, 454, 1, 1, 4.80374e+19
Pixel 75, 455, 1, 1, 4.80374e+19
Pixel 74, 455, 1, 1, 4.80374e+19
Pixel 75, 456, 1, 1, 4.80374e+19
Pixel 75, 457, 1, 1, 4.80374e+19
Pixel 77, 443, 1, 1, 4.80374e+19
Pixel 76, 448, 1, 1, 4.80374e+19
Pixel 76, 449, 1, 1, 4.80374e+19
Pixel 78, 442, 1, 1, 4.80374e+19
Pixel 78, 443, 1, 1, 4.80374e+19
Pixel 99, 478, 1, 1, 4.80374e+19
Pixel 100, 478, 1, 1, 4.80374e+19
Pixel 101, 478, 1, 1, 4.80374e+19
Pixel 101, 479, 1, 1, 4.80374e+19
Pixel 100, 479, 1, 1, 4.80374e+19
Pixel 102, 478, 1, 1, 4.80374e+19
Pixel 103, 478, 1, 1, 4.80374e+19
Pixel 103, 479, 1, 1, 4.80374e+19
Pixel 102, 479, 1, 1, 4.80374e+19
Pixel 104, 478, 1, 1, 4.80374e+19
Pixel 105, 479, 1, 1, 4.80374e+19
Pixel 104, 479, 1, 1, 4.80374e+19
Pixel 106, 479, 1, 1, 4.80374e+19
=== 3665742 ===
--- pALPIDEfs_5 ---
Pixel 265, 463, 1, 1, 4.80374e+19
Pixel 265, 464, 1, 1, 4.80374e+19
Pixel 266, 464, 1, 1, 4.80374e+19
Pixel 291, 484, 1, 1, 4.80374e+19
Pixel 292, 484, 1, 1, 4.80374e+19
Pixel 292, 485, 1, 1, 4.80374e+19
=== 3667427 ===
--- pALPIDEfs_0 ---
Pixel 534, 420, 1, 1, 4.80374e+19
Pixel 535, 420, 1, 1, 4.80374e+19
--- pALPIDEfs_1 ---
Pixel 826, 68, 1, 1, 4.80374e+19
=== 3668776 ===
--- pALPIDEfs_2 ---
Pixel 633, 423, 1, 1, 4.80374e+19
Pixel 634, 423, 1, 1, 4.80374e+19
--- pALPIDEfs_3 ---
Pixel 823, 141, 1, 1, 4.80374e+19
Pixel 824, 141, 1, 1, 4.80374e+19
=== 3670071 ===
--- pALPIDEfs_3 ---
Pixel 557, 180, 1, 1, 4.80374e+19
=== 3695466 ===
--- pALPIDEfs_1 ---
Pixel 961, 194, 1, 1, 4.80374e+19
--- pALPIDEfs_2 ---
Pixel 900, 202, 1, 1, 4.80374e+19
Pixel 901, 202, 1, 1, 4.80374e+19
Pixel 901, 203, 1, 1, 4.80374e+19
Pixel 900, 203, 1, 1, 4.80374e+19
--- pALPIDEfs_3 ---
Pixel 599, 349, 1, 1, 4.80374e+19
=== 3701238 ===
--- pALPIDEfs_4 ---
Pixel 407, 48, 1, 1, 4.80374e+19
Pixel 407, 49, 1, 1, 4.80374e+19
Pixel 409, 47, 1, 1, 4.80374e+19
Pixel 408, 47, 1, 1, 4.80374e+19
Pixel 408, 48, 1, 1, 4.80374e+19
=== 3716725 ===
--- pALPIDEfs_6 ---
Pixel 939, 365, 1, 1, 4.80374e+19
Pixel 938, 366, 1, 1, 4.80374e+19
Pixel 939, 366, 1, 1, 4.80374e+19
=== 3717156 ===
--- pALPIDEfs_6 ---
Pixel 106, 428, 1, 1, 4.80374e+19
=== 3730904 ===
--- pALPIDEfs_6 ---
Pixel 782, 220, 1, 1, 4.80374e+19
Pixel 783, 220, 1, 1, 4.80374e+19
Pixel 783, 221, 1, 1, 4.80374e+19
Pixel 782, 221, 1, 1, 4.80374e+19
Pixel 783, 222, 1, 1, 4.80374e+19
=== 3739715 ===
--- pALPIDEfs_5 ---
Pixel 473, 89, 1, 1, 4.80374e+19
Pixel 472, 89, 1, 1, 4.80374e+19
Pixel 473, 90, 1, 1, 4.80374e+19
Pixel 475, 89, 1, 1, 4.80374e+19
Pixel 474, 89, 1, 1, 4.80374e+19
Pixel 474, 90, 1, 1, 4.80374e+19
Pixel 475, 90, 1, 1, 4.80374e+19
Pixel 476, 90, 1, 1, 4.80374e+19
Pixel 477, 90, 1, 1, 4.80374e+19
=== 3742775 ===
--- pALPIDEfs_3 ---
Pixel 557, 180, 1, 1, 4.80374e+19
=== 3745258 ===
--- pALPIDEfs_5 ---
Pixel 954, 52, 1, 1, 4.80374e+19
Pixel 955, 52, 1, 1, 4.80374e+19
Pixel 955, 53, 1, 1, 4.80374e+19
Pixel 954, 53, 1, 1, 4.80374e+19
Pixel 956, 51, 1, 1, 4.80374e+19
=== 3752611 ===
--- pALPIDEfs_0 ---
Pixel 682, 29, 1, 1, 4.80374e+19
Pixel 682, 30, 1, 1, 4.80374e+19
Pixel 683, 30, 1, 1, 4.80374e+19
--- pALPIDEfs_1 ---
Pixel 375, 438, 1, 1, 4.80374e+19
Pixel 376, 437, 1, 1, 4.80374e+19
Pixel 376, 438, 1, 1, 4.80374e+19
=== 3762523 ===
--- pALPIDEfs_4 ---
Pixel 530, 355, 1, 1, 4.80374e+19
=== 3779804 ===
--- pALPIDEfs_1 ---
Pixel 157, 333, 1, 1, 4.80374e+19
Pixel 156, 333, 1, 1, 4.80374e+19
Pixel 156, 334, 1, 1, 4.80374e+19
Pixel 157, 334, 1, 1, 4.80374e+19
Pixel 158, 338, 1, 1, 4.80374e+19
Pixel 159, 339, 1, 1, 4.80374e+19
Pixel 158, 339, 1, 1, 4.80374e+19
Pixel 159, 340, 1, 1, 4.80374e+19
=== 3787227 ===
--- pALPIDEfs_3 ---
Pixel 557, 180, 1, 1, 4.80374e+19
=== 3787550 ===
--- pALPIDEfs_3 ---
Pixel 557, 180, 1, 1, 4.80374e+19
=== 3792988 ===
--- pALPIDEfs_3 ---
Pixel 557, 180, 1, 1, 4.80374e+19
=== 3794399 ===
--- pALPIDEfs_4 ---
Pixel 1001, 226, 1, 1, 4.80374e+19
=== 3809613 ===
--- pALPIDEfs_6 ---
Pixel 802, 301, 1, 1, 4.80374e+19
Pixel 802, 302, 1, 1, 4.80374e+19
Pixel 803, 302, 1, 1, 4.80374e+19
=== 3819835 ===
--- pALPIDEfs_1 ---
Pixel 193, 295, 1, 1, 4.80374e+19
Pixel 192, 295, 1, 1, 4.80374e+19
Pixel 194, 295, 1, 1, 4.80374e+19
Pixel 194, 296, 1, 1, 4.80374e+19
=== 3833360 ===
--- pALPIDEfs_5 ---
Pixel 782, 476, 1, 1, 4.80374e+19
Pixel 783, 476, 1, 1, 4.80374e+19
Pixel 783, 477, 1, 1, 4.80374e+19
Pixel 808, 448, 1, 1, 4.80374e+19
Pixel 809, 448, 1, 1, 4.80374e+19
Pixel 809, 449, 1, 1, 4.80374e+19
Pixel 808, 449, 1, 1, 4.80374e+19
=== 3855694 ===
--- pALPIDEfs_5 ---
Pixel 1011, 175, 1, 1, 4.80374e+19
Pixel 1012, 175, 1, 1, 4.80374e+19
=== 3866758 ===
--- pALPIDEfs_4 ---
Pixel 144, 219, 1, 1, 4.80374e+19
Pixel 144, 220, 1, 1, 4.80374e+19
=== 3877337 ===
--- pALPIDEfs_1 ---
Pixel 14, 1, 1, 1, 4.80374e+19
Pixel 14, 2, 1, 1, 4.80374e+19
=== 3898657 ===
--- pALPIDEfs_3 ---
Pixel 781, 77, 1, 1, 4.80374e+19
Pixel 780, 77, 1, 1, 4.80374e+19
Pixel 781, 78, 1, 1, 4.80374e+19
Pixel 781, 79, 1, 1, 4.80374e+19
Pixel 781, 80, 1, 1, 4.80374e+19
Pixel 782, 78, 1, 1, 4.80374e+19
Pixel 782, 79, 1, 1, 4.80374e+19
Pixel 782, 80, 1, 1, 4.80374e+19
Pixel 782, 81, 1, 1, 4.80374e+19
=== 3943521 ===
--- pALPIDEfs_4 ---
Pixel 655, 425, 1, 1, 4.80374e+19
Pixel 654, 425, 1, 1, 4.80374e+19
Pixel 654, 426, 1, 1, 4.80374e+19
Pixel 655, 426, 1, 1, 4.80374e+19
--- pALPIDEfs_5 ---
Pixel 167, 248, 1, 1, 4.80374e+19
Pixel 167, 249, 1, 1, 4.80374e+19
Pixel 168, 248, 1, 1, 4.80374e+19
Pixel 168, 249, 1, 1, 4.80374e+19
=== 3956631 ===
--- pALPIDEfs_2 ---
Pixel 222, 136, 1, 1, 4.80374e+19
Pixel 223, 136, 1, 1, 4.80374e+19
Pixel 223, 137, 1, 1, 4.80374e+19
Pixel 222, 137, 1, 1, 4.80374e+19
=== 3965467 ===
--- pALPIDEfs_0 ---
Pixel 474, 231, 1, 1, 4.80374e+19
=== 3977693 ===
--- pALPIDEfs_3 ---
Pixel 557, 180, 1, 1, 4.80374e+19
=== 3978449 ===
--- pALPIDEfs_3 ---
Pixel 557, 180, 1, 1, 4.80374e+19
=== 3981169 ===
--- pALPIDEfs_1 ---
Pixel 131, 264, 1, 1, 4.80374e+19
Pixel 131, 265, 1, 1, 4.80374e+19
--- pALPIDEfs_3 ---
Pixel 197, 463, 1, 1, 4.80374e+19
Pixel 196, 463, 1, 1, 4.80374e+19
Pixel 196, 464, 1, 1, 4.80374e+19
Pixel 197, 464, 1, 1, 4.80374e+19
Pixel 197, 465, 1, 1, 4.80374e+19
=== 3989926 ===
--- pALPIDEfs_6 ---
Pixel 239, 447, 1, 1, 4.80374e+19
Pixel 238, 447, 1, 1, 4.80374e+19
Pixel 238, 448, 1, 1, 4.80374e+19
Pixel 239, 448, 1, 1, 4.80374e+19
=== 3997154 ===
--- pALPIDEfs_3 ---
Pixel 557, 180, 1, 1, 4.80374e+19
=== 4003413 ===
--- pALPIDEfs_3 ---
Pixel 797, 92, 1, 1, 4.80374e+19
Pixel 797, 93, 1, 1, 4.80374e+19
=== 4022953 ===
--- pALPIDEfs_0 ---
Pixel 70, 328, 1, 1, 4.80374e+19
Pixel 71, 328, 1, 1, 4.80374e+19
=== 4037963 ===
--- pALPIDEfs_0 ---
Pixel 605, 503, 1, 1, 4.80374e+19
Pixel 604, 503, 1, 1, 4.80374e+19
Pixel 604, 504, 1, 1, 4.80374e+19
Pixel 605, 504, 1, 1, 4.80374e+19
=== 4049007 ===
--- pALPIDEfs_3 ---
Pixel 557, 180, 1, 1, 4.80374e+19
=== 4052259 ===
--- pALPIDEfs_0 ---
Pixel 231, 497, 1, 1, 4.80374e+19
=== 4057751 ===
--- pALPIDEfs_3 ---
Pixel 78, 248, 1, 1, 4.80374e+19
Pixel 79, 249, 1, 1, 4.80374e+19
Pixel 78, 249, 1, 1, 4.80374e+19
Pixel 78, 250, 1, 1, 4.80374e+19
Pixel 79, 250, 1, 1, 4.80374e+19
Pixel 79, 251, 1, 1, 4.80374e+19
Pixel 79, 252, 1, 1, 4.80374e+19
Pixel 80, 251, 1, 1, 4.80374e+19
Pixel 80, 252, 1, 1, 4.80374e+19
=== 4060211 ===
--- pALPIDEfs_3 ---
Pixel 557, 180, 1, 1, 4.80374e+19
=== 4062360 ===
--- pALPIDEfs_1 ---
Pixel 387, 351, 1, 1, 4.80374e+19
Pixel 389, 348, 1, 1, 4.80374e+19
Pixel 389, 349, 1, 1, 4.80374e+19
=== 4067944 ===
--- pALPIDEfs_3 ---
Pixel 557, 180, 1, 1, 4.80374e+19
=== 4077071 ===
--- pALPIDEfs_1 ---
Pixel 256, 127, 1, 1, 4.80374e+19
Pixel 256, 128, 1, 1, 4.80374e+19
=== 4085674 ===
--- pALPIDEfs_5 ---
Pixel 841, 379, 1, 1, 4.80374e+19
Pixel 840, 379, 1, 1, 4.80374e+19
Pixel 840, 380, 1, 1, 4.80374e+19
--- pALPIDEfs_6 ---
Pixel 736, 285, 1, 1, 4.80374e+19
=== 4092676 ===
--- pALPIDEfs_0 ---
Pixel 556, 121, 1, 1, 4.80374e+19
--- pALPIDEfs_1 ---
Pixel 712, 449, 1, 1, 4.80374e+19
Pixel 712, 450, 1, 1, 4.80374e+19
=== 4095873 ===
--- pALPIDEfs_4 ---
Pixel 614, 151, 1, 1, 4.80374e+19
=== 4101035 ===
--- pALPIDEfs_5 ---
Pixel 230, 261, 1, 1, 4.80374e+19
Pixel 230, 262, 1, 1, 4.80374e+19
=== 4107818 ===
--- pALPIDEfs_6 ---
Pixel 40, 220, 1, 1, 4.80374e+19
Pixel 40, 221, 1, 1, 4.80374e+19
=== 4107847 ===
--- pALPIDEfs_0 ---
Pixel 358, 244, 1, 1, 4.80374e+19
--- pALPIDEfs_1 ---
Pixel 8, 213, 1, 1, 4.80374e+19
=== 4108840 ===
--- pALPIDEfs_5 ---
Pixel 825, 86, 1, 1, 4.80374e+19
Pixel 825, 87, 1, 1, 4.80374e+19
=== 4127508 ===
--- pALPIDEfs_5 ---
Pixel 258, 60, 1, 1, 4.80374e+19
Pixel 259, 60, 1, 1, 4.80374e+19
Pixel 259, 61, 1, 1, 4.80374e+19
Pixel 258, 61, 1, 1, 4.80374e+19
=== 4137055 ===
--- pALPIDEfs_0 ---
Pixel 134, 307, 1, 1, 4.80374e+19
--- pALPIDEfs_1 ---
Pixel 152, 390, 1, 1, 4.80374e+19
--- pALPIDEfs_2 ---
Pixel 193, 372, 1, 1, 4.80374e+19
--- pALPIDEfs_3 ---
Pixel 234, 420, 1, 1, 4.80374e+19
Pixel 235, 420, 1, 1, 4.80374e+19
Pixel 234, 421, 1, 1, 4.80374e+19
--- pALPIDEfs_4 ---
Pixel 297, 456, 1, 1, 4.80374e+19
Pixel 298, 456, 1, 1, 4.80374e+19
=== 4139807 ===
--- pALPIDEfs_3 ---
Pixel 621, 123, 1, 1, 4.80374e+19
Pixel 620, 123, 1, 1, 4.80374e+19
Pixel 620, 124, 1, 1, 4.80374e+19
Pixel 621, 124, 1, 1, 4.80374e+19
=== 4146584 ===
--- pALPIDEfs_6 ---
Pixel 447, 135, 1, 1, 4.80374e+19
Pixel 447, 136, 1, 1, 4.80374e+19
=== 4149505 ===
--- pALPIDEfs_3 ---
Pixel 557, 180, 1, 1, 4.80374e+19
=== 4151427 ===
--- pALPIDEfs_2 ---
Pixel 386, 24, 1, 1, 4.80374e+19
Pixel 387, 24, 1, 1, 4.80374e+19
=== 4151918 ===
--- pALPIDEfs_5 ---
Pixel 719, 166, 1, 1, 4.80374e+19
Pixel 1015, 177, 1, 1, 4.80374e+19
Pixel 1014, 178, 1, 1, 4.80374e+19
Pixel 1015, 178, 1, 1, 4.80374e+19
=== 4152144 ===
--- pALPIDEfs_3 ---
Pixel 557, 180, 1, 1, 4.80374e+19
=== 4155202 ===
--- pALPIDEfs_0 ---
Pixel 455, 271, 1, 1, 4.80374e+19
Pixel 454, 272, 1, 1, 4.80374e+19
Pixel 455, 272, 1, 1, 4.80374e+19
Pixel 455, 273, 1, 1, 4.80374e+19
Pixel 454, 273, 1, 1, 4.80374e+19
Pixel 457, 270, 1, 1, 4.80374e+19
Pixel 456, 271, 1, 1, 4.80374e+19
Pixel 459, 269, 1, 1, 4.80374e+19
Pixel 458, 269, 1, 1, 4.80374e+19
Pixel 458, 270, 1, 1, 4.80374e+19
=== 4161031 ===
--- pALPIDEfs_3 ---
Pixel 557, 180, 1, 1, 4.80374e+19
=== 4169427 ===
--- pALPIDEfs_4 ---
Pixel 665, 142, 1, 1, 4.80374e+19
Pixel 666, 142, 1, 1, 4.80374e+19
=== 4187019 ===
--- pALPIDEfs_3 ---
Pixel 557, 180, 1, 1, 4.80374e+19
=== 4191446 ===
--- pALPIDEfs_2 ---
Pixel 489, 466, 1, 1, 4.80374e+19
Pixel 489, 467, 1, 1, 4.80374e+19
Pixel 490, 466, 1, 1, 4.80374e+19
Pixel 490, 467, 1, 1, 4.80374e+19
Pixel 490, 468, 1, 1, 4.80374e+19
=== 4192497 ===
--- pALPIDEfs_5 ---
Pixel 37, 507, 1, 1, 4.80374e+19
Pixel 38, 507, 1, 1, 4.80374e+19
=== 4196890 ===
--- pALPIDEfs_4 ---
Pixel 795, 386, 1, 1, 4.80374e+19
Pixel 795, 387, 1, 1, 4.80374e+19
Pixel 795, 389, 1, 1, 4.80374e+19
Pixel 795, 390, 1, 1, 4.80374e+19
Pixel 795, 391, 1, 1, 4.80374e+19
Pixel 795, 392, 1, 1, 4.80374e+19
Pixel 795, 393, 1, 1, 4.80374e+19
Pixel 794, 393, 1, 1, 4.80374e+19
=== 4197105 ===
--- pALPIDEfs_0 ---
Pixel 987, 308, 1, 1, 4.80374e+19
Pixel 988, 308, 1, 1, 4.80374e+19
--- pALPIDEfs_1 ---
Pixel 405, 374, 1, 1, 4.80374e+19
=== 4203031 ===
--- pALPIDEfs_3 ---
Pixel 557, 180, 1, 1, 4.80374e+19
=== 4234700 ===
--- pALPIDEfs_1 ---
Pixel 559, 379, 1, 1, 4.80374e+19
Pixel 560, 379, 1, 1, 4.80374e+19
--- pALPIDEfs_2 ---
Pixel 1016, 84, 1, 1, 4.80374e+19
Pixel 1017, 84, 1, 1, 4.80374e+19
Pixel 1017, 85, 1, 1, 4.80374e+19
Pixel 1016, 85, 1, 1, 4.80374e+19
=== 4240726 ===
--- pALPIDEfs_3 ---
Pixel 394, 298, 1, 1, 4.80374e+19
Pixel 395, 298, 1, 1, 4.80374e+19
Pixel 395, 299, 1, 1, 4.80374e+19
Pixel 394, 299, 1, 1, 4.80374e+19
=== 4252666 ===
--- pALPIDEfs_0 ---
Pixel 683, 203, 1, 1, 4.80374e+19
Pixel 682, 203, 1, 1, 4.80374e+19
Pixel 682, 204, 1, 1, 4.80374e+19
Pixel 683, 204, 1, 1, 4.80374e+19
=== 4262707 ===
--- pALPIDEfs_3 ---
Pixel 543, 211, 1, 1, 4.80374e+19
Pixel 542, 212, 1, 1, 4.80374e+19
Pixel 543, 212, 1, 1, 4.80374e+19
=== 4266224 ===
--- pALPIDEfs_3 ---
Pixel 93, 347, 1, 1, 4.80374e+19
Pixel 92, 347, 1, 1, 4.80374e+19
=== 4267982 ===
--- pALPIDEfs_3 ---
Pixel 259, 54, 1, 1, 4.80374e+19
Pixel 260, 53, 1, 1, 4.80374e+19
Pixel 260, 54, 1, 1, 4.80374e+19
--- pALPIDEfs_4 ---
Pixel 321, 126, 1, 1, 4.80374e+19
--- pALPIDEfs_5 ---
Pixel 351, 244, 1, 1, 4.80374e+19
Pixel 352, 244, 1, 1, 4.80374e+19
--- pALPIDEfs_6 ---
Pixel 437, 305, 1, 1, 4.80374e+19
Pixel 436, 305, 1, 1, 4.80374e+19
Pixel 436, 306, 1, 1, 4.80374e+19
Pixel 437, 306, 1, 1, 4.80374e+19
=== 4276130 ===
--- pALPIDEfs_1 ---
Pixel 909, 159, 1, 1, 4.80374e+19
Pixel 908, 159, 1, 1, 4.80374e+19
Pixel 908, 160, 1, 1, 4.80374e+19
Pixel 909, 160, 1, 1, 4.80374e+19
=== 4300897 ===
--- pALPIDEfs_6 ---
Pixel 610, 358, 1, 1, 4.80374e+19
Pixel 611, 358, 1, 1, 4.80374e+19
Pixel 611, 359, 1, 1, 4.80374e+19
=== 4318856 ===
--- pALPIDEfs_6 ---
Pixel 635, 302, 1, 1, 4.80374e+19
Pixel 635, 303, 1, 1, 4.80374e+19
Pixel 636, 302, 1, 1, 4.80374e+19
Pixel 636, 303, 1, 1, 4.80374e+19
=== 4320661 ===
--- pALPIDEfs_4 ---
Pixel 53, 299, 1, 1, 4.80374e+19
Pixel 53, 300, 1, 1, 4.80374e+19
Pixel 54, 299, 1, 1, 4.80374e+19
Pixel 54, 300, 1, 1, 4.80374e+19
--- pALPIDEfs_5 ---
Pixel 8, 220, 1, 1, 4.80374e+19
--- pALPIDEfs_6 ---
Pixel 209, 120, 1, 1, 4.80374e+19
Pixel 210, 119, 1, 1, 4.80374e+19
Pixel 210, 120, 1, 1, 4.80374e+19
=== 4364977 ===
--- pALPIDEfs_5 ---
Pixel 411, 440, 1, 1, 4.80374e+19
Pixel 411, 441, 1, 1, 4.80374e+19
Pixel 412, 440, 1, 1, 4.80374e+19
=== 4365917 ===
--- pALPIDEfs_2 ---
Pixel 782, 363, 1, 1, 4.80374e+19
--- pALPIDEfs_3 ---
Pixel 789, 33, 1, 1, 4.80374e+19
Pixel 789, 34, 1, 1, 4.80374e+19
=== 4380750 ===
--- pALPIDEfs_2 ---
Pixel 635, 124, 1, 1, 4.80374e+19
Pixel 636, 124, 1, 1, 4.80374e+19
=== 4396097 ===
--- pALPIDEfs_6 ---
Pixel 205, 466, 1, 1, 4.80374e+19
Pixel 206, 466, 1, 1, 4.80374e+19
Pixel 211, 463, 1, 1, 4.80374e+19
Pixel 211, 464, 1, 1, 4.80374e+19
Pixel 212, 463, 1, 1, 4.80374e+19
Pixel 212, 464, 1, 1, 4.80374e+19
=== 4432942 ===
--- pALPIDEfs_6 ---
Pixel 62, 56, 1, 1, 4.80374e+19
Pixel 63, 56, 1, 1, 4.80374e+19
=== 4450208 ===
--- pALPIDEfs_2 ---
Pixel 199, 439, 1, 1, 4.80374e+19
Pixel 199, 440, 1, 1, 4.80374e+19
=== 4467914 ===
--- pALPIDEfs_4 ---
Pixel 237, 229, 1, 1, 4.80374e+19
Pixel 238, 229, 1, 1, 4.80374e+19
Pixel 238, 230, 1, 1, 4.80374e+19
Pixel 239, 231, 1, 1, 4.80374e+19
Pixel 238, 231, 1, 1, 4.80374e+19
Pixel 239, 232, 1, 1, 4.80374e+19
Pixel 240, 231, 1, 1, 4.80374e+19
Pixel 240, 232, 1, 1, 4.80374e+19
--- pALPIDEfs_5 ---
Pixel 387, 433, 1, 1, 4.80374e+19
Pixel 388, 432, 1, 1, 4.80374e+19
Pixel 389, 433, 1, 1, 4.80374e+19
Pixel 388, 433, 1, 1, 4.80374e+19
=== 4483669 ===
--- pALPIDEfs_0 ---
Pixel 747, 398, 1, 1, 4.80374e+19
=== 4490820 ===
--- pALPIDEfs_2 ---
Pixel 354, 375, 1, 1, 4.80374e+19
Pixel 354, 376, 1, 1, 4.80374e+19
=== 4492607 ===
--- pALPIDEfs_0 ---
Pixel 771, 464, 1, 1, 4.80374e+19
Pixel 771, 465, 1, 1, 4.80374e+19
--- pALPIDEfs_1 ---
Pixel 945, 288, 1, 1, 4.80374e+19
Pixel 946, 288, 1, 1, 4.80374e+19
=== 4494133 ===
--- pALPIDEfs_4 ---
Pixel 230, 410, 1, 1, 4.80374e+19
Pixel 230, 411, 1, 1, 4.80374e+19
=== 4513307 ===
--- pALPIDEfs_0 ---
Pixel 401, 165, 1, 1, 4.80374e+19
Pixel 401, 166, 1, 1, 4.80374e+19
=== 4521319 ===
--- pALPIDEfs_3 ---
Pixel 557, 180, 1, 1, 4.80374e+19
=== 4524731 ===
--- pALPIDEfs_2 ---
Pixel 728, 102, 1, 1, 4.80374e+19
Pixel 729, 102, 1, 1, 4.80374e+19
Pixel 729, 103, 1, 1, 4.80374e+19
Pixel 728, 103, 1, 1, 4.80374e+19
Pixel 728, 104, 1, 1, 4.80374e+19
Pixel 729, 104, 1, 1, 4.80374e+19
=== 4527913 ===
--- pALPIDEfs_3 ---
Pixel 759, 447, 1, 1, 4.80374e+19
Pixel 758, 447, 1, 1, 4.80374e+19
=== 4544579 ===
--- pALPIDEfs_3 ---
Pixel 557, 180, 1, 1, 4.80374e+19
=== 4571285 ===
--- pALPIDEfs_5 ---
Pixel 695, 115, 1, 1, 4.80374e+19
Pixel 695, 116, 1, 1, 4.80374e+19
Pixel 696, 115, 1, 1, 4.80374e+19
Pixel 696, 116, 1, 1, 4.80374e+19
=== 4571352 ===
--- pALPIDEfs_2 ---
Pixel 387, 24, 1, 1, 4.80374e+19
Pixel 387, 25, 1, 1, 4.80374e+19
Pixel 388, 25, 1, 1, 4.80374e+19
=== 4574616 ===
--- pALPIDEfs_3 ---
Pixel 575, 22, 1, 1, 4.80374e+19
Pixel 575, 23, 1, 1, 4.80374e+19
Pixel 576, 22, 1, 1, 4.80374e+19
--- pALPIDEfs_4 ---
Pixel 685, 372, 1, 1, 4.80374e+19
Pixel 685, 373, 1, 1, 4.80374e+19
Pixel 686, 373, 1, 1, 4.80374e+19
=== 4579900 ===
--- pALPIDEfs_1 ---
Pixel 505, 153, 1, 1, 4.80374e+19
Pixel 505, 154, 1, 1, 4.80374e+19
Pixel 1005, 163, 1, 1, 4.80374e+19
Pixel 1005, 164, 1, 1, 4.80374e+19
Pixel 1006, 164, 1, 1, 4.80374e+19
=== 4580184 ===
--- pALPIDEfs_4 ---
Pixel 403, 429, 1, 1, 4.80374e+19
Pixel 404, 429, 1, 1, 4.80374e+19
Pixel 404, 430, 1, 1, 4.80374e+19
=== 4591277 ===
--- pALPIDEfs_1 ---
Pixel 465, 163, 1, 1, 4.80374e+19
Pixel 465, 164, 1, 1, 4.80374e+19
Pixel 465, 165, 1, 1, 4.80374e+19
Pixel 466, 163, 1, 1, 4.80374e+19
Pixel 466, 164, 1, 1, 4.80374e+19
=== 4608349 ===
--- pALPIDEfs_5 ---
Pixel 648, 177, 1, 1, 4.80374e+19
Pixel 648, 178, 1, 1, 4.80374e+19
--- pALPIDEfs_6 ---
Pixel 644, 308, 1, 1, 4.80374e+19
Pixel 644, 309, 1, 1, 4.80374e+19
=== 4622030 ===
--- pALPIDEfs_6 ---
Pixel 795, 25, 1, 1, 4.80374e+19
Pixel 795, 26, 1, 1, 4.80374e+19
Pixel 797, 25, 1, 1, 4.80374e+19
Pixel 796, 25, 1, 1, 4.80374e+19
Pixel 796, 26, 1, 1, 4.80374e+19
Pixel 797, 26, 1, 1, 4.80374e+19
=== 4635213 ===
--- pALPIDEfs_4 ---
Pixel 629, 114, 1, 1, 4.80374e+19
Pixel 629, 115, 1, 1, 4.80374e+19
Pixel 631, 113, 1, 1, 4.80374e+19
Pixel 630, 113, 1, 1, 4.80374e+19
Pixel 630, 114, 1, 1, 4.80374e+19
Pixel 631, 114, 1, 1, 4.80374e+19
Pixel 632, 113, 1, 1, 4.80374e+19
Pixel 632, 114, 1, 1, 4.80374e+19
=== 4658818 ===
--- pALPIDEfs_3 ---
Pixel 557, 180, 1, 1, 4.80374e+19
=== 4661591 ===
--- pALPIDEfs_4 ---
Pixel 18, 314, 1, 1, 4.80374e+19
Pixel 19, 314, 1, 1, 4.80374e+19
=== 4661592 ===
--- pALPIDEfs_4 ---
Pixel 19, 313, 1, 1, 4.80374e+19
Pixel 18, 313, 1, 1, 4.80374e+19
=== 4665023 ===
--- pALPIDEfs_3 ---
Pixel 557, 180, 1, 1, 4.80374e+19
=== 4674198 ===
--- pALPIDEfs_2 ---
Pixel 1, 274, 1, 1, 4.80374e+19
Pixel 2, 275, 1, 1, 4.80374e+19
=== 4681189 ===
--- pALPIDEfs_2 ---
Pixel 647, 330, 1, 1, 4.80374e+19
Pixel 647, 331, 1, 1, 4.80374e+19
=== 4681242 ===
--- pALPIDEfs_3 ---
Pixel 557, 180, 1, 1, 4.80374e+19
=== 4684371 ===
--- pALPIDEfs_2 ---
Pixel 104, 26, 1, 1, 4.80374e+19
Pixel 104, 27, 1, 1, 4.80374e+19
=== 4687170 ===
--- pALPIDEfs_3 ---
Pixel 557, 180, 1, 1, 4.80374e+19
=== 4696846 ===
--- pALPIDEfs_3 ---
Pixel 557, 180, 1, 1, 4.80374e+19
=== 4705288 ===
--- pALPIDEfs_0 ---
Pixel 25, 134, 1, 1, 4.80374e+19
--- pALPIDEfs_1 ---
Pixel 140, 60, 1, 1, 4.80374e+19
=== 4724331 ===
--- pALPIDEfs_0 ---
Pixel 851, 505, 1, 1, 4.80374e+19
Pixel 850, 505, 1, 1, 4.80374e+19
=== 4736531 ===
--- pALPIDEfs_1 ---
Pixel 885, 319, 1, 1, 4.80374e+19
=== 4738781 ===
--- pALPIDEfs_3 ---
Pixel 557, 180, 1, 1, 4.80374e+19
=== 4739900 ===
--- pALPIDEfs_6 ---
Pixel 547, 277, 1, 1, 4.80374e+19
Pixel 547, 278, 1, 1, 4.80374e+19
=== 4751408 ===
--- pALPIDEfs_5 ---
Pixel 659, 401, 1, 1, 4.80374e+19
Pixel 660, 400, 1, 1, 4.80374e+19
Pixel 660, 401, 1, 1, 4.80374e+19
Pixel 747, 127, 1, 1, 4.80374e+19
Pixel 746, 127, 1, 1, 4.80374e+19
Pixel 746, 128, 1, 1, 4.80374e+19
Pixel 747, 128, 1, 1, 4.80374e+19
Pixel 747, 129, 1, 1, 4.80374e+19
Pixel 746, 129, 1, 1, 4.80374e+19
=== 4761404 ===
--- pALPIDEfs_3 ---
Pixel 253, 403, 1, 1, 4.80374e+19
Pixel 253, 404, 1, 1, 4.80374e+19
Pixel 253, 405, 1, 1, 4.80374e+19
Pixel 254, 403, 1, 1, 4.80374e+19
Pixel 254, 404, 1, 1, 4.80374e+19
=== 4762494 ===
--- pALPIDEfs_5 ---
Pixel 797, 402, 1, 1, 4.80374e+19
Pixel 797, 403, 1, 1, 4.80374e+19
Pixel 796, 403, 1, 1, 4.80374e+19
Pixel 796, 404, 1, 1, 4.80374e+19
Pixel 797, 404, 1, 1, 4.80374e+19
=== 4778675 ===
--- pALPIDEfs_6 ---
Pixel 537, 490, 1, 1, 4.80374e+19
=== 4784260 ===
--- pALPIDEfs_2 ---
Pixel 855, 287, 1, 1, 4.80374e+19
Pixel 856, 287, 1, 1, 4.80374e+19
=== 4790862 ===
--- pALPIDEfs_3 ---
Pixel 225, 223, 1, 1, 4.80374e+19
Pixel 224, 223, 1, 1, 4.80374e+19
Pixel 224, 224, 1, 1, 4.80374e+19
Pixel 225, 224, 1, 1, 4.80374e+19
=== 4793865 ===
--- pALPIDEfs_5 ---
Pixel 587, 71, 1, 1, 4.80374e+19
Pixel 586, 72, 1, 1, 4.80374e+19
Pixel 587, 72, 1, 1, 4.80374e+19
Pixel 587, 73, 1, 1, 4.80374e+19
Pixel 586, 73, 1, 1, 4.80374e+19
=== 4824269 ===
--- pALPIDEfs_4 ---
Pixel 677, 79, 1, 1, 4.80374e+19
Pixel 677, 80, 1, 1, 4.80374e+19
Pixel 678, 79, 1, 1, 4.80374e+19
Pixel 678, 80, 1, 1, 4.80374e+19
=== 4824995 ===
--- pALPIDEfs_3 ---
Pixel 557, 180, 1, 1, 4.80374e+19
=== 4840394 ===
--- pALPIDEfs_0 ---
Pixel 407, 284, 1, 1, 4.80374e+19
Pixel 407, 285, 1, 1, 4.80374e+19
Pixel 409, 285, 1, 1, 4.80374e+19
Pixel 408, 285, 1, 1, 4.80374e+19
Pixel 408, 286, 1, 1, 4.80374e+19
Pixel 409, 286, 1, 1, 4.80374e+19
Pixel 410, 286, 1, 1, 4.80374e+19
Pixel 411, 287, 1, 1, 4.80374e+19
Pixel 410, 287, 1, 1, 4.80374e+19
Pixel 411, 288, 1, 1, 4.80374e+19
Pixel 411, 289, 1, 1, 4.80374e+19
Pixel 411, 290, 1, 1, 4.80374e+19
Pixel 412, 289, 1, 1, 4.80374e+19
Pixel 412, 290, 1, 1, 4.80374e+19
=== 4848937 ===
--- pALPIDEfs_6 ---
Pixel 83, 203, 1, 1, 4.80374e+19
Pixel 82, 203, 1, 1, 4.80374e+19
Pixel 82, 204, 1, 1, 4.80374e+19
Pixel 83, 204, 1, 1, 4.80374e+19
=== 4850790 ===
--- pALPIDEfs_4 ---
Pixel 124, 138, 1, 1, 4.80374e+19
Pixel 125, 138, 1, 1, 4.80374e+19
Pixel 125, 139, 1, 1, 4.80374e+19
Pixel 124, 139, 1, 1, 4.80374e+19
=== 4851156 ===
--- pALPIDEfs_1 ---
Pixel 949, 14, 1, 1, 4.80374e+19
--- pALPIDEfs_2 ---
Pixel 769, 108, 1, 1, 4.80374e+19
Pixel 770, 108, 1, 1, 4.80374e+19
--- pALPIDEfs_3 ---
Pixel 482, 340, 1, 1, 4.80374e+19
Pixel 482, 341, 1, 1, 4.80374e+19
=== 4855119 ===
--- pALPIDEfs_4 ---
Pixel 564, 324, 1, 1, 4.80374e+19
=== 4862209 ===
--- pALPIDEfs_0 ---
Pixel 726, 464, 1, 1, 4.80374e+19
Pixel 727, 464, 1, 1, 4.80374e+19
Pixel 727, 465, 1, 1, 4.80374e+19
Pixel 726, 465, 1, 1, 4.80374e+19
Pixel 726, 466, 1, 1, 4.80374e+19
Pixel 727, 466, 1, 1, 4.80374e+19
=== 4866984 ===
--- pALPIDEfs_6 ---
Pixel 1, 354, 1, 1, 4.80374e+19
Pixel 3, 352, 1, 1, 4.80374e+19
Pixel 3, 353, 1, 1, 4.80374e+19
Pixel 2, 353, 1, 1, 4.80374e+19
Pixel 2, 354, 1, 1, 4.80374e+19
Pixel 4, 352, 1, 1, 4.80374e+19
Pixel 4, 353, 1, 1, 4.80374e+19
=== 4870303 ===
--- pALPIDEfs_0 ---
Pixel 553, 503, 1, 1, 4.80374e+19
Pixel 553, 504, 1, 1, 4.80374e+19
Pixel 554, 503, 1, 1, 4.80374e+19
Pixel 554, 504, 1, 1, 4.80374e+19
=== 4874518 ===
--- pALPIDEfs_0 ---
Pixel 693, 474, 1, 1, 4.80374e+19
Pixel 693, 475, 1, 1, 4.80374e+19
Pixel 692, 475, 1, 1, 4.80374e+19
Pixel 693, 476, 1, 1, 4.80374e+19
Pixel 694, 474, 1, 1, 4.80374e+19
Pixel 694, 475, 1, 1, 4.80374e+19
=== 4883524 ===
--- pALPIDEfs_3 ---
Pixel 413, 240, 1, 1, 4.80374e+19
=== 4887276 ===
--- pALPIDEfs_3 ---
Pixel 509, 469, 1, 1, 4.80374e+19
Pixel 508, 469, 1, 1, 4.80374e+19
Pixel 508, 470, 1, 1, 4.80374e+19
Pixel 509, 470, 1, 1, 4.80374e+19
Pixel 515, 483, 1, 1, 4.80374e+19
Pixel 514, 483, 1, 1, 4.80374e+19
Pixel 515, 484, 1, 1, 4.80374e+19
=== 4901790 ===
--- pALPIDEfs_5 ---
Pixel 823, 189, 1, 1, 4.80374e+19
Pixel 824, 189, 1, 1, 4.80374e+19
=== 4915211 ===
--- pALPIDEfs_4 ---
Pixel 808, 184, 1, 1, 4.80374e+19
Pixel 809, 184, 1, 1, 4.80374e+19
=== 4926445 ===
--- pALPIDEfs_0 ---
Pixel 772, 341, 1, 1, 4.80374e+19
=== 4934753 ===
--- pALPIDEfs_0 ---
Pixel 607, 117, 1, 1, 4.80374e+19
Pixel 606, 117, 1, 1, 4.80374e+19
Pixel 606, 118, 1, 1, 4.80374e+19
Pixel 607, 118, 1, 1, 4.80374e+19
=== 4942212 ===
--- pALPIDEfs_6 ---
Pixel 400, 505, 1, 1, 4.80374e+19
Pixel 405, 505, 1, 1, 4.80374e+19
Pixel 405, 506, 1, 1, 4.80374e+19
=== 4943986 ===
--- pALPIDEfs_3 ---
Pixel 557, 180, 1, 1, 4.80374e+19
=== 4954811 ===
--- pALPIDEfs_5 ---
Pixel 847, 354, 1, 1, 4.80374e+19
Pixel 847, 355, 1, 1, 4.80374e+19
Pixel 848, 355, 1, 1, 4.80374e+19
--- pALPIDEfs_6 ---
Pixel 343, 271, 1, 1, 4.80374e+19
Pixel 344, 271, 1, 1, 4.80374e+19
=== 4960800 ===
--- pALPIDEfs_1 ---
Pixel 942, 44, 1, 1, 4.80374e+19
Pixel 943, 44, 1, 1, 4.80374e+19
=== 4969028 ===
--- pALPIDEfs_2 ---
Pixel 93, 163, 1, 1, 4.80374e+19
Pixel 93, 164, 1, 1, 4.80374e+19
=== 4983511 ===
--- pALPIDEfs_0 ---
Pixel 929, 216, 1, 1, 4.80374e+19
Pixel 929, 217, 1, 1, 4.80374e+19
Pixel 930, 216, 1, 1, 4.80374e+19
=== 4989113 ===
--- pALPIDEfs_5 ---
Pixel 964, 174, 1, 1, 4.80374e+19
Pixel 964, 175, 1, 1, 4.80374e+19
=== 5014551 ===
--- pALPIDEfs_5 ---
Pixel 172, 173, 1, 1, 4.80374e+19
Pixel 172, 174, 1, 1, 4.80374e+19
--- pALPIDEfs_6 ---
Pixel 350, 453, 1, 1, 4.80374e+19
