Run: Cosmics000398
=== 2 ===
--- pALPIDEfs_3 ---
Pixel 238, 320, 1, 1, 4.80374e+19
Pixel 238, 320, 1, 1, 4.80374e+19
=== 3 ===
--- pALPIDEfs_0 ---
Pixel 92, 0, 1, 1, 4.80374e+19
Pixel 93, 0, 1, 1, 4.80374e+19
Pixel 93, 1, 1, 1, 4.80374e+19
Pixel 92, 1, 1, 1, 4.80374e+19
Pixel 92, 2, 1, 1, 4.80374e+19
Pixel 93, 2, 1, 1, 4.80374e+19
Pixel 93, 3, 1, 1, 4.80374e+19
Pixel 92, 3, 1, 1, 4.80374e+19
Pixel 92, 4, 1, 1, 4.80374e+19
Pixel 93, 4, 1, 1, 4.80374e+19
Pixel 93, 5, 1, 1, 4.80374e+19
Pixel 92, 5, 1, 1, 4.80374e+19
Pixel 92, 6, 1, 1, 4.80374e+19
Pixel 93, 6, 1, 1, 4.80374e+19
Pixel 93, 7, 1, 1, 4.80374e+19
Pixel 92, 7, 1, 1, 4.80374e+19
Pixel 92, 8, 1, 1, 4.80374e+19
Pixel 93, 8, 1, 1, 4.80374e+19
Pixel 93, 9, 1, 1, 4.80374e+19
Pixel 92, 9, 1, 1, 4.80374e+19
Pixel 92, 10, 1, 1, 4.80374e+19
Pixel 93, 10, 1, 1, 4.80374e+19
Pixel 93, 11, 1, 1, 4.80374e+19
Pixel 92, 11, 1, 1, 4.80374e+19
Pixel 92, 12, 1, 1, 4.80374e+19
Pixel 93, 12, 1, 1, 4.80374e+19
Pixel 93, 13, 1, 1, 4.80374e+19
Pixel 92, 13, 1, 1, 4.80374e+19
Pixel 92, 14, 1, 1, 4.80374e+19
Pixel 93, 14, 1, 1, 4.80374e+19
Pixel 93, 15, 1, 1, 4.80374e+19
Pixel 92, 15, 1, 1, 4.80374e+19
Pixel 92, 16, 1, 1, 4.80374e+19
Pixel 93, 16, 1, 1, 4.80374e+19
Pixel 93, 17, 1, 1, 4.80374e+19
Pixel 92, 17, 1, 1, 4.80374e+19
Pixel 92, 18, 1, 1, 4.80374e+19
Pixel 93, 18, 1, 1, 4.80374e+19
Pixel 93, 19, 1, 1, 4.80374e+19
Pixel 92, 19, 1, 1, 4.80374e+19
Pixel 92, 20, 1, 1, 4.80374e+19
Pixel 93, 20, 1, 1, 4.80374e+19
Pixel 93, 21, 1, 1, 4.80374e+19
Pixel 92, 21, 1, 1, 4.80374e+19
Pixel 92, 22, 1, 1, 4.80374e+19
Pixel 93, 22, 1, 1, 4.80374e+19
Pixel 93, 23, 1, 1, 4.80374e+19
Pixel 92, 23, 1, 1, 4.80374e+19
Pixel 92, 24, 1, 1, 4.80374e+19
Pixel 93, 24, 1, 1, 4.80374e+19
Pixel 93, 25, 1, 1, 4.80374e+19
Pixel 92, 25, 1, 1, 4.80374e+19
Pixel 92, 26, 1, 1, 4.80374e+19
Pixel 93, 26, 1, 1, 4.80374e+19
Pixel 93, 27, 1, 1, 4.80374e+19
Pixel 92, 27, 1, 1, 4.80374e+19
Pixel 92, 28, 1, 1, 4.80374e+19
Pixel 93, 28, 1, 1, 4.80374e+19
Pixel 93, 29, 1, 1, 4.80374e+19
Pixel 92, 29, 1, 1, 4.80374e+19
Pixel 92, 30, 1, 1, 4.80374e+19
Pixel 93, 30, 1, 1, 4.80374e+19
Pixel 93, 31, 1, 1, 4.80374e+19
Pixel 92, 31, 1, 1, 4.80374e+19
Pixel 92, 32, 1, 1, 4.80374e+19
Pixel 93, 32, 1, 1, 4.80374e+19
Pixel 93, 33, 1, 1, 4.80374e+19
Pixel 92, 33, 1, 1, 4.80374e+19
Pixel 92, 34, 1, 1, 4.80374e+19
Pixel 93, 34, 1, 1, 4.80374e+19
Pixel 93, 35, 1, 1, 4.80374e+19
Pixel 92, 35, 1, 1, 4.80374e+19
Pixel 92, 36, 1, 1, 4.80374e+19
Pixel 93, 36, 1, 1, 4.80374e+19
Pixel 93, 37, 1, 1, 4.80374e+19
Pixel 92, 37, 1, 1, 4.80374e+19
Pixel 92, 38, 1, 1, 4.80374e+19
Pixel 93, 38, 1, 1, 4.80374e+19
Pixel 93, 39, 1, 1, 4.80374e+19
Pixel 92, 39, 1, 1, 4.80374e+19
Pixel 92, 40, 1, 1, 4.80374e+19
Pixel 93, 40, 1, 1, 4.80374e+19
Pixel 93, 41, 1, 1, 4.80374e+19
Pixel 92, 41, 1, 1, 4.80374e+19
Pixel 92, 42, 1, 1, 4.80374e+19
Pixel 93, 42, 1, 1, 4.80374e+19
Pixel 93, 43, 1, 1, 4.80374e+19
Pixel 92, 43, 1, 1, 4.80374e+19
Pixel 92, 44, 1, 1, 4.80374e+19
Pixel 93, 44, 1, 1, 4.80374e+19
Pixel 93, 45, 1, 1, 4.80374e+19
Pixel 92, 45, 1, 1, 4.80374e+19
Pixel 92, 46, 1, 1, 4.80374e+19
Pixel 93, 46, 1, 1, 4.80374e+19
Pixel 93, 47, 1, 1, 4.80374e+19
Pixel 92, 47, 1, 1, 4.80374e+19
Pixel 92, 48, 1, 1, 4.80374e+19
Pixel 93, 48, 1, 1, 4.80374e+19
Pixel 93, 49, 1, 1, 4.80374e+19
Pixel 92, 49, 1, 1, 4.80374e+19
Pixel 92, 50, 1, 1, 4.80374e+19
Pixel 93, 50, 1, 1, 4.80374e+19
Pixel 93, 51, 1, 1, 4.80374e+19
Pixel 92, 51, 1, 1, 4.80374e+19
Pixel 92, 52, 1, 1, 4.80374e+19
Pixel 93, 52, 1, 1, 4.80374e+19
Pixel 93, 53, 1, 1, 4.80374e+19
Pixel 92, 53, 1, 1, 4.80374e+19
Pixel 92, 54, 1, 1, 4.80374e+19
Pixel 93, 54, 1, 1, 4.80374e+19
Pixel 93, 55, 1, 1, 4.80374e+19
Pixel 92, 55, 1, 1, 4.80374e+19
Pixel 92, 56, 1, 1, 4.80374e+19
Pixel 93, 56, 1, 1, 4.80374e+19
Pixel 93, 57, 1, 1, 4.80374e+19
Pixel 92, 57, 1, 1, 4.80374e+19
Pixel 92, 58, 1, 1, 4.80374e+19
Pixel 93, 58, 1, 1, 4.80374e+19
Pixel 93, 59, 1, 1, 4.80374e+19
Pixel 92, 59, 1, 1, 4.80374e+19
Pixel 92, 60, 1, 1, 4.80374e+19
Pixel 93, 60, 1, 1, 4.80374e+19
Pixel 93, 61, 1, 1, 4.80374e+19
Pixel 92, 61, 1, 1, 4.80374e+19
Pixel 92, 62, 1, 1, 4.80374e+19
Pixel 93, 62, 1, 1, 4.80374e+19
Pixel 93, 63, 1, 1, 4.80374e+19
Pixel 92, 63, 1, 1, 4.80374e+19
Pixel 92, 64, 1, 1, 4.80374e+19
Pixel 93, 64, 1, 1, 4.80374e+19
Pixel 93, 65, 1, 1, 4.80374e+19
Pixel 92, 65, 1, 1, 4.80374e+19
Pixel 92, 66, 1, 1, 4.80374e+19
Pixel 93, 66, 1, 1, 4.80374e+19
Pixel 93, 67, 1, 1, 4.80374e+19
Pixel 92, 67, 1, 1, 4.80374e+19
Pixel 92, 68, 1, 1, 4.80374e+19
Pixel 93, 68, 1, 1, 4.80374e+19
Pixel 93, 69, 1, 1, 4.80374e+19
Pixel 92, 69, 1, 1, 4.80374e+19
Pixel 92, 70, 1, 1, 4.80374e+19
Pixel 93, 70, 1, 1, 4.80374e+19
Pixel 93, 71, 1, 1, 4.80374e+19
Pixel 92, 71, 1, 1, 4.80374e+19
Pixel 92, 72, 1, 1, 4.80374e+19
Pixel 93, 72, 1, 1, 4.80374e+19
Pixel 93, 73, 1, 1, 4.80374e+19
Pixel 92, 73, 1, 1, 4.80374e+19
Pixel 92, 74, 1, 1, 4.80374e+19
Pixel 93, 74, 1, 1, 4.80374e+19
Pixel 93, 75, 1, 1, 4.80374e+19
Pixel 92, 75, 1, 1, 4.80374e+19
Pixel 92, 76, 1, 1, 4.80374e+19
Pixel 93, 76, 1, 1, 4.80374e+19
Pixel 93, 77, 1, 1, 4.80374e+19
Pixel 92, 77, 1, 1, 4.80374e+19
Pixel 92, 78, 1, 1, 4.80374e+19
Pixel 93, 78, 1, 1, 4.80374e+19
Pixel 93, 79, 1, 1, 4.80374e+19
Pixel 92, 79, 1, 1, 4.80374e+19
Pixel 92, 80, 1, 1, 4.80374e+19
Pixel 93, 80, 1, 1, 4.80374e+19
Pixel 93, 81, 1, 1, 4.80374e+19
Pixel 92, 81, 1, 1, 4.80374e+19
Pixel 92, 82, 1, 1, 4.80374e+19
Pixel 93, 82, 1, 1, 4.80374e+19
Pixel 93, 83, 1, 1, 4.80374e+19
Pixel 92, 83, 1, 1, 4.80374e+19
Pixel 92, 84, 1, 1, 4.80374e+19
Pixel 93, 84, 1, 1, 4.80374e+19
Pixel 93, 85, 1, 1, 4.80374e+19
Pixel 92, 85, 1, 1, 4.80374e+19
Pixel 92, 86, 1, 1, 4.80374e+19
Pixel 93, 86, 1, 1, 4.80374e+19
Pixel 93, 87, 1, 1, 4.80374e+19
Pixel 92, 87, 1, 1, 4.80374e+19
Pixel 92, 88, 1, 1, 4.80374e+19
Pixel 93, 88, 1, 1, 4.80374e+19
Pixel 93, 89, 1, 1, 4.80374e+19
Pixel 92, 89, 1, 1, 4.80374e+19
Pixel 92, 90, 1, 1, 4.80374e+19
Pixel 93, 90, 1, 1, 4.80374e+19
Pixel 93, 91, 1, 1, 4.80374e+19
Pixel 92, 91, 1, 1, 4.80374e+19
Pixel 92, 92, 1, 1, 4.80374e+19
Pixel 93, 92, 1, 1, 4.80374e+19
Pixel 93, 93, 1, 1, 4.80374e+19
Pixel 92, 93, 1, 1, 4.80374e+19
Pixel 92, 94, 1, 1, 4.80374e+19
Pixel 93, 94, 1, 1, 4.80374e+19
Pixel 93, 95, 1, 1, 4.80374e+19
Pixel 92, 95, 1, 1, 4.80374e+19
Pixel 92, 96, 1, 1, 4.80374e+19
Pixel 93, 96, 1, 1, 4.80374e+19
Pixel 93, 97, 1, 1, 4.80374e+19
Pixel 92, 97, 1, 1, 4.80374e+19
Pixel 92, 98, 1, 1, 4.80374e+19
Pixel 93, 98, 1, 1, 4.80374e+19
Pixel 93, 99, 1, 1, 4.80374e+19
Pixel 92, 99, 1, 1, 4.80374e+19
Pixel 92, 100, 1, 1, 4.80374e+19
Pixel 93, 100, 1, 1, 4.80374e+19
Pixel 93, 101, 1, 1, 4.80374e+19
Pixel 92, 101, 1, 1, 4.80374e+19
Pixel 92, 102, 1, 1, 4.80374e+19
Pixel 93, 102, 1, 1, 4.80374e+19
Pixel 93, 103, 1, 1, 4.80374e+19
Pixel 92, 103, 1, 1, 4.80374e+19
Pixel 92, 104, 1, 1, 4.80374e+19
Pixel 93, 104, 1, 1, 4.80374e+19
Pixel 93, 105, 1, 1, 4.80374e+19
Pixel 92, 105, 1, 1, 4.80374e+19
Pixel 92, 106, 1, 1, 4.80374e+19
Pixel 93, 106, 1, 1, 4.80374e+19
Pixel 93, 107, 1, 1, 4.80374e+19
Pixel 92, 107, 1, 1, 4.80374e+19
Pixel 92, 108, 1, 1, 4.80374e+19
Pixel 93, 108, 1, 1, 4.80374e+19
Pixel 93, 109, 1, 1, 4.80374e+19
Pixel 92, 109, 1, 1, 4.80374e+19
Pixel 92, 110, 1, 1, 4.80374e+19
Pixel 93, 110, 1, 1, 4.80374e+19
Pixel 93, 111, 1, 1, 4.80374e+19
Pixel 92, 111, 1, 1, 4.80374e+19
Pixel 92, 112, 1, 1, 4.80374e+19
Pixel 93, 112, 1, 1, 4.80374e+19
Pixel 93, 113, 1, 1, 4.80374e+19
Pixel 92, 113, 1, 1, 4.80374e+19
Pixel 92, 114, 1, 1, 4.80374e+19
Pixel 93, 114, 1, 1, 4.80374e+19
Pixel 93, 115, 1, 1, 4.80374e+19
Pixel 92, 115, 1, 1, 4.80374e+19
Pixel 92, 116, 1, 1, 4.80374e+19
Pixel 93, 116, 1, 1, 4.80374e+19
Pixel 93, 117, 1, 1, 4.80374e+19
Pixel 92, 117, 1, 1, 4.80374e+19
Pixel 92, 118, 1, 1, 4.80374e+19
Pixel 93, 118, 1, 1, 4.80374e+19
Pixel 93, 119, 1, 1, 4.80374e+19
Pixel 92, 119, 1, 1, 4.80374e+19
Pixel 92, 120, 1, 1, 4.80374e+19
Pixel 93, 120, 1, 1, 4.80374e+19
Pixel 93, 121, 1, 1, 4.80374e+19
Pixel 92, 121, 1, 1, 4.80374e+19
Pixel 92, 122, 1, 1, 4.80374e+19
Pixel 93, 122, 1, 1, 4.80374e+19
Pixel 93, 123, 1, 1, 4.80374e+19
Pixel 92, 123, 1, 1, 4.80374e+19
Pixel 92, 124, 1, 1, 4.80374e+19
Pixel 93, 124, 1, 1, 4.80374e+19
Pixel 93, 125, 1, 1, 4.80374e+19
Pixel 92, 125, 1, 1, 4.80374e+19
Pixel 92, 126, 1, 1, 4.80374e+19
Pixel 93, 126, 1, 1, 4.80374e+19
Pixel 93, 127, 1, 1, 4.80374e+19
Pixel 92, 127, 1, 1, 4.80374e+19
Pixel 92, 128, 1, 1, 4.80374e+19
Pixel 93, 128, 1, 1, 4.80374e+19
Pixel 93, 129, 1, 1, 4.80374e+19
Pixel 92, 129, 1, 1, 4.80374e+19
Pixel 92, 130, 1, 1, 4.80374e+19
Pixel 93, 130, 1, 1, 4.80374e+19
Pixel 93, 131, 1, 1, 4.80374e+19
Pixel 92, 131, 1, 1, 4.80374e+19
Pixel 92, 132, 1, 1, 4.80374e+19
Pixel 93, 132, 1, 1, 4.80374e+19
Pixel 93, 133, 1, 1, 4.80374e+19
Pixel 92, 133, 1, 1, 4.80374e+19
Pixel 92, 134, 1, 1, 4.80374e+19
Pixel 93, 134, 1, 1, 4.80374e+19
Pixel 93, 135, 1, 1, 4.80374e+19
Pixel 92, 135, 1, 1, 4.80374e+19
Pixel 92, 136, 1, 1, 4.80374e+19
Pixel 93, 136, 1, 1, 4.80374e+19
Pixel 93, 137, 1, 1, 4.80374e+19
Pixel 92, 137, 1, 1, 4.80374e+19
Pixel 92, 138, 1, 1, 4.80374e+19
Pixel 93, 138, 1, 1, 4.80374e+19
Pixel 93, 139, 1, 1, 4.80374e+19
Pixel 92, 139, 1, 1, 4.80374e+19
Pixel 92, 140, 1, 1, 4.80374e+19
Pixel 93, 140, 1, 1, 4.80374e+19
Pixel 93, 141, 1, 1, 4.80374e+19
Pixel 92, 141, 1, 1, 4.80374e+19
Pixel 92, 142, 1, 1, 4.80374e+19
Pixel 93, 142, 1, 1, 4.80374e+19
Pixel 93, 143, 1, 1, 4.80374e+19
Pixel 92, 143, 1, 1, 4.80374e+19
Pixel 92, 144, 1, 1, 4.80374e+19
Pixel 93, 144, 1, 1, 4.80374e+19
Pixel 93, 145, 1, 1, 4.80374e+19
Pixel 92, 145, 1, 1, 4.80374e+19
Pixel 92, 146, 1, 1, 4.80374e+19
Pixel 93, 146, 1, 1, 4.80374e+19
Pixel 93, 147, 1, 1, 4.80374e+19
Pixel 92, 147, 1, 1, 4.80374e+19
Pixel 92, 148, 1, 1, 4.80374e+19
Pixel 93, 148, 1, 1, 4.80374e+19
Pixel 93, 149, 1, 1, 4.80374e+19
Pixel 92, 149, 1, 1, 4.80374e+19
Pixel 92, 150, 1, 1, 4.80374e+19
Pixel 93, 150, 1, 1, 4.80374e+19
Pixel 93, 151, 1, 1, 4.80374e+19
Pixel 92, 151, 1, 1, 4.80374e+19
Pixel 92, 152, 1, 1, 4.80374e+19
Pixel 93, 152, 1, 1, 4.80374e+19
Pixel 93, 153, 1, 1, 4.80374e+19
Pixel 92, 153, 1, 1, 4.80374e+19
Pixel 92, 154, 1, 1, 4.80374e+19
Pixel 93, 154, 1, 1, 4.80374e+19
Pixel 93, 155, 1, 1, 4.80374e+19
Pixel 92, 155, 1, 1, 4.80374e+19
Pixel 92, 156, 1, 1, 4.80374e+19
Pixel 93, 156, 1, 1, 4.80374e+19
Pixel 93, 157, 1, 1, 4.80374e+19
Pixel 92, 157, 1, 1, 4.80374e+19
Pixel 92, 158, 1, 1, 4.80374e+19
Pixel 93, 158, 1, 1, 4.80374e+19
Pixel 93, 159, 1, 1, 4.80374e+19
Pixel 92, 159, 1, 1, 4.80374e+19
Pixel 92, 160, 1, 1, 4.80374e+19
Pixel 93, 160, 1, 1, 4.80374e+19
Pixel 93, 161, 1, 1, 4.80374e+19
Pixel 92, 161, 1, 1, 4.80374e+19
Pixel 92, 162, 1, 1, 4.80374e+19
Pixel 93, 162, 1, 1, 4.80374e+19
Pixel 93, 163, 1, 1, 4.80374e+19
Pixel 92, 163, 1, 1, 4.80374e+19
Pixel 92, 164, 1, 1, 4.80374e+19
Pixel 93, 164, 1, 1, 4.80374e+19
Pixel 93, 165, 1, 1, 4.80374e+19
Pixel 92, 165, 1, 1, 4.80374e+19
Pixel 92, 166, 1, 1, 4.80374e+19
Pixel 93, 166, 1, 1, 4.80374e+19
Pixel 93, 167, 1, 1, 4.80374e+19
Pixel 92, 167, 1, 1, 4.80374e+19
Pixel 92, 168, 1, 1, 4.80374e+19
Pixel 93, 168, 1, 1, 4.80374e+19
Pixel 93, 169, 1, 1, 4.80374e+19
Pixel 92, 169, 1, 1, 4.80374e+19
Pixel 92, 170, 1, 1, 4.80374e+19
Pixel 93, 170, 1, 1, 4.80374e+19
Pixel 93, 171, 1, 1, 4.80374e+19
Pixel 92, 171, 1, 1, 4.80374e+19
Pixel 92, 172, 1, 1, 4.80374e+19
Pixel 93, 172, 1, 1, 4.80374e+19
Pixel 93, 173, 1, 1, 4.80374e+19
Pixel 92, 173, 1, 1, 4.80374e+19
Pixel 92, 174, 1, 1, 4.80374e+19
Pixel 93, 174, 1, 1, 4.80374e+19
Pixel 93, 175, 1, 1, 4.80374e+19
Pixel 92, 175, 1, 1, 4.80374e+19
Pixel 92, 176, 1, 1, 4.80374e+19
Pixel 93, 176, 1, 1, 4.80374e+19
Pixel 93, 177, 1, 1, 4.80374e+19
Pixel 92, 177, 1, 1, 4.80374e+19
Pixel 92, 178, 1, 1, 4.80374e+19
Pixel 93, 178, 1, 1, 4.80374e+19
Pixel 93, 179, 1, 1, 4.80374e+19
Pixel 92, 179, 1, 1, 4.80374e+19
Pixel 92, 180, 1, 1, 4.80374e+19
Pixel 93, 180, 1, 1, 4.80374e+19
Pixel 93, 181, 1, 1, 4.80374e+19
Pixel 92, 181, 1, 1, 4.80374e+19
Pixel 92, 182, 1, 1, 4.80374e+19
Pixel 93, 182, 1, 1, 4.80374e+19
Pixel 93, 183, 1, 1, 4.80374e+19
Pixel 92, 183, 1, 1, 4.80374e+19
Pixel 92, 184, 1, 1, 4.80374e+19
Pixel 93, 184, 1, 1, 4.80374e+19
Pixel 93, 185, 1, 1, 4.80374e+19
Pixel 92, 185, 1, 1, 4.80374e+19
Pixel 92, 186, 1, 1, 4.80374e+19
Pixel 93, 186, 1, 1, 4.80374e+19
Pixel 93, 187, 1, 1, 4.80374e+19
Pixel 92, 187, 1, 1, 4.80374e+19
Pixel 92, 188, 1, 1, 4.80374e+19
Pixel 93, 188, 1, 1, 4.80374e+19
Pixel 93, 189, 1, 1, 4.80374e+19
Pixel 92, 189, 1, 1, 4.80374e+19
Pixel 92, 190, 1, 1, 4.80374e+19
Pixel 93, 190, 1, 1, 4.80374e+19
Pixel 93, 191, 1, 1, 4.80374e+19
Pixel 92, 191, 1, 1, 4.80374e+19
Pixel 92, 192, 1, 1, 4.80374e+19
Pixel 93, 192, 1, 1, 4.80374e+19
Pixel 93, 193, 1, 1, 4.80374e+19
Pixel 92, 193, 1, 1, 4.80374e+19
Pixel 92, 194, 1, 1, 4.80374e+19
Pixel 93, 194, 1, 1, 4.80374e+19
Pixel 93, 195, 1, 1, 4.80374e+19
Pixel 92, 195, 1, 1, 4.80374e+19
Pixel 92, 196, 1, 1, 4.80374e+19
Pixel 93, 196, 1, 1, 4.80374e+19
Pixel 93, 197, 1, 1, 4.80374e+19
Pixel 92, 197, 1, 1, 4.80374e+19
Pixel 92, 198, 1, 1, 4.80374e+19
Pixel 93, 198, 1, 1, 4.80374e+19
Pixel 93, 199, 1, 1, 4.80374e+19
Pixel 92, 199, 1, 1, 4.80374e+19
Pixel 92, 200, 1, 1, 4.80374e+19
Pixel 93, 200, 1, 1, 4.80374e+19
Pixel 93, 201, 1, 1, 4.80374e+19
Pixel 92, 201, 1, 1, 4.80374e+19
Pixel 92, 202, 1, 1, 4.80374e+19
Pixel 93, 202, 1, 1, 4.80374e+19
Pixel 93, 203, 1, 1, 4.80374e+19
Pixel 92, 203, 1, 1, 4.80374e+19
Pixel 92, 204, 1, 1, 4.80374e+19
Pixel 93, 204, 1, 1, 4.80374e+19
Pixel 93, 205, 1, 1, 4.80374e+19
Pixel 92, 205, 1, 1, 4.80374e+19
Pixel 92, 206, 1, 1, 4.80374e+19
Pixel 93, 206, 1, 1, 4.80374e+19
Pixel 93, 207, 1, 1, 4.80374e+19
Pixel 92, 207, 1, 1, 4.80374e+19
Pixel 92, 208, 1, 1, 4.80374e+19
Pixel 93, 208, 1, 1, 4.80374e+19
Pixel 93, 209, 1, 1, 4.80374e+19
Pixel 92, 209, 1, 1, 4.80374e+19
Pixel 92, 210, 1, 1, 4.80374e+19
Pixel 93, 210, 1, 1, 4.80374e+19
Pixel 93, 211, 1, 1, 4.80374e+19
Pixel 92, 211, 1, 1, 4.80374e+19
Pixel 92, 212, 1, 1, 4.80374e+19
Pixel 93, 212, 1, 1, 4.80374e+19
Pixel 93, 213, 1, 1, 4.80374e+19
Pixel 92, 213, 1, 1, 4.80374e+19
Pixel 92, 214, 1, 1, 4.80374e+19
Pixel 93, 214, 1, 1, 4.80374e+19
Pixel 93, 215, 1, 1, 4.80374e+19
Pixel 92, 215, 1, 1, 4.80374e+19
Pixel 92, 216, 1, 1, 4.80374e+19
Pixel 93, 216, 1, 1, 4.80374e+19
Pixel 93, 217, 1, 1, 4.80374e+19
Pixel 92, 217, 1, 1, 4.80374e+19
Pixel 92, 218, 1, 1, 4.80374e+19
Pixel 93, 218, 1, 1, 4.80374e+19
Pixel 93, 219, 1, 1, 4.80374e+19
Pixel 92, 219, 1, 1, 4.80374e+19
Pixel 92, 220, 1, 1, 4.80374e+19
Pixel 93, 220, 1, 1, 4.80374e+19
Pixel 93, 221, 1, 1, 4.80374e+19
Pixel 92, 221, 1, 1, 4.80374e+19
Pixel 92, 222, 1, 1, 4.80374e+19
Pixel 93, 222, 1, 1, 4.80374e+19
Pixel 93, 223, 1, 1, 4.80374e+19
Pixel 92, 223, 1, 1, 4.80374e+19
Pixel 92, 224, 1, 1, 4.80374e+19
Pixel 93, 224, 1, 1, 4.80374e+19
Pixel 93, 225, 1, 1, 4.80374e+19
Pixel 92, 225, 1, 1, 4.80374e+19
Pixel 92, 226, 1, 1, 4.80374e+19
Pixel 93, 226, 1, 1, 4.80374e+19
Pixel 93, 227, 1, 1, 4.80374e+19
Pixel 92, 227, 1, 1, 4.80374e+19
Pixel 92, 228, 1, 1, 4.80374e+19
Pixel 93, 228, 1, 1, 4.80374e+19
Pixel 93, 229, 1, 1, 4.80374e+19
Pixel 92, 229, 1, 1, 4.80374e+19
Pixel 92, 230, 1, 1, 4.80374e+19
Pixel 93, 230, 1, 1, 4.80374e+19
Pixel 93, 231, 1, 1, 4.80374e+19
Pixel 92, 231, 1, 1, 4.80374e+19
Pixel 92, 232, 1, 1, 4.80374e+19
Pixel 93, 232, 1, 1, 4.80374e+19
Pixel 93, 233, 1, 1, 4.80374e+19
Pixel 92, 233, 1, 1, 4.80374e+19
Pixel 92, 234, 1, 1, 4.80374e+19
Pixel 93, 234, 1, 1, 4.80374e+19
Pixel 93, 235, 1, 1, 4.80374e+19
Pixel 92, 235, 1, 1, 4.80374e+19
Pixel 92, 236, 1, 1, 4.80374e+19
Pixel 93, 236, 1, 1, 4.80374e+19
Pixel 93, 237, 1, 1, 4.80374e+19
Pixel 92, 237, 1, 1, 4.80374e+19
Pixel 92, 238, 1, 1, 4.80374e+19
Pixel 93, 238, 1, 1, 4.80374e+19
Pixel 93, 239, 1, 1, 4.80374e+19
Pixel 92, 239, 1, 1, 4.80374e+19
Pixel 92, 240, 1, 1, 4.80374e+19
Pixel 93, 240, 1, 1, 4.80374e+19
Pixel 93, 241, 1, 1, 4.80374e+19
Pixel 92, 241, 1, 1, 4.80374e+19
Pixel 92, 242, 1, 1, 4.80374e+19
Pixel 93, 242, 1, 1, 4.80374e+19
Pixel 93, 243, 1, 1, 4.80374e+19
Pixel 92, 243, 1, 1, 4.80374e+19
Pixel 92, 244, 1, 1, 4.80374e+19
Pixel 93, 244, 1, 1, 4.80374e+19
Pixel 93, 245, 1, 1, 4.80374e+19
Pixel 92, 245, 1, 1, 4.80374e+19
Pixel 92, 246, 1, 1, 4.80374e+19
Pixel 93, 246, 1, 1, 4.80374e+19
Pixel 93, 247, 1, 1, 4.80374e+19
Pixel 92, 247, 1, 1, 4.80374e+19
Pixel 92, 248, 1, 1, 4.80374e+19
Pixel 93, 248, 1, 1, 4.80374e+19
Pixel 93, 249, 1, 1, 4.80374e+19
Pixel 92, 249, 1, 1, 4.80374e+19
Pixel 92, 250, 1, 1, 4.80374e+19
Pixel 93, 250, 1, 1, 4.80374e+19
Pixel 93, 251, 1, 1, 4.80374e+19
Pixel 92, 251, 1, 1, 4.80374e+19
Pixel 92, 252, 1, 1, 4.80374e+19
Pixel 93, 252, 1, 1, 4.80374e+19
Pixel 93, 253, 1, 1, 4.80374e+19
Pixel 92, 253, 1, 1, 4.80374e+19
Pixel 92, 254, 1, 1, 4.80374e+19
Pixel 93, 254, 1, 1, 4.80374e+19
Pixel 93, 255, 1, 1, 4.80374e+19
Pixel 92, 255, 1, 1, 4.80374e+19
=== 23975 ===
--- pALPIDEfs_4 ---
Pixel 282, 197, 1, 1, 4.80374e+19
Pixel 282, 198, 1, 1, 4.80374e+19
=== 34078 ===
--- pALPIDEfs_2 ---
Pixel 471, 9, 1, 1, 4.80374e+19
Pixel 473, 7, 1, 1, 4.80374e+19
Pixel 472, 8, 1, 1, 4.80374e+19
Pixel 473, 8, 1, 1, 4.80374e+19
Pixel 472, 9, 1, 1, 4.80374e+19
Pixel 475, 7, 1, 1, 4.80374e+19
Pixel 474, 7, 1, 1, 4.80374e+19
Pixel 477, 7, 1, 1, 4.80374e+19
Pixel 476, 7, 1, 1, 4.80374e+19
Pixel 476, 8, 1, 1, 4.80374e+19
=== 35776 ===
--- pALPIDEfs_5 ---
Pixel 400, 283, 1, 1, 4.80374e+19
Pixel 400, 284, 1, 1, 4.80374e+19
Pixel 401, 284, 1, 1, 4.80374e+19
Pixel 401, 285, 1, 1, 4.80374e+19
Pixel 400, 285, 1, 1, 4.80374e+19
Pixel 401, 286, 1, 1, 4.80374e+19
Pixel 402, 286, 1, 1, 4.80374e+19
Pixel 402, 287, 1, 1, 4.80374e+19
--- pALPIDEfs_6 ---
Pixel 335, 303, 1, 1, 4.80374e+19
Pixel 335, 304, 1, 1, 4.80374e+19
Pixel 337, 300, 1, 1, 4.80374e+19
Pixel 337, 301, 1, 1, 4.80374e+19
Pixel 338, 300, 1, 1, 4.80374e+19
Pixel 339, 300, 1, 1, 4.80374e+19
Pixel 339, 301, 1, 1, 4.80374e+19
Pixel 341, 301, 1, 1, 4.80374e+19
Pixel 340, 301, 1, 1, 4.80374e+19
Pixel 755, 498, 1, 1, 4.80374e+19
Pixel 756, 498, 1, 1, 4.80374e+19
=== 46292 ===
--- pALPIDEfs_4 ---
Pixel 700, 63, 1, 1, 4.80374e+19
Pixel 700, 64, 1, 1, 4.80374e+19
=== 92781 ===
--- pALPIDEfs_2 ---
Pixel 689, 272, 1, 1, 4.80374e+19
Pixel 689, 273, 1, 1, 4.80374e+19
Pixel 690, 272, 1, 1, 4.80374e+19
Pixel 690, 273, 1, 1, 4.80374e+19
=== 105058 ===
--- pALPIDEfs_2 ---
Pixel 336, 50, 1, 1, 4.80374e+19
Pixel 337, 51, 1, 1, 4.80374e+19
Pixel 336, 51, 1, 1, 4.80374e+19
Pixel 337, 52, 1, 1, 4.80374e+19
Pixel 338, 54, 1, 1, 4.80374e+19
Pixel 339, 54, 1, 1, 4.80374e+19
Pixel 339, 55, 1, 1, 4.80374e+19
Pixel 338, 55, 1, 1, 4.80374e+19
Pixel 339, 56, 1, 1, 4.80374e+19
=== 108625 ===
--- pALPIDEfs_3 ---
Pixel 995, 407, 1, 1, 4.80374e+19
Pixel 995, 408, 1, 1, 4.80374e+19
Pixel 995, 409, 1, 1, 4.80374e+19
Pixel 996, 407, 1, 1, 4.80374e+19
Pixel 996, 408, 1, 1, 4.80374e+19
=== 125679 ===
--- pALPIDEfs_2 ---
Pixel 416, 436, 1, 1, 4.80374e+19
--- pALPIDEfs_3 ---
Pixel 821, 100, 1, 1, 4.80374e+19
Pixel 823, 98, 1, 1, 4.80374e+19
Pixel 823, 99, 1, 1, 4.80374e+19
Pixel 822, 99, 1, 1, 4.80374e+19
Pixel 822, 100, 1, 1, 4.80374e+19
=== 132166 ===
--- pALPIDEfs_2 ---
Pixel 347, 362, 1, 1, 4.80374e+19
Pixel 348, 362, 1, 1, 4.80374e+19
=== 147673 ===
--- pALPIDEfs_5 ---
Pixel 11, 417, 1, 1, 4.80374e+19
Pixel 11, 418, 1, 1, 4.80374e+19
Pixel 12, 417, 1, 1, 4.80374e+19
Pixel 12, 418, 1, 1, 4.80374e+19
=== 148473 ===
--- pALPIDEfs_2 ---
Pixel 308, 375, 1, 1, 4.80374e+19
Pixel 308, 376, 1, 1, 4.80374e+19
--- pALPIDEfs_3 ---
Pixel 253, 277, 1, 1, 4.80374e+19
Pixel 253, 278, 1, 1, 4.80374e+19
--- pALPIDEfs_4 ---
Pixel 221, 167, 1, 1, 4.80374e+19
Pixel 220, 167, 1, 1, 4.80374e+19
--- pALPIDEfs_5 ---
Pixel 158, 104, 1, 1, 4.80374e+19
Pixel 159, 104, 1, 1, 4.80374e+19
=== 157561 ===
--- pALPIDEfs_2 ---
Pixel 789, 453, 1, 1, 4.80374e+19
Pixel 789, 454, 1, 1, 4.80374e+19
=== 173980 ===
--- pALPIDEfs_2 ---
Pixel 169, 349, 1, 1, 4.80374e+19
Pixel 168, 349, 1, 1, 4.80374e+19
Pixel 169, 350, 1, 1, 4.80374e+19
=== 185697 ===
--- pALPIDEfs_3 ---
Pixel 902, 506, 1, 1, 4.80374e+19
Pixel 903, 506, 1, 1, 4.80374e+19
Pixel 903, 507, 1, 1, 4.80374e+19
Pixel 902, 507, 1, 1, 4.80374e+19
=== 215175 ===
--- pALPIDEfs_3 ---
Pixel 381, 56, 1, 1, 4.80374e+19
Pixel 381, 57, 1, 1, 4.80374e+19
Pixel 382, 57, 1, 1, 4.80374e+19
Pixel 382, 58, 1, 1, 4.80374e+19
=== 233468 ===
--- pALPIDEfs_3 ---
Pixel 84, 346, 1, 1, 4.80374e+19
Pixel 90, 349, 1, 1, 4.80374e+19
Pixel 90, 350, 1, 1, 4.80374e+19
Pixel 91, 350, 1, 1, 4.80374e+19
Pixel 91, 351, 1, 1, 4.80374e+19
Pixel 92, 350, 1, 1, 4.80374e+19
Pixel 93, 351, 1, 1, 4.80374e+19
Pixel 92, 351, 1, 1, 4.80374e+19
Pixel 93, 352, 1, 1, 4.80374e+19
Pixel 94, 352, 1, 1, 4.80374e+19
Pixel 95, 352, 1, 1, 4.80374e+19
Pixel 95, 353, 1, 1, 4.80374e+19
Pixel 94, 353, 1, 1, 4.80374e+19
Pixel 95, 354, 1, 1, 4.80374e+19
=== 233492 ===
--- pALPIDEfs_4 ---
Pixel 525, 205, 1, 1, 4.80374e+19
Pixel 526, 205, 1, 1, 4.80374e+19
=== 244484 ===
--- pALPIDEfs_5 ---
Pixel 141, 27, 1, 1, 4.80374e+19
Pixel 140, 27, 1, 1, 4.80374e+19
Pixel 140, 28, 1, 1, 4.80374e+19
Pixel 141, 28, 1, 1, 4.80374e+19
Pixel 574, 155, 1, 1, 4.80374e+19
Pixel 574, 156, 1, 1, 4.80374e+19
=== 252937 ===
--- pALPIDEfs_3 ---
Pixel 924, 22, 1, 1, 4.80374e+19
Pixel 925, 22, 1, 1, 4.80374e+19
Pixel 924, 23, 1, 1, 4.80374e+19
=== 256904 ===
--- pALPIDEfs_3 ---
Pixel 70, 234, 1, 1, 4.80374e+19
=== 282235 ===
--- pALPIDEfs_5 ---
Pixel 769, 149, 1, 1, 4.80374e+19
Pixel 768, 149, 1, 1, 4.80374e+19
=== 295136 ===
--- pALPIDEfs_2 ---
Pixel 199, 64, 1, 1, 4.80374e+19
Pixel 199, 65, 1, 1, 4.80374e+19
Pixel 200, 64, 1, 1, 4.80374e+19
Pixel 200, 65, 1, 1, 4.80374e+19
=== 299163 ===
--- pALPIDEfs_1 ---
Pixel 117, 479, 1, 1, 4.80374e+19
Pixel 116, 479, 1, 1, 4.80374e+19
=== 302164 ===
--- pALPIDEfs_1 ---
Pixel 613, 207, 1, 1, 4.80374e+19
Pixel 613, 208, 1, 1, 4.80374e+19
=== 313279 ===
--- pALPIDEfs_4 ---
Pixel 142, 186, 1, 1, 4.80374e+19
Pixel 143, 187, 1, 1, 4.80374e+19
Pixel 142, 187, 1, 1, 4.80374e+19
=== 330861 ===
--- pALPIDEfs_5 ---
Pixel 793, 450, 1, 1, 4.80374e+19
Pixel 793, 451, 1, 1, 4.80374e+19
=== 335968 ===
--- pALPIDEfs_0 ---
Pixel 567, 88, 1, 1, 4.80374e+19
--- pALPIDEfs_1 ---
Pixel 409, 273, 1, 1, 4.80374e+19
--- pALPIDEfs_2 ---
Pixel 273, 354, 1, 1, 4.80374e+19
Pixel 273, 355, 1, 1, 4.80374e+19
Pixel 274, 354, 1, 1, 4.80374e+19
Pixel 274, 355, 1, 1, 4.80374e+19
--- pALPIDEfs_3 ---
Pixel 138, 501, 1, 1, 4.80374e+19
=== 347130 ===
--- pALPIDEfs_5 ---
Pixel 551, 203, 1, 1, 4.80374e+19
Pixel 551, 204, 1, 1, 4.80374e+19
Pixel 552, 200, 1, 1, 4.80374e+19
Pixel 553, 200, 1, 1, 4.80374e+19
Pixel 552, 201, 1, 1, 4.80374e+19
Pixel 552, 204, 1, 1, 4.80374e+19
=== 393842 ===
--- pALPIDEfs_6 ---
Pixel 482, 62, 1, 1, 4.80374e+19
Pixel 483, 62, 1, 1, 4.80374e+19
Pixel 483, 63, 1, 1, 4.80374e+19
Pixel 482, 63, 1, 1, 4.80374e+19
=== 394290 ===
--- pALPIDEfs_2 ---
Pixel 27, 294, 1, 1, 4.80374e+19
Pixel 27, 295, 1, 1, 4.80374e+19
Pixel 28, 294, 1, 1, 4.80374e+19
--- pALPIDEfs_3 ---
Pixel 649, 163, 1, 1, 4.80374e+19
Pixel 650, 162, 1, 1, 4.80374e+19
Pixel 650, 163, 1, 1, 4.80374e+19
=== 408713 ===
--- pALPIDEfs_4 ---
Pixel 3, 273, 1, 1, 4.80374e+19
=== 443954 ===
--- pALPIDEfs_3 ---
Pixel 426, 401, 1, 1, 4.80374e+19
Pixel 426, 402, 1, 1, 4.80374e+19
=== 472028 ===
--- pALPIDEfs_4 ---
Pixel 219, 468, 1, 1, 4.80374e+19
Pixel 219, 469, 1, 1, 4.80374e+19
Pixel 220, 468, 1, 1, 4.80374e+19
Pixel 220, 469, 1, 1, 4.80374e+19
=== 473935 ===
--- pALPIDEfs_4 ---
Pixel 613, 214, 1, 1, 4.80374e+19
Pixel 613, 215, 1, 1, 4.80374e+19
Pixel 614, 214, 1, 1, 4.80374e+19
Pixel 614, 215, 1, 1, 4.80374e+19
=== 474432 ===
--- pALPIDEfs_4 ---
Pixel 359, 289, 1, 1, 4.80374e+19
Pixel 359, 290, 1, 1, 4.80374e+19
Pixel 359, 291, 1, 1, 4.80374e+19
Pixel 360, 289, 1, 1, 4.80374e+19
Pixel 360, 290, 1, 1, 4.80374e+19
Pixel 360, 291, 1, 1, 4.80374e+19
=== 476163 ===
--- pALPIDEfs_5 ---
Pixel 138, 177, 1, 1, 4.80374e+19
Pixel 138, 178, 1, 1, 4.80374e+19
=== 492045 ===
--- pALPIDEfs_3 ---
Pixel 521, 314, 1, 1, 4.80374e+19
Pixel 522, 314, 1, 1, 4.80374e+19
Pixel 522, 315, 1, 1, 4.80374e+19
=== 496694 ===
--- pALPIDEfs_0 ---
Pixel 67, 372, 1, 1, 4.80374e+19
Pixel 67, 373, 1, 1, 4.80374e+19
Pixel 68, 372, 1, 1, 4.80374e+19
Pixel 68, 373, 1, 1, 4.80374e+19
=== 531820 ===
--- pALPIDEfs_6 ---
Pixel 787, 111, 1, 1, 4.80374e+19
Pixel 787, 112, 1, 1, 4.80374e+19
=== 531821 ===
--- pALPIDEfs_6 ---
Pixel 787, 111, 1, 1, 4.80374e+19
Pixel 787, 112, 1, 1, 4.80374e+19
=== 535104 ===
--- pALPIDEfs_0 ---
Pixel 275, 277, 1, 1, 4.80374e+19
Pixel 275, 278, 1, 1, 4.80374e+19
Pixel 276, 277, 1, 1, 4.80374e+19
Pixel 276, 278, 1, 1, 4.80374e+19
=== 542866 ===
--- pALPIDEfs_4 ---
Pixel 145, 1, 1, 1, 4.80374e+19
Pixel 144, 2, 1, 1, 4.80374e+19
Pixel 145, 2, 1, 1, 4.80374e+19
Pixel 147, 1, 1, 1, 4.80374e+19
Pixel 146, 1, 1, 1, 4.80374e+19
Pixel 146, 2, 1, 1, 4.80374e+19
Pixel 147, 2, 1, 1, 4.80374e+19
Pixel 148, 2, 1, 1, 4.80374e+19
--- pALPIDEfs_5 ---
Pixel 621, 397, 1, 1, 4.80374e+19
Pixel 621, 398, 1, 1, 4.80374e+19
Pixel 621, 399, 1, 1, 4.80374e+19
Pixel 622, 397, 1, 1, 4.80374e+19
Pixel 622, 398, 1, 1, 4.80374e+19
Pixel 622, 399, 1, 1, 4.80374e+19
=== 544874 ===
--- pALPIDEfs_1 ---
Pixel 60, 130, 1, 1, 4.80374e+19
=== 576453 ===
--- pALPIDEfs_6 ---
Pixel 335, 113, 1, 1, 4.80374e+19
Pixel 334, 113, 1, 1, 4.80374e+19
Pixel 334, 114, 1, 1, 4.80374e+19
Pixel 335, 114, 1, 1, 4.80374e+19
Pixel 335, 115, 1, 1, 4.80374e+19
Pixel 334, 115, 1, 1, 4.80374e+19
=== 577214 ===
--- pALPIDEfs_2 ---
Pixel 596, 446, 1, 1, 4.80374e+19
Pixel 597, 446, 1, 1, 4.80374e+19
Pixel 598, 446, 1, 1, 4.80374e+19
Pixel 625, 438, 1, 1, 4.80374e+19
Pixel 627, 437, 1, 1, 4.80374e+19
Pixel 626, 437, 1, 1, 4.80374e+19
Pixel 626, 438, 1, 1, 4.80374e+19
Pixel 628, 436, 1, 1, 4.80374e+19
Pixel 629, 436, 1, 1, 4.80374e+19
Pixel 629, 437, 1, 1, 4.80374e+19
Pixel 628, 437, 1, 1, 4.80374e+19
Pixel 630, 436, 1, 1, 4.80374e+19
Pixel 630, 437, 1, 1, 4.80374e+19
=== 594549 ===
--- pALPIDEfs_5 ---
Pixel 835, 430, 1, 1, 4.80374e+19
Pixel 836, 429, 1, 1, 4.80374e+19
Pixel 836, 430, 1, 1, 4.80374e+19
=== 595529 ===
--- pALPIDEfs_5 ---
Pixel 439, 461, 1, 1, 4.80374e+19
Pixel 439, 462, 1, 1, 4.80374e+19
Pixel 440, 462, 1, 1, 4.80374e+19
=== 607812 ===
--- pALPIDEfs_4 ---
Pixel 875, 203, 1, 1, 4.80374e+19
Pixel 874, 203, 1, 1, 4.80374e+19
Pixel 874, 204, 1, 1, 4.80374e+19
Pixel 875, 204, 1, 1, 4.80374e+19
=== 613344 ===
--- pALPIDEfs_2 ---
Pixel 663, 420, 1, 1, 4.80374e+19
Pixel 664, 420, 1, 1, 4.80374e+19
=== 623296 ===
--- pALPIDEfs_3 ---
Pixel 895, 311, 1, 1, 4.80374e+19
Pixel 895, 312, 1, 1, 4.80374e+19
Pixel 896, 311, 1, 1, 4.80374e+19
Pixel 896, 312, 1, 1, 4.80374e+19
=== 635103 ===
--- pALPIDEfs_0 ---
Pixel 615, 284, 1, 1, 4.80374e+19
--- pALPIDEfs_1 ---
Pixel 780, 230, 1, 1, 4.80374e+19
Pixel 781, 230, 1, 1, 4.80374e+19
Pixel 780, 231, 1, 1, 4.80374e+19
=== 638094 ===
--- pALPIDEfs_2 ---
Pixel 135, 377, 1, 1, 4.80374e+19
Pixel 135, 378, 1, 1, 4.80374e+19
Pixel 135, 379, 1, 1, 4.80374e+19
Pixel 247, 363, 1, 1, 4.80374e+19
Pixel 248, 360, 1, 1, 4.80374e+19
Pixel 249, 360, 1, 1, 4.80374e+19
Pixel 249, 361, 1, 1, 4.80374e+19
Pixel 248, 361, 1, 1, 4.80374e+19
Pixel 248, 362, 1, 1, 4.80374e+19
Pixel 248, 363, 1, 1, 4.80374e+19
=== 643529 ===
--- pALPIDEfs_6 ---
Pixel 5, 326, 1, 1, 4.80374e+19
=== 649818 ===
--- pALPIDEfs_3 ---
Pixel 141, 318, 1, 1, 4.80374e+19
=== 653243 ===
--- pALPIDEfs_4 ---
Pixel 169, 418, 1, 1, 4.80374e+19
Pixel 170, 418, 1, 1, 4.80374e+19
=== 661503 ===
--- pALPIDEfs_3 ---
Pixel 422, 404, 1, 1, 4.80374e+19
Pixel 423, 404, 1, 1, 4.80374e+19
Pixel 423, 405, 1, 1, 4.80374e+19
Pixel 424, 404, 1, 1, 4.80374e+19
Pixel 425, 405, 1, 1, 4.80374e+19
Pixel 424, 405, 1, 1, 4.80374e+19
Pixel 425, 406, 1, 1, 4.80374e+19
Pixel 426, 405, 1, 1, 4.80374e+19
Pixel 426, 406, 1, 1, 4.80374e+19
Pixel 427, 406, 1, 1, 4.80374e+19
Pixel 427, 407, 1, 1, 4.80374e+19
Pixel 427, 408, 1, 1, 4.80374e+19
Pixel 428, 407, 1, 1, 4.80374e+19
Pixel 428, 408, 1, 1, 4.80374e+19
=== 675422 ===
--- pALPIDEfs_5 ---
Pixel 624, 30, 1, 1, 4.80374e+19
Pixel 625, 30, 1, 1, 4.80374e+19
Pixel 625, 31, 1, 1, 4.80374e+19
Pixel 624, 31, 1, 1, 4.80374e+19
=== 688062 ===
--- pALPIDEfs_4 ---
Pixel 635, 275, 1, 1, 4.80374e+19
Pixel 634, 275, 1, 1, 4.80374e+19
=== 697543 ===
--- pALPIDEfs_1 ---
Pixel 214, 451, 1, 1, 4.80374e+19
--- pALPIDEfs_2 ---
Pixel 295, 253, 1, 1, 4.80374e+19
--- pALPIDEfs_3 ---
Pixel 376, 121, 1, 1, 4.80374e+19
=== 697544 ===
--- pALPIDEfs_1 ---
Pixel 214, 451, 1, 1, 4.80374e+19
--- pALPIDEfs_3 ---
Pixel 376, 121, 1, 1, 4.80374e+19
=== 710953 ===
--- pALPIDEfs_3 ---
Pixel 393, 429, 1, 1, 4.80374e+19
Pixel 392, 429, 1, 1, 4.80374e+19
Pixel 392, 430, 1, 1, 4.80374e+19
Pixel 393, 430, 1, 1, 4.80374e+19
--- pALPIDEfs_4 ---
Pixel 759, 118, 1, 1, 4.80374e+19
Pixel 759, 119, 1, 1, 4.80374e+19
Pixel 758, 119, 1, 1, 4.80374e+19
Pixel 760, 118, 1, 1, 4.80374e+19
=== 712420 ===
--- pALPIDEfs_0 ---
Pixel 200, 256, 1, 1, 4.80374e+19
Pixel 201, 256, 1, 1, 4.80374e+19
Pixel 201, 257, 1, 1, 4.80374e+19
Pixel 202, 256, 1, 1, 4.80374e+19
Pixel 202, 257, 1, 1, 4.80374e+19
=== 714333 ===
--- pALPIDEfs_0 ---
Pixel 985, 11, 1, 1, 4.80374e+19
Pixel 984, 12, 1, 1, 4.80374e+19
Pixel 985, 12, 1, 1, 4.80374e+19
Pixel 985, 13, 1, 1, 4.80374e+19
Pixel 984, 13, 1, 1, 4.80374e+19
=== 715268 ===
--- pALPIDEfs_4 ---
Pixel 5, 435, 1, 1, 4.80374e+19
=== 726578 ===
--- pALPIDEfs_2 ---
Pixel 225, 150, 1, 1, 4.80374e+19
Pixel 225, 151, 1, 1, 4.80374e+19
Pixel 226, 150, 1, 1, 4.80374e+19
Pixel 226, 151, 1, 1, 4.80374e+19
=== 742647 ===
--- pALPIDEfs_1 ---
Pixel 504, 52, 1, 1, 4.80374e+19
Pixel 505, 53, 1, 1, 4.80374e+19
Pixel 504, 53, 1, 1, 4.80374e+19
Pixel 506, 53, 1, 1, 4.80374e+19
=== 776299 ===
--- pALPIDEfs_2 ---
Pixel 569, 366, 1, 1, 4.80374e+19
Pixel 570, 366, 1, 1, 4.80374e+19
--- pALPIDEfs_3 ---
Pixel 383, 358, 1, 1, 4.80374e+19
Pixel 383, 359, 1, 1, 4.80374e+19
Pixel 385, 357, 1, 1, 4.80374e+19
Pixel 384, 357, 1, 1, 4.80374e+19
Pixel 384, 358, 1, 1, 4.80374e+19
Pixel 385, 358, 1, 1, 4.80374e+19
=== 776609 ===
--- pALPIDEfs_5 ---
Pixel 819, 91, 1, 1, 4.80374e+19
Pixel 819, 92, 1, 1, 4.80374e+19
=== 813751 ===
--- pALPIDEfs_4 ---
Pixel 689, 380, 1, 1, 4.80374e+19
Pixel 690, 380, 1, 1, 4.80374e+19
--- pALPIDEfs_5 ---
Pixel 815, 158, 1, 1, 4.80374e+19
--- pALPIDEfs_6 ---
Pixel 873, 40, 1, 1, 4.80374e+19
=== 844180 ===
--- pALPIDEfs_6 ---
Pixel 686, 142, 1, 1, 4.80374e+19
Pixel 687, 142, 1, 1, 4.80374e+19
Pixel 687, 143, 1, 1, 4.80374e+19
Pixel 690, 144, 1, 1, 4.80374e+19
Pixel 690, 145, 1, 1, 4.80374e+19
=== 859706 ===
--- pALPIDEfs_0 ---
Pixel 900, 68, 1, 1, 4.80374e+19
Pixel 901, 68, 1, 1, 4.80374e+19
Pixel 901, 69, 1, 1, 4.80374e+19
Pixel 902, 66, 1, 1, 4.80374e+19
Pixel 903, 66, 1, 1, 4.80374e+19
Pixel 902, 67, 1, 1, 4.80374e+19
Pixel 902, 68, 1, 1, 4.80374e+19
=== 862398 ===
--- pALPIDEfs_2 ---
Pixel 287, 144, 1, 1, 4.80374e+19
Pixel 287, 145, 1, 1, 4.80374e+19
=== 869461 ===
--- pALPIDEfs_2 ---
Pixel 742, 284, 1, 1, 4.80374e+19
Pixel 743, 284, 1, 1, 4.80374e+19
Pixel 743, 285, 1, 1, 4.80374e+19
Pixel 742, 285, 1, 1, 4.80374e+19
=== 871128 ===
--- pALPIDEfs_2 ---
Pixel 308, 216, 1, 1, 4.80374e+19
Pixel 309, 216, 1, 1, 4.80374e+19
=== 881270 ===
--- pALPIDEfs_3 ---
Pixel 127, 445, 1, 1, 4.80374e+19
Pixel 126, 445, 1, 1, 4.80374e+19
Pixel 126, 446, 1, 1, 4.80374e+19
Pixel 127, 446, 1, 1, 4.80374e+19
--- pALPIDEfs_4 ---
Pixel 301, 327, 1, 1, 4.80374e+19
Pixel 300, 327, 1, 1, 4.80374e+19
Pixel 300, 328, 1, 1, 4.80374e+19
--- pALPIDEfs_5 ---
Pixel 444, 256, 1, 1, 4.80374e+19
--- pALPIDEfs_6 ---
Pixel 642, 126, 1, 1, 4.80374e+19
Pixel 643, 126, 1, 1, 4.80374e+19
Pixel 643, 127, 1, 1, 4.80374e+19
=== 886981 ===
--- pALPIDEfs_3 ---
Pixel 111, 471, 1, 1, 4.80374e+19
Pixel 110, 471, 1, 1, 4.80374e+19
Pixel 110, 472, 1, 1, 4.80374e+19
Pixel 111, 472, 1, 1, 4.80374e+19
--- pALPIDEfs_4 ---
Pixel 275, 218, 1, 1, 4.80374e+19
Pixel 275, 219, 1, 1, 4.80374e+19
Pixel 276, 218, 1, 1, 4.80374e+19
--- pALPIDEfs_5 ---
Pixel 409, 13, 1, 1, 4.80374e+19
Pixel 408, 13, 1, 1, 4.80374e+19
Pixel 409, 14, 1, 1, 4.80374e+19
=== 927892 ===
--- pALPIDEfs_3 ---
Pixel 622, 278, 1, 1, 4.80374e+19
Pixel 623, 278, 1, 1, 4.80374e+19
Pixel 623, 279, 1, 1, 4.80374e+19
Pixel 622, 279, 1, 1, 4.80374e+19
--- pALPIDEfs_4 ---
Pixel 964, 206, 1, 1, 4.80374e+19
=== 956656 ===
--- pALPIDEfs_1 ---
Pixel 978, 308, 1, 1, 4.80374e+19
Pixel 978, 309, 1, 1, 4.80374e+19
=== 960190 ===
--- pALPIDEfs_0 ---
Pixel 694, 287, 1, 1, 4.80374e+19
=== 990995 ===
--- pALPIDEfs_2 ---
Pixel 557, 364, 1, 1, 4.80374e+19
Pixel 557, 365, 1, 1, 4.80374e+19
Pixel 558, 364, 1, 1, 4.80374e+19
Pixel 558, 365, 1, 1, 4.80374e+19
=== 1013016 ===
--- pALPIDEfs_4 ---
Pixel 271, 460, 1, 1, 4.80374e+19
Pixel 271, 461, 1, 1, 4.80374e+19
Pixel 272, 460, 1, 1, 4.80374e+19
Pixel 272, 461, 1, 1, 4.80374e+19
=== 1028284 ===
--- pALPIDEfs_6 ---
Pixel 112, 462, 1, 1, 4.80374e+19
Pixel 112, 463, 1, 1, 4.80374e+19
Pixel 112, 464, 1, 1, 4.80374e+19
=== 1039782 ===
--- pALPIDEfs_1 ---
Pixel 587, 274, 1, 1, 4.80374e+19
Pixel 588, 274, 1, 1, 4.80374e+19
--- pALPIDEfs_2 ---
Pixel 432, 394, 1, 1, 4.80374e+19
--- pALPIDEfs_3 ---
Pixel 159, 492, 1, 1, 4.80374e+19
Pixel 159, 493, 1, 1, 4.80374e+19
Pixel 171, 462, 1, 1, 4.80374e+19
Pixel 171, 463, 1, 1, 4.80374e+19
Pixel 172, 461, 1, 1, 4.80374e+19
Pixel 172, 462, 1, 1, 4.80374e+19
=== 1048506 ===
--- pALPIDEfs_5 ---
Pixel 859, 291, 1, 1, 4.80374e+19
Pixel 858, 291, 1, 1, 4.80374e+19
Pixel 858, 292, 1, 1, 4.80374e+19
Pixel 859, 292, 1, 1, 4.80374e+19
=== 1058911 ===
--- pALPIDEfs_3 ---
Pixel 764, 106, 1, 1, 4.80374e+19
Pixel 765, 106, 1, 1, 4.80374e+19
Pixel 765, 107, 1, 1, 4.80374e+19
Pixel 764, 107, 1, 1, 4.80374e+19
=== 1060987 ===
--- pALPIDEfs_5 ---
Pixel 777, 370, 1, 1, 4.80374e+19
Pixel 777, 371, 1, 1, 4.80374e+19
Pixel 778, 371, 1, 1, 4.80374e+19
Pixel 778, 372, 1, 1, 4.80374e+19
Pixel 779, 372, 1, 1, 4.80374e+19
=== 1071645 ===
--- pALPIDEfs_5 ---
Pixel 791, 143, 1, 1, 4.80374e+19
Pixel 790, 143, 1, 1, 4.80374e+19
Pixel 790, 144, 1, 1, 4.80374e+19
Pixel 791, 144, 1, 1, 4.80374e+19
Pixel 791, 145, 1, 1, 4.80374e+19
Pixel 791, 146, 1, 1, 4.80374e+19
Pixel 792, 144, 1, 1, 4.80374e+19
Pixel 793, 145, 1, 1, 4.80374e+19
Pixel 792, 145, 1, 1, 4.80374e+19
Pixel 792, 146, 1, 1, 4.80374e+19
Pixel 793, 146, 1, 1, 4.80374e+19
Pixel 793, 147, 1, 1, 4.80374e+19
Pixel 794, 147, 1, 1, 4.80374e+19
Pixel 794, 148, 1, 1, 4.80374e+19
Pixel 795, 149, 1, 1, 4.80374e+19
Pixel 794, 149, 1, 1, 4.80374e+19
Pixel 795, 150, 1, 1, 4.80374e+19
Pixel 795, 151, 1, 1, 4.80374e+19
Pixel 795, 152, 1, 1, 4.80374e+19
Pixel 796, 151, 1, 1, 4.80374e+19
Pixel 796, 152, 1, 1, 4.80374e+19
Pixel 797, 152, 1, 1, 4.80374e+19
Pixel 797, 153, 1, 1, 4.80374e+19
Pixel 796, 153, 1, 1, 4.80374e+19
=== 1073325 ===
--- pALPIDEfs_4 ---
Pixel 261, 223, 1, 1, 4.80374e+19
Pixel 261, 224, 1, 1, 4.80374e+19
=== 1080019 ===
--- pALPIDEfs_0 ---
Pixel 907, 151, 1, 1, 4.80374e+19
Pixel 907, 152, 1, 1, 4.80374e+19
=== 1090684 ===
--- pALPIDEfs_3 ---
Pixel 551, 442, 1, 1, 4.80374e+19
Pixel 551, 443, 1, 1, 4.80374e+19
--- pALPIDEfs_4 ---
Pixel 675, 101, 1, 1, 4.80374e+19
Pixel 676, 101, 1, 1, 4.80374e+19
=== 1103737 ===
--- pALPIDEfs_1 ---
Pixel 536, 96, 1, 1, 4.80374e+19
Pixel 537, 96, 1, 1, 4.80374e+19
=== 1110704 ===
--- pALPIDEfs_5 ---
Pixel 31, 92, 1, 1, 4.80374e+19
Pixel 31, 93, 1, 1, 4.80374e+19
Pixel 32, 93, 1, 1, 4.80374e+19
=== 1120231 ===
--- pALPIDEfs_0 ---
Pixel 85, 420, 1, 1, 4.80374e+19
Pixel 85, 421, 1, 1, 4.80374e+19
=== 1133874 ===
--- pALPIDEfs_6 ---
Pixel 22, 352, 1, 1, 4.80374e+19
Pixel 23, 352, 1, 1, 4.80374e+19
Pixel 23, 353, 1, 1, 4.80374e+19
Pixel 22, 353, 1, 1, 4.80374e+19
=== 1147484 ===
--- pALPIDEfs_3 ---
Pixel 389, 375, 1, 1, 4.80374e+19
Pixel 388, 375, 1, 1, 4.80374e+19
Pixel 388, 376, 1, 1, 4.80374e+19
Pixel 389, 376, 1, 1, 4.80374e+19
=== 1147591 ===
--- pALPIDEfs_4 ---
Pixel 325, 376, 1, 1, 4.80374e+19
Pixel 325, 377, 1, 1, 4.80374e+19
Pixel 325, 378, 1, 1, 4.80374e+19
Pixel 325, 379, 1, 1, 4.80374e+19
Pixel 326, 378, 1, 1, 4.80374e+19
Pixel 326, 379, 1, 1, 4.80374e+19
=== 1161762 ===
--- pALPIDEfs_0 ---
Pixel 152, 460, 1, 1, 4.80374e+19
Pixel 153, 460, 1, 1, 4.80374e+19
Pixel 153, 461, 1, 1, 4.80374e+19
Pixel 152, 461, 1, 1, 4.80374e+19
Pixel 153, 462, 1, 1, 4.80374e+19
Pixel 154, 462, 1, 1, 4.80374e+19
Pixel 154, 463, 1, 1, 4.80374e+19
=== 1171173 ===
--- pALPIDEfs_1 ---
Pixel 58, 339, 1, 1, 4.80374e+19
Pixel 58, 340, 1, 1, 4.80374e+19
Pixel 59, 340, 1, 1, 4.80374e+19
Pixel 59, 341, 1, 1, 4.80374e+19
Pixel 61, 341, 1, 1, 4.80374e+19
Pixel 60, 341, 1, 1, 4.80374e+19
Pixel 61, 342, 1, 1, 4.80374e+19
=== 1200174 ===
--- pALPIDEfs_3 ---
Pixel 757, 1, 1, 1, 4.80374e+19
Pixel 756, 1, 1, 1, 4.80374e+19
Pixel 756, 2, 1, 1, 4.80374e+19
=== 1209180 ===
--- pALPIDEfs_2 ---
Pixel 856, 363, 1, 1, 4.80374e+19
=== 1210685 ===
--- pALPIDEfs_1 ---
Pixel 161, 424, 1, 1, 4.80374e+19
Pixel 162, 424, 1, 1, 4.80374e+19
Pixel 162, 425, 1, 1, 4.80374e+19
=== 1212872 ===
--- pALPIDEfs_1 ---
Pixel 203, 261, 1, 1, 4.80374e+19
Pixel 202, 262, 1, 1, 4.80374e+19
Pixel 203, 262, 1, 1, 4.80374e+19
=== 1225532 ===
--- pALPIDEfs_1 ---
Pixel 760, 136, 1, 1, 4.80374e+19
--- pALPIDEfs_2 ---
Pixel 207, 291, 1, 1, 4.80374e+19
Pixel 208, 291, 1, 1, 4.80374e+19
=== 1232654 ===
--- pALPIDEfs_2 ---
Pixel 267, 239, 1, 1, 4.80374e+19
Pixel 266, 239, 1, 1, 4.80374e+19
Pixel 266, 240, 1, 1, 4.80374e+19
=== 1232935 ===
--- pALPIDEfs_6 ---
Pixel 353, 495, 1, 1, 4.80374e+19
Pixel 353, 496, 1, 1, 4.80374e+19
Pixel 354, 496, 1, 1, 4.80374e+19
Pixel 355, 497, 1, 1, 4.80374e+19
Pixel 354, 497, 1, 1, 4.80374e+19
Pixel 355, 498, 1, 1, 4.80374e+19
=== 1259276 ===
--- pALPIDEfs_6 ---
Pixel 51, 112, 1, 1, 4.80374e+19
Pixel 52, 112, 1, 1, 4.80374e+19
=== 1284275 ===
--- pALPIDEfs_0 ---
Pixel 205, 229, 1, 1, 4.80374e+19
Pixel 205, 230, 1, 1, 4.80374e+19
Pixel 205, 231, 1, 1, 4.80374e+19
Pixel 205, 232, 1, 1, 4.80374e+19
=== 1285176 ===
--- pALPIDEfs_2 ---
Pixel 933, 292, 1, 1, 4.80374e+19
Pixel 934, 291, 1, 1, 4.80374e+19
Pixel 934, 292, 1, 1, 4.80374e+19
=== 1293527 ===
--- pALPIDEfs_2 ---
Pixel 25, 329, 1, 1, 4.80374e+19
Pixel 25, 330, 1, 1, 4.80374e+19
Pixel 26, 330, 1, 1, 4.80374e+19
Pixel 27, 330, 1, 1, 4.80374e+19
Pixel 28, 330, 1, 1, 4.80374e+19
Pixel 29, 330, 1, 1, 4.80374e+19
=== 1294807 ===
--- pALPIDEfs_1 ---
Pixel 945, 50, 1, 1, 4.80374e+19
Pixel 945, 51, 1, 1, 4.80374e+19
Pixel 946, 49, 1, 1, 4.80374e+19
Pixel 946, 50, 1, 1, 4.80374e+19
Pixel 946, 51, 1, 1, 4.80374e+19
=== 1322054 ===
--- pALPIDEfs_5 ---
Pixel 672, 0, 1, 1, 4.80374e+19
=== 1323532 ===
--- pALPIDEfs_0 ---
Pixel 162, 264, 1, 1, 4.80374e+19
Pixel 162, 265, 1, 1, 4.80374e+19
=== 1339315 ===
--- pALPIDEfs_1 ---
Pixel 828, 205, 1, 1, 4.80374e+19
Pixel 828, 206, 1, 1, 4.80374e+19
=== 1343234 ===
--- pALPIDEfs_2 ---
Pixel 503, 61, 1, 1, 4.80374e+19
Pixel 503, 62, 1, 1, 4.80374e+19
=== 1356427 ===
--- pALPIDEfs_2 ---
Pixel 85, 81, 1, 1, 4.80374e+19
Pixel 85, 82, 1, 1, 4.80374e+19
=== 1357786 ===
--- pALPIDEfs_0 ---
Pixel 737, 246, 1, 1, 4.80374e+19
=== 1386729 ===
--- pALPIDEfs_3 ---
Pixel 874, 498, 1, 1, 4.80374e+19
Pixel 875, 498, 1, 1, 4.80374e+19
Pixel 876, 501, 1, 1, 4.80374e+19
Pixel 876, 502, 1, 1, 4.80374e+19
=== 1400783 ===
--- pALPIDEfs_6 ---
Pixel 907, 375, 1, 1, 4.80374e+19
Pixel 907, 376, 1, 1, 4.80374e+19
=== 1427502 ===
--- pALPIDEfs_3 ---
Pixel 34, 50, 1, 1, 4.80374e+19
Pixel 35, 50, 1, 1, 4.80374e+19
Pixel 34, 51, 1, 1, 4.80374e+19
=== 1432294 ===
--- pALPIDEfs_3 ---
Pixel 575, 304, 1, 1, 4.80374e+19
Pixel 577, 303, 1, 1, 4.80374e+19
Pixel 576, 303, 1, 1, 4.80374e+19
Pixel 576, 304, 1, 1, 4.80374e+19
Pixel 577, 304, 1, 1, 4.80374e+19
Pixel 577, 305, 1, 1, 4.80374e+19
Pixel 576, 305, 1, 1, 4.80374e+19
=== 1451690 ===
--- pALPIDEfs_1 ---
Pixel 253, 150, 1, 1, 4.80374e+19
Pixel 253, 151, 1, 1, 4.80374e+19
=== 1471539 ===
--- pALPIDEfs_6 ---
Pixel 275, 81, 1, 1, 4.80374e+19
Pixel 274, 81, 1, 1, 4.80374e+19
Pixel 274, 82, 1, 1, 4.80374e+19
Pixel 275, 82, 1, 1, 4.80374e+19
=== 1475230 ===
--- pALPIDEfs_2 ---
Pixel 965, 207, 1, 1, 4.80374e+19
Pixel 964, 207, 1, 1, 4.80374e+19
Pixel 964, 208, 1, 1, 4.80374e+19
Pixel 965, 208, 1, 1, 4.80374e+19
=== 1476696 ===
--- pALPIDEfs_0 ---
Pixel 294, 36, 1, 1, 4.80374e+19
Pixel 295, 37, 1, 1, 4.80374e+19
Pixel 294, 37, 1, 1, 4.80374e+19
=== 1494298 ===
--- pALPIDEfs_2 ---
Pixel 388, 406, 1, 1, 4.80374e+19
Pixel 389, 406, 1, 1, 4.80374e+19
=== 1495735 ===
--- pALPIDEfs_1 ---
Pixel 469, 418, 1, 1, 4.80374e+19
Pixel 469, 419, 1, 1, 4.80374e+19
Pixel 470, 418, 1, 1, 4.80374e+19
Pixel 470, 419, 1, 1, 4.80374e+19
=== 1523135 ===
--- pALPIDEfs_3 ---
Pixel 106, 178, 1, 1, 4.80374e+19
=== 1525298 ===
--- pALPIDEfs_5 ---
Pixel 889, 399, 1, 1, 4.80374e+19
Pixel 890, 399, 1, 1, 4.80374e+19
=== 1531114 ===
--- pALPIDEfs_1 ---
Pixel 619, 140, 1, 1, 4.80374e+19
Pixel 620, 140, 1, 1, 4.80374e+19
Pixel 620, 141, 1, 1, 4.80374e+19
=== 1537378 ===
--- pALPIDEfs_3 ---
Pixel 188, 245, 1, 1, 4.80374e+19
Pixel 188, 246, 1, 1, 4.80374e+19
=== 1543248 ===
--- pALPIDEfs_5 ---
Pixel 796, 38, 1, 1, 4.80374e+19
Pixel 797, 38, 1, 1, 4.80374e+19
Pixel 797, 39, 1, 1, 4.80374e+19
--- pALPIDEfs_6 ---
Pixel 343, 83, 1, 1, 4.80374e+19
=== 1560981 ===
--- pALPIDEfs_0 ---
Pixel 745, 323, 1, 1, 4.80374e+19
Pixel 746, 323, 1, 1, 4.80374e+19
=== 1561789 ===
--- pALPIDEfs_1 ---
Pixel 495, 107, 1, 1, 4.80374e+19
Pixel 495, 108, 1, 1, 4.80374e+19
Pixel 496, 107, 1, 1, 4.80374e+19
Pixel 496, 108, 1, 1, 4.80374e+19
=== 1564623 ===
--- pALPIDEfs_5 ---
Pixel 834, 272, 1, 1, 4.80374e+19
Pixel 834, 273, 1, 1, 4.80374e+19
--- pALPIDEfs_6 ---
Pixel 1018, 408, 1, 1, 4.80374e+19
=== 1566751 ===
--- pALPIDEfs_5 ---
Pixel 418, 222, 1, 1, 4.80374e+19
=== 1567274 ===
--- pALPIDEfs_3 ---
Pixel 520, 186, 1, 1, 4.80374e+19
Pixel 521, 186, 1, 1, 4.80374e+19
Pixel 521, 187, 1, 1, 4.80374e+19
Pixel 520, 187, 1, 1, 4.80374e+19
Pixel 520, 188, 1, 1, 4.80374e+19
Pixel 521, 188, 1, 1, 4.80374e+19
=== 1569403 ===
--- pALPIDEfs_6 ---
Pixel 551, 198, 1, 1, 4.80374e+19
Pixel 551, 199, 1, 1, 4.80374e+19
=== 1571735 ===
--- pALPIDEfs_1 ---
Pixel 353, 98, 1, 1, 4.80374e+19
Pixel 354, 98, 1, 1, 4.80374e+19
=== 1583438 ===
--- pALPIDEfs_4 ---
Pixel 59, 287, 1, 1, 4.80374e+19
=== 1610086 ===
--- pALPIDEfs_0 ---
Pixel 973, 129, 1, 1, 4.80374e+19
Pixel 973, 130, 1, 1, 4.80374e+19
Pixel 974, 129, 1, 1, 4.80374e+19
Pixel 974, 130, 1, 1, 4.80374e+19
=== 1613667 ===
--- pALPIDEfs_4 ---
Pixel 365, 390, 1, 1, 4.80374e+19
--- pALPIDEfs_5 ---
Pixel 452, 94, 1, 1, 4.80374e+19
Pixel 453, 94, 1, 1, 4.80374e+19
Pixel 453, 95, 1, 1, 4.80374e+19
Pixel 452, 95, 1, 1, 4.80374e+19
Pixel 452, 96, 1, 1, 4.80374e+19
Pixel 453, 96, 1, 1, 4.80374e+19
=== 1620088 ===
--- pALPIDEfs_4 ---
Pixel 677, 15, 1, 1, 4.80374e+19
Pixel 677, 16, 1, 1, 4.80374e+19
=== 1622251 ===
--- pALPIDEfs_3 ---
Pixel 669, 127, 1, 1, 4.80374e+19
Pixel 668, 127, 1, 1, 4.80374e+19
Pixel 668, 128, 1, 1, 4.80374e+19
Pixel 669, 128, 1, 1, 4.80374e+19
Pixel 669, 129, 1, 1, 4.80374e+19
Pixel 668, 129, 1, 1, 4.80374e+19
=== 1664435 ===
--- pALPIDEfs_4 ---
Pixel 270, 150, 1, 1, 4.80374e+19
Pixel 271, 150, 1, 1, 4.80374e+19
Pixel 271, 151, 1, 1, 4.80374e+19
Pixel 272, 150, 1, 1, 4.80374e+19
Pixel 272, 151, 1, 1, 4.80374e+19
=== 1670443 ===
--- pALPIDEfs_1 ---
Pixel 884, 53, 1, 1, 4.80374e+19
=== 1686311 ===
--- pALPIDEfs_5 ---
Pixel 319, 273, 1, 1, 4.80374e+19
Pixel 318, 273, 1, 1, 4.80374e+19
Pixel 318, 274, 1, 1, 4.80374e+19
Pixel 319, 274, 1, 1, 4.80374e+19
Pixel 320, 272, 1, 1, 4.80374e+19
Pixel 321, 272, 1, 1, 4.80374e+19
Pixel 321, 273, 1, 1, 4.80374e+19
Pixel 320, 273, 1, 1, 4.80374e+19
Pixel 322, 272, 1, 1, 4.80374e+19
Pixel 323, 272, 1, 1, 4.80374e+19
Pixel 324, 271, 1, 1, 4.80374e+19
Pixel 324, 272, 1, 1, 4.80374e+19
=== 1692194 ===
--- pALPIDEfs_5 ---
Pixel 337, 184, 1, 1, 4.80374e+19
Pixel 338, 184, 1, 1, 4.80374e+19
Pixel 338, 185, 1, 1, 4.80374e+19
=== 1698442 ===
--- pALPIDEfs_0 ---
Pixel 754, 131, 1, 1, 4.80374e+19
=== 1731108 ===
--- pALPIDEfs_0 ---
Pixel 111, 386, 1, 1, 4.80374e+19
Pixel 111, 387, 1, 1, 4.80374e+19
Pixel 112, 386, 1, 1, 4.80374e+19
Pixel 112, 387, 1, 1, 4.80374e+19
=== 1731350 ===
--- pALPIDEfs_3 ---
Pixel 55, 155, 1, 1, 4.80374e+19
=== 1745368 ===
--- pALPIDEfs_2 ---
Pixel 79, 319, 1, 1, 4.80374e+19
Pixel 79, 320, 1, 1, 4.80374e+19
Pixel 80, 319, 1, 1, 4.80374e+19
=== 1759722 ===
--- pALPIDEfs_4 ---
Pixel 951, 462, 1, 1, 4.80374e+19
Pixel 951, 463, 1, 1, 4.80374e+19
Pixel 952, 462, 1, 1, 4.80374e+19
Pixel 952, 463, 1, 1, 4.80374e+19
Pixel 997, 445, 1, 1, 4.80374e+19
Pixel 997, 446, 1, 1, 4.80374e+19
=== 1777199 ===
--- pALPIDEfs_5 ---
Pixel 605, 275, 1, 1, 4.80374e+19
Pixel 605, 276, 1, 1, 4.80374e+19
Pixel 606, 275, 1, 1, 4.80374e+19
Pixel 606, 276, 1, 1, 4.80374e+19
Pixel 607, 276, 1, 1, 4.80374e+19
Pixel 606, 277, 1, 1, 4.80374e+19
=== 1796894 ===
--- pALPIDEfs_0 ---
Pixel 771, 473, 1, 1, 4.80374e+19
=== 1801121 ===
--- pALPIDEfs_6 ---
Pixel 638, 294, 1, 1, 4.80374e+19
Pixel 639, 294, 1, 1, 4.80374e+19
Pixel 639, 295, 1, 1, 4.80374e+19
Pixel 638, 295, 1, 1, 4.80374e+19
Pixel 638, 296, 1, 1, 4.80374e+19
Pixel 639, 296, 1, 1, 4.80374e+19
=== 1824251 ===
--- pALPIDEfs_3 ---
Pixel 999, 390, 1, 1, 4.80374e+19
Pixel 1000, 390, 1, 1, 4.80374e+19
=== 1826958 ===
--- pALPIDEfs_3 ---
Pixel 599, 396, 1, 1, 4.80374e+19
Pixel 599, 397, 1, 1, 4.80374e+19
Pixel 598, 397, 1, 1, 4.80374e+19
=== 1832859 ===
--- pALPIDEfs_6 ---
Pixel 1006, 38, 1, 1, 4.80374e+19
Pixel 1007, 38, 1, 1, 4.80374e+19
Pixel 1007, 39, 1, 1, 4.80374e+19
Pixel 1006, 39, 1, 1, 4.80374e+19
=== 1856861 ===
--- pALPIDEfs_2 ---
Pixel 143, 305, 1, 1, 4.80374e+19
Pixel 142, 305, 1, 1, 4.80374e+19
=== 1859037 ===
--- pALPIDEfs_6 ---
Pixel 901, 213, 1, 1, 4.80374e+19
Pixel 902, 213, 1, 1, 4.80374e+19
Pixel 902, 214, 1, 1, 4.80374e+19
Pixel 903, 214, 1, 1, 4.80374e+19
Pixel 903, 215, 1, 1, 4.80374e+19
Pixel 902, 215, 1, 1, 4.80374e+19
Pixel 902, 216, 1, 1, 4.80374e+19
Pixel 903, 216, 1, 1, 4.80374e+19
=== 1869916 ===
--- pALPIDEfs_0 ---
Pixel 511, 318, 1, 1, 4.80374e+19
Pixel 512, 318, 1, 1, 4.80374e+19
=== 1903732 ===
--- pALPIDEfs_4 ---
Pixel 82, 257, 1, 1, 4.80374e+19
--- pALPIDEfs_5 ---
Pixel 266, 6, 1, 1, 4.80374e+19
=== 1911025 ===
--- pALPIDEfs_0 ---
Pixel 880, 120, 1, 1, 4.80374e+19
=== 1919985 ===
--- pALPIDEfs_1 ---
Pixel 717, 372, 1, 1, 4.80374e+19
Pixel 718, 372, 1, 1, 4.80374e+19
=== 1922113 ===
--- pALPIDEfs_3 ---
Pixel 901, 177, 1, 1, 4.80374e+19
=== 1931841 ===
--- pALPIDEfs_3 ---
Pixel 395, 299, 1, 1, 4.80374e+19
=== 1953632 ===
--- pALPIDEfs_2 ---
Pixel 766, 321, 1, 1, 4.80374e+19
=== 1963991 ===
--- pALPIDEfs_2 ---
Pixel 847, 216, 1, 1, 4.80374e+19
Pixel 848, 216, 1, 1, 4.80374e+19
=== 1980077 ===
--- pALPIDEfs_2 ---
Pixel 546, 108, 1, 1, 4.80374e+19
Pixel 547, 108, 1, 1, 4.80374e+19
Pixel 547, 109, 1, 1, 4.80374e+19
=== 2022848 ===
--- pALPIDEfs_3 ---
Pixel 803, 211, 1, 1, 4.80374e+19
Pixel 804, 211, 1, 1, 4.80374e+19
=== 2024534 ===
--- pALPIDEfs_5 ---
Pixel 796, 321, 1, 1, 4.80374e+19
Pixel 796, 322, 1, 1, 4.80374e+19
=== 2037744 ===
--- pALPIDEfs_4 ---
Pixel 917, 40, 1, 1, 4.80374e+19
=== 2049774 ===
--- pALPIDEfs_0 ---
Pixel 373, 156, 1, 1, 4.80374e+19
Pixel 374, 156, 1, 1, 4.80374e+19
=== 2061855 ===
--- pALPIDEfs_3 ---
Pixel 121, 354, 1, 1, 4.80374e+19
Pixel 121, 355, 1, 1, 4.80374e+19
Pixel 120, 355, 1, 1, 4.80374e+19
Pixel 122, 355, 1, 1, 4.80374e+19
--- pALPIDEfs_4 ---
Pixel 983, 310, 1, 1, 4.80374e+19
Pixel 984, 310, 1, 1, 4.80374e+19
=== 2081931 ===
--- pALPIDEfs_5 ---
Pixel 737, 57, 1, 1, 4.80374e+19
Pixel 736, 57, 1, 1, 4.80374e+19
Pixel 736, 58, 1, 1, 4.80374e+19
Pixel 737, 58, 1, 1, 4.80374e+19
=== 2088137 ===
--- pALPIDEfs_4 ---
Pixel 671, 230, 1, 1, 4.80374e+19
Pixel 672, 230, 1, 1, 4.80374e+19
=== 2091759 ===
--- pALPIDEfs_1 ---
Pixel 835, 425, 1, 1, 4.80374e+19
Pixel 835, 426, 1, 1, 4.80374e+19
Pixel 836, 425, 1, 1, 4.80374e+19
Pixel 836, 426, 1, 1, 4.80374e+19
=== 2114849 ===
--- pALPIDEfs_2 ---
Pixel 95, 256, 1, 1, 4.80374e+19
Pixel 95, 257, 1, 1, 4.80374e+19
Pixel 95, 258, 1, 1, 4.80374e+19
Pixel 95, 259, 1, 1, 4.80374e+19
Pixel 95, 260, 1, 1, 4.80374e+19
Pixel 95, 261, 1, 1, 4.80374e+19
Pixel 96, 252, 1, 1, 4.80374e+19
Pixel 96, 253, 1, 1, 4.80374e+19
Pixel 96, 254, 1, 1, 4.80374e+19
Pixel 96, 255, 1, 1, 4.80374e+19
Pixel 96, 256, 1, 1, 4.80374e+19
Pixel 96, 257, 1, 1, 4.80374e+19
Pixel 96, 258, 1, 1, 4.80374e+19
Pixel 96, 259, 1, 1, 4.80374e+19
Pixel 96, 260, 1, 1, 4.80374e+19
Pixel 96, 261, 1, 1, 4.80374e+19
=== 2114902 ===
--- pALPIDEfs_6 ---
Pixel 732, 316, 1, 1, 4.80374e+19
Pixel 733, 316, 1, 1, 4.80374e+19
=== 2118160 ===
--- pALPIDEfs_4 ---
Pixel 21, 221, 1, 1, 4.80374e+19
Pixel 22, 221, 1, 1, 4.80374e+19
=== 2132049 ===
--- pALPIDEfs_5 ---
Pixel 411, 336, 1, 1, 4.80374e+19
Pixel 411, 337, 1, 1, 4.80374e+19
Pixel 412, 336, 1, 1, 4.80374e+19
Pixel 412, 337, 1, 1, 4.80374e+19
=== 2178412 ===
--- pALPIDEfs_4 ---
Pixel 35, 206, 1, 1, 4.80374e+19
Pixel 35, 207, 1, 1, 4.80374e+19
Pixel 36, 206, 1, 1, 4.80374e+19
Pixel 36, 207, 1, 1, 4.80374e+19
=== 2187569 ===
--- pALPIDEfs_6 ---
Pixel 313, 444, 1, 1, 4.80374e+19
Pixel 313, 445, 1, 1, 4.80374e+19
Pixel 314, 444, 1, 1, 4.80374e+19
Pixel 314, 445, 1, 1, 4.80374e+19
=== 2189674 ===
--- pALPIDEfs_2 ---
Pixel 611, 417, 1, 1, 4.80374e+19
Pixel 611, 418, 1, 1, 4.80374e+19
Pixel 612, 417, 1, 1, 4.80374e+19
=== 2196466 ===
--- pALPIDEfs_6 ---
Pixel 231, 290, 1, 1, 4.80374e+19
Pixel 233, 285, 1, 1, 4.80374e+19
Pixel 232, 285, 1, 1, 4.80374e+19
Pixel 232, 286, 1, 1, 4.80374e+19
Pixel 232, 289, 1, 1, 4.80374e+19
Pixel 232, 290, 1, 1, 4.80374e+19
Pixel 232, 291, 1, 1, 4.80374e+19
=== 2197820 ===
--- pALPIDEfs_0 ---
Pixel 271, 305, 1, 1, 4.80374e+19
Pixel 272, 305, 1, 1, 4.80374e+19
=== 2209056 ===
--- pALPIDEfs_0 ---
Pixel 64, 64, 1, 1, 4.80374e+19
Pixel 65, 64, 1, 1, 4.80374e+19
Pixel 65, 65, 1, 1, 4.80374e+19
Pixel 64, 65, 1, 1, 4.80374e+19
=== 2226402 ===
--- pALPIDEfs_3 ---
Pixel 557, 180, 1, 1, 4.80374e+19
=== 2258724 ===
--- pALPIDEfs_4 ---
Pixel 397, 392, 1, 1, 4.80374e+19
Pixel 397, 393, 1, 1, 4.80374e+19
Pixel 397, 396, 1, 1, 4.80374e+19
Pixel 397, 397, 1, 1, 4.80374e+19
Pixel 396, 397, 1, 1, 4.80374e+19
Pixel 396, 398, 1, 1, 4.80374e+19
Pixel 397, 398, 1, 1, 4.80374e+19
Pixel 398, 392, 1, 1, 4.80374e+19
Pixel 398, 393, 1, 1, 4.80374e+19
=== 2258773 ===
--- pALPIDEfs_1 ---
Pixel 419, 173, 1, 1, 4.80374e+19
Pixel 419, 174, 1, 1, 4.80374e+19
=== 2262954 ===
--- pALPIDEfs_0 ---
Pixel 94, 466, 1, 1, 4.80374e+19
Pixel 94, 467, 1, 1, 4.80374e+19
=== 2281524 ===
--- pALPIDEfs_1 ---
Pixel 671, 319, 1, 1, 4.80374e+19
Pixel 670, 319, 1, 1, 4.80374e+19
=== 2282996 ===
--- pALPIDEfs_3 ---
Pixel 220, 210, 1, 1, 4.80374e+19
Pixel 220, 211, 1, 1, 4.80374e+19
=== 2283096 ===
--- pALPIDEfs_3 ---
Pixel 571, 17, 1, 1, 4.80374e+19
Pixel 571, 18, 1, 1, 4.80374e+19
Pixel 572, 17, 1, 1, 4.80374e+19
Pixel 572, 18, 1, 1, 4.80374e+19
=== 2302885 ===
--- pALPIDEfs_0 ---
Pixel 177, 40, 1, 1, 4.80374e+19
Pixel 178, 39, 1, 1, 4.80374e+19
Pixel 178, 40, 1, 1, 4.80374e+19
=== 2315257 ===
--- pALPIDEfs_0 ---
Pixel 9, 493, 1, 1, 4.80374e+19
Pixel 8, 493, 1, 1, 4.80374e+19
=== 2315552 ===
--- pALPIDEfs_6 ---
Pixel 259, 258, 1, 1, 4.80374e+19
Pixel 259, 259, 1, 1, 4.80374e+19
Pixel 258, 259, 1, 1, 4.80374e+19
=== 2319385 ===
--- pALPIDEfs_1 ---
Pixel 89, 175, 1, 1, 4.80374e+19
Pixel 89, 176, 1, 1, 4.80374e+19
=== 2340817 ===
--- pALPIDEfs_1 ---
Pixel 885, 71, 1, 1, 4.80374e+19
Pixel 886, 71, 1, 1, 4.80374e+19
=== 2340818 ===
--- pALPIDEfs_1 ---
Pixel 885, 71, 1, 1, 4.80374e+19
Pixel 886, 71, 1, 1, 4.80374e+19
=== 2341435 ===
--- pALPIDEfs_2 ---
Pixel 261, 56, 1, 1, 4.80374e+19
Pixel 261, 57, 1, 1, 4.80374e+19
Pixel 262, 55, 1, 1, 4.80374e+19
Pixel 262, 56, 1, 1, 4.80374e+19
=== 2341501 ===
--- pALPIDEfs_6 ---
Pixel 929, 328, 1, 1, 4.80374e+19
Pixel 929, 329, 1, 1, 4.80374e+19
=== 2346096 ===
--- pALPIDEfs_2 ---
Pixel 54, 510, 1, 1, 4.80374e+19
Pixel 54, 511, 1, 1, 4.80374e+19
=== 2348018 ===
--- pALPIDEfs_0 ---
Pixel 623, 31, 1, 1, 4.80374e+19
Pixel 623, 32, 1, 1, 4.80374e+19
Pixel 623, 33, 1, 1, 4.80374e+19
Pixel 624, 31, 1, 1, 4.80374e+19
Pixel 624, 32, 1, 1, 4.80374e+19
Pixel 624, 33, 1, 1, 4.80374e+19
=== 2350616 ===
--- pALPIDEfs_0 ---
Pixel 935, 323, 1, 1, 4.80374e+19
Pixel 934, 323, 1, 1, 4.80374e+19
Pixel 934, 324, 1, 1, 4.80374e+19
=== 2351729 ===
--- pALPIDEfs_2 ---
Pixel 393, 469, 1, 1, 4.80374e+19
Pixel 392, 469, 1, 1, 4.80374e+19
Pixel 392, 470, 1, 1, 4.80374e+19
Pixel 393, 470, 1, 1, 4.80374e+19
Pixel 413, 491, 1, 1, 4.80374e+19
=== 2357108 ===
--- pALPIDEfs_0 ---
Pixel 739, 329, 1, 1, 4.80374e+19
Pixel 738, 329, 1, 1, 4.80374e+19
=== 2364091 ===
--- pALPIDEfs_0 ---
Pixel 690, 161, 1, 1, 4.80374e+19
Pixel 690, 162, 1, 1, 4.80374e+19
=== 2380719 ===
--- pALPIDEfs_0 ---
Pixel 91, 474, 1, 1, 4.80374e+19
Pixel 92, 474, 1, 1, 4.80374e+19
=== 2385308 ===
--- pALPIDEfs_4 ---
Pixel 315, 129, 1, 1, 4.80374e+19
Pixel 315, 130, 1, 1, 4.80374e+19
Pixel 316, 129, 1, 1, 4.80374e+19
Pixel 316, 130, 1, 1, 4.80374e+19
--- pALPIDEfs_5 ---
Pixel 937, 323, 1, 1, 4.80374e+19
=== 2395674 ===
--- pALPIDEfs_0 ---
Pixel 766, 348, 1, 1, 4.80374e+19
=== 2396398 ===
--- pALPIDEfs_3 ---
Pixel 873, 162, 1, 1, 4.80374e+19
Pixel 874, 162, 1, 1, 4.80374e+19
=== 2401088 ===
--- pALPIDEfs_0 ---
Pixel 227, 255, 1, 1, 4.80374e+19
Pixel 227, 256, 1, 1, 4.80374e+19
=== 2406720 ===
--- pALPIDEfs_1 ---
Pixel 194, 365, 1, 1, 4.80374e+19
=== 2418093 ===
--- pALPIDEfs_4 ---
Pixel 639, 405, 1, 1, 4.80374e+19
Pixel 638, 406, 1, 1, 4.80374e+19
Pixel 639, 406, 1, 1, 4.80374e+19
Pixel 640, 404, 1, 1, 4.80374e+19
Pixel 641, 404, 1, 1, 4.80374e+19
Pixel 641, 405, 1, 1, 4.80374e+19
Pixel 640, 405, 1, 1, 4.80374e+19
Pixel 642, 404, 1, 1, 4.80374e+19
Pixel 643, 405, 1, 1, 4.80374e+19
Pixel 642, 405, 1, 1, 4.80374e+19
Pixel 642, 406, 1, 1, 4.80374e+19
Pixel 643, 406, 1, 1, 4.80374e+19
=== 2427815 ===
--- pALPIDEfs_1 ---
Pixel 558, 232, 1, 1, 4.80374e+19
Pixel 559, 232, 1, 1, 4.80374e+19
=== 2438140 ===
--- pALPIDEfs_6 ---
Pixel 386, 120, 1, 1, 4.80374e+19
Pixel 387, 120, 1, 1, 4.80374e+19
Pixel 387, 121, 1, 1, 4.80374e+19
Pixel 386, 121, 1, 1, 4.80374e+19
=== 2452862 ===
--- pALPIDEfs_5 ---
Pixel 1017, 76, 1, 1, 4.80374e+19
=== 2460448 ===
--- pALPIDEfs_0 ---
Pixel 897, 72, 1, 1, 4.80374e+19
Pixel 898, 72, 1, 1, 4.80374e+19
=== 2503374 ===
--- pALPIDEfs_3 ---
Pixel 773, 223, 1, 1, 4.80374e+19
Pixel 772, 224, 1, 1, 4.80374e+19
Pixel 773, 224, 1, 1, 4.80374e+19
Pixel 773, 225, 1, 1, 4.80374e+19
Pixel 772, 225, 1, 1, 4.80374e+19
Pixel 774, 223, 1, 1, 4.80374e+19
Pixel 774, 224, 1, 1, 4.80374e+19
--- pALPIDEfs_4 ---
Pixel 514, 241, 1, 1, 4.80374e+19
=== 2514680 ===
--- pALPIDEfs_6 ---
Pixel 301, 395, 1, 1, 4.80374e+19
Pixel 300, 395, 1, 1, 4.80374e+19
Pixel 300, 396, 1, 1, 4.80374e+19
=== 2527838 ===
--- pALPIDEfs_0 ---
Pixel 887, 3, 1, 1, 4.80374e+19
Pixel 887, 4, 1, 1, 4.80374e+19
Pixel 887, 5, 1, 1, 4.80374e+19
Pixel 887, 6, 1, 1, 4.80374e+19
Pixel 887, 7, 1, 1, 4.80374e+19
Pixel 889, 1, 1, 1, 4.80374e+19
Pixel 888, 1, 1, 1, 4.80374e+19
Pixel 888, 2, 1, 1, 4.80374e+19
Pixel 889, 2, 1, 1, 4.80374e+19
Pixel 888, 3, 1, 1, 4.80374e+19
Pixel 888, 4, 1, 1, 4.80374e+19
Pixel 888, 5, 1, 1, 4.80374e+19
Pixel 888, 6, 1, 1, 4.80374e+19
Pixel 890, 1, 1, 1, 4.80374e+19
Pixel 890, 2, 1, 1, 4.80374e+19
=== 2536999 ===
--- pALPIDEfs_5 ---
Pixel 323, 437, 1, 1, 4.80374e+19
Pixel 322, 437, 1, 1, 4.80374e+19
Pixel 322, 438, 1, 1, 4.80374e+19
Pixel 323, 438, 1, 1, 4.80374e+19
=== 2540511 ===
--- pALPIDEfs_6 ---
Pixel 699, 161, 1, 1, 4.80374e+19
Pixel 698, 161, 1, 1, 4.80374e+19
Pixel 698, 162, 1, 1, 4.80374e+19
Pixel 699, 162, 1, 1, 4.80374e+19
Pixel 699, 163, 1, 1, 4.80374e+19
Pixel 698, 163, 1, 1, 4.80374e+19
=== 2542675 ===
--- pALPIDEfs_3 ---
Pixel 703, 208, 1, 1, 4.80374e+19
Pixel 703, 209, 1, 1, 4.80374e+19
Pixel 703, 210, 1, 1, 4.80374e+19
Pixel 704, 208, 1, 1, 4.80374e+19
Pixel 704, 209, 1, 1, 4.80374e+19
=== 2544075 ===
--- pALPIDEfs_3 ---
Pixel 227, 214, 1, 1, 4.80374e+19
Pixel 228, 213, 1, 1, 4.80374e+19
Pixel 228, 214, 1, 1, 4.80374e+19
=== 2558897 ===
--- pALPIDEfs_3 ---
Pixel 227, 189, 1, 1, 4.80374e+19
=== 2561993 ===
--- pALPIDEfs_4 ---
Pixel 107, 320, 1, 1, 4.80374e+19
Pixel 108, 319, 1, 1, 4.80374e+19
Pixel 108, 320, 1, 1, 4.80374e+19
--- pALPIDEfs_5 ---
Pixel 370, 308, 1, 1, 4.80374e+19
Pixel 371, 308, 1, 1, 4.80374e+19
=== 2561994 ===
--- pALPIDEfs_4 ---
Pixel 107, 320, 1, 1, 4.80374e+19
Pixel 108, 319, 1, 1, 4.80374e+19
Pixel 108, 320, 1, 1, 4.80374e+19
--- pALPIDEfs_5 ---
Pixel 370, 308, 1, 1, 4.80374e+19
Pixel 371, 308, 1, 1, 4.80374e+19
Pixel 370, 309, 1, 1, 4.80374e+19
=== 2568014 ===
--- pALPIDEfs_0 ---
Pixel 715, 26, 1, 1, 4.80374e+19
=== 2582215 ===
--- pALPIDEfs_4 ---
Pixel 921, 338, 1, 1, 4.80374e+19
Pixel 922, 338, 1, 1, 4.80374e+19
=== 2589740 ===
--- pALPIDEfs_1 ---
Pixel 429, 99, 1, 1, 4.80374e+19
Pixel 429, 100, 1, 1, 4.80374e+19
Pixel 431, 99, 1, 1, 4.80374e+19
Pixel 430, 99, 1, 1, 4.80374e+19
Pixel 430, 100, 1, 1, 4.80374e+19
=== 2596993 ===
--- pALPIDEfs_5 ---
Pixel 663, 70, 1, 1, 4.80374e+19
Pixel 663, 71, 1, 1, 4.80374e+19
Pixel 664, 70, 1, 1, 4.80374e+19
Pixel 664, 71, 1, 1, 4.80374e+19
=== 2636487 ===
--- pALPIDEfs_2 ---
Pixel 729, 231, 1, 1, 4.80374e+19
Pixel 728, 231, 1, 1, 4.80374e+19
Pixel 728, 232, 1, 1, 4.80374e+19
Pixel 729, 232, 1, 1, 4.80374e+19
=== 2643692 ===
--- pALPIDEfs_4 ---
Pixel 220, 33, 1, 1, 4.80374e+19
=== 2687986 ===
--- pALPIDEfs_3 ---
Pixel 879, 148, 1, 1, 4.80374e+19
Pixel 879, 149, 1, 1, 4.80374e+19
Pixel 878, 149, 1, 1, 4.80374e+19
Pixel 879, 150, 1, 1, 4.80374e+19
Pixel 880, 148, 1, 1, 4.80374e+19
Pixel 881, 149, 1, 1, 4.80374e+19
Pixel 880, 149, 1, 1, 4.80374e+19
Pixel 880, 150, 1, 1, 4.80374e+19
Pixel 881, 150, 1, 1, 4.80374e+19
=== 2698487 ===
--- pALPIDEfs_0 ---
Pixel 687, 286, 1, 1, 4.80374e+19
Pixel 688, 286, 1, 1, 4.80374e+19
--- pALPIDEfs_1 ---
Pixel 496, 417, 1, 1, 4.80374e+19
--- pALPIDEfs_2 ---
Pixel 327, 444, 1, 1, 4.80374e+19
Pixel 327, 445, 1, 1, 4.80374e+19
Pixel 328, 445, 1, 1, 4.80374e+19
=== 2708869 ===
--- pALPIDEfs_4 ---
Pixel 219, 404, 1, 1, 4.80374e+19
Pixel 219, 405, 1, 1, 4.80374e+19
=== 2743267 ===
--- pALPIDEfs_0 ---
Pixel 384, 21, 1, 1, 4.80374e+19
=== 2760506 ===
--- pALPIDEfs_3 ---
Pixel 825, 273, 1, 1, 4.80374e+19
Pixel 825, 274, 1, 1, 4.80374e+19
Pixel 826, 273, 1, 1, 4.80374e+19
Pixel 826, 274, 1, 1, 4.80374e+19
=== 2761661 ===
--- pALPIDEfs_0 ---
Pixel 698, 402, 1, 1, 4.80374e+19
Pixel 699, 402, 1, 1, 4.80374e+19
Pixel 698, 403, 1, 1, 4.80374e+19
Pixel 698, 404, 1, 1, 4.80374e+19
Pixel 699, 404, 1, 1, 4.80374e+19
Pixel 699, 405, 1, 1, 4.80374e+19
Pixel 698, 405, 1, 1, 4.80374e+19
Pixel 699, 406, 1, 1, 4.80374e+19
=== 2764321 ===
--- pALPIDEfs_0 ---
Pixel 677, 266, 1, 1, 4.80374e+19
Pixel 678, 266, 1, 1, 4.80374e+19
=== 2771024 ===
--- pALPIDEfs_1 ---
Pixel 232, 56, 1, 1, 4.80374e+19
=== 2792065 ===
--- pALPIDEfs_0 ---
Pixel 943, 247, 1, 1, 4.80374e+19
Pixel 942, 247, 1, 1, 4.80374e+19
Pixel 942, 248, 1, 1, 4.80374e+19
Pixel 943, 248, 1, 1, 4.80374e+19
=== 2813388 ===
--- pALPIDEfs_1 ---
Pixel 575, 386, 1, 1, 4.80374e+19
Pixel 576, 386, 1, 1, 4.80374e+19
=== 2820565 ===
--- pALPIDEfs_0 ---
Pixel 718, 84, 1, 1, 4.80374e+19
Pixel 719, 84, 1, 1, 4.80374e+19
Pixel 719, 85, 1, 1, 4.80374e+19
Pixel 718, 85, 1, 1, 4.80374e+19
--- pALPIDEfs_1 ---
Pixel 112, 30, 1, 1, 4.80374e+19
Pixel 113, 30, 1, 1, 4.80374e+19
=== 2838360 ===
--- pALPIDEfs_5 ---
Pixel 467, 356, 1, 1, 4.80374e+19
Pixel 467, 357, 1, 1, 4.80374e+19
Pixel 468, 356, 1, 1, 4.80374e+19
=== 2840805 ===
--- pALPIDEfs_0 ---
Pixel 300, 341, 1, 1, 4.80374e+19
=== 2841255 ===
--- pALPIDEfs_4 ---
Pixel 203, 333, 1, 1, 4.80374e+19
Pixel 204, 333, 1, 1, 4.80374e+19
Pixel 204, 334, 1, 1, 4.80374e+19
Pixel 205, 334, 1, 1, 4.80374e+19
Pixel 205, 335, 1, 1, 4.80374e+19
Pixel 206, 335, 1, 1, 4.80374e+19
Pixel 206, 336, 1, 1, 4.80374e+19
=== 2861440 ===
--- pALPIDEfs_3 ---
Pixel 395, 299, 1, 1, 4.80374e+19
=== 2895518 ===
--- pALPIDEfs_0 ---
Pixel 574, 392, 1, 1, 4.80374e+19
Pixel 575, 393, 1, 1, 4.80374e+19
Pixel 574, 393, 1, 1, 4.80374e+19
=== 2903666 ===
--- pALPIDEfs_1 ---
Pixel 92, 155, 1, 1, 4.80374e+19
Pixel 92, 156, 1, 1, 4.80374e+19
--- pALPIDEfs_2 ---
Pixel 823, 206, 1, 1, 4.80374e+19
Pixel 823, 207, 1, 1, 4.80374e+19
=== 2919930 ===
--- pALPIDEfs_6 ---
Pixel 493, 73, 1, 1, 4.80374e+19
Pixel 493, 74, 1, 1, 4.80374e+19
Pixel 494, 73, 1, 1, 4.80374e+19
Pixel 494, 74, 1, 1, 4.80374e+19
Pixel 561, 373, 1, 1, 4.80374e+19
Pixel 561, 374, 1, 1, 4.80374e+19
Pixel 562, 374, 1, 1, 4.80374e+19
Pixel 625, 76, 1, 1, 4.80374e+19
Pixel 625, 77, 1, 1, 4.80374e+19
=== 2926691 ===
--- pALPIDEfs_3 ---
Pixel 891, 110, 1, 1, 4.80374e+19
=== 2926692 ===
--- pALPIDEfs_3 ---
Pixel 891, 110, 1, 1, 4.80374e+19
=== 2934218 ===
--- pALPIDEfs_3 ---
Pixel 943, 53, 1, 1, 4.80374e+19
Pixel 943, 54, 1, 1, 4.80374e+19
Pixel 945, 53, 1, 1, 4.80374e+19
Pixel 944, 53, 1, 1, 4.80374e+19
Pixel 944, 54, 1, 1, 4.80374e+19
Pixel 945, 54, 1, 1, 4.80374e+19
Pixel 945, 55, 1, 1, 4.80374e+19
Pixel 944, 55, 1, 1, 4.80374e+19
Pixel 944, 56, 1, 1, 4.80374e+19
Pixel 945, 56, 1, 1, 4.80374e+19
Pixel 945, 57, 1, 1, 4.80374e+19
Pixel 944, 57, 1, 1, 4.80374e+19
Pixel 944, 58, 1, 1, 4.80374e+19
Pixel 945, 58, 1, 1, 4.80374e+19
Pixel 945, 59, 1, 1, 4.80374e+19
Pixel 944, 59, 1, 1, 4.80374e+19
Pixel 945, 60, 1, 1, 4.80374e+19
Pixel 944, 61, 1, 1, 4.80374e+19
=== 2941071 ===
--- pALPIDEfs_4 ---
Pixel 190, 309, 1, 1, 4.80374e+19
--- pALPIDEfs_5 ---
Pixel 334, 382, 1, 1, 4.80374e+19
Pixel 335, 382, 1, 1, 4.80374e+19
--- pALPIDEfs_6 ---
Pixel 614, 119, 1, 1, 4.80374e+19
=== 2956465 ===
--- pALPIDEfs_3 ---
Pixel 175, 418, 1, 1, 4.80374e+19
Pixel 176, 418, 1, 1, 4.80374e+19
Pixel 176, 419, 1, 1, 4.80374e+19
--- pALPIDEfs_4 ---
Pixel 259, 361, 1, 1, 4.80374e+19
Pixel 259, 362, 1, 1, 4.80374e+19
Pixel 261, 361, 1, 1, 4.80374e+19
Pixel 260, 361, 1, 1, 4.80374e+19
Pixel 260, 362, 1, 1, 4.80374e+19
=== 3002955 ===
--- pALPIDEfs_0 ---
Pixel 114, 209, 1, 1, 4.80374e+19
=== 3014964 ===
--- pALPIDEfs_3 ---
Pixel 699, 421, 1, 1, 4.80374e+19
Pixel 698, 421, 1, 1, 4.80374e+19
Pixel 698, 422, 1, 1, 4.80374e+19
Pixel 699, 422, 1, 1, 4.80374e+19
=== 3024134 ===
--- pALPIDEfs_4 ---
Pixel 562, 483, 1, 1, 4.80374e+19
Pixel 562, 484, 1, 1, 4.80374e+19
=== 3030897 ===
--- pALPIDEfs_5 ---
Pixel 54, 352, 1, 1, 4.80374e+19
Pixel 55, 352, 1, 1, 4.80374e+19
Pixel 54, 353, 1, 1, 4.80374e+19
=== 3039471 ===
--- pALPIDEfs_4 ---
Pixel 584, 341, 1, 1, 4.80374e+19
Pixel 584, 342, 1, 1, 4.80374e+19
Pixel 585, 342, 1, 1, 4.80374e+19
Pixel 585, 343, 1, 1, 4.80374e+19
Pixel 584, 343, 1, 1, 4.80374e+19
=== 3048383 ===
--- pALPIDEfs_3 ---
Pixel 557, 180, 1, 1, 4.80374e+19
=== 3094618 ===
--- pALPIDEfs_5 ---
Pixel 745, 139, 1, 1, 4.80374e+19
Pixel 746, 138, 1, 1, 4.80374e+19
Pixel 746, 139, 1, 1, 4.80374e+19
=== 3099281 ===
--- pALPIDEfs_4 ---
Pixel 715, 429, 1, 1, 4.80374e+19
Pixel 714, 429, 1, 1, 4.80374e+19
=== 3103444 ===
--- pALPIDEfs_4 ---
Pixel 460, 450, 1, 1, 4.80374e+19
Pixel 461, 450, 1, 1, 4.80374e+19
Pixel 461, 451, 1, 1, 4.80374e+19
Pixel 460, 451, 1, 1, 4.80374e+19
Pixel 462, 450, 1, 1, 4.80374e+19
Pixel 462, 451, 1, 1, 4.80374e+19
--- pALPIDEfs_5 ---
Pixel 703, 85, 1, 1, 4.80374e+19
Pixel 703, 86, 1, 1, 4.80374e+19
Pixel 704, 85, 1, 1, 4.80374e+19
Pixel 704, 86, 1, 1, 4.80374e+19
--- pALPIDEfs_6 ---
Pixel 984, 144, 1, 1, 4.80374e+19
Pixel 985, 144, 1, 1, 4.80374e+19
Pixel 985, 145, 1, 1, 4.80374e+19
Pixel 984, 145, 1, 1, 4.80374e+19
=== 3112545 ===
--- pALPIDEfs_6 ---
Pixel 132, 187, 1, 1, 4.80374e+19
=== 3191685 ===
--- pALPIDEfs_3 ---
Pixel 495, 151, 1, 1, 4.80374e+19
Pixel 494, 151, 1, 1, 4.80374e+19
Pixel 495, 152, 1, 1, 4.80374e+19
Pixel 496, 151, 1, 1, 4.80374e+19
Pixel 496, 152, 1, 1, 4.80374e+19
=== 3206949 ===
--- pALPIDEfs_5 ---
Pixel 119, 441, 1, 1, 4.80374e+19
Pixel 119, 442, 1, 1, 4.80374e+19
Pixel 119, 443, 1, 1, 4.80374e+19
Pixel 120, 442, 1, 1, 4.80374e+19
Pixel 120, 443, 1, 1, 4.80374e+19
Pixel 120, 444, 1, 1, 4.80374e+19
Pixel 231, 323, 1, 1, 4.80374e+19
Pixel 231, 324, 1, 1, 4.80374e+19
Pixel 231, 325, 1, 1, 4.80374e+19
Pixel 232, 321, 1, 1, 4.80374e+19
Pixel 232, 322, 1, 1, 4.80374e+19
Pixel 232, 323, 1, 1, 4.80374e+19
Pixel 232, 324, 1, 1, 4.80374e+19
--- pALPIDEfs_6 ---
Pixel 349, 344, 1, 1, 4.80374e+19
Pixel 349, 345, 1, 1, 4.80374e+19
Pixel 350, 344, 1, 1, 4.80374e+19
Pixel 350, 345, 1, 1, 4.80374e+19
Pixel 822, 264, 1, 1, 4.80374e+19
Pixel 823, 264, 1, 1, 4.80374e+19
Pixel 822, 265, 1, 1, 4.80374e+19
=== 3214517 ===
--- pALPIDEfs_2 ---
Pixel 160, 503, 1, 1, 4.80374e+19
Pixel 160, 504, 1, 1, 4.80374e+19
Pixel 161, 504, 1, 1, 4.80374e+19
=== 3227740 ===
--- pALPIDEfs_6 ---
Pixel 459, 301, 1, 1, 4.80374e+19
Pixel 458, 301, 1, 1, 4.80374e+19
Pixel 458, 302, 1, 1, 4.80374e+19
Pixel 459, 302, 1, 1, 4.80374e+19
=== 3230670 ===
--- pALPIDEfs_5 ---
Pixel 381, 174, 1, 1, 4.80374e+19
Pixel 381, 175, 1, 1, 4.80374e+19
--- pALPIDEfs_6 ---
Pixel 119, 482, 1, 1, 4.80374e+19
Pixel 120, 482, 1, 1, 4.80374e+19
Pixel 427, 43, 1, 1, 4.80374e+19
Pixel 426, 43, 1, 1, 4.80374e+19
Pixel 426, 44, 1, 1, 4.80374e+19
Pixel 427, 44, 1, 1, 4.80374e+19
=== 3256917 ===
--- pALPIDEfs_3 ---
Pixel 233, 288, 1, 1, 4.80374e+19
Pixel 233, 289, 1, 1, 4.80374e+19
Pixel 234, 288, 1, 1, 4.80374e+19
Pixel 234, 289, 1, 1, 4.80374e+19
=== 3256918 ===
--- pALPIDEfs_3 ---
Pixel 233, 289, 1, 1, 4.80374e+19
Pixel 234, 289, 1, 1, 4.80374e+19
=== 3270807 ===
--- pALPIDEfs_4 ---
Pixel 587, 477, 1, 1, 4.80374e+19
Pixel 586, 477, 1, 1, 4.80374e+19
Pixel 586, 478, 1, 1, 4.80374e+19
--- pALPIDEfs_5 ---
Pixel 44, 188, 1, 1, 4.80374e+19
Pixel 45, 189, 1, 1, 4.80374e+19
Pixel 44, 189, 1, 1, 4.80374e+19
=== 3274907 ===
--- pALPIDEfs_4 ---
Pixel 381, 246, 1, 1, 4.80374e+19
Pixel 381, 247, 1, 1, 4.80374e+19
Pixel 382, 246, 1, 1, 4.80374e+19
Pixel 383, 247, 1, 1, 4.80374e+19
Pixel 382, 247, 1, 1, 4.80374e+19
=== 3289828 ===
--- pALPIDEfs_1 ---
Pixel 163, 432, 1, 1, 4.80374e+19
Pixel 163, 433, 1, 1, 4.80374e+19
Pixel 164, 433, 1, 1, 4.80374e+19
=== 3290386 ===
--- pALPIDEfs_0 ---
Pixel 525, 19, 1, 1, 4.80374e+19
Pixel 524, 19, 1, 1, 4.80374e+19
Pixel 524, 20, 1, 1, 4.80374e+19
Pixel 525, 20, 1, 1, 4.80374e+19
--- pALPIDEfs_1 ---
Pixel 633, 227, 1, 1, 4.80374e+19
Pixel 633, 228, 1, 1, 4.80374e+19
=== 3305574 ===
--- pALPIDEfs_3 ---
Pixel 795, 403, 1, 1, 4.80374e+19
Pixel 794, 404, 1, 1, 4.80374e+19
Pixel 795, 404, 1, 1, 4.80374e+19
Pixel 795, 405, 1, 1, 4.80374e+19
=== 3307671 ===
--- pALPIDEfs_1 ---
Pixel 180, 434, 1, 1, 4.80374e+19
--- pALPIDEfs_2 ---
Pixel 468, 10, 1, 1, 4.80374e+19
=== 3332733 ===
--- pALPIDEfs_3 ---
Pixel 9, 53, 1, 1, 4.80374e+19
Pixel 9, 54, 1, 1, 4.80374e+19
Pixel 10, 53, 1, 1, 4.80374e+19
Pixel 10, 54, 1, 1, 4.80374e+19
=== 3339158 ===
--- pALPIDEfs_5 ---
Pixel 125, 182, 1, 1, 4.80374e+19
Pixel 126, 182, 1, 1, 4.80374e+19
=== 3340485 ===
--- pALPIDEfs_6 ---
Pixel 397, 212, 1, 1, 4.80374e+19
=== 3342364 ===
--- pALPIDEfs_6 ---
Pixel 611, 346, 1, 1, 4.80374e+19
Pixel 611, 347, 1, 1, 4.80374e+19
Pixel 613, 345, 1, 1, 4.80374e+19
Pixel 612, 345, 1, 1, 4.80374e+19
Pixel 612, 346, 1, 1, 4.80374e+19
Pixel 613, 346, 1, 1, 4.80374e+19
Pixel 612, 347, 1, 1, 4.80374e+19
Pixel 614, 344, 1, 1, 4.80374e+19
Pixel 615, 344, 1, 1, 4.80374e+19
Pixel 615, 345, 1, 1, 4.80374e+19
Pixel 614, 345, 1, 1, 4.80374e+19
Pixel 617, 343, 1, 1, 4.80374e+19
Pixel 616, 343, 1, 1, 4.80374e+19
Pixel 616, 344, 1, 1, 4.80374e+19
Pixel 619, 343, 1, 1, 4.80374e+19
Pixel 618, 343, 1, 1, 4.80374e+19
Pixel 619, 344, 1, 1, 4.80374e+19
=== 3351763 ===
--- pALPIDEfs_0 ---
Pixel 485, 391, 1, 1, 4.80374e+19
Pixel 486, 391, 1, 1, 4.80374e+19
=== 3359764 ===
--- pALPIDEfs_1 ---
Pixel 925, 205, 1, 1, 4.80374e+19
Pixel 925, 206, 1, 1, 4.80374e+19
Pixel 926, 205, 1, 1, 4.80374e+19
Pixel 926, 206, 1, 1, 4.80374e+19
=== 3378809 ===
--- pALPIDEfs_0 ---
Pixel 893, 281, 1, 1, 4.80374e+19
Pixel 892, 281, 1, 1, 4.80374e+19
Pixel 893, 282, 1, 1, 4.80374e+19
Pixel 893, 283, 1, 1, 4.80374e+19
Pixel 894, 282, 1, 1, 4.80374e+19
Pixel 894, 283, 1, 1, 4.80374e+19
=== 3389745 ===
--- pALPIDEfs_4 ---
Pixel 506, 97, 1, 1, 4.80374e+19
Pixel 506, 98, 1, 1, 4.80374e+19
Pixel 506, 99, 1, 1, 4.80374e+19
Pixel 506, 100, 1, 1, 4.80374e+19
Pixel 507, 100, 1, 1, 4.80374e+19
Pixel 507, 101, 1, 1, 4.80374e+19
Pixel 506, 101, 1, 1, 4.80374e+19
Pixel 507, 102, 1, 1, 4.80374e+19
Pixel 507, 103, 1, 1, 4.80374e+19
=== 3393098 ===
--- pALPIDEfs_1 ---
Pixel 24, 411, 1, 1, 4.80374e+19
=== 3403925 ===
--- pALPIDEfs_4 ---
Pixel 37, 61, 1, 1, 4.80374e+19
Pixel 38, 60, 1, 1, 4.80374e+19
Pixel 38, 61, 1, 1, 4.80374e+19
=== 3416527 ===
--- pALPIDEfs_0 ---
Pixel 513, 348, 1, 1, 4.80374e+19
--- pALPIDEfs_1 ---
Pixel 428, 407, 1, 1, 4.80374e+19
--- pALPIDEfs_2 ---
Pixel 195, 352, 1, 1, 4.80374e+19
Pixel 196, 352, 1, 1, 4.80374e+19
--- pALPIDEfs_3 ---
Pixel 57, 341, 1, 1, 4.80374e+19
Pixel 58, 341, 1, 1, 4.80374e+19
=== 3416745 ===
--- pALPIDEfs_4 ---
Pixel 461, 16, 1, 1, 4.80374e+19
Pixel 461, 17, 1, 1, 4.80374e+19
Pixel 462, 16, 1, 1, 4.80374e+19
Pixel 462, 17, 1, 1, 4.80374e+19
=== 3420318 ===
--- pALPIDEfs_2 ---
Pixel 176, 257, 1, 1, 4.80374e+19
Pixel 176, 258, 1, 1, 4.80374e+19
Pixel 176, 259, 1, 1, 4.80374e+19
=== 3427793 ===
--- pALPIDEfs_4 ---
Pixel 757, 393, 1, 1, 4.80374e+19
Pixel 757, 394, 1, 1, 4.80374e+19
Pixel 758, 392, 1, 1, 4.80374e+19
Pixel 758, 393, 1, 1, 4.80374e+19
=== 3431499 ===
--- pALPIDEfs_2 ---
Pixel 91, 309, 1, 1, 4.80374e+19
Pixel 90, 310, 1, 1, 4.80374e+19
Pixel 91, 310, 1, 1, 4.80374e+19
Pixel 91, 311, 1, 1, 4.80374e+19
Pixel 90, 311, 1, 1, 4.80374e+19
Pixel 92, 310, 1, 1, 4.80374e+19
Pixel 92, 311, 1, 1, 4.80374e+19
=== 3443695 ===
--- pALPIDEfs_1 ---
Pixel 697, 222, 1, 1, 4.80374e+19
--- pALPIDEfs_2 ---
Pixel 485, 406, 1, 1, 4.80374e+19
Pixel 486, 406, 1, 1, 4.80374e+19
=== 3452285 ===
--- pALPIDEfs_0 ---
Pixel 228, 454, 1, 1, 4.80374e+19
=== 3460427 ===
--- pALPIDEfs_5 ---
Pixel 59, 315, 1, 1, 4.80374e+19
Pixel 60, 314, 1, 1, 4.80374e+19
Pixel 60, 315, 1, 1, 4.80374e+19
=== 3465765 ===
--- pALPIDEfs_0 ---
Pixel 564, 19, 1, 1, 4.80374e+19
Pixel 564, 20, 1, 1, 4.80374e+19
Pixel 565, 20, 1, 1, 4.80374e+19
=== 3489776 ===
--- pALPIDEfs_2 ---
Pixel 179, 79, 1, 1, 4.80374e+19
Pixel 178, 79, 1, 1, 4.80374e+19
Pixel 178, 80, 1, 1, 4.80374e+19
Pixel 179, 80, 1, 1, 4.80374e+19
=== 3499579 ===
--- pALPIDEfs_2 ---
Pixel 504, 347, 1, 1, 4.80374e+19
=== 3506860 ===
--- pALPIDEfs_5 ---
Pixel 106, 468, 1, 1, 4.80374e+19
Pixel 106, 469, 1, 1, 4.80374e+19
=== 3526970 ===
--- pALPIDEfs_2 ---
Pixel 155, 445, 1, 1, 4.80374e+19
Pixel 154, 445, 1, 1, 4.80374e+19
Pixel 154, 446, 1, 1, 4.80374e+19
Pixel 155, 446, 1, 1, 4.80374e+19
--- pALPIDEfs_3 ---
Pixel 402, 430, 1, 1, 4.80374e+19
Pixel 403, 431, 1, 1, 4.80374e+19
Pixel 402, 431, 1, 1, 4.80374e+19
--- pALPIDEfs_4 ---
Pixel 620, 326, 1, 1, 4.80374e+19
Pixel 620, 327, 1, 1, 4.80374e+19
--- pALPIDEfs_5 ---
Pixel 800, 322, 1, 1, 4.80374e+19
Pixel 801, 322, 1, 1, 4.80374e+19
=== 3562456 ===
--- pALPIDEfs_6 ---
Pixel 886, 13, 1, 1, 4.80374e+19
=== 3573278 ===
--- pALPIDEfs_2 ---
Pixel 67, 176, 1, 1, 4.80374e+19
Pixel 68, 176, 1, 1, 4.80374e+19
=== 3590298 ===
--- pALPIDEfs_4 ---
Pixel 311, 419, 1, 1, 4.80374e+19
Pixel 311, 420, 1, 1, 4.80374e+19
Pixel 311, 421, 1, 1, 4.80374e+19
=== 3590475 ===
--- pALPIDEfs_5 ---
Pixel 351, 252, 1, 1, 4.80374e+19
Pixel 351, 253, 1, 1, 4.80374e+19
Pixel 350, 253, 1, 1, 4.80374e+19
=== 3601664 ===
--- pALPIDEfs_2 ---
Pixel 383, 346, 1, 1, 4.80374e+19
Pixel 383, 347, 1, 1, 4.80374e+19
Pixel 384, 346, 1, 1, 4.80374e+19
Pixel 385, 346, 1, 1, 4.80374e+19
Pixel 385, 347, 1, 1, 4.80374e+19
Pixel 384, 347, 1, 1, 4.80374e+19
Pixel 384, 348, 1, 1, 4.80374e+19
--- pALPIDEfs_3 ---
Pixel 657, 176, 1, 1, 4.80374e+19
Pixel 657, 177, 1, 1, 4.80374e+19
Pixel 657, 178, 1, 1, 4.80374e+19
Pixel 657, 179, 1, 1, 4.80374e+19
Pixel 657, 180, 1, 1, 4.80374e+19
Pixel 658, 175, 1, 1, 4.80374e+19
Pixel 658, 176, 1, 1, 4.80374e+19
Pixel 658, 177, 1, 1, 4.80374e+19
Pixel 658, 178, 1, 1, 4.80374e+19
Pixel 658, 179, 1, 1, 4.80374e+19
Pixel 658, 180, 1, 1, 4.80374e+19
=== 3608291 ===
--- pALPIDEfs_1 ---
Pixel 730, 39, 1, 1, 4.80374e+19
Pixel 730, 40, 1, 1, 4.80374e+19
Pixel 731, 40, 1, 1, 4.80374e+19
=== 3611932 ===
--- pALPIDEfs_0 ---
Pixel 787, 351, 1, 1, 4.80374e+19
=== 3627692 ===
--- pALPIDEfs_5 ---
Pixel 969, 63, 1, 1, 4.80374e+19
Pixel 969, 64, 1, 1, 4.80374e+19
=== 3646321 ===
--- pALPIDEfs_4 ---
Pixel 353, 395, 1, 1, 4.80374e+19
Pixel 353, 396, 1, 1, 4.80374e+19
Pixel 355, 395, 1, 1, 4.80374e+19
Pixel 354, 395, 1, 1, 4.80374e+19
Pixel 354, 396, 1, 1, 4.80374e+19
Pixel 355, 396, 1, 1, 4.80374e+19
Pixel 356, 395, 1, 1, 4.80374e+19
--- pALPIDEfs_5 ---
Pixel 308, 188, 1, 1, 4.80374e+19
Pixel 308, 189, 1, 1, 4.80374e+19
--- pALPIDEfs_6 ---
Pixel 377, 163, 1, 1, 4.80374e+19
=== 3653469 ===
--- pALPIDEfs_3 ---
Pixel 341, 417, 1, 1, 4.80374e+19
Pixel 341, 418, 1, 1, 4.80374e+19
Pixel 342, 417, 1, 1, 4.80374e+19
Pixel 342, 418, 1, 1, 4.80374e+19
=== 3662149 ===
--- pALPIDEfs_4 ---
Pixel 499, 227, 1, 1, 4.80374e+19
Pixel 499, 228, 1, 1, 4.80374e+19
Pixel 500, 227, 1, 1, 4.80374e+19
Pixel 500, 228, 1, 1, 4.80374e+19
--- pALPIDEfs_5 ---
Pixel 825, 377, 1, 1, 4.80374e+19
Pixel 826, 377, 1, 1, 4.80374e+19
=== 3666364 ===
--- pALPIDEfs_1 ---
Pixel 157, 73, 1, 1, 4.80374e+19
Pixel 156, 74, 1, 1, 4.80374e+19
Pixel 157, 74, 1, 1, 4.80374e+19
=== 3666794 ===
--- pALPIDEfs_5 ---
Pixel 922, 229, 1, 1, 4.80374e+19
=== 3718960 ===
--- pALPIDEfs_5 ---
Pixel 590, 460, 1, 1, 4.80374e+19
Pixel 591, 460, 1, 1, 4.80374e+19
Pixel 591, 461, 1, 1, 4.80374e+19
Pixel 590, 461, 1, 1, 4.80374e+19
Pixel 591, 462, 1, 1, 4.80374e+19
=== 3724574 ===
--- pALPIDEfs_5 ---
Pixel 571, 1, 1, 1, 4.80374e+19
Pixel 570, 1, 1, 1, 4.80374e+19
=== 3739162 ===
--- pALPIDEfs_3 ---
Pixel 195, 478, 1, 1, 4.80374e+19
Pixel 196, 478, 1, 1, 4.80374e+19
Pixel 197, 479, 1, 1, 4.80374e+19
Pixel 196, 479, 1, 1, 4.80374e+19
Pixel 196, 480, 1, 1, 4.80374e+19
Pixel 197, 480, 1, 1, 4.80374e+19
Pixel 197, 481, 1, 1, 4.80374e+19
Pixel 198, 480, 1, 1, 4.80374e+19
Pixel 199, 481, 1, 1, 4.80374e+19
Pixel 198, 481, 1, 1, 4.80374e+19
Pixel 198, 482, 1, 1, 4.80374e+19
Pixel 199, 482, 1, 1, 4.80374e+19
Pixel 199, 483, 1, 1, 4.80374e+19
Pixel 200, 482, 1, 1, 4.80374e+19
Pixel 201, 483, 1, 1, 4.80374e+19
Pixel 200, 483, 1, 1, 4.80374e+19
Pixel 201, 484, 1, 1, 4.80374e+19
Pixel 201, 486, 1, 1, 4.80374e+19
Pixel 201, 487, 1, 1, 4.80374e+19
Pixel 202, 486, 1, 1, 4.80374e+19
Pixel 202, 487, 1, 1, 4.80374e+19
=== 3741426 ===
--- pALPIDEfs_5 ---
Pixel 325, 138, 1, 1, 4.80374e+19
Pixel 325, 139, 1, 1, 4.80374e+19
--- pALPIDEfs_6 ---
Pixel 651, 289, 1, 1, 4.80374e+19
Pixel 650, 289, 1, 1, 4.80374e+19
Pixel 650, 290, 1, 1, 4.80374e+19
Pixel 651, 290, 1, 1, 4.80374e+19
=== 3756260 ===
--- pALPIDEfs_3 ---
Pixel 557, 180, 1, 1, 4.80374e+19
=== 3776767 ===
--- pALPIDEfs_2 ---
Pixel 157, 249, 1, 1, 4.80374e+19
Pixel 156, 249, 1, 1, 4.80374e+19
Pixel 157, 250, 1, 1, 4.80374e+19
Pixel 380, 394, 1, 1, 4.80374e+19
Pixel 380, 395, 1, 1, 4.80374e+19
=== 3786305 ===
--- pALPIDEfs_2 ---
Pixel 341, 338, 1, 1, 4.80374e+19
Pixel 341, 339, 1, 1, 4.80374e+19
--- pALPIDEfs_3 ---
Pixel 490, 162, 1, 1, 4.80374e+19
Pixel 491, 162, 1, 1, 4.80374e+19
Pixel 491, 163, 1, 1, 4.80374e+19
Pixel 490, 163, 1, 1, 4.80374e+19
=== 3803671 ===
--- pALPIDEfs_0 ---
Pixel 361, 347, 1, 1, 4.80374e+19
Pixel 360, 347, 1, 1, 4.80374e+19
Pixel 360, 348, 1, 1, 4.80374e+19
Pixel 361, 348, 1, 1, 4.80374e+19
=== 3812151 ===
--- pALPIDEfs_0 ---
Pixel 593, 204, 1, 1, 4.80374e+19
Pixel 593, 205, 1, 1, 4.80374e+19
Pixel 595, 202, 1, 1, 4.80374e+19
Pixel 595, 203, 1, 1, 4.80374e+19
Pixel 594, 203, 1, 1, 4.80374e+19
Pixel 594, 204, 1, 1, 4.80374e+19
Pixel 595, 204, 1, 1, 4.80374e+19
Pixel 594, 205, 1, 1, 4.80374e+19
Pixel 596, 202, 1, 1, 4.80374e+19
Pixel 596, 203, 1, 1, 4.80374e+19
=== 3817461 ===
--- pALPIDEfs_0 ---
Pixel 602, 401, 1, 1, 4.80374e+19
Pixel 602, 402, 1, 1, 4.80374e+19
--- pALPIDEfs_1 ---
Pixel 982, 149, 1, 1, 4.80374e+19
=== 3820655 ===
--- pALPIDEfs_3 ---
Pixel 341, 378, 1, 1, 4.80374e+19
Pixel 341, 379, 1, 1, 4.80374e+19
Pixel 342, 378, 1, 1, 4.80374e+19
Pixel 342, 379, 1, 1, 4.80374e+19
=== 3827424 ===
--- pALPIDEfs_2 ---
Pixel 632, 465, 1, 1, 4.80374e+19
=== 3830337 ===
--- pALPIDEfs_1 ---
Pixel 34, 81, 1, 1, 4.80374e+19
--- pALPIDEfs_2 ---
Pixel 190, 8, 1, 1, 4.80374e+19
Pixel 190, 9, 1, 1, 4.80374e+19
=== 3830349 ===
--- pALPIDEfs_2 ---
Pixel 614, 510, 1, 1, 4.80374e+19
Pixel 614, 511, 1, 1, 4.80374e+19
=== 3851292 ===
--- pALPIDEfs_5 ---
Pixel 787, 349, 1, 1, 4.80374e+19
Pixel 786, 349, 1, 1, 4.80374e+19
Pixel 786, 350, 1, 1, 4.80374e+19
Pixel 787, 350, 1, 1, 4.80374e+19
=== 3863486 ===
--- pALPIDEfs_0 ---
Pixel 643, 491, 1, 1, 4.80374e+19
Pixel 643, 492, 1, 1, 4.80374e+19
Pixel 644, 491, 1, 1, 4.80374e+19
Pixel 644, 492, 1, 1, 4.80374e+19
=== 3882688 ===
--- pALPIDEfs_4 ---
Pixel 743, 247, 1, 1, 4.80374e+19
Pixel 743, 248, 1, 1, 4.80374e+19
Pixel 744, 246, 1, 1, 4.80374e+19
Pixel 744, 247, 1, 1, 4.80374e+19
Pixel 799, 7, 1, 1, 4.80374e+19
Pixel 799, 8, 1, 1, 4.80374e+19
Pixel 800, 7, 1, 1, 4.80374e+19
Pixel 800, 8, 1, 1, 4.80374e+19
=== 3884344 ===
--- pALPIDEfs_1 ---
Pixel 160, 7, 1, 1, 4.80374e+19
=== 3898199 ===
--- pALPIDEfs_4 ---
Pixel 977, 274, 1, 1, 4.80374e+19
=== 3910182 ===
--- pALPIDEfs_0 ---
Pixel 773, 259, 1, 1, 4.80374e+19
Pixel 772, 260, 1, 1, 4.80374e+19
Pixel 773, 260, 1, 1, 4.80374e+19
Pixel 773, 261, 1, 1, 4.80374e+19
Pixel 772, 261, 1, 1, 4.80374e+19
Pixel 774, 260, 1, 1, 4.80374e+19
Pixel 774, 261, 1, 1, 4.80374e+19
=== 3964733 ===
--- pALPIDEfs_5 ---
Pixel 529, 218, 1, 1, 4.80374e+19
Pixel 529, 219, 1, 1, 4.80374e+19
Pixel 530, 218, 1, 1, 4.80374e+19
Pixel 530, 219, 1, 1, 4.80374e+19
=== 3971964 ===
--- pALPIDEfs_4 ---
Pixel 172, 185, 1, 1, 4.80374e+19
Pixel 172, 186, 1, 1, 4.80374e+19
Pixel 173, 186, 1, 1, 4.80374e+19
=== 3987953 ===
--- pALPIDEfs_4 ---
Pixel 745, 132, 1, 1, 4.80374e+19
Pixel 745, 133, 1, 1, 4.80374e+19
Pixel 746, 132, 1, 1, 4.80374e+19
=== 3998873 ===
--- pALPIDEfs_5 ---
Pixel 813, 445, 1, 1, 4.80374e+19
Pixel 814, 444, 1, 1, 4.80374e+19
Pixel 814, 445, 1, 1, 4.80374e+19
=== 4031587 ===
--- pALPIDEfs_2 ---
Pixel 333, 111, 1, 1, 4.80374e+19
Pixel 333, 112, 1, 1, 4.80374e+19
Pixel 334, 111, 1, 1, 4.80374e+19
Pixel 334, 112, 1, 1, 4.80374e+19
=== 4038872 ===
--- pALPIDEfs_0 ---
Pixel 296, 308, 1, 1, 4.80374e+19
Pixel 297, 309, 1, 1, 4.80374e+19
Pixel 296, 309, 1, 1, 4.80374e+19
Pixel 296, 310, 1, 1, 4.80374e+19
Pixel 297, 310, 1, 1, 4.80374e+19
=== 4074041 ===
--- pALPIDEfs_2 ---
Pixel 81, 367, 1, 1, 4.80374e+19
Pixel 80, 367, 1, 1, 4.80374e+19
Pixel 80, 368, 1, 1, 4.80374e+19
=== 4076978 ===
--- pALPIDEfs_4 ---
Pixel 533, 271, 1, 1, 4.80374e+19
Pixel 532, 271, 1, 1, 4.80374e+19
Pixel 533, 272, 1, 1, 4.80374e+19
=== 4076981 ===
--- pALPIDEfs_1 ---
Pixel 785, 503, 1, 1, 4.80374e+19
Pixel 784, 503, 1, 1, 4.80374e+19
--- pALPIDEfs_2 ---
Pixel 345, 42, 1, 1, 4.80374e+19
Pixel 346, 41, 1, 1, 4.80374e+19
Pixel 346, 42, 1, 1, 4.80374e+19
=== 4082419 ===
--- pALPIDEfs_2 ---
Pixel 339, 399, 1, 1, 4.80374e+19
Pixel 338, 399, 1, 1, 4.80374e+19
Pixel 338, 400, 1, 1, 4.80374e+19
=== 4085941 ===
--- pALPIDEfs_2 ---
Pixel 114, 212, 1, 1, 4.80374e+19
Pixel 115, 213, 1, 1, 4.80374e+19
Pixel 114, 213, 1, 1, 4.80374e+19
=== 4087009 ===
--- pALPIDEfs_0 ---
Pixel 963, 175, 1, 1, 4.80374e+19
Pixel 964, 175, 1, 1, 4.80374e+19
--- pALPIDEfs_1 ---
Pixel 835, 243, 1, 1, 4.80374e+19
--- pALPIDEfs_2 ---
Pixel 729, 203, 1, 1, 4.80374e+19
--- pALPIDEfs_3 ---
Pixel 623, 235, 1, 1, 4.80374e+19
--- pALPIDEfs_4 ---
Pixel 539, 254, 1, 1, 4.80374e+19
--- pALPIDEfs_5 ---
Pixel 426, 318, 1, 1, 4.80374e+19
Pixel 427, 318, 1, 1, 4.80374e+19
--- pALPIDEfs_6 ---
Pixel 367, 326, 1, 1, 4.80374e+19
=== 4121602 ===
--- pALPIDEfs_3 ---
Pixel 224, 474, 1, 1, 4.80374e+19
Pixel 329, 456, 1, 1, 4.80374e+19
Pixel 330, 456, 1, 1, 4.80374e+19
Pixel 331, 456, 1, 1, 4.80374e+19
Pixel 330, 457, 1, 1, 4.80374e+19
=== 4128864 ===
--- pALPIDEfs_4 ---
Pixel 493, 197, 1, 1, 4.80374e+19
Pixel 492, 197, 1, 1, 4.80374e+19
=== 4135899 ===
--- pALPIDEfs_1 ---
Pixel 587, 488, 1, 1, 4.80374e+19
Pixel 587, 489, 1, 1, 4.80374e+19
--- pALPIDEfs_2 ---
Pixel 591, 275, 1, 1, 4.80374e+19
--- pALPIDEfs_3 ---
Pixel 594, 130, 1, 1, 4.80374e+19
Pixel 594, 131, 1, 1, 4.80374e+19
=== 4140908 ===
--- pALPIDEfs_5 ---
Pixel 987, 420, 1, 1, 4.80374e+19
Pixel 987, 421, 1, 1, 4.80374e+19
=== 4151212 ===
--- pALPIDEfs_4 ---
Pixel 215, 237, 1, 1, 4.80374e+19
Pixel 215, 238, 1, 1, 4.80374e+19
Pixel 216, 237, 1, 1, 4.80374e+19
Pixel 216, 238, 1, 1, 4.80374e+19
Pixel 216, 239, 1, 1, 4.80374e+19
=== 4203395 ===
--- pALPIDEfs_6 ---
Pixel 984, 322, 1, 1, 4.80374e+19
Pixel 985, 322, 1, 1, 4.80374e+19
Pixel 985, 323, 1, 1, 4.80374e+19
Pixel 986, 322, 1, 1, 4.80374e+19
Pixel 986, 323, 1, 1, 4.80374e+19
=== 4209583 ===
--- pALPIDEfs_2 ---
Pixel 277, 368, 1, 1, 4.80374e+19
Pixel 277, 369, 1, 1, 4.80374e+19
Pixel 276, 369, 1, 1, 4.80374e+19
Pixel 277, 370, 1, 1, 4.80374e+19
Pixel 277, 371, 1, 1, 4.80374e+19
Pixel 278, 368, 1, 1, 4.80374e+19
Pixel 279, 368, 1, 1, 4.80374e+19
=== 4243134 ===
--- pALPIDEfs_2 ---
Pixel 134, 103, 1, 1, 4.80374e+19
Pixel 134, 104, 1, 1, 4.80374e+19
=== 4251878 ===
--- pALPIDEfs_0 ---
Pixel 895, 502, 1, 1, 4.80374e+19
=== 4262396 ===
--- pALPIDEfs_0 ---
Pixel 588, 236, 1, 1, 4.80374e+19
--- pALPIDEfs_1 ---
Pixel 663, 112, 1, 1, 4.80374e+19
Pixel 663, 113, 1, 1, 4.80374e+19
=== 4267768 ===
--- pALPIDEfs_2 ---
Pixel 800, 361, 1, 1, 4.80374e+19
=== 4272647 ===
--- pALPIDEfs_3 ---
Pixel 557, 180, 1, 1, 4.80374e+19
=== 4283800 ===
--- pALPIDEfs_0 ---
Pixel 85, 311, 1, 1, 4.80374e+19
Pixel 85, 312, 1, 1, 4.80374e+19
=== 4285788 ===
--- pALPIDEfs_0 ---
Pixel 801, 158, 1, 1, 4.80374e+19
--- pALPIDEfs_1 ---
Pixel 579, 77, 1, 1, 4.80374e+19
=== 4312896 ===
--- pALPIDEfs_6 ---
Pixel 357, 334, 1, 1, 4.80374e+19
Pixel 357, 335, 1, 1, 4.80374e+19
Pixel 357, 336, 1, 1, 4.80374e+19
Pixel 358, 334, 1, 1, 4.80374e+19
Pixel 358, 335, 1, 1, 4.80374e+19
=== 4329664 ===
--- pALPIDEfs_1 ---
Pixel 179, 434, 1, 1, 4.80374e+19
Pixel 179, 435, 1, 1, 4.80374e+19
Pixel 178, 435, 1, 1, 4.80374e+19
=== 4353293 ===
--- pALPIDEfs_1 ---
Pixel 881, 78, 1, 1, 4.80374e+19
Pixel 881, 79, 1, 1, 4.80374e+19
Pixel 882, 79, 1, 1, 4.80374e+19
--- pALPIDEfs_2 ---
Pixel 584, 278, 1, 1, 4.80374e+19
--- pALPIDEfs_3 ---
Pixel 76, 349, 1, 1, 4.80374e+19
--- pALPIDEfs_5 ---
Pixel 95, 179, 1, 1, 4.80374e+19
Pixel 95, 180, 1, 1, 4.80374e+19
--- pALPIDEfs_6 ---
Pixel 163, 233, 1, 1, 4.80374e+19
Pixel 164, 232, 1, 1, 4.80374e+19
Pixel 164, 233, 1, 1, 4.80374e+19
=== 4356567 ===
--- pALPIDEfs_1 ---
Pixel 608, 244, 1, 1, 4.80374e+19
Pixel 609, 245, 1, 1, 4.80374e+19
Pixel 608, 245, 1, 1, 4.80374e+19
=== 4357992 ===
--- pALPIDEfs_2 ---
Pixel 829, 288, 1, 1, 4.80374e+19
Pixel 829, 289, 1, 1, 4.80374e+19
Pixel 830, 288, 1, 1, 4.80374e+19
Pixel 830, 289, 1, 1, 4.80374e+19
=== 4378909 ===
--- pALPIDEfs_5 ---
Pixel 196, 458, 1, 1, 4.80374e+19
Pixel 197, 458, 1, 1, 4.80374e+19
Pixel 197, 459, 1, 1, 4.80374e+19
Pixel 196, 459, 1, 1, 4.80374e+19
Pixel 202, 472, 1, 1, 4.80374e+19
Pixel 202, 473, 1, 1, 4.80374e+19
Pixel 202, 474, 1, 1, 4.80374e+19
=== 4379195 ===
--- pALPIDEfs_6 ---
Pixel 543, 363, 1, 1, 4.80374e+19
Pixel 543, 364, 1, 1, 4.80374e+19
Pixel 543, 365, 1, 1, 4.80374e+19
Pixel 543, 366, 1, 1, 4.80374e+19
Pixel 544, 363, 1, 1, 4.80374e+19
Pixel 544, 364, 1, 1, 4.80374e+19
Pixel 544, 365, 1, 1, 4.80374e+19
=== 4387050 ===
--- pALPIDEfs_5 ---
Pixel 626, 176, 1, 1, 4.80374e+19
Pixel 627, 176, 1, 1, 4.80374e+19
Pixel 627, 177, 1, 1, 4.80374e+19
Pixel 626, 177, 1, 1, 4.80374e+19
Pixel 626, 178, 1, 1, 4.80374e+19
Pixel 627, 178, 1, 1, 4.80374e+19
=== 4390161 ===
--- pALPIDEfs_6 ---
Pixel 1005, 175, 1, 1, 4.80374e+19
Pixel 1004, 175, 1, 1, 4.80374e+19
=== 4390721 ===
--- pALPIDEfs_3 ---
Pixel 557, 180, 1, 1, 4.80374e+19
=== 4394042 ===
--- pALPIDEfs_0 ---
Pixel 141, 218, 1, 1, 4.80374e+19
Pixel 142, 218, 1, 1, 4.80374e+19
Pixel 142, 219, 1, 1, 4.80374e+19
=== 4414830 ===
--- pALPIDEfs_6 ---
Pixel 709, 65, 1, 1, 4.80374e+19
Pixel 708, 65, 1, 1, 4.80374e+19
Pixel 708, 66, 1, 1, 4.80374e+19
Pixel 709, 66, 1, 1, 4.80374e+19
=== 4420467 ===
--- pALPIDEfs_6 ---
Pixel 955, 154, 1, 1, 4.80374e+19
Pixel 955, 155, 1, 1, 4.80374e+19
Pixel 956, 154, 1, 1, 4.80374e+19
Pixel 956, 155, 1, 1, 4.80374e+19
=== 4449201 ===
--- pALPIDEfs_1 ---
Pixel 153, 182, 1, 1, 4.80374e+19
Pixel 153, 183, 1, 1, 4.80374e+19
Pixel 153, 184, 1, 1, 4.80374e+19
Pixel 154, 182, 1, 1, 4.80374e+19
Pixel 154, 183, 1, 1, 4.80374e+19
Pixel 154, 184, 1, 1, 4.80374e+19
=== 4452574 ===
--- pALPIDEfs_2 ---
Pixel 403, 115, 1, 1, 4.80374e+19
Pixel 404, 115, 1, 1, 4.80374e+19
Pixel 844, 359, 1, 1, 4.80374e+19
Pixel 844, 360, 1, 1, 4.80374e+19
=== 4455667 ===
--- pALPIDEfs_5 ---
Pixel 23, 149, 1, 1, 4.80374e+19
Pixel 22, 150, 1, 1, 4.80374e+19
Pixel 23, 150, 1, 1, 4.80374e+19
Pixel 22, 151, 1, 1, 4.80374e+19
Pixel 24, 149, 1, 1, 4.80374e+19
Pixel 24, 150, 1, 1, 4.80374e+19
=== 4455833 ===
--- pALPIDEfs_0 ---
Pixel 994, 114, 1, 1, 4.80374e+19
Pixel 995, 114, 1, 1, 4.80374e+19
Pixel 995, 115, 1, 1, 4.80374e+19
Pixel 994, 115, 1, 1, 4.80374e+19
--- pALPIDEfs_1 ---
Pixel 903, 191, 1, 1, 4.80374e+19
=== 4460391 ===
--- pALPIDEfs_1 ---
Pixel 790, 132, 1, 1, 4.80374e+19
Pixel 791, 132, 1, 1, 4.80374e+19
=== 4466729 ===
--- pALPIDEfs_3 ---
Pixel 395, 299, 1, 1, 4.80374e+19
=== 4476429 ===
--- pALPIDEfs_0 ---
Pixel 222, 446, 1, 1, 4.80374e+19
Pixel 223, 446, 1, 1, 4.80374e+19
Pixel 223, 447, 1, 1, 4.80374e+19
Pixel 224, 447, 1, 1, 4.80374e+19
Pixel 224, 448, 1, 1, 4.80374e+19
Pixel 225, 448, 1, 1, 4.80374e+19
Pixel 225, 449, 1, 1, 4.80374e+19
Pixel 224, 449, 1, 1, 4.80374e+19
Pixel 225, 450, 1, 1, 4.80374e+19
=== 4477194 ===
--- pALPIDEfs_4 ---
Pixel 324, 74, 1, 1, 4.80374e+19
Pixel 325, 75, 1, 1, 4.80374e+19
Pixel 324, 75, 1, 1, 4.80374e+19
=== 4493791 ===
--- pALPIDEfs_2 ---
Pixel 73, 450, 1, 1, 4.80374e+19
=== 4526000 ===
--- pALPIDEfs_3 ---
Pixel 825, 131, 1, 1, 4.80374e+19
--- pALPIDEfs_4 ---
Pixel 555, 248, 1, 1, 4.80374e+19
Pixel 555, 249, 1, 1, 4.80374e+19
--- pALPIDEfs_5 ---
Pixel 251, 445, 1, 1, 4.80374e+19
Pixel 250, 445, 1, 1, 4.80374e+19
Pixel 251, 446, 1, 1, 4.80374e+19
=== 4556823 ===
--- pALPIDEfs_4 ---
Pixel 339, 388, 1, 1, 4.80374e+19
Pixel 339, 389, 1, 1, 4.80374e+19
=== 4559705 ===
--- pALPIDEfs_1 ---
Pixel 859, 293, 1, 1, 4.80374e+19
Pixel 860, 293, 1, 1, 4.80374e+19
=== 4576385 ===
--- pALPIDEfs_1 ---
Pixel 279, 495, 1, 1, 4.80374e+19
=== 4611890 ===
--- pALPIDEfs_2 ---
Pixel 320, 214, 1, 1, 4.80374e+19
Pixel 321, 214, 1, 1, 4.80374e+19
Pixel 321, 215, 1, 1, 4.80374e+19
Pixel 320, 215, 1, 1, 4.80374e+19
=== 4631162 ===
--- pALPIDEfs_2 ---
Pixel 353, 186, 1, 1, 4.80374e+19
=== 4635552 ===
--- pALPIDEfs_2 ---
Pixel 647, 472, 1, 1, 4.80374e+19
--- pALPIDEfs_3 ---
Pixel 751, 377, 1, 1, 4.80374e+19
--- pALPIDEfs_4 ---
Pixel 877, 270, 1, 1, 4.80374e+19
Pixel 877, 271, 1, 1, 4.80374e+19
Pixel 878, 270, 1, 1, 4.80374e+19
Pixel 878, 271, 1, 1, 4.80374e+19
--- pALPIDEfs_5 ---
Pixel 974, 206, 1, 1, 4.80374e+19
Pixel 974, 207, 1, 1, 4.80374e+19
=== 4640917 ===
--- pALPIDEfs_6 ---
Pixel 819, 168, 1, 1, 4.80374e+19
=== 4643867 ===
--- pALPIDEfs_1 ---
Pixel 457, 24, 1, 1, 4.80374e+19
Pixel 457, 25, 1, 1, 4.80374e+19
Pixel 457, 26, 1, 1, 4.80374e+19
Pixel 458, 24, 1, 1, 4.80374e+19
Pixel 458, 25, 1, 1, 4.80374e+19
=== 4646768 ===
--- pALPIDEfs_6 ---
Pixel 285, 229, 1, 1, 4.80374e+19
Pixel 284, 229, 1, 1, 4.80374e+19
Pixel 284, 230, 1, 1, 4.80374e+19
Pixel 285, 230, 1, 1, 4.80374e+19
Pixel 925, 374, 1, 1, 4.80374e+19
Pixel 925, 375, 1, 1, 4.80374e+19
=== 4650896 ===
--- pALPIDEfs_0 ---
Pixel 645, 183, 1, 1, 4.80374e+19
--- pALPIDEfs_1 ---
Pixel 514, 56, 1, 1, 4.80374e+19
Pixel 514, 57, 1, 1, 4.80374e+19
=== 4673359 ===
--- pALPIDEfs_3 ---
Pixel 789, 227, 1, 1, 4.80374e+19
Pixel 789, 228, 1, 1, 4.80374e+19
Pixel 790, 227, 1, 1, 4.80374e+19
Pixel 790, 228, 1, 1, 4.80374e+19
=== 4684960 ===
--- pALPIDEfs_3 ---
Pixel 75, 259, 1, 1, 4.80374e+19
Pixel 74, 259, 1, 1, 4.80374e+19
Pixel 74, 260, 1, 1, 4.80374e+19
Pixel 75, 260, 1, 1, 4.80374e+19
=== 4709143 ===
--- pALPIDEfs_6 ---
Pixel 235, 411, 1, 1, 4.80374e+19
Pixel 234, 411, 1, 1, 4.80374e+19
Pixel 234, 412, 1, 1, 4.80374e+19
Pixel 235, 412, 1, 1, 4.80374e+19
=== 4725303 ===
--- pALPIDEfs_6 ---
Pixel 430, 511, 1, 1, 4.80374e+19
Pixel 437, 510, 1, 1, 4.80374e+19
Pixel 437, 511, 1, 1, 4.80374e+19
Pixel 438, 511, 1, 1, 4.80374e+19
=== 4757026 ===
--- pALPIDEfs_3 ---
Pixel 915, 414, 1, 1, 4.80374e+19
Pixel 915, 415, 1, 1, 4.80374e+19
Pixel 914, 415, 1, 1, 4.80374e+19
Pixel 914, 416, 1, 1, 4.80374e+19
Pixel 915, 416, 1, 1, 4.80374e+19
Pixel 915, 417, 1, 1, 4.80374e+19
Pixel 914, 417, 1, 1, 4.80374e+19
Pixel 914, 418, 1, 1, 4.80374e+19
Pixel 915, 418, 1, 1, 4.80374e+19
Pixel 916, 414, 1, 1, 4.80374e+19
Pixel 917, 414, 1, 1, 4.80374e+19
Pixel 917, 415, 1, 1, 4.80374e+19
Pixel 916, 415, 1, 1, 4.80374e+19
=== 4759523 ===
--- pALPIDEfs_5 ---
Pixel 555, 86, 1, 1, 4.80374e+19
Pixel 555, 87, 1, 1, 4.80374e+19
Pixel 554, 87, 1, 1, 4.80374e+19
Pixel 554, 88, 1, 1, 4.80374e+19
Pixel 556, 86, 1, 1, 4.80374e+19
Pixel 557, 86, 1, 1, 4.80374e+19
Pixel 559, 85, 1, 1, 4.80374e+19
Pixel 558, 85, 1, 1, 4.80374e+19
Pixel 558, 86, 1, 1, 4.80374e+19
Pixel 559, 86, 1, 1, 4.80374e+19
Pixel 560, 85, 1, 1, 4.80374e+19
=== 4821421 ===
--- pALPIDEfs_6 ---
Pixel 600, 15, 1, 1, 4.80374e+19
Pixel 600, 16, 1, 1, 4.80374e+19
=== 4822743 ===
--- pALPIDEfs_0 ---
Pixel 806, 49, 1, 1, 4.80374e+19
=== 4828528 ===
--- pALPIDEfs_5 ---
Pixel 800, 50, 1, 1, 4.80374e+19
Pixel 800, 51, 1, 1, 4.80374e+19
=== 4828812 ===
--- pALPIDEfs_0 ---
Pixel 611, 208, 1, 1, 4.80374e+19
Pixel 611, 209, 1, 1, 4.80374e+19
Pixel 612, 208, 1, 1, 4.80374e+19
Pixel 612, 209, 1, 1, 4.80374e+19
=== 4830005 ===
--- pALPIDEfs_3 ---
Pixel 359, 183, 1, 1, 4.80374e+19
Pixel 360, 183, 1, 1, 4.80374e+19
--- pALPIDEfs_4 ---
Pixel 1016, 108, 1, 1, 4.80374e+19
Pixel 1016, 109, 1, 1, 4.80374e+19
=== 4853035 ===
--- pALPIDEfs_1 ---
Pixel 1011, 371, 1, 1, 4.80374e+19
Pixel 1011, 372, 1, 1, 4.80374e+19
Pixel 1012, 371, 1, 1, 4.80374e+19
Pixel 1012, 372, 1, 1, 4.80374e+19
Pixel 1013, 372, 1, 1, 4.80374e+19
Pixel 1013, 373, 1, 1, 4.80374e+19
Pixel 1014, 372, 1, 1, 4.80374e+19
Pixel 1014, 373, 1, 1, 4.80374e+19
=== 4889430 ===
--- pALPIDEfs_3 ---
Pixel 92, 20, 1, 1, 4.80374e+19
Pixel 93, 21, 1, 1, 4.80374e+19
Pixel 92, 21, 1, 1, 4.80374e+19
=== 4920487 ===
--- pALPIDEfs_6 ---
Pixel 999, 107, 1, 1, 4.80374e+19
=== 4973757 ===
--- pALPIDEfs_2 ---
Pixel 711, 243, 1, 1, 4.80374e+19
Pixel 711, 244, 1, 1, 4.80374e+19
=== 4985721 ===
--- pALPIDEfs_0 ---
Pixel 424, 404, 1, 1, 4.80374e+19
Pixel 424, 405, 1, 1, 4.80374e+19
=== 4993580 ===
--- pALPIDEfs_6 ---
Pixel 129, 353, 1, 1, 4.80374e+19
Pixel 130, 353, 1, 1, 4.80374e+19
=== 4995583 ===
--- pALPIDEfs_3 ---
Pixel 477, 107, 1, 1, 4.80374e+19
Pixel 477, 108, 1, 1, 4.80374e+19
Pixel 478, 106, 1, 1, 4.80374e+19
Pixel 479, 106, 1, 1, 4.80374e+19
Pixel 479, 107, 1, 1, 4.80374e+19
Pixel 478, 107, 1, 1, 4.80374e+19
Pixel 478, 108, 1, 1, 4.80374e+19
=== 5012736 ===
--- pALPIDEfs_6 ---
Pixel 584, 192, 1, 1, 4.80374e+19
Pixel 585, 192, 1, 1, 4.80374e+19
Pixel 585, 193, 1, 1, 4.80374e+19
Pixel 584, 193, 1, 1, 4.80374e+19
