6 513 0 50
6 513 1 50
6 513 2 50
6 513 3 50
6 513 4 50
6 513 5 50
6 513 6 50
6 513 7 50
6 513 8 50
6 513 9 50
6 513 10 50
6 513 11 50
6 513 12 50
6 513 13 50
6 513 14 50
6 513 15 50
6 513 16 50
6 513 17 50
6 513 18 50
6 513 19 50
6 513 20 50
6 513 21 50
6 513 22 50
6 513 23 50
6 513 24 50
6 513 25 50
6 513 26 50
6 513 27 50
6 513 28 50
6 513 29 50
6 513 30 50
6 513 31 50
6 513 32 50
6 513 33 50
6 513 34 50
6 513 35 50
6 513 36 50
6 513 37 50
6 513 38 50
6 513 39 50
6 513 40 50
6 513 41 50
6 513 42 50
6 513 43 50
6 513 44 50
6 513 45 50
6 513 46 50
6 513 47 50
6 513 48 50
6 513 49 50
6 515 0 50
6 515 1 50
6 515 2 50
6 515 3 50
6 515 4 50
6 515 5 50
6 515 6 50
6 515 7 50
6 515 8 50
6 515 9 50
6 515 10 50
6 515 11 50
6 515 12 50
6 515 13 50
6 515 14 50
6 515 15 50
6 515 16 50
6 515 17 50
6 515 18 50
6 515 19 50
6 515 20 50
6 515 21 50
6 515 22 50
6 515 23 50
6 515 24 50
6 515 25 50
6 515 26 50
6 515 27 50
6 515 28 50
6 515 29 50
6 515 30 50
6 515 31 50
6 515 32 50
6 515 33 50
6 515 34 50
6 515 35 50
6 515 36 50
6 515 37 50
6 515 38 50
6 515 39 50
6 515 40 50
6 515 41 50
6 515 42 50
6 515 43 50
6 515 44 50
6 515 45 50
6 515 46 50
6 515 47 50
6 515 48 50
6 515 49 50
9 515 0 50
9 515 1 50
9 515 2 50
9 515 3 50
9 515 4 50
9 515 5 50
9 515 6 50
9 515 7 50
9 515 8 50
9 515 9 50
9 515 10 50
9 515 11 50
9 515 12 50
9 515 13 50
9 515 14 50
9 515 15 50
9 515 16 50
9 515 17 50
9 515 18 50
9 515 19 50
9 515 20 50
9 515 21 50
9 515 22 50
9 515 23 50
9 515 24 50
9 515 25 50
9 515 26 50
9 515 27 50
9 515 28 50
9 515 29 50
9 515 30 50
9 515 31 50
9 515 32 50
9 515 33 50
9 515 34 50
9 515 35 50
9 515 36 50
9 515 37 50
9 515 38 50
9 515 39 50
9 515 40 50
9 515 41 50
9 515 42 50
9 515 43 50
9 515 44 50
9 515 45 50
9 515 46 50
9 515 47 50
9 515 48 50
9 515 49 50
11 257 0 50
11 257 1 50
11 257 2 50
11 257 3 50
11 257 4 50
11 257 5 50
11 257 6 50
11 257 7 50
11 257 8 50
11 257 9 50
11 257 10 50
11 257 11 50
11 257 12 50
11 257 13 50
11 257 14 50
11 257 15 50
11 257 16 50
11 257 17 50
11 257 18 50
11 257 19 50
11 257 20 50
11 257 21 50
11 257 22 50
11 257 23 50
11 257 24 50
11 257 25 50
11 257 26 50
11 257 27 50
11 257 28 50
11 257 29 50
11 257 30 50
11 257 31 50
11 257 32 50
11 257 33 50
11 257 34 50
11 257 35 50
11 257 36 50
11 257 37 50
11 257 38 50
11 257 39 50
11 257 40 50
11 257 41 50
11 257 42 50
11 257 43 50
11 257 44 50
11 257 45 50
11 257 46 50
11 257 47 50
11 257 48 50
11 257 49 50
11 771 0 50
11 771 1 50
11 771 2 50
11 771 3 50
11 771 4 50
11 771 5 50
11 771 6 50
11 771 7 50
11 771 8 50
11 771 9 50
11 771 10 50
11 771 11 50
11 771 12 50
11 771 13 50
11 771 14 50
11 771 15 50
11 771 16 50
11 771 17 50
11 771 18 50
11 771 19 50
11 771 20 50
11 771 21 50
11 771 22 50
11 771 23 50
11 771 24 50
11 771 25 50
11 771 26 50
11 771 27 50
11 771 28 50
11 771 29 50
11 771 30 50
11 771 31 50
11 771 32 50
11 771 33 50
11 771 34 50
11 771 35 50
11 771 36 50
11 771 37 50
11 771 38 50
11 771 39 50
11 771 40 50
11 771 41 50
11 771 42 50
11 771 43 50
11 771 44 50
11 771 45 50
11 771 46 50
11 771 47 50
11 771 48 50
11 771 49 50
12 0 0 44
12 0 1 47
12 0 2 43
12 0 3 40
12 0 4 42
12 0 5 38
12 0 6 42
12 0 7 40
12 0 8 46
12 0 9 40
12 0 10 41
12 0 11 42
12 0 12 45
12 0 13 42
12 0 14 45
12 0 15 46
12 0 16 40
12 0 17 48
12 0 18 45
12 0 19 48
12 0 20 45
12 0 21 46
12 0 22 44
12 0 23 46
12 0 24 47
12 0 25 47
12 0 26 45
12 0 27 48
12 0 28 49
12 0 29 46
12 0 30 46
12 0 31 47
12 0 32 47
12 0 33 48
12 0 34 45
12 0 35 43
12 0 36 49
12 0 37 46
12 0 38 47
12 0 39 46
12 0 40 46
12 0 41 46
12 0 42 49
12 0 43 43
12 0 44 47
12 0 45 50
12 0 46 48
12 0 47 49
12 0 48 48
12 0 49 46
17 513 0 50
17 513 1 50
17 513 2 50
17 513 3 50
17 513 4 50
17 513 5 50
17 513 6 50
17 513 7 50
17 513 8 50
17 513 9 50
17 513 10 50
17 513 11 50
17 513 12 50
17 513 13 50
17 513 14 50
17 513 15 50
17 513 16 50
17 513 17 50
17 513 18 50
17 513 19 50
17 513 20 50
17 513 21 50
17 513 22 50
17 513 23 50
17 513 24 50
17 513 25 50
17 513 26 50
17 513 27 50
17 513 28 50
17 513 29 50
17 513 30 50
17 513 31 50
17 513 32 50
17 513 33 50
17 513 34 50
17 513 35 50
17 513 36 50
17 513 37 50
17 513 38 50
17 513 39 50
17 513 40 50
17 513 41 50
17 513 42 50
17 513 43 50
17 513 44 50
17 513 45 50
17 513 46 50
17 513 47 50
17 513 48 50
17 513 49 50
21 2 0 50
21 2 1 50
21 2 2 50
21 2 3 50
21 2 4 50
21 2 5 50
21 2 6 50
21 2 7 50
21 2 8 50
21 2 9 50
21 2 10 50
21 2 11 50
21 2 12 50
21 2 13 50
21 2 14 50
21 2 15 50
21 2 16 50
21 2 17 50
21 2 18 50
21 2 19 50
21 2 20 50
21 2 21 50
21 2 22 50
21 2 23 50
21 2 24 50
21 2 25 50
21 2 26 50
21 2 27 50
21 2 28 50
21 2 29 50
21 2 30 50
21 2 31 50
21 2 32 50
21 2 33 50
21 2 34 50
21 2 35 50
21 2 36 50
21 2 37 50
21 2 38 50
21 2 39 50
21 2 40 50
21 2 41 50
21 2 42 50
21 2 43 50
21 2 44 50
21 2 45 50
21 2 46 50
21 2 47 50
21 2 48 50
21 2 49 50
22 515 0 21
22 515 1 18
22 515 2 14
22 515 3 18
22 515 4 16
22 515 5 17
22 515 6 17
22 515 7 17
22 515 8 20
22 515 9 17
22 515 10 19
22 515 11 20
22 515 12 19
22 515 13 20
22 515 14 21
22 515 15 19
22 515 16 19
22 515 17 21
22 515 18 17
22 515 19 20
22 515 20 17
22 515 21 19
22 515 22 22
22 515 23 18
22 515 24 23
22 515 25 21
22 515 26 22
22 515 27 23
22 515 28 20
22 515 29 20
22 515 30 27
22 515 31 23
22 515 32 23
22 515 33 18
22 515 34 26
22 515 35 24
22 515 36 28
22 515 37 24
22 515 38 31
22 515 39 24
22 515 40 28
22 515 41 34
22 515 42 29
22 515 43 26
22 515 44 27
22 515 45 26
22 515 46 34
22 515 47 28
22 515 48 27
22 515 49 33
23 514 0 50
23 514 1 50
23 514 2 50
23 514 3 50
23 514 4 50
23 514 5 50
23 514 6 50
23 514 7 50
23 514 8 50
23 514 9 50
23 514 10 50
23 514 11 50
23 514 12 50
23 514 13 50
23 514 14 50
23 514 15 50
23 514 16 50
23 514 17 50
23 514 18 50
23 514 19 50
23 514 20 50
23 514 21 50
23 514 22 50
23 514 23 50
23 514 24 50
23 514 25 50
23 514 26 50
23 514 27 50
23 514 28 50
23 514 29 50
23 514 30 50
23 514 31 50
23 514 32 50
23 514 33 50
23 514 34 50
23 514 35 50
23 514 36 50
23 514 37 50
23 514 38 50
23 514 39 50
23 514 40 50
23 514 41 50
23 514 42 50
23 514 43 50
23 514 44 50
23 514 45 50
23 514 46 50
23 514 47 50
23 514 48 50
23 514 49 50
24 770 0 50
24 770 1 50
24 770 2 50
24 770 3 50
24 770 4 50
24 770 5 50
24 770 6 50
24 770 7 50
24 770 8 50
24 770 9 50
24 770 10 50
24 770 11 50
24 770 12 50
24 770 13 50
24 770 14 50
24 770 15 50
24 770 16 50
24 770 17 50
24 770 18 50
24 770 19 50
24 770 20 50
24 770 21 50
24 770 22 50
24 770 23 50
24 770 24 50
24 770 25 50
24 770 26 50
24 770 27 50
24 770 28 50
24 770 29 50
24 770 30 50
24 770 31 50
24 770 32 50
24 770 33 50
24 770 34 50
24 770 35 50
24 770 36 50
24 770 37 50
24 770 38 50
24 770 39 50
24 770 40 50
24 770 41 50
24 770 42 50
24 770 43 50
24 770 44 50
24 770 45 50
24 770 46 50
24 770 47 50
24 770 48 50
24 770 49 50
26 514 0 44
26 514 1 50
26 514 2 42
26 514 3 41
26 514 4 42
26 514 5 42
26 514 6 42
26 514 7 48
26 514 8 45
26 514 9 45
26 514 10 47
26 514 11 45
26 514 12 48
26 514 13 50
26 514 14 46
26 514 15 47
26 514 16 49
26 514 17 46
26 514 18 45
26 514 19 49
26 514 20 48
26 514 21 46
26 514 22 46
26 514 23 47
26 514 24 49
26 514 25 47
26 514 26 49
26 514 27 47
26 514 28 48
26 514 29 50
26 514 30 50
26 514 31 48
26 514 32 49
26 514 33 50
26 514 34 46
26 514 35 50
26 514 36 50
26 514 37 50
26 514 38 50
26 514 39 50
26 514 40 48
26 514 41 50
26 514 42 49
26 514 43 49
26 514 44 50
26 514 45 50
26 514 46 49
26 514 47 50
26 514 48 50
26 514 49 49
28 769 0 50
28 769 1 50
28 769 2 50
28 769 3 50
28 769 4 50
28 769 5 50
28 769 6 50
28 769 7 50
28 769 8 50
28 769 9 50
28 769 10 50
28 769 11 50
28 769 12 50
28 769 13 50
28 769 14 50
28 769 15 50
28 769 16 50
28 769 17 50
28 769 18 50
28 769 19 50
28 769 20 50
28 769 21 50
28 769 22 50
28 769 23 50
28 769 24 50
28 769 25 50
28 769 26 50
28 769 27 50
28 769 28 50
28 769 29 50
28 769 30 50
28 769 31 50
28 769 32 50
28 769 33 50
28 769 34 50
28 769 35 50
28 769 36 50
28 769 37 50
28 769 38 50
28 769 39 50
28 769 40 50
28 769 41 50
28 769 42 50
28 769 43 50
28 769 44 50
28 769 45 50
28 769 46 50
28 769 47 50
28 769 48 50
28 769 49 50
31 2 0 50
31 2 1 50
31 2 2 50
31 2 3 50
31 2 4 50
31 2 5 50
31 2 6 50
31 2 7 50
31 2 8 50
31 2 9 50
31 2 10 50
31 2 11 50
31 2 12 50
31 2 13 50
31 2 14 50
31 2 15 50
31 2 16 50
31 2 17 50
31 2 18 50
31 2 19 50
31 2 20 50
31 2 21 50
31 2 22 50
31 2 23 50
31 2 24 50
31 2 25 50
31 2 26 50
31 2 27 50
31 2 28 50
31 2 29 50
31 2 30 50
31 2 31 50
31 2 32 50
31 2 33 50
31 2 34 50
31 2 35 50
31 2 36 50
31 2 37 50
31 2 38 50
31 2 39 50
31 2 40 50
31 2 41 50
31 2 42 50
31 2 43 50
31 2 44 50
31 2 45 50
31 2 46 50
31 2 47 50
31 2 48 50
31 2 49 50
32 514 0 50
32 514 1 50
32 514 2 50
32 514 3 50
32 514 4 50
32 514 5 50
32 514 6 50
32 514 7 50
32 514 8 50
32 514 9 50
32 514 10 50
32 514 11 50
32 514 12 50
32 514 13 50
32 514 14 50
32 514 15 50
32 514 16 50
32 514 17 50
32 514 18 50
32 514 19 50
32 514 20 50
32 514 21 50
32 514 22 50
32 514 23 50
32 514 24 50
32 514 25 50
32 514 26 50
32 514 27 50
32 514 28 50
32 514 29 50
32 514 30 50
32 514 31 50
32 514 32 50
32 514 33 50
32 514 34 50
32 514 35 50
32 514 36 50
32 514 37 50
32 514 38 50
32 514 39 50
32 514 40 50
32 514 41 50
32 514 42 50
32 514 43 50
32 514 44 50
32 514 45 50
32 514 46 50
32 514 47 50
32 514 48 50
32 514 49 50
35 3 0 50
35 3 1 50
35 3 2 50
35 3 3 50
35 3 4 50
35 3 5 50
35 3 6 50
35 3 7 50
35 3 8 50
35 3 9 50
35 3 10 50
35 3 11 50
35 3 12 50
35 3 13 50
35 3 14 50
35 3 15 50
35 3 16 50
35 3 17 50
35 3 18 50
35 3 19 50
35 3 20 50
35 3 21 50
35 3 22 50
35 3 23 50
35 3 24 50
35 3 25 50
35 3 26 50
35 3 27 50
35 3 28 50
35 3 29 50
35 3 30 50
35 3 31 50
35 3 32 50
35 3 33 50
35 3 34 50
35 3 35 50
35 3 36 50
35 3 37 50
35 3 38 50
35 3 39 50
35 3 40 50
35 3 41 50
35 3 42 50
35 3 43 50
35 3 44 50
35 3 45 50
35 3 46 50
35 3 47 50
35 3 48 50
35 3 49 50
39 256 0 50
39 256 1 50
39 256 2 50
39 256 3 50
39 256 4 50
39 256 5 50
39 256 6 50
39 256 7 50
39 256 8 50
39 256 9 50
39 256 10 50
39 256 11 50
39 256 12 50
39 256 13 50
39 256 14 50
39 256 15 50
39 256 16 50
39 256 17 50
39 256 18 50
39 256 19 50
39 256 20 50
39 256 21 50
39 256 22 50
39 256 23 50
39 256 24 50
39 256 25 50
39 256 26 50
39 256 27 50
39 256 28 50
39 256 29 50
39 256 30 50
39 256 31 50
39 256 32 50
39 256 33 50
39 256 34 50
39 256 35 50
39 256 36 50
39 256 37 50
39 256 38 50
39 256 39 50
39 256 40 50
39 256 41 50
39 256 42 50
39 256 43 50
39 256 44 50
39 256 45 50
39 256 46 50
39 256 47 50
39 256 48 50
39 256 49 50
39 259 0 50
39 259 1 50
39 259 2 50
39 259 3 50
39 259 4 50
39 259 5 50
39 259 6 50
39 259 7 50
39 259 8 50
39 259 9 50
39 259 10 50
39 259 11 50
39 259 12 50
39 259 13 50
39 259 14 50
39 259 15 50
39 259 16 50
39 259 17 50
39 259 18 50
39 259 19 50
39 259 20 50
39 259 21 50
39 259 22 50
39 259 23 50
39 259 24 50
39 259 25 50
39 259 26 50
39 259 27 50
39 259 28 50
39 259 29 50
39 259 30 50
39 259 31 50
39 259 32 50
39 259 33 50
39 259 34 50
39 259 35 50
39 259 36 50
39 259 37 50
39 259 38 50
39 259 39 50
39 259 40 50
39 259 41 50
39 259 42 50
39 259 43 50
39 259 44 50
39 259 45 50
39 259 46 50
39 259 47 50
39 259 48 50
39 259 49 50
40 256 0 31
40 256 1 26
40 256 2 29
40 256 3 32
40 256 4 19
40 256 5 25
40 256 6 23
40 256 7 28
40 256 8 27
40 256 9 27
40 256 10 20
40 256 11 24
40 256 12 26
40 256 13 31
40 256 14 28
40 256 15 29
40 256 16 28
40 256 17 26
40 256 18 29
40 256 19 27
40 256 20 30
40 256 21 26
40 256 22 23
40 256 23 28
40 256 24 27
40 256 25 24
40 256 26 31
40 256 27 31
40 256 28 31
40 256 29 35
40 256 30 33
40 256 31 30
40 256 32 26
40 256 33 29
40 256 34 27
40 256 35 27
40 256 36 32
40 256 37 31
40 256 38 33
40 256 39 34
40 256 40 30
40 256 41 34
40 256 42 30
40 256 43 25
40 256 44 33
40 256 45 34
40 256 46 34
40 256 47 35
40 256 48 27
40 256 49 33
42 258 0 50
42 258 1 50
42 258 2 50
42 258 3 50
42 258 4 50
42 258 5 50
42 258 6 50
42 258 7 50
42 258 8 50
42 258 9 50
42 258 10 50
42 258 11 50
42 258 12 50
42 258 13 50
42 258 14 50
42 258 15 50
42 258 16 50
42 258 17 50
42 258 18 50
42 258 19 50
42 258 20 50
42 258 21 50
42 258 22 50
42 258 23 50
42 258 24 50
42 258 25 50
42 258 26 50
42 258 27 50
42 258 28 50
42 258 29 50
42 258 30 50
42 258 31 50
42 258 32 50
42 258 33 50
42 258 34 50
42 258 35 50
42 258 36 50
42 258 37 50
42 258 38 50
42 258 39 50
42 258 40 50
42 258 41 50
42 258 42 50
42 258 43 50
42 258 44 50
42 258 45 50
42 258 46 50
42 258 47 50
42 258 48 50
42 258 49 50
43 257 0 1
43 257 1 0
43 257 2 0
43 257 3 0
43 257 4 0
43 257 5 0
43 257 6 0
43 257 7 0
43 257 8 0
43 257 9 1
43 257 10 0
43 257 11 0
43 257 12 1
43 257 13 0
43 257 14 0
43 257 15 0
43 257 16 2
43 257 17 2
43 257 18 0
43 257 19 1
43 257 20 0
43 257 21 0
43 257 22 0
43 257 23 1
43 257 24 1
43 257 25 0
43 257 26 1
43 257 27 1
43 257 28 1
43 257 29 1
43 257 30 2
43 257 31 4
43 257 32 0
43 257 33 0
43 257 34 3
43 257 35 0
43 257 36 1
43 257 37 3
43 257 38 0
43 257 39 1
43 257 40 3
43 257 41 4
43 257 42 1
43 257 43 2
43 257 44 4
43 257 45 4
43 257 46 2
43 257 47 2
43 257 48 2
43 257 49 3
51 515 0 50
51 515 1 50
51 515 2 50
51 515 3 50
51 515 4 50
51 515 5 50
51 515 6 50
51 515 7 50
51 515 8 50
51 515 9 50
51 515 10 50
51 515 11 50
51 515 12 50
51 515 13 50
51 515 14 50
51 515 15 50
51 515 16 50
51 515 17 50
51 515 18 50
51 515 19 50
51 515 20 50
51 515 21 50
51 515 22 50
51 515 23 50
51 515 24 50
51 515 25 50
51 515 26 50
51 515 27 50
51 515 28 50
51 515 29 50
51 515 30 50
51 515 31 50
51 515 32 50
51 515 33 50
51 515 34 50
51 515 35 50
51 515 36 50
51 515 37 50
51 515 38 50
51 515 39 50
51 515 40 50
51 515 41 50
51 515 42 50
51 515 43 50
51 515 44 50
51 515 45 50
51 515 46 50
51 515 47 50
51 515 48 50
51 515 49 50
56 771 0 50
56 771 1 50
56 771 2 50
56 771 3 50
56 771 4 50
56 771 5 50
56 771 6 50
56 771 7 50
56 771 8 50
56 771 9 50
56 771 10 50
56 771 11 50
56 771 12 50
56 771 13 50
56 771 14 50
56 771 15 50
56 771 16 50
56 771 17 50
56 771 18 50
56 771 19 50
56 771 20 50
56 771 21 50
56 771 22 50
56 771 23 50
56 771 24 50
56 771 25 50
56 771 26 50
56 771 27 50
56 771 28 50
56 771 29 50
56 771 30 50
56 771 31 50
56 771 32 50
56 771 33 50
56 771 34 50
56 771 35 50
56 771 36 50
56 771 37 50
56 771 38 50
56 771 39 50
56 771 40 50
56 771 41 50
56 771 42 50
56 771 43 50
56 771 44 50
56 771 45 50
56 771 46 50
56 771 47 50
56 771 48 50
56 771 49 50
58 259 0 50
58 259 1 50
58 259 2 50
58 259 3 50
58 259 4 50
58 259 5 50
58 259 6 50
58 259 7 50
58 259 8 50
58 259 9 50
58 259 10 50
58 259 11 50
58 259 12 50
58 259 13 50
58 259 14 50
58 259 15 50
58 259 16 50
58 259 17 50
58 259 18 50
58 259 19 50
58 259 20 50
58 259 21 50
58 259 22 50
58 259 23 50
58 259 24 50
58 259 25 50
58 259 26 50
58 259 27 50
58 259 28 50
58 259 29 50
58 259 30 50
58 259 31 50
58 259 32 50
58 259 33 50
58 259 34 50
58 259 35 50
58 259 36 50
58 259 37 50
58 259 38 50
58 259 39 50
58 259 40 50
58 259 41 50
58 259 42 50
58 259 43 50
58 259 44 50
58 259 45 50
58 259 46 50
58 259 47 50
58 259 48 50
58 259 49 50
67 512 0 50
67 512 1 50
67 512 2 50
67 512 3 50
67 512 4 50
67 512 5 50
67 512 6 50
67 512 7 50
67 512 8 50
67 512 9 50
67 512 10 50
67 512 11 50
67 512 12 50
67 512 13 50
67 512 14 50
67 512 15 50
67 512 16 50
67 512 17 50
67 512 18 50
67 512 19 50
67 512 20 50
67 512 21 50
67 512 22 50
67 512 23 50
67 512 24 50
67 512 25 50
67 512 26 50
67 512 27 50
67 512 28 50
67 512 29 50
67 512 30 50
67 512 31 50
67 512 32 50
67 512 33 50
67 512 34 50
67 512 35 50
67 512 36 50
67 512 37 50
67 512 38 50
67 512 39 50
67 512 40 50
67 512 41 50
67 512 42 50
67 512 43 50
67 512 44 50
67 512 45 50
67 512 46 50
67 512 47 50
67 512 48 50
67 512 49 50
73 769 0 2
73 769 1 0
73 769 2 0
73 769 3 0
73 769 4 0
73 769 5 1
73 769 6 0
73 769 7 0
73 769 8 0
73 769 9 0
73 769 10 0
73 769 11 0
73 769 12 0
73 769 13 0
73 769 14 0
73 769 15 0
73 769 16 0
73 769 17 1
73 769 18 0
73 769 19 0
73 769 20 0
73 769 21 1
73 769 22 0
73 769 23 0
73 769 24 0
73 769 25 0
73 769 26 0
73 769 27 0
73 769 28 0
73 769 29 0
73 769 30 1
73 769 31 1
73 769 32 0
73 769 33 0
73 769 34 0
73 769 35 0
73 769 36 1
73 769 37 0
73 769 38 1
73 769 39 3
73 769 40 0
73 769 41 0
73 769 42 2
73 769 43 1
73 769 44 2
73 769 45 0
73 769 46 0
73 769 47 1
73 769 48 3
73 769 49 1
75 258 0 50
75 258 1 50
75 258 2 50
75 258 3 50
75 258 4 50
75 258 5 50
75 258 6 50
75 258 7 50
75 258 8 50
75 258 9 50
75 258 10 50
75 258 11 50
75 258 12 50
75 258 13 50
75 258 14 50
75 258 15 50
75 258 16 50
75 258 17 50
75 258 18 50
75 258 19 50
75 258 20 50
75 258 21 50
75 258 22 50
75 258 23 50
75 258 24 50
75 258 25 50
75 258 26 50
75 258 27 50
75 258 28 50
75 258 29 50
75 258 30 50
75 258 31 50
75 258 32 50
75 258 33 50
75 258 34 50
75 258 35 50
75 258 36 50
75 258 37 50
75 258 38 50
75 258 39 50
75 258 40 50
75 258 41 50
75 258 42 50
75 258 43 50
75 258 44 50
75 258 45 50
75 258 46 50
75 258 47 50
75 258 48 50
75 258 49 50
76 771 0 50
76 771 1 50
76 771 2 50
76 771 3 50
76 771 4 50
76 771 5 50
76 771 6 50
76 771 7 50
76 771 8 50
76 771 9 50
76 771 10 50
76 771 11 50
76 771 12 50
76 771 13 50
76 771 14 50
76 771 15 50
76 771 16 50
76 771 17 50
76 771 18 50
76 771 19 50
76 771 20 50
76 771 21 50
76 771 22 50
76 771 23 50
76 771 24 50
76 771 25 50
76 771 26 50
76 771 27 50
76 771 28 50
76 771 29 50
76 771 30 50
76 771 31 50
76 771 32 50
76 771 33 50
76 771 34 50
76 771 35 50
76 771 36 50
76 771 37 50
76 771 38 50
76 771 39 50
76 771 40 50
76 771 41 50
76 771 42 50
76 771 43 50
76 771 44 50
76 771 45 50
76 771 46 50
76 771 47 50
76 771 48 50
76 771 49 50
77 257 0 50
77 257 1 50
77 257 2 50
77 257 3 50
77 257 4 50
77 257 5 50
77 257 6 50
77 257 7 50
77 257 8 50
77 257 9 50
77 257 10 50
77 257 11 50
77 257 12 50
77 257 13 50
77 257 14 50
77 257 15 50
77 257 16 50
77 257 17 50
77 257 18 50
77 257 19 50
77 257 20 50
77 257 21 50
77 257 22 50
77 257 23 50
77 257 24 50
77 257 25 50
77 257 26 50
77 257 27 50
77 257 28 50
77 257 29 50
77 257 30 50
77 257 31 50
77 257 32 50
77 257 33 50
77 257 34 50
77 257 35 50
77 257 36 50
77 257 37 50
77 257 38 50
77 257 39 50
77 257 40 50
77 257 41 50
77 257 42 50
77 257 43 50
77 257 44 50
77 257 45 50
77 257 46 50
77 257 47 50
77 257 48 50
77 257 49 50
83 1 0 50
83 1 1 50
83 1 2 50
83 1 3 50
83 1 4 50
83 1 5 50
83 1 6 50
83 1 7 50
83 1 8 50
83 1 9 50
83 1 10 50
83 1 11 50
83 1 12 50
83 1 13 50
83 1 14 50
83 1 15 50
83 1 16 50
83 1 17 50
83 1 18 50
83 1 19 50
83 1 20 50
83 1 21 50
83 1 22 50
83 1 23 50
83 1 24 50
83 1 25 50
83 1 26 50
83 1 27 50
83 1 28 50
83 1 29 50
83 1 30 50
83 1 31 50
83 1 32 50
83 1 33 50
83 1 34 50
83 1 35 50
83 1 36 50
83 1 37 50
83 1 38 50
83 1 39 50
83 1 40 50
83 1 41 50
83 1 42 50
83 1 43 50
83 1 44 50
83 1 45 50
83 1 46 50
83 1 47 50
83 1 48 50
83 1 49 50
84 514 0 1
84 514 1 0
84 514 2 0
84 514 3 0
84 514 4 0
84 514 5 0
84 514 6 0
84 514 7 0
84 514 8 0
84 514 9 0
84 514 10 0
84 514 11 0
84 514 12 0
84 514 13 0
84 514 14 0
84 514 15 0
84 514 16 0
84 514 17 0
84 514 18 0
84 514 19 0
84 514 20 0
84 514 21 0
84 514 22 0
84 514 23 0
84 514 24 0
84 514 25 0
84 514 26 0
84 514 27 0
84 514 28 0
84 514 29 0
84 514 30 0
84 514 31 0
84 514 32 0
84 514 33 0
84 514 34 0
84 514 35 0
84 514 36 0
84 514 37 0
84 514 38 0
84 514 39 1
84 514 40 0
84 514 41 0
84 514 42 0
84 514 43 0
84 514 44 0
84 514 45 0
84 514 46 0
84 514 47 0
84 514 48 0
84 514 49 0
86 2 0 50
86 2 1 50
86 2 2 50
86 2 3 50
86 2 4 50
86 2 5 50
86 2 6 50
86 2 7 50
86 2 8 50
86 2 9 50
86 2 10 50
86 2 11 50
86 2 12 50
86 2 13 50
86 2 14 50
86 2 15 50
86 2 16 50
86 2 17 50
86 2 18 50
86 2 19 50
86 2 20 50
86 2 21 50
86 2 22 50
86 2 23 50
86 2 24 50
86 2 25 50
86 2 26 50
86 2 27 50
86 2 28 50
86 2 29 50
86 2 30 50
86 2 31 50
86 2 32 50
86 2 33 50
86 2 34 50
86 2 35 50
86 2 36 50
86 2 37 50
86 2 38 50
86 2 39 50
86 2 40 50
86 2 41 50
86 2 42 50
86 2 43 50
86 2 44 50
86 2 45 50
86 2 46 50
86 2 47 50
86 2 48 50
86 2 49 50
88 1 0 47
88 1 1 44
88 1 2 42
88 1 3 43
88 1 4 42
88 1 5 46
88 1 6 44
88 1 7 44
88 1 8 46
88 1 9 46
88 1 10 45
88 1 11 44
88 1 12 45
88 1 13 45
88 1 14 41
88 1 15 42
88 1 16 43
88 1 17 42
88 1 18 45
88 1 19 47
88 1 20 44
88 1 21 45
88 1 22 43
88 1 23 40
88 1 24 46
88 1 25 41
88 1 26 46
88 1 27 43
88 1 28 42
88 1 29 41
88 1 30 44
88 1 31 45
88 1 32 43
88 1 33 43
88 1 34 45
88 1 35 46
88 1 36 46
88 1 37 42
88 1 38 44
88 1 39 45
88 1 40 42
88 1 41 45
88 1 42 44
88 1 43 46
88 1 44 45
88 1 45 46
88 1 46 43
88 1 47 46
88 1 48 43
88 1 49 47
90 258 0 50
90 258 1 50
90 258 2 50
90 258 3 50
90 258 4 50
90 258 5 50
90 258 6 50
90 258 7 50
90 258 8 50
90 258 9 50
90 258 10 50
90 258 11 50
90 258 12 50
90 258 13 50
90 258 14 50
90 258 15 50
90 258 16 50
90 258 17 50
90 258 18 50
90 258 19 50
90 258 20 50
90 258 21 50
90 258 22 50
90 258 23 50
90 258 24 50
90 258 25 50
90 258 26 50
90 258 27 50
90 258 28 50
90 258 29 50
90 258 30 50
90 258 31 50
90 258 32 50
90 258 33 50
90 258 34 50
90 258 35 50
90 258 36 50
90 258 37 50
90 258 38 50
90 258 39 50
90 258 40 50
90 258 41 50
90 258 42 50
90 258 43 50
90 258 44 50
90 258 45 50
90 258 46 50
90 258 47 50
90 258 48 50
90 258 49 50
92 513 0 50
92 513 1 50
92 513 2 50
92 513 3 50
92 513 4 50
92 513 5 50
92 513 6 50
92 513 7 50
92 513 8 50
92 513 9 50
92 513 10 50
92 513 11 50
92 513 12 50
92 513 13 50
92 513 14 50
92 513 15 50
92 513 16 50
92 513 17 50
92 513 18 50
92 513 19 50
92 513 20 50
92 513 21 50
92 513 22 50
92 513 23 50
92 513 24 50
92 513 25 50
92 513 26 50
92 513 27 50
92 513 28 50
92 513 29 50
92 513 30 50
92 513 31 50
92 513 32 50
92 513 33 50
92 513 34 50
92 513 35 50
92 513 36 50
92 513 37 50
92 513 38 50
92 513 39 50
92 513 40 50
92 513 41 50
92 513 42 50
92 513 43 50
92 513 44 50
92 513 45 50
92 513 46 50
92 513 47 50
92 513 48 50
92 513 49 50
93 257 0 50
93 257 1 50
93 257 2 50
93 257 3 50
93 257 4 50
93 257 5 50
93 257 6 50
93 257 7 50
93 257 8 50
93 257 9 50
93 257 10 50
93 257 11 50
93 257 12 50
93 257 13 50
93 257 14 50
93 257 15 50
93 257 16 50
93 257 17 50
93 257 18 50
93 257 19 50
93 257 20 50
93 257 21 50
93 257 22 50
93 257 23 50
93 257 24 50
93 257 25 50
93 257 26 50
93 257 27 50
93 257 28 50
93 257 29 50
93 257 30 50
93 257 31 50
93 257 32 50
93 257 33 50
93 257 34 50
93 257 35 50
93 257 36 50
93 257 37 50
93 257 38 50
93 257 39 50
93 257 40 50
93 257 41 50
93 257 42 50
93 257 43 50
93 257 44 50
93 257 45 50
93 257 46 50
93 257 47 50
93 257 48 50
93 257 49 50
94 258 0 50
94 258 1 50
94 258 2 50
94 258 3 50
94 258 4 50
94 258 5 50
94 258 6 50
94 258 7 50
94 258 8 50
94 258 9 50
94 258 10 50
94 258 11 50
94 258 12 50
94 258 13 50
94 258 14 50
94 258 15 50
94 258 16 50
94 258 17 50
94 258 18 50
94 258 19 50
94 258 20 50
94 258 21 50
94 258 22 50
94 258 23 50
94 258 24 50
94 258 25 50
94 258 26 50
94 258 27 50
94 258 28 50
94 258 29 50
94 258 30 50
94 258 31 50
94 258 32 50
94 258 33 50
94 258 34 50
94 258 35 50
94 258 36 50
94 258 37 50
94 258 38 50
94 258 39 50
94 258 40 50
94 258 41 50
94 258 42 50
94 258 43 50
94 258 44 50
94 258 45 50
94 258 46 50
94 258 47 50
94 258 48 50
94 258 49 50
95 768 0 50
95 768 1 50
95 768 2 50
95 768 3 50
95 768 4 50
95 768 5 50
95 768 6 50
95 768 7 50
95 768 8 50
95 768 9 50
95 768 10 50
95 768 11 50
95 768 12 50
95 768 13 50
95 768 14 50
95 768 15 50
95 768 16 50
95 768 17 50
95 768 18 50
95 768 19 50
95 768 20 50
95 768 21 50
95 768 22 50
95 768 23 50
95 768 24 50
95 768 25 50
95 768 26 50
95 768 27 50
95 768 28 50
95 768 29 50
95 768 30 50
95 768 31 50
95 768 32 50
95 768 33 50
95 768 34 50
95 768 35 50
95 768 36 50
95 768 37 50
95 768 38 50
95 768 39 50
95 768 40 50
95 768 41 50
95 768 42 50
95 768 43 50
95 768 44 50
95 768 45 50
95 768 46 50
95 768 47 50
95 768 48 50
95 768 49 50
99 1 0 50
99 1 1 49
99 1 2 50
99 1 3 50
99 1 4 50
99 1 5 50
99 1 6 49
99 1 7 49
99 1 8 50
99 1 9 49
99 1 10 50
99 1 11 50
99 1 12 50
99 1 13 50
99 1 14 50
99 1 15 50
99 1 16 50
99 1 17 50
99 1 18 50
99 1 19 50
99 1 20 50
99 1 21 50
99 1 22 50
99 1 23 50
99 1 24 50
99 1 25 50
99 1 26 50
99 1 27 50
99 1 28 50
99 1 29 50
99 1 30 49
99 1 31 50
99 1 32 50
99 1 33 50
99 1 34 50
99 1 35 50
99 1 36 50
99 1 37 50
99 1 38 50
99 1 39 50
99 1 40 50
99 1 41 50
99 1 42 50
99 1 43 50
99 1 44 50
99 1 45 50
99 1 46 50
99 1 47 50
99 1 48 50
99 1 49 50
104 2 0 50
104 2 1 50
104 2 2 50
104 2 3 50
104 2 4 50
104 2 5 50
104 2 6 50
104 2 7 50
104 2 8 50
104 2 9 50
104 2 10 50
104 2 11 50
104 2 12 50
104 2 13 50
104 2 14 50
104 2 15 50
104 2 16 50
104 2 17 50
104 2 18 50
104 2 19 50
104 2 20 50
104 2 21 50
104 2 22 50
104 2 23 50
104 2 24 50
104 2 25 50
104 2 26 50
104 2 27 50
104 2 28 50
104 2 29 50
104 2 30 50
104 2 31 50
104 2 32 50
104 2 33 50
104 2 34 50
104 2 35 50
104 2 36 50
104 2 37 50
104 2 38 50
104 2 39 50
104 2 40 50
104 2 41 50
104 2 42 50
104 2 43 50
104 2 44 50
104 2 45 50
104 2 46 50
104 2 47 50
104 2 48 50
104 2 49 50
115 1 0 50
115 1 1 50
115 1 2 50
115 1 3 50
115 1 4 50
115 1 5 50
115 1 6 50
115 1 7 50
115 1 8 50
115 1 9 50
115 1 10 50
115 1 11 50
115 1 12 50
115 1 13 50
115 1 14 50
115 1 15 50
115 1 16 50
115 1 17 50
115 1 18 50
115 1 19 50
115 1 20 50
115 1 21 50
115 1 22 50
115 1 23 50
115 1 24 50
115 1 25 50
115 1 26 50
115 1 27 50
115 1 28 50
115 1 29 50
115 1 30 50
115 1 31 50
115 1 32 50
115 1 33 50
115 1 34 50
115 1 35 50
115 1 36 50
115 1 37 50
115 1 38 50
115 1 39 50
115 1 40 50
115 1 41 50
115 1 42 50
115 1 43 50
115 1 44 50
115 1 45 50
115 1 46 50
115 1 47 50
115 1 48 50
115 1 49 50
119 640 0 16
119 640 1 0
119 640 2 0
119 640 3 0
119 640 4 0
119 640 5 0
119 640 6 0
119 640 7 0
119 640 8 0
119 640 9 0
119 640 10 0
119 640 11 0
119 640 12 0
119 640 13 0
119 640 14 0
119 640 15 0
119 640 16 0
119 640 17 0
119 640 18 0
119 640 19 0
119 640 20 0
119 640 21 0
119 640 22 0
119 640 23 0
119 640 24 0
119 640 25 0
119 640 26 0
119 640 27 0
119 640 28 0
119 640 29 0
119 640 30 0
119 640 31 0
119 640 32 0
119 640 33 0
119 640 34 0
119 640 35 0
119 640 36 0
119 640 37 0
119 640 38 0
119 640 39 0
119 640 40 0
119 640 41 0
119 640 42 0
119 640 43 0
119 640 44 0
119 640 45 0
119 640 46 0
119 640 47 0
119 640 48 0
119 640 49 0
123 769 0 50
123 769 1 50
123 769 2 50
123 769 3 50
123 769 4 50
123 769 5 50
123 769 6 50
123 769 7 50
123 769 8 50
123 769 9 50
123 769 10 50
123 769 11 50
123 769 12 50
123 769 13 50
123 769 14 50
123 769 15 50
123 769 16 50
123 769 17 50
123 769 18 50
123 769 19 50
123 769 20 50
123 769 21 50
123 769 22 50
123 769 23 50
123 769 24 50
123 769 25 50
123 769 26 50
123 769 27 50
123 769 28 50
123 769 29 50
123 769 30 50
123 769 31 50
123 769 32 50
123 769 33 50
123 769 34 50
123 769 35 50
123 769 36 50
123 769 37 50
123 769 38 50
123 769 39 50
123 769 40 50
123 769 41 50
123 769 42 50
123 769 43 50
123 769 44 50
123 769 45 50
123 769 46 50
123 769 47 50
123 769 48 50
123 769 49 50
130 1 0 50
130 1 1 50
130 1 2 50
130 1 3 50
130 1 4 50
130 1 5 50
130 1 6 50
130 1 7 50
130 1 8 50
130 1 9 50
130 1 10 50
130 1 11 50
130 1 12 50
130 1 13 50
130 1 14 50
130 1 15 50
130 1 16 50
130 1 17 50
130 1 18 50
130 1 19 50
130 1 20 50
130 1 21 50
130 1 22 50
130 1 23 50
130 1 24 50
130 1 25 50
130 1 26 50
130 1 27 50
130 1 28 50
130 1 29 50
130 1 30 50
130 1 31 50
130 1 32 50
130 1 33 50
130 1 34 50
130 1 35 50
130 1 36 50
130 1 37 50
130 1 38 50
130 1 39 50
130 1 40 50
130 1 41 50
130 1 42 50
130 1 43 50
130 1 44 50
130 1 45 50
130 1 46 50
130 1 47 50
130 1 48 50
130 1 49 50
136 258 0 50
136 258 1 50
136 258 2 50
136 258 3 50
136 258 4 50
136 258 5 50
136 258 6 50
136 258 7 50
136 258 8 50
136 258 9 50
136 258 10 50
136 258 11 50
136 258 12 50
136 258 13 50
136 258 14 50
136 258 15 50
136 258 16 50
136 258 17 50
136 258 18 50
136 258 19 50
136 258 20 50
136 258 21 50
136 258 22 50
136 258 23 50
136 258 24 50
136 258 25 50
136 258 26 50
136 258 27 50
136 258 28 50
136 258 29 50
136 258 30 50
136 258 31 50
136 258 32 50
136 258 33 50
136 258 34 50
136 258 35 50
136 258 36 50
136 258 37 50
136 258 38 50
136 258 39 50
136 258 40 50
136 258 41 50
136 258 42 50
136 258 43 50
136 258 44 50
136 258 45 50
136 258 46 50
136 258 47 50
136 258 48 50
136 258 49 50
137 3 0 50
137 3 1 50
137 3 2 50
137 3 3 50
137 3 4 50
137 3 5 50
137 3 6 50
137 3 7 50
137 3 8 50
137 3 9 50
137 3 10 50
137 3 11 50
137 3 12 50
137 3 13 50
137 3 14 50
137 3 15 50
137 3 16 50
137 3 17 50
137 3 18 50
137 3 19 50
137 3 20 50
137 3 21 50
137 3 22 50
137 3 23 50
137 3 24 50
137 3 25 50
137 3 26 50
137 3 27 50
137 3 28 50
137 3 29 50
137 3 30 50
137 3 31 50
137 3 32 50
137 3 33 50
137 3 34 50
137 3 35 50
137 3 36 50
137 3 37 50
137 3 38 50
137 3 39 50
137 3 40 50
137 3 41 50
137 3 42 50
137 3 43 50
137 3 44 50
137 3 45 50
137 3 46 50
137 3 47 50
137 3 48 50
137 3 49 50
141 258 0 50
141 258 1 50
141 258 2 50
141 258 3 50
141 258 4 50
141 258 5 50
141 258 6 50
141 258 7 50
141 258 8 50
141 258 9 50
141 258 10 50
141 258 11 50
141 258 12 50
141 258 13 50
141 258 14 50
141 258 15 50
141 258 16 50
141 258 17 50
141 258 18 50
141 258 19 50
141 258 20 50
141 258 21 50
141 258 22 50
141 258 23 50
141 258 24 50
141 258 25 50
141 258 26 50
141 258 27 50
141 258 28 50
141 258 29 50
141 258 30 50
141 258 31 50
141 258 32 50
141 258 33 50
141 258 34 50
141 258 35 50
141 258 36 50
141 258 37 50
141 258 38 50
141 258 39 50
141 258 40 50
141 258 41 50
141 258 42 50
141 258 43 50
141 258 44 50
141 258 45 50
141 258 46 50
141 258 47 50
141 258 48 50
141 258 49 50
149 0 0 50
149 0 1 50
149 0 2 50
149 0 3 50
149 0 4 50
149 0 5 50
149 0 6 50
149 0 7 50
149 0 8 50
149 0 9 50
149 0 10 50
149 0 11 50
149 0 12 50
149 0 13 50
149 0 14 50
149 0 15 50
149 0 16 50
149 0 17 50
149 0 18 50
149 0 19 50
149 0 20 50
149 0 21 50
149 0 22 50
149 0 23 50
149 0 24 50
149 0 25 50
149 0 26 50
149 0 27 50
149 0 28 50
149 0 29 50
149 0 30 50
149 0 31 50
149 0 32 50
149 0 33 50
149 0 34 50
149 0 35 50
149 0 36 50
149 0 37 50
149 0 38 50
149 0 39 50
149 0 40 50
149 0 41 50
149 0 42 50
149 0 43 50
149 0 44 50
149 0 45 50
149 0 46 50
149 0 47 50
149 0 48 50
149 0 49 50
159 2 0 50
159 2 1 50
159 2 2 50
159 2 3 50
159 2 4 50
159 2 5 50
159 2 6 50
159 2 7 50
159 2 8 50
159 2 9 50
159 2 10 50
159 2 11 50
159 2 12 50
159 2 13 50
159 2 14 50
159 2 15 50
159 2 16 50
159 2 17 50
159 2 18 50
159 2 19 50
159 2 20 50
159 2 21 50
159 2 22 50
159 2 23 50
159 2 24 50
159 2 25 50
159 2 26 50
159 2 27 50
159 2 28 50
159 2 29 50
159 2 30 50
159 2 31 50
159 2 32 50
159 2 33 50
159 2 34 50
159 2 35 50
159 2 36 50
159 2 37 50
159 2 38 50
159 2 39 50
159 2 40 50
159 2 41 50
159 2 42 50
159 2 43 50
159 2 44 50
159 2 45 50
159 2 46 50
159 2 47 50
159 2 48 50
159 2 49 50
162 256 0 50
162 256 1 50
162 256 2 50
162 256 3 50
162 256 4 50
162 256 5 50
162 256 6 50
162 256 7 50
162 256 8 50
162 256 9 50
162 256 10 50
162 256 11 50
162 256 12 50
162 256 13 50
162 256 14 50
162 256 15 50
162 256 16 50
162 256 17 50
162 256 18 50
162 256 19 50
162 256 20 50
162 256 21 50
162 256 22 50
162 256 23 50
162 256 24 50
162 256 25 50
162 256 26 50
162 256 27 50
162 256 28 50
162 256 29 50
162 256 30 50
162 256 31 50
162 256 32 50
162 256 33 50
162 256 34 50
162 256 35 50
162 256 36 50
162 256 37 50
162 256 38 50
162 256 39 50
162 256 40 50
162 256 41 50
162 256 42 50
162 256 43 50
162 256 44 50
162 256 45 50
162 256 46 50
162 256 47 50
162 256 48 50
162 256 49 50
165 1 0 50
165 1 1 50
165 1 2 50
165 1 3 50
165 1 4 50
165 1 5 50
165 1 6 50
165 1 7 50
165 1 8 50
165 1 9 50
165 1 10 50
165 1 11 50
165 1 12 50
165 1 13 50
165 1 14 50
165 1 15 50
165 1 16 50
165 1 17 50
165 1 18 50
165 1 19 50
165 1 20 50
165 1 21 50
165 1 22 50
165 1 23 50
165 1 24 50
165 1 25 50
165 1 26 50
165 1 27 50
165 1 28 50
165 1 29 50
165 1 30 50
165 1 31 50
165 1 32 50
165 1 33 50
165 1 34 50
165 1 35 50
165 1 36 50
165 1 37 50
165 1 38 50
165 1 39 50
165 1 40 50
165 1 41 50
165 1 42 50
165 1 43 50
165 1 44 50
165 1 45 50
165 1 46 50
165 1 47 50
165 1 48 50
165 1 49 50
165 256 0 50
165 256 1 50
165 256 2 50
165 256 3 50
165 256 4 50
165 256 5 50
165 256 6 50
165 256 7 50
165 256 8 50
165 256 9 50
165 256 10 50
165 256 11 50
165 256 12 50
165 256 13 50
165 256 14 50
165 256 15 50
165 256 16 50
165 256 17 50
165 256 18 50
165 256 19 50
165 256 20 50
165 256 21 50
165 256 22 50
165 256 23 50
165 256 24 50
165 256 25 50
165 256 26 50
165 256 27 50
165 256 28 50
165 256 29 50
165 256 30 50
165 256 31 50
165 256 32 50
165 256 33 50
165 256 34 50
165 256 35 50
165 256 36 50
165 256 37 50
165 256 38 50
165 256 39 50
165 256 40 50
165 256 41 50
165 256 42 50
165 256 43 50
165 256 44 50
165 256 45 50
165 256 46 50
165 256 47 50
165 256 48 50
165 256 49 50
166 771 0 45
166 771 1 47
166 771 2 47
166 771 3 46
166 771 4 45
166 771 5 46
166 771 6 49
166 771 7 38
166 771 8 32
166 771 9 43
166 771 10 45
166 771 11 48
166 771 12 48
166 771 13 47
166 771 14 49
166 771 15 47
166 771 16 47
166 771 17 48
166 771 18 47
166 771 19 50
166 771 20 49
166 771 21 49
166 771 22 49
166 771 23 50
166 771 24 49
166 771 25 50
166 771 26 48
166 771 27 49
166 771 28 48
166 771 29 50
166 771 30 49
166 771 31 50
166 771 32 49
166 771 33 47
166 771 34 49
166 771 35 50
166 771 36 48
166 771 37 48
166 771 38 49
166 771 39 49
166 771 40 43
166 771 41 41
166 771 42 50
166 771 43 50
166 771 44 50
166 771 45 50
166 771 46 50
166 771 47 50
166 771 48 50
166 771 49 50
168 2 0 50
168 2 1 50
168 2 2 50
168 2 3 50
168 2 4 50
168 2 5 50
168 2 6 50
168 2 7 50
168 2 8 50
168 2 9 50
168 2 10 50
168 2 11 50
168 2 12 50
168 2 13 50
168 2 14 50
168 2 15 50
168 2 16 50
168 2 17 50
168 2 18 50
168 2 19 50
168 2 20 50
168 2 21 50
168 2 22 50
168 2 23 50
168 2 24 50
168 2 25 50
168 2 26 50
168 2 27 50
168 2 28 50
168 2 29 50
168 2 30 50
168 2 31 50
168 2 32 50
168 2 33 50
168 2 34 50
168 2 35 50
168 2 36 50
168 2 37 50
168 2 38 50
168 2 39 50
168 2 40 50
168 2 41 50
168 2 42 50
168 2 43 50
168 2 44 50
168 2 45 50
168 2 46 50
168 2 47 50
168 2 48 50
168 2 49 50
175 0 0 50
175 0 1 50
175 0 2 50
175 0 3 50
175 0 4 50
175 0 5 50
175 0 6 50
175 0 7 50
175 0 8 50
175 0 9 50
175 0 10 50
175 0 11 50
175 0 12 50
175 0 13 50
175 0 14 50
175 0 15 50
175 0 16 50
175 0 17 50
175 0 18 50
175 0 19 50
175 0 20 50
175 0 21 50
175 0 22 50
175 0 23 50
175 0 24 50
175 0 25 50
175 0 26 50
175 0 27 50
175 0 28 50
175 0 29 50
175 0 30 50
175 0 31 50
175 0 32 50
175 0 33 50
175 0 34 50
175 0 35 50
175 0 36 50
175 0 37 50
175 0 38 50
175 0 39 50
175 0 40 50
175 0 41 50
175 0 42 50
175 0 43 50
175 0 44 50
175 0 45 50
175 0 46 50
175 0 47 50
175 0 48 50
175 0 49 50
175 2 0 50
175 2 1 50
175 2 2 50
175 2 3 50
175 2 4 50
175 2 5 50
175 2 6 50
175 2 7 50
175 2 8 50
175 2 9 50
175 2 10 50
175 2 11 50
175 2 12 50
175 2 13 50
175 2 14 50
175 2 15 50
175 2 16 50
175 2 17 50
175 2 18 50
175 2 19 50
175 2 20 50
175 2 21 50
175 2 22 50
175 2 23 50
175 2 24 50
175 2 25 50
175 2 26 50
175 2 27 50
175 2 28 50
175 2 29 50
175 2 30 50
175 2 31 50
175 2 32 50
175 2 33 50
175 2 34 50
175 2 35 50
175 2 36 50
175 2 37 50
175 2 38 50
175 2 39 50
175 2 40 50
175 2 41 50
175 2 42 50
175 2 43 50
175 2 44 50
175 2 45 50
175 2 46 50
175 2 47 50
175 2 48 50
175 2 49 50
179 512 0 50
179 512 1 50
179 512 2 50
179 512 3 50
179 512 4 50
179 512 5 50
179 512 6 50
179 512 7 50
179 512 8 50
179 512 9 50
179 512 10 50
179 512 11 50
179 512 12 50
179 512 13 50
179 512 14 50
179 512 15 50
179 512 16 50
179 512 17 50
179 512 18 50
179 512 19 50
179 512 20 50
179 512 21 50
179 512 22 50
179 512 23 50
179 512 24 50
179 512 25 50
179 512 26 50
179 512 27 50
179 512 28 50
179 512 29 50
179 512 30 50
179 512 31 50
179 512 32 50
179 512 33 50
179 512 34 50
179 512 35 50
179 512 36 50
179 512 37 50
179 512 38 50
179 512 39 50
179 512 40 50
179 512 41 50
179 512 42 50
179 512 43 50
179 512 44 50
179 512 45 50
179 512 46 50
179 512 47 50
179 512 48 50
179 512 49 50
181 0 0 1
181 0 1 0
181 0 2 1
181 0 3 0
181 0 4 0
181 0 5 0
181 0 6 0
181 0 7 3
181 0 8 2
181 0 9 0
181 0 10 0
181 0 11 1
181 0 12 0
181 0 13 2
181 0 14 0
181 0 15 0
181 0 16 1
181 0 17 1
181 0 18 1
181 0 19 4
181 0 20 2
181 0 21 3
181 0 22 3
181 0 23 0
181 0 24 2
181 0 25 0
181 0 26 1
181 0 27 2
181 0 28 1
181 0 29 2
181 0 30 0
181 0 31 5
181 0 32 6
181 0 33 2
181 0 34 1
181 0 35 0
181 0 36 1
181 0 37 1
181 0 38 3
181 0 39 2
181 0 40 3
181 0 41 7
181 0 42 3
181 0 43 1
181 0 44 4
181 0 45 2
181 0 46 0
181 0 47 2
181 0 48 1
181 0 49 1
181 770 0 1
181 770 1 0
181 770 2 0
181 770 3 0
181 770 4 0
181 770 5 0
181 770 6 0
181 770 7 0
181 770 8 0
181 770 9 0
181 770 10 0
181 770 11 0
181 770 12 0
181 770 13 0
181 770 14 0
181 770 15 0
181 770 16 0
181 770 17 0
181 770 18 0
181 770 19 0
181 770 20 0
181 770 21 0
181 770 22 0
181 770 23 0
181 770 24 0
181 770 25 0
181 770 26 0
181 770 27 0
181 770 28 0
181 770 29 0
181 770 30 0
181 770 31 0
181 770 32 0
181 770 33 0
181 770 34 0
181 770 35 0
181 770 36 0
181 770 37 0
181 770 38 0
181 770 39 0
181 770 40 0
181 770 41 0
181 770 42 0
181 770 43 0
181 770 44 0
181 770 45 0
181 770 46 0
181 770 47 0
181 770 48 0
181 770 49 0
188 769 0 50
188 769 1 50
188 769 2 50
188 769 3 50
188 769 4 50
188 769 5 50
188 769 6 50
188 769 7 50
188 769 8 50
188 769 9 50
188 769 10 50
188 769 11 50
188 769 12 50
188 769 13 50
188 769 14 50
188 769 15 50
188 769 16 50
188 769 17 50
188 769 18 50
188 769 19 50
188 769 20 50
188 769 21 50
188 769 22 50
188 769 23 50
188 769 24 50
188 769 25 50
188 769 26 50
188 769 27 50
188 769 28 50
188 769 29 50
188 769 30 50
188 769 31 50
188 769 32 50
188 769 33 50
188 769 34 50
188 769 35 50
188 769 36 50
188 769 37 50
188 769 38 50
188 769 39 50
188 769 40 50
188 769 41 50
188 769 42 50
188 769 43 50
188 769 44 50
188 769 45 50
188 769 46 50
188 769 47 50
188 769 48 50
188 769 49 50
192 2 0 50
192 2 1 50
192 2 2 50
192 2 3 49
192 2 4 50
192 2 5 50
192 2 6 49
192 2 7 49
192 2 8 49
192 2 9 50
192 2 10 50
192 2 11 50
192 2 12 50
192 2 13 50
192 2 14 50
192 2 15 50
192 2 16 50
192 2 17 49
192 2 18 50
192 2 19 50
192 2 20 50
192 2 21 50
192 2 22 50
192 2 23 50
192 2 24 50
192 2 25 50
192 2 26 50
192 2 27 50
192 2 28 50
192 2 29 50
192 2 30 50
192 2 31 50
192 2 32 50
192 2 33 50
192 2 34 50
192 2 35 50
192 2 36 50
192 2 37 50
192 2 38 50
192 2 39 50
192 2 40 50
192 2 41 50
192 2 42 50
192 2 43 50
192 2 44 50
192 2 45 50
192 2 46 50
192 2 47 50
192 2 48 50
192 2 49 50
205 257 0 50
205 257 1 50
205 257 2 50
205 257 3 50
205 257 4 50
205 257 5 50
205 257 6 50
205 257 7 50
205 257 8 50
205 257 9 50
205 257 10 50
205 257 11 50
205 257 12 50
205 257 13 50
205 257 14 50
205 257 15 50
205 257 16 50
205 257 17 50
205 257 18 50
205 257 19 50
205 257 20 50
205 257 21 50
205 257 22 50
205 257 23 50
205 257 24 50
205 257 25 50
205 257 26 50
205 257 27 50
205 257 28 50
205 257 29 50
205 257 30 50
205 257 31 50
205 257 32 50
205 257 33 50
205 257 34 50
205 257 35 50
205 257 36 50
205 257 37 50
205 257 38 50
205 257 39 50
205 257 40 50
205 257 41 50
205 257 42 50
205 257 43 50
205 257 44 50
205 257 45 50
205 257 46 50
205 257 47 50
205 257 48 50
205 257 49 50
210 258 0 50
210 258 1 50
210 258 2 50
210 258 3 50
210 258 4 50
210 258 5 50
210 258 6 50
210 258 7 50
210 258 8 50
210 258 9 50
210 258 10 50
210 258 11 50
210 258 12 50
210 258 13 50
210 258 14 50
210 258 15 50
210 258 16 50
210 258 17 50
210 258 18 50
210 258 19 50
210 258 20 50
210 258 21 50
210 258 22 50
210 258 23 50
210 258 24 50
210 258 25 50
210 258 26 50
210 258 27 50
210 258 28 50
210 258 29 50
210 258 30 50
210 258 31 50
210 258 32 50
210 258 33 50
210 258 34 50
210 258 35 50
210 258 36 50
210 258 37 50
210 258 38 50
210 258 39 50
210 258 40 50
210 258 41 50
210 258 42 50
210 258 43 50
210 258 44 50
210 258 45 50
210 258 46 50
210 258 47 50
210 258 48 50
210 258 49 50
213 258 0 50
213 258 1 50
213 258 2 50
213 258 3 50
213 258 4 50
213 258 5 50
213 258 6 50
213 258 7 50
213 258 8 50
213 258 9 50
213 258 10 50
213 258 11 50
213 258 12 50
213 258 13 50
213 258 14 50
213 258 15 50
213 258 16 50
213 258 17 50
213 258 18 50
213 258 19 50
213 258 20 50
213 258 21 50
213 258 22 50
213 258 23 50
213 258 24 50
213 258 25 50
213 258 26 50
213 258 27 50
213 258 28 50
213 258 29 50
213 258 30 50
213 258 31 50
213 258 32 50
213 258 33 50
213 258 34 50
213 258 35 50
213 258 36 50
213 258 37 50
213 258 38 50
213 258 39 50
213 258 40 50
213 258 41 50
213 258 42 50
213 258 43 50
213 258 44 50
213 258 45 50
213 258 46 50
213 258 47 50
213 258 48 50
213 258 49 50
222 258 0 50
222 258 1 50
222 258 2 50
222 258 3 50
222 258 4 50
222 258 5 50
222 258 6 50
222 258 7 50
222 258 8 50
222 258 9 50
222 258 10 50
222 258 11 50
222 258 12 50
222 258 13 50
222 258 14 50
222 258 15 50
222 258 16 50
222 258 17 50
222 258 18 50
222 258 19 50
222 258 20 50
222 258 21 50
222 258 22 50
222 258 23 50
222 258 24 50
222 258 25 50
222 258 26 50
222 258 27 50
222 258 28 50
222 258 29 50
222 258 30 50
222 258 31 50
222 258 32 50
222 258 33 50
222 258 34 50
222 258 35 50
222 258 36 50
222 258 37 50
222 258 38 50
222 258 39 50
222 258 40 50
222 258 41 50
222 258 42 50
222 258 43 50
222 258 44 50
222 258 45 50
222 258 46 50
222 258 47 50
222 258 48 50
222 258 49 50
223 769 0 50
223 769 1 50
223 769 2 50
223 769 3 50
223 769 4 50
223 769 5 50
223 769 6 50
223 769 7 50
223 769 8 50
223 769 9 50
223 769 10 50
223 769 11 50
223 769 12 50
223 769 13 50
223 769 14 50
223 769 15 50
223 769 16 50
223 769 17 50
223 769 18 50
223 769 19 50
223 769 20 50
223 769 21 50
223 769 22 50
223 769 23 50
223 769 24 50
223 769 25 50
223 769 26 50
223 769 27 50
223 769 28 50
223 769 29 50
223 769 30 50
223 769 31 50
223 769 32 50
223 769 33 50
223 769 34 50
223 769 35 50
223 769 36 50
223 769 37 50
223 769 38 50
223 769 39 50
223 769 40 50
223 769 41 50
223 769 42 50
223 769 43 50
223 769 44 50
223 769 45 50
223 769 46 50
223 769 47 50
223 769 48 50
223 769 49 50
224 514 0 50
224 514 1 50
224 514 2 50
224 514 3 50
224 514 4 50
224 514 5 50
224 514 6 50
224 514 7 50
224 514 8 50
224 514 9 50
224 514 10 50
224 514 11 50
224 514 12 50
224 514 13 50
224 514 14 50
224 514 15 50
224 514 16 50
224 514 17 50
224 514 18 50
224 514 19 50
224 514 20 50
224 514 21 50
224 514 22 50
224 514 23 50
224 514 24 50
224 514 25 50
224 514 26 50
224 514 27 50
224 514 28 50
224 514 29 50
224 514 30 50
224 514 31 50
224 514 32 50
224 514 33 50
224 514 34 50
224 514 35 50
224 514 36 50
224 514 37 50
224 514 38 50
224 514 39 50
224 514 40 50
224 514 41 50
224 514 42 50
224 514 43 50
224 514 44 50
224 514 45 50
224 514 46 50
224 514 47 50
224 514 48 50
224 514 49 50
224 770 0 50
224 770 1 50
224 770 2 50
224 770 3 50
224 770 4 50
224 770 5 50
224 770 6 50
224 770 7 50
224 770 8 50
224 770 9 50
224 770 10 50
224 770 11 50
224 770 12 50
224 770 13 50
224 770 14 50
224 770 15 50
224 770 16 50
224 770 17 50
224 770 18 50
224 770 19 50
224 770 20 50
224 770 21 50
224 770 22 50
224 770 23 50
224 770 24 50
224 770 25 50
224 770 26 50
224 770 27 50
224 770 28 50
224 770 29 50
224 770 30 50
224 770 31 50
224 770 32 50
224 770 33 50
224 770 34 50
224 770 35 50
224 770 36 50
224 770 37 50
224 770 38 50
224 770 39 50
224 770 40 50
224 770 41 50
224 770 42 50
224 770 43 50
224 770 44 50
224 770 45 50
224 770 46 50
224 770 47 50
224 770 48 50
224 770 49 50
226 1 0 43
226 1 1 50
226 1 2 50
226 1 3 50
226 1 4 50
226 1 5 50
226 1 6 50
226 1 7 50
226 1 8 50
226 1 9 50
226 1 10 50
226 1 11 50
226 1 12 50
226 1 13 50
226 1 14 50
226 1 15 50
226 1 16 50
226 1 17 50
226 1 18 47
226 1 19 36
226 1 20 50
226 1 21 50
226 1 22 40
226 1 23 50
226 1 24 50
226 1 25 50
226 1 26 50
226 1 27 39
226 1 28 50
226 1 29 50
226 1 30 50
226 1 31 50
226 1 32 50
226 1 33 50
226 1 34 50
226 1 35 50
226 1 36 50
226 1 37 50
226 1 38 50
226 1 39 50
226 1 40 50
226 1 41 50
226 1 42 47
226 1 43 50
226 1 44 50
226 1 45 50
226 1 46 48
226 1 47 50
226 1 48 50
226 1 49 50
226 258 0 50
226 258 1 50
226 258 2 50
226 258 3 50
226 258 4 50
226 258 5 50
226 258 6 50
226 258 7 50
226 258 8 50
226 258 9 50
226 258 10 50
226 258 11 50
226 258 12 50
226 258 13 50
226 258 14 50
226 258 15 50
226 258 16 50
226 258 17 50
226 258 18 50
226 258 19 50
226 258 20 50
226 258 21 50
226 258 22 50
226 258 23 50
226 258 24 50
226 258 25 50
226 258 26 50
226 258 27 50
226 258 28 50
226 258 29 50
226 258 30 50
226 258 31 50
226 258 32 50
226 258 33 50
226 258 34 50
226 258 35 50
226 258 36 50
226 258 37 50
226 258 38 50
226 258 39 50
226 258 40 50
226 258 41 50
226 258 42 50
226 258 43 50
226 258 44 50
226 258 45 50
226 258 46 50
226 258 47 50
226 258 48 50
226 258 49 50
236 769 0 2
236 769 1 1
236 769 2 1
236 769 3 2
236 769 4 1
236 769 5 3
236 769 6 3
236 769 7 2
236 769 8 4
236 769 9 2
236 769 10 3
236 769 11 2
236 769 12 3
236 769 13 6
236 769 14 4
236 769 15 9
236 769 16 7
236 769 17 5
236 769 18 8
236 769 19 4
236 769 20 14
236 769 21 7
236 769 22 6
236 769 23 5
236 769 24 14
236 769 25 8
236 769 26 9
236 769 27 5
236 769 28 6
236 769 29 3
236 769 30 6
236 769 31 3
236 769 32 8
236 769 33 7
236 769 34 8
236 769 35 7
236 769 36 10
236 769 37 2
236 769 38 5
236 769 39 5
236 769 40 3
236 769 41 5
236 769 42 5
236 769 43 3
236 769 44 3
236 769 45 8
236 769 46 6
236 769 47 10
236 769 48 8
236 769 49 9
241 257 0 50
241 257 1 50
241 257 2 50
241 257 3 50
241 257 4 50
241 257 5 50
241 257 6 50
241 257 7 50
241 257 8 50
241 257 9 50
241 257 10 50
241 257 11 50
241 257 12 50
241 257 13 50
241 257 14 50
241 257 15 50
241 257 16 50
241 257 17 50
241 257 18 50
241 257 19 50
241 257 20 50
241 257 21 50
241 257 22 50
241 257 23 50
241 257 24 50
241 257 25 50
241 257 26 50
241 257 27 50
241 257 28 50
241 257 29 50
241 257 30 50
241 257 31 50
241 257 32 50
241 257 33 50
241 257 34 50
241 257 35 50
241 257 36 50
241 257 37 50
241 257 38 50
241 257 39 50
241 257 40 50
241 257 41 50
241 257 42 50
241 257 43 50
241 257 44 50
241 257 45 50
241 257 46 50
241 257 47 50
241 257 48 50
241 257 49 50
242 257 0 33
242 257 1 34
242 257 2 33
242 257 3 32
242 257 4 34
242 257 5 33
242 257 6 33
242 257 7 34
242 257 8 33
242 257 9 33
242 257 10 34
242 257 11 32
242 257 12 33
242 257 13 34
242 257 14 33
242 257 15 34
242 257 16 34
242 257 17 33
242 257 18 33
242 257 19 34
242 257 20 33
242 257 21 33
242 257 22 34
242 257 23 33
242 257 24 33
242 257 25 34
242 257 26 33
242 257 27 33
242 257 28 34
242 257 29 33
242 257 30 33
242 257 31 34
242 257 32 33
242 257 33 33
242 257 34 34
242 257 35 32
242 257 36 33
242 257 37 34
242 257 38 33
242 257 39 33
242 257 40 34
242 257 41 33
242 257 42 34
242 257 43 34
242 257 44 33
242 257 45 33
242 257 46 35
242 257 47 33
242 257 48 34
242 257 49 35
245 257 0 50
245 257 1 50
245 257 2 50
245 257 3 50
245 257 4 50
245 257 5 50
245 257 6 50
245 257 7 50
245 257 8 50
245 257 9 50
245 257 10 50
245 257 11 50
245 257 12 50
245 257 13 50
245 257 14 50
245 257 15 50
245 257 16 50
245 257 17 50
245 257 18 50
245 257 19 50
245 257 20 50
245 257 21 50
245 257 22 50
245 257 23 50
245 257 24 50
245 257 25 50
245 257 26 50
245 257 27 50
245 257 28 50
245 257 29 50
245 257 30 50
245 257 31 50
245 257 32 50
245 257 33 50
245 257 34 50
245 257 35 50
245 257 36 50
245 257 37 50
245 257 38 50
245 257 39 50
245 257 40 50
245 257 41 50
245 257 42 50
245 257 43 50
245 257 44 50
245 257 45 50
245 257 46 50
245 257 47 50
245 257 48 50
245 257 49 50
246 1 0 8
246 1 1 7
246 1 2 4
246 1 3 9
246 1 4 7
246 1 5 7
246 1 6 9
246 1 7 11
246 1 8 7
246 1 9 10
246 1 10 8
246 1 11 11
246 1 12 9
246 1 13 9
246 1 14 8
246 1 15 10
246 1 16 11
246 1 17 7
246 1 18 7
246 1 19 13
246 1 20 6
246 1 21 6
246 1 22 6
246 1 23 10
246 1 24 9
246 1 25 11
246 1 26 14
246 1 27 10
246 1 28 12
246 1 29 13
246 1 30 13
246 1 31 12
246 1 32 17
246 1 33 15
246 1 34 15
246 1 35 18
246 1 36 19
246 1 37 20
246 1 38 22
246 1 39 14
246 1 40 15
246 1 41 18
246 1 42 14
246 1 43 12
246 1 44 17
246 1 45 17
246 1 46 19
246 1 47 17
246 1 48 19
246 1 49 22
253 259 0 50
253 259 1 50
253 259 2 50
253 259 3 50
253 259 4 50
253 259 5 50
253 259 6 50
253 259 7 50
253 259 8 50
253 259 9 50
253 259 10 50
253 259 11 50
253 259 12 50
253 259 13 50
253 259 14 50
253 259 15 50
253 259 16 50
253 259 17 50
253 259 18 50
253 259 19 50
253 259 20 50
253 259 21 50
253 259 22 50
253 259 23 50
253 259 24 50
253 259 25 50
253 259 26 50
253 259 27 50
253 259 28 50
253 259 29 50
253 259 30 50
253 259 31 50
253 259 32 50
253 259 33 50
253 259 34 50
253 259 35 50
253 259 36 50
253 259 37 50
253 259 38 50
253 259 39 50
253 259 40 50
253 259 41 50
253 259 42 50
253 259 43 50
253 259 44 50
253 259 45 50
253 259 46 50
253 259 47 50
253 259 48 50
253 259 49 50
274 259 0 50
274 259 1 50
274 259 2 50
274 259 3 50
274 259 4 50
274 259 5 50
274 259 6 50
274 259 7 50
274 259 8 50
274 259 9 50
274 259 10 50
274 259 11 50
274 259 12 50
274 259 13 50
274 259 14 50
274 259 15 50
274 259 16 50
274 259 17 50
274 259 18 50
274 259 19 50
274 259 20 50
274 259 21 50
274 259 22 50
274 259 23 50
274 259 24 50
274 259 25 50
274 259 26 50
274 259 27 50
274 259 28 50
274 259 29 50
274 259 30 50
274 259 31 50
274 259 32 50
274 259 33 50
274 259 34 50
274 259 35 50
274 259 36 50
274 259 37 50
274 259 38 50
274 259 39 50
274 259 40 50
274 259 41 50
274 259 42 50
274 259 43 50
274 259 44 50
274 259 45 50
274 259 46 50
274 259 47 50
274 259 48 50
274 259 49 50
277 257 0 50
277 257 1 50
277 257 2 50
277 257 3 50
277 257 4 50
277 257 5 50
277 257 6 50
277 257 7 50
277 257 8 50
277 257 9 50
277 257 10 50
277 257 11 50
277 257 12 50
277 257 13 50
277 257 14 50
277 257 15 50
277 257 16 50
277 257 17 50
277 257 18 50
277 257 19 50
277 257 20 50
277 257 21 50
277 257 22 50
277 257 23 50
277 257 24 50
277 257 25 50
277 257 26 50
277 257 27 50
277 257 28 50
277 257 29 50
277 257 30 50
277 257 31 50
277 257 32 50
277 257 33 50
277 257 34 50
277 257 35 50
277 257 36 50
277 257 37 50
277 257 38 50
277 257 39 50
277 257 40 50
277 257 41 50
277 257 42 50
277 257 43 50
277 257 44 50
277 257 45 50
277 257 46 50
277 257 47 50
277 257 48 50
277 257 49 50
283 771 0 50
283 771 1 50
283 771 2 50
283 771 3 50
283 771 4 50
283 771 5 50
283 771 6 50
283 771 7 50
283 771 8 50
283 771 9 50
283 771 10 50
283 771 11 50
283 771 12 50
283 771 13 50
283 771 14 50
283 771 15 50
283 771 16 50
283 771 17 50
283 771 18 50
283 771 19 50
283 771 20 50
283 771 21 50
283 771 22 50
283 771 23 50
283 771 24 50
283 771 25 50
283 771 26 50
283 771 27 50
283 771 28 50
283 771 29 50
283 771 30 50
283 771 31 50
283 771 32 50
283 771 33 50
283 771 34 50
283 771 35 50
283 771 36 50
283 771 37 50
283 771 38 50
283 771 39 50
283 771 40 50
283 771 41 50
283 771 42 50
283 771 43 50
283 771 44 50
283 771 45 50
283 771 46 50
283 771 47 50
283 771 48 50
283 771 49 50
296 256 0 50
296 256 1 50
296 256 2 50
296 256 3 50
296 256 4 50
296 256 5 50
296 256 6 50
296 256 7 50
296 256 8 50
296 256 9 50
296 256 10 50
296 256 11 50
296 256 12 50
296 256 13 50
296 256 14 50
296 256 15 50
296 256 16 50
296 256 17 50
296 256 18 50
296 256 19 50
296 256 20 50
296 256 21 50
296 256 22 50
296 256 23 50
296 256 24 50
296 256 25 50
296 256 26 50
296 256 27 50
296 256 28 50
296 256 29 50
296 256 30 50
296 256 31 50
296 256 32 50
296 256 33 50
296 256 34 50
296 256 35 50
296 256 36 50
296 256 37 50
296 256 38 50
296 256 39 50
296 256 40 50
296 256 41 50
296 256 42 50
296 256 43 50
296 256 44 50
296 256 45 50
296 256 46 50
296 256 47 50
296 256 48 50
296 256 49 50
300 0 0 50
300 0 1 50
300 0 2 50
300 0 3 50
300 0 4 50
300 0 5 50
300 0 6 50
300 0 7 50
300 0 8 50
300 0 9 50
300 0 10 50
300 0 11 50
300 0 12 50
300 0 13 50
300 0 14 50
300 0 15 50
300 0 16 50
300 0 17 50
300 0 18 50
300 0 19 50
300 0 20 50
300 0 21 50
300 0 22 50
300 0 23 50
300 0 24 50
300 0 25 50
300 0 26 50
300 0 27 50
300 0 28 50
300 0 29 50
300 0 30 50
300 0 31 50
300 0 32 50
300 0 33 50
300 0 34 50
300 0 35 50
300 0 36 50
300 0 37 50
300 0 38 50
300 0 39 50
300 0 40 50
300 0 41 50
300 0 42 50
300 0 43 50
300 0 44 50
300 0 45 50
300 0 46 50
300 0 47 50
300 0 48 50
300 0 49 50
301 257 0 50
301 257 1 50
301 257 2 50
301 257 3 50
301 257 4 50
301 257 5 50
301 257 6 50
301 257 7 50
301 257 8 50
301 257 9 50
301 257 10 50
301 257 11 50
301 257 12 50
301 257 13 50
301 257 14 50
301 257 15 50
301 257 16 50
301 257 17 50
301 257 18 50
301 257 19 50
301 257 20 50
301 257 21 50
301 257 22 50
301 257 23 50
301 257 24 50
301 257 25 50
301 257 26 50
301 257 27 50
301 257 28 50
301 257 29 50
301 257 30 50
301 257 31 50
301 257 32 50
301 257 33 50
301 257 34 50
301 257 35 50
301 257 36 50
301 257 37 50
301 257 38 50
301 257 39 50
301 257 40 50
301 257 41 50
301 257 42 50
301 257 43 50
301 257 44 50
301 257 45 50
301 257 46 50
301 257 47 50
301 257 48 50
301 257 49 50
308 257 0 50
308 257 1 50
308 257 2 50
308 257 3 50
308 257 4 50
308 257 5 50
308 257 6 50
308 257 7 50
308 257 8 50
308 257 9 50
308 257 10 50
308 257 11 50
308 257 12 50
308 257 13 50
308 257 14 50
308 257 15 50
308 257 16 50
308 257 17 50
308 257 18 50
308 257 19 50
308 257 20 50
308 257 21 50
308 257 22 50
308 257 23 50
308 257 24 50
308 257 25 50
308 257 26 50
308 257 27 50
308 257 28 50
308 257 29 50
308 257 30 50
308 257 31 50
308 257 32 50
308 257 33 50
308 257 34 50
308 257 35 50
308 257 36 50
308 257 37 50
308 257 38 50
308 257 39 50
308 257 40 50
308 257 41 50
308 257 42 50
308 257 43 50
308 257 44 50
308 257 45 50
308 257 46 50
308 257 47 50
308 257 48 50
308 257 49 50
312 259 0 50
312 259 1 50
312 259 2 50
312 259 3 50
312 259 4 50
312 259 5 50
312 259 6 50
312 259 7 50
312 259 8 50
312 259 9 50
312 259 10 50
312 259 11 50
312 259 12 50
312 259 13 50
312 259 14 50
312 259 15 50
312 259 16 50
312 259 17 50
312 259 18 50
312 259 19 50
312 259 20 50
312 259 21 50
312 259 22 50
312 259 23 50
312 259 24 50
312 259 25 50
312 259 26 50
312 259 27 50
312 259 28 50
312 259 29 50
312 259 30 50
312 259 31 50
312 259 32 50
312 259 33 50
312 259 34 50
312 259 35 50
312 259 36 50
312 259 37 50
312 259 38 50
312 259 39 50
312 259 40 50
312 259 41 50
312 259 42 50
312 259 43 50
312 259 44 50
312 259 45 50
312 259 46 50
312 259 47 50
312 259 48 50
312 259 49 50
314 513 0 50
314 513 1 50
314 513 2 50
314 513 3 50
314 513 4 50
314 513 5 50
314 513 6 50
314 513 7 50
314 513 8 50
314 513 9 50
314 513 10 50
314 513 11 50
314 513 12 50
314 513 13 50
314 513 14 50
314 513 15 50
314 513 16 50
314 513 17 50
314 513 18 50
314 513 19 50
314 513 20 50
314 513 21 50
314 513 22 50
314 513 23 50
314 513 24 50
314 513 25 50
314 513 26 50
314 513 27 50
314 513 28 50
314 513 29 50
314 513 30 50
314 513 31 50
314 513 32 50
314 513 33 50
314 513 34 50
314 513 35 50
314 513 36 50
314 513 37 50
314 513 38 50
314 513 39 50
314 513 40 50
314 513 41 50
314 513 42 50
314 513 43 50
314 513 44 50
314 513 45 50
314 513 46 50
314 513 47 50
314 513 48 50
314 513 49 50
318 259 0 50
318 259 1 50
318 259 2 50
318 259 3 50
318 259 4 50
318 259 5 50
318 259 6 50
318 259 7 50
318 259 8 50
318 259 9 50
318 259 10 50
318 259 11 50
318 259 12 50
318 259 13 50
318 259 14 50
318 259 15 50
318 259 16 50
318 259 17 50
318 259 18 50
318 259 19 50
318 259 20 50
318 259 21 50
318 259 22 50
318 259 23 50
318 259 24 50
318 259 25 50
318 259 26 50
318 259 27 50
318 259 28 50
318 259 29 50
318 259 30 50
318 259 31 50
318 259 32 50
318 259 33 50
318 259 34 50
318 259 35 50
318 259 36 50
318 259 37 50
318 259 38 50
318 259 39 50
318 259 40 50
318 259 41 50
318 259 42 50
318 259 43 50
318 259 44 50
318 259 45 50
318 259 46 50
318 259 47 50
318 259 48 50
318 259 49 50
320 3 0 16
320 3 1 16
320 3 2 15
320 3 3 13
320 3 4 16
320 3 5 15
320 3 6 14
320 3 7 16
320 3 8 14
320 3 9 17
320 3 10 15
320 3 11 15
320 3 12 15
320 3 13 15
320 3 14 12
320 3 15 15
320 3 16 15
320 3 17 15
320 3 18 16
320 3 19 15
320 3 20 16
320 3 21 14
320 3 22 13
320 3 23 16
320 3 24 15
320 3 25 16
320 3 26 14
320 3 27 15
320 3 28 13
320 3 29 16
320 3 30 16
320 3 31 15
320 3 32 16
320 3 33 17
320 3 34 15
320 3 35 16
320 3 36 16
320 3 37 14
320 3 38 12
320 3 39 16
320 3 40 15
320 3 41 14
320 3 42 17
320 3 43 17
320 3 44 14
320 3 45 15
320 3 46 16
320 3 47 14
320 3 48 15
320 3 49 15
321 259 0 50
321 259 1 50
321 259 2 50
321 259 3 50
321 259 4 50
321 259 5 50
321 259 6 50
321 259 7 50
321 259 8 50
321 259 9 50
321 259 10 50
321 259 11 50
321 259 12 50
321 259 13 50
321 259 14 50
321 259 15 50
321 259 16 50
321 259 17 50
321 259 18 50
321 259 19 50
321 259 20 50
321 259 21 50
321 259 22 50
321 259 23 50
321 259 24 50
321 259 25 50
321 259 26 50
321 259 27 50
321 259 28 50
321 259 29 50
321 259 30 50
321 259 31 50
321 259 32 50
321 259 33 50
321 259 34 50
321 259 35 50
321 259 36 50
321 259 37 50
321 259 38 50
321 259 39 50
321 259 40 50
321 259 41 50
321 259 42 50
321 259 43 50
321 259 44 50
321 259 45 50
321 259 46 50
321 259 47 50
321 259 48 50
321 259 49 50
329 769 0 50
329 769 1 50
329 769 2 50
329 769 3 50
329 769 4 50
329 769 5 50
329 769 6 50
329 769 7 50
329 769 8 50
329 769 9 50
329 769 10 50
329 769 11 50
329 769 12 50
329 769 13 50
329 769 14 50
329 769 15 50
329 769 16 50
329 769 17 50
329 769 18 50
329 769 19 50
329 769 20 50
329 769 21 50
329 769 22 50
329 769 23 50
329 769 24 50
329 769 25 50
329 769 26 50
329 769 27 50
329 769 28 50
329 769 29 50
329 769 30 50
329 769 31 50
329 769 32 50
329 769 33 50
329 769 34 50
329 769 35 50
329 769 36 50
329 769 37 50
329 769 38 50
329 769 39 50
329 769 40 50
329 769 41 50
329 769 42 50
329 769 43 50
329 769 44 50
329 769 45 50
329 769 46 50
329 769 47 50
329 769 48 50
329 769 49 50
340 259 0 50
340 259 1 50
340 259 2 50
340 259 3 50
340 259 4 50
340 259 5 50
340 259 6 50
340 259 7 50
340 259 8 50
340 259 9 50
340 259 10 50
340 259 11 50
340 259 12 50
340 259 13 50
340 259 14 50
340 259 15 50
340 259 16 50
340 259 17 50
340 259 18 50
340 259 19 50
340 259 20 50
340 259 21 50
340 259 22 50
340 259 23 50
340 259 24 50
340 259 25 50
340 259 26 50
340 259 27 50
340 259 28 50
340 259 29 50
340 259 30 50
340 259 31 50
340 259 32 50
340 259 33 50
340 259 34 50
340 259 35 50
340 259 36 50
340 259 37 50
340 259 38 50
340 259 39 50
340 259 40 50
340 259 41 50
340 259 42 50
340 259 43 50
340 259 44 50
340 259 45 50
340 259 46 50
340 259 47 50
340 259 48 50
340 259 49 50
343 256 0 50
343 256 1 50
343 256 2 50
343 256 3 50
343 256 4 50
343 256 5 50
343 256 6 50
343 256 7 50
343 256 8 50
343 256 9 50
343 256 10 50
343 256 11 50
343 256 12 50
343 256 13 50
343 256 14 50
343 256 15 50
343 256 16 50
343 256 17 50
343 256 18 50
343 256 19 50
343 256 20 50
343 256 21 50
343 256 22 50
343 256 23 50
343 256 24 50
343 256 25 50
343 256 26 50
343 256 27 50
343 256 28 50
343 256 29 50
343 256 30 50
343 256 31 50
343 256 32 50
343 256 33 50
343 256 34 50
343 256 35 50
343 256 36 50
343 256 37 50
343 256 38 50
343 256 39 50
343 256 40 50
343 256 41 50
343 256 42 50
343 256 43 50
343 256 44 50
343 256 45 50
343 256 46 50
343 256 47 50
343 256 48 50
343 256 49 50
345 2 0 50
345 2 1 50
345 2 2 50
345 2 3 50
345 2 4 50
345 2 5 50
345 2 6 50
345 2 7 50
345 2 8 50
345 2 9 50
345 2 10 50
345 2 11 50
345 2 12 50
345 2 13 50
345 2 14 50
345 2 15 50
345 2 16 50
345 2 17 50
345 2 18 50
345 2 19 50
345 2 20 50
345 2 21 50
345 2 22 50
345 2 23 50
345 2 24 50
345 2 25 50
345 2 26 50
345 2 27 50
345 2 28 50
345 2 29 50
345 2 30 50
345 2 31 50
345 2 32 50
345 2 33 50
345 2 34 50
345 2 35 50
345 2 36 50
345 2 37 50
345 2 38 50
345 2 39 50
345 2 40 50
345 2 41 50
345 2 42 50
345 2 43 50
345 2 44 50
345 2 45 50
345 2 46 50
345 2 47 50
345 2 48 50
345 2 49 50
349 258 0 50
349 258 1 50
349 258 2 50
349 258 3 50
349 258 4 50
349 258 5 50
349 258 6 50
349 258 7 50
349 258 8 50
349 258 9 50
349 258 10 50
349 258 11 50
349 258 12 50
349 258 13 50
349 258 14 50
349 258 15 50
349 258 16 50
349 258 17 50
349 258 18 50
349 258 19 50
349 258 20 50
349 258 21 50
349 258 22 50
349 258 23 50
349 258 24 50
349 258 25 50
349 258 26 50
349 258 27 50
349 258 28 50
349 258 29 50
349 258 30 50
349 258 31 50
349 258 32 50
349 258 33 50
349 258 34 50
349 258 35 50
349 258 36 50
349 258 37 50
349 258 38 50
349 258 39 50
349 258 40 50
349 258 41 50
349 258 42 50
349 258 43 50
349 258 44 50
349 258 45 50
349 258 46 50
349 258 47 50
349 258 48 50
349 258 49 50
349 514 0 50
349 514 1 50
349 514 2 50
349 514 3 50
349 514 4 50
349 514 5 50
349 514 6 50
349 514 7 50
349 514 8 50
349 514 9 50
349 514 10 50
349 514 11 50
349 514 12 50
349 514 13 50
349 514 14 50
349 514 15 50
349 514 16 50
349 514 17 50
349 514 18 50
349 514 19 50
349 514 20 50
349 514 21 50
349 514 22 50
349 514 23 50
349 514 24 50
349 514 25 50
349 514 26 50
349 514 27 50
349 514 28 50
349 514 29 50
349 514 30 50
349 514 31 50
349 514 32 50
349 514 33 50
349 514 34 50
349 514 35 50
349 514 36 50
349 514 37 50
349 514 38 50
349 514 39 50
349 514 40 50
349 514 41 50
349 514 42 50
349 514 43 50
349 514 44 50
349 514 45 50
349 514 46 50
349 514 47 50
349 514 48 50
349 514 49 50
353 513 0 50
353 513 1 50
353 513 2 50
353 513 3 50
353 513 4 50
353 513 5 50
353 513 6 50
353 513 7 50
353 513 8 50
353 513 9 50
353 513 10 50
353 513 11 50
353 513 12 50
353 513 13 50
353 513 14 50
353 513 15 50
353 513 16 50
353 513 17 50
353 513 18 50
353 513 19 50
353 513 20 50
353 513 21 50
353 513 22 50
353 513 23 50
353 513 24 50
353 513 25 50
353 513 26 50
353 513 27 50
353 513 28 50
353 513 29 50
353 513 30 50
353 513 31 50
353 513 32 50
353 513 33 50
353 513 34 50
353 513 35 50
353 513 36 50
353 513 37 50
353 513 38 50
353 513 39 50
353 513 40 50
353 513 41 50
353 513 42 50
353 513 43 50
353 513 44 50
353 513 45 50
353 513 46 50
353 513 47 50
353 513 48 50
353 513 49 50
356 514 0 50
356 514 1 50
356 514 2 50
356 514 3 50
356 514 4 50
356 514 5 50
356 514 6 50
356 514 7 50
356 514 8 50
356 514 9 50
356 514 10 50
356 514 11 50
356 514 12 50
356 514 13 50
356 514 14 50
356 514 15 50
356 514 16 50
356 514 17 50
356 514 18 50
356 514 19 50
356 514 20 50
356 514 21 50
356 514 22 50
356 514 23 50
356 514 24 50
356 514 25 50
356 514 26 50
356 514 27 50
356 514 28 50
356 514 29 50
356 514 30 50
356 514 31 50
356 514 32 50
356 514 33 50
356 514 34 50
356 514 35 50
356 514 36 50
356 514 37 50
356 514 38 50
356 514 39 50
356 514 40 50
356 514 41 50
356 514 42 50
356 514 43 50
356 514 44 50
356 514 45 50
356 514 46 50
356 514 47 50
356 514 48 50
356 514 49 50
363 0 0 50
363 0 1 50
363 0 2 50
363 0 3 50
363 0 4 50
363 0 5 50
363 0 6 50
363 0 7 50
363 0 8 50
363 0 9 50
363 0 10 50
363 0 11 50
363 0 12 50
363 0 13 50
363 0 14 50
363 0 15 50
363 0 16 50
363 0 17 50
363 0 18 50
363 0 19 50
363 0 20 50
363 0 21 50
363 0 22 50
363 0 23 50
363 0 24 50
363 0 25 50
363 0 26 50
363 0 27 50
363 0 28 50
363 0 29 50
363 0 30 50
363 0 31 50
363 0 32 50
363 0 33 50
363 0 34 50
363 0 35 50
363 0 36 50
363 0 37 50
363 0 38 50
363 0 39 50
363 0 40 50
363 0 41 50
363 0 42 50
363 0 43 50
363 0 44 50
363 0 45 50
363 0 46 50
363 0 47 50
363 0 48 50
363 0 49 50
364 768 0 50
364 768 1 50
364 768 2 50
364 768 3 50
364 768 4 50
364 768 5 50
364 768 6 50
364 768 7 50
364 768 8 50
364 768 9 50
364 768 10 50
364 768 11 50
364 768 12 50
364 768 13 50
364 768 14 50
364 768 15 50
364 768 16 50
364 768 17 50
364 768 18 50
364 768 19 50
364 768 20 50
364 768 21 50
364 768 22 50
364 768 23 50
364 768 24 50
364 768 25 50
364 768 26 50
364 768 27 50
364 768 28 50
364 768 29 50
364 768 30 50
364 768 31 50
364 768 32 50
364 768 33 50
364 768 34 50
364 768 35 50
364 768 36 50
364 768 37 50
364 768 38 50
364 768 39 50
364 768 40 50
364 768 41 50
364 768 42 50
364 768 43 50
364 768 44 50
364 768 45 50
364 768 46 50
364 768 47 50
364 768 48 50
364 768 49 50
374 769 0 47
374 769 1 43
374 769 2 45
374 769 3 44
374 769 4 43
374 769 5 47
374 769 6 48
374 769 7 44
374 769 8 44
374 769 9 47
374 769 10 46
374 769 11 48
374 769 12 49
374 769 13 46
374 769 14 46
374 769 15 45
374 769 16 47
374 769 17 48
374 769 18 46
374 769 19 49
374 769 20 49
374 769 21 47
374 769 22 49
374 769 23 47
374 769 24 46
374 769 25 45
374 769 26 46
374 769 27 47
374 769 28 48
374 769 29 45
374 769 30 44
374 769 31 48
374 769 32 48
374 769 33 48
374 769 34 49
374 769 35 50
374 769 36 47
374 769 37 50
374 769 38 46
374 769 39 45
374 769 40 49
374 769 41 47
374 769 42 48
374 769 43 50
374 769 44 47
374 769 45 50
374 769 46 48
374 769 47 50
374 769 48 47
374 769 49 49
379 1 0 50
379 1 1 50
379 1 2 50
379 1 3 50
379 1 4 50
379 1 5 50
379 1 6 50
379 1 7 50
379 1 8 50
379 1 9 50
379 1 10 50
379 1 11 50
379 1 12 50
379 1 13 50
379 1 14 50
379 1 15 50
379 1 16 50
379 1 17 50
379 1 18 50
379 1 19 50
379 1 20 50
379 1 21 50
379 1 22 50
379 1 23 50
379 1 24 50
379 1 25 50
379 1 26 50
379 1 27 50
379 1 28 50
379 1 29 50
379 1 30 50
379 1 31 50
379 1 32 50
379 1 33 50
379 1 34 50
379 1 35 50
379 1 36 50
379 1 37 50
379 1 38 50
379 1 39 50
379 1 40 50
379 1 41 50
379 1 42 50
379 1 43 50
379 1 44 50
379 1 45 50
379 1 46 50
379 1 47 50
379 1 48 50
379 1 49 50
387 514 0 50
387 514 1 50
387 514 2 50
387 514 3 50
387 514 4 50
387 514 5 50
387 514 6 50
387 514 7 50
387 514 8 50
387 514 9 50
387 514 10 50
387 514 11 50
387 514 12 50
387 514 13 50
387 514 14 50
387 514 15 50
387 514 16 50
387 514 17 50
387 514 18 50
387 514 19 50
387 514 20 50
387 514 21 50
387 514 22 50
387 514 23 50
387 514 24 50
387 514 25 50
387 514 26 50
387 514 27 50
387 514 28 50
387 514 29 50
387 514 30 50
387 514 31 50
387 514 32 50
387 514 33 50
387 514 34 50
387 514 35 50
387 514 36 50
387 514 37 50
387 514 38 50
387 514 39 50
387 514 40 50
387 514 41 50
387 514 42 50
387 514 43 50
387 514 44 50
387 514 45 50
387 514 46 50
387 514 47 50
387 514 48 50
387 514 49 50
388 258 0 50
388 258 1 50
388 258 2 50
388 258 3 50
388 258 4 50
388 258 5 50
388 258 6 50
388 258 7 50
388 258 8 50
388 258 9 50
388 258 10 50
388 258 11 50
388 258 12 50
388 258 13 50
388 258 14 50
388 258 15 50
388 258 16 50
388 258 17 50
388 258 18 50
388 258 19 50
388 258 20 50
388 258 21 50
388 258 22 50
388 258 23 50
388 258 24 50
388 258 25 50
388 258 26 50
388 258 27 50
388 258 28 50
388 258 29 50
388 258 30 50
388 258 31 50
388 258 32 50
388 258 33 50
388 258 34 50
388 258 35 50
388 258 36 50
388 258 37 50
388 258 38 50
388 258 39 50
388 258 40 50
388 258 41 50
388 258 42 50
388 258 43 50
388 258 44 50
388 258 45 50
388 258 46 50
388 258 47 50
388 258 48 50
388 258 49 50
389 257 0 50
389 257 1 50
389 257 2 50
389 257 3 50
389 257 4 50
389 257 5 50
389 257 6 50
389 257 7 50
389 257 8 50
389 257 9 50
389 257 10 50
389 257 11 50
389 257 12 50
389 257 13 50
389 257 14 50
389 257 15 50
389 257 16 50
389 257 17 50
389 257 18 50
389 257 19 50
389 257 20 50
389 257 21 50
389 257 22 50
389 257 23 50
389 257 24 50
389 257 25 50
389 257 26 50
389 257 27 50
389 257 28 50
389 257 29 50
389 257 30 50
389 257 31 50
389 257 32 50
389 257 33 50
389 257 34 50
389 257 35 50
389 257 36 50
389 257 37 50
389 257 38 50
389 257 39 50
389 257 40 50
389 257 41 50
389 257 42 50
389 257 43 50
389 257 44 50
389 257 45 50
389 257 46 50
389 257 47 50
389 257 48 50
389 257 49 50
394 512 0 50
394 512 1 50
394 512 2 50
394 512 3 50
394 512 4 50
394 512 5 50
394 512 6 50
394 512 7 50
394 512 8 50
394 512 9 50
394 512 10 50
394 512 11 50
394 512 12 50
394 512 13 50
394 512 14 50
394 512 15 50
394 512 16 50
394 512 17 50
394 512 18 50
394 512 19 50
394 512 20 50
394 512 21 50
394 512 22 50
394 512 23 50
394 512 24 50
394 512 25 50
394 512 26 50
394 512 27 50
394 512 28 50
394 512 29 50
394 512 30 50
394 512 31 50
394 512 32 50
394 512 33 50
394 512 34 50
394 512 35 50
394 512 36 50
394 512 37 50
394 512 38 50
394 512 39 50
394 512 40 50
394 512 41 50
394 512 42 50
394 512 43 50
394 512 44 50
394 512 45 50
394 512 46 50
394 512 47 50
394 512 48 50
394 512 49 50
396 1 0 50
396 1 1 49
396 1 2 50
396 1 3 49
396 1 4 49
396 1 5 49
396 1 6 50
396 1 7 49
396 1 8 49
396 1 9 50
396 1 10 50
396 1 11 50
396 1 12 50
396 1 13 50
396 1 14 50
396 1 15 50
396 1 16 49
396 1 17 50
396 1 18 49
396 1 19 50
396 1 20 50
396 1 21 50
396 1 22 50
396 1 23 50
396 1 24 50
396 1 25 50
396 1 26 50
396 1 27 50
396 1 28 50
396 1 29 50
396 1 30 50
396 1 31 50
396 1 32 50
396 1 33 49
396 1 34 50
396 1 35 50
396 1 36 50
396 1 37 50
396 1 38 50
396 1 39 50
396 1 40 50
396 1 41 50
396 1 42 50
396 1 43 50
396 1 44 50
396 1 45 50
396 1 46 50
396 1 47 50
396 1 48 50
396 1 49 50
397 512 0 50
397 512 1 50
397 512 2 50
397 512 3 50
397 512 4 50
397 512 5 50
397 512 6 50
397 512 7 50
397 512 8 50
397 512 9 50
397 512 10 50
397 512 11 50
397 512 12 50
397 512 13 50
397 512 14 50
397 512 15 50
397 512 16 50
397 512 17 50
397 512 18 50
397 512 19 50
397 512 20 50
397 512 21 50
397 512 22 50
397 512 23 50
397 512 24 50
397 512 25 50
397 512 26 50
397 512 27 50
397 512 28 50
397 512 29 50
397 512 30 50
397 512 31 50
397 512 32 50
397 512 33 50
397 512 34 50
397 512 35 50
397 512 36 50
397 512 37 50
397 512 38 50
397 512 39 50
397 512 40 50
397 512 41 50
397 512 42 50
397 512 43 50
397 512 44 50
397 512 45 50
397 512 46 50
397 512 47 50
397 512 48 50
397 512 49 50
399 1 0 29
399 1 1 30
399 1 2 30
399 1 3 27
399 1 4 24
399 1 5 30
399 1 6 26
399 1 7 25
399 1 8 33
399 1 9 27
399 1 10 28
399 1 11 25
399 1 12 26
399 1 13 29
399 1 14 25
399 1 15 27
399 1 16 30
399 1 17 27
399 1 18 20
399 1 19 27
399 1 20 24
399 1 21 27
399 1 22 31
399 1 23 27
399 1 24 23
399 1 25 27
399 1 26 26
399 1 27 31
399 1 28 25
399 1 29 26
399 1 30 30
399 1 31 25
399 1 32 30
399 1 33 34
399 1 34 27
399 1 35 29
399 1 36 25
399 1 37 24
399 1 38 24
399 1 39 29
399 1 40 37
399 1 41 27
399 1 42 39
399 1 43 30
399 1 44 28
399 1 45 24
399 1 46 33
399 1 47 27
399 1 48 27
399 1 49 23
400 770 0 50
400 770 1 50
400 770 2 50
400 770 3 50
400 770 4 50
400 770 5 50
400 770 6 50
400 770 7 50
400 770 8 50
400 770 9 50
400 770 10 50
400 770 11 50
400 770 12 50
400 770 13 50
400 770 14 50
400 770 15 50
400 770 16 50
400 770 17 50
400 770 18 50
400 770 19 50
400 770 20 50
400 770 21 50
400 770 22 50
400 770 23 50
400 770 24 50
400 770 25 50
400 770 26 50
400 770 27 50
400 770 28 50
400 770 29 50
400 770 30 50
400 770 31 50
400 770 32 50
400 770 33 50
400 770 34 50
400 770 35 50
400 770 36 50
400 770 37 50
400 770 38 50
400 770 39 50
400 770 40 50
400 770 41 50
400 770 42 50
400 770 43 50
400 770 44 50
400 770 45 50
400 770 46 50
400 770 47 50
400 770 48 50
400 770 49 50
401 256 0 50
401 256 1 50
401 256 2 50
401 256 3 50
401 256 4 50
401 256 5 50
401 256 6 50
401 256 7 50
401 256 8 50
401 256 9 50
401 256 10 50
401 256 11 50
401 256 12 50
401 256 13 50
401 256 14 50
401 256 15 50
401 256 16 50
401 256 17 50
401 256 18 50
401 256 19 50
401 256 20 50
401 256 21 50
401 256 22 50
401 256 23 50
401 256 24 50
401 256 25 50
401 256 26 50
401 256 27 50
401 256 28 50
401 256 29 50
401 256 30 50
401 256 31 50
401 256 32 50
401 256 33 50
401 256 34 50
401 256 35 50
401 256 36 50
401 256 37 50
401 256 38 50
401 256 39 50
401 256 40 50
401 256 41 50
401 256 42 50
401 256 43 50
401 256 44 50
401 256 45 50
401 256 46 50
401 256 47 50
401 256 48 50
401 256 49 50
402 768 0 50
402 768 1 50
402 768 2 50
402 768 3 50
402 768 4 50
402 768 5 50
402 768 6 50
402 768 7 50
402 768 8 50
402 768 9 50
402 768 10 50
402 768 11 50
402 768 12 50
402 768 13 50
402 768 14 50
402 768 15 50
402 768 16 50
402 768 17 50
402 768 18 50
402 768 19 50
402 768 20 50
402 768 21 50
402 768 22 50
402 768 23 50
402 768 24 50
402 768 25 50
402 768 26 50
402 768 27 50
402 768 28 50
402 768 29 50
402 768 30 50
402 768 31 50
402 768 32 50
402 768 33 50
402 768 34 50
402 768 35 50
402 768 36 50
402 768 37 50
402 768 38 50
402 768 39 50
402 768 40 50
402 768 41 50
402 768 42 50
402 768 43 50
402 768 44 50
402 768 45 50
402 768 46 50
402 768 47 50
402 768 48 50
402 768 49 50
404 259 0 50
404 259 1 50
404 259 2 50
404 259 3 50
404 259 4 50
404 259 5 50
404 259 6 50
404 259 7 50
404 259 8 50
404 259 9 50
404 259 10 50
404 259 11 50
404 259 12 50
404 259 13 50
404 259 14 50
404 259 15 50
404 259 16 50
404 259 17 50
404 259 18 50
404 259 19 50
404 259 20 50
404 259 21 50
404 259 22 50
404 259 23 50
404 259 24 50
404 259 25 50
404 259 26 50
404 259 27 50
404 259 28 50
404 259 29 50
404 259 30 50
404 259 31 50
404 259 32 50
404 259 33 50
404 259 34 50
404 259 35 50
404 259 36 50
404 259 37 50
404 259 38 50
404 259 39 50
404 259 40 50
404 259 41 50
404 259 42 50
404 259 43 50
404 259 44 50
404 259 45 50
404 259 46 50
404 259 47 50
404 259 48 50
404 259 49 50
405 1 0 50
405 1 1 50
405 1 2 50
405 1 3 50
405 1 4 50
405 1 5 50
405 1 6 50
405 1 7 50
405 1 8 50
405 1 9 50
405 1 10 50
405 1 11 50
405 1 12 50
405 1 13 50
405 1 14 50
405 1 15 50
405 1 16 50
405 1 17 50
405 1 18 50
405 1 19 50
405 1 20 50
405 1 21 50
405 1 22 50
405 1 23 50
405 1 24 50
405 1 25 50
405 1 26 50
405 1 27 50
405 1 28 50
405 1 29 50
405 1 30 50
405 1 31 50
405 1 32 50
405 1 33 50
405 1 34 50
405 1 35 50
405 1 36 50
405 1 37 50
405 1 38 50
405 1 39 50
405 1 40 50
405 1 41 50
405 1 42 50
405 1 43 50
405 1 44 50
405 1 45 50
405 1 46 50
405 1 47 50
405 1 48 50
405 1 49 50
407 514 0 50
407 514 1 50
407 514 2 50
407 514 3 50
407 514 4 50
407 514 5 50
407 514 6 50
407 514 7 50
407 514 8 50
407 514 9 50
407 514 10 50
407 514 11 50
407 514 12 50
407 514 13 50
407 514 14 50
407 514 15 50
407 514 16 50
407 514 17 50
407 514 18 50
407 514 19 50
407 514 20 50
407 514 21 50
407 514 22 50
407 514 23 50
407 514 24 50
407 514 25 50
407 514 26 50
407 514 27 50
407 514 28 50
407 514 29 50
407 514 30 50
407 514 31 50
407 514 32 50
407 514 33 50
407 514 34 50
407 514 35 50
407 514 36 50
407 514 37 50
407 514 38 50
407 514 39 50
407 514 40 50
407 514 41 50
407 514 42 50
407 514 43 50
407 514 44 50
407 514 45 50
407 514 46 50
407 514 47 50
407 514 48 50
407 514 49 50
411 2 0 50
411 2 1 50
411 2 2 50
411 2 3 50
411 2 4 50
411 2 5 50
411 2 6 50
411 2 7 50
411 2 8 50
411 2 9 50
411 2 10 50
411 2 11 50
411 2 12 50
411 2 13 50
411 2 14 50
411 2 15 50
411 2 16 50
411 2 17 50
411 2 18 50
411 2 19 50
411 2 20 50
411 2 21 50
411 2 22 50
411 2 23 50
411 2 24 50
411 2 25 50
411 2 26 50
411 2 27 50
411 2 28 50
411 2 29 50
411 2 30 50
411 2 31 50
411 2 32 50
411 2 33 50
411 2 34 50
411 2 35 50
411 2 36 50
411 2 37 50
411 2 38 50
411 2 39 50
411 2 40 50
411 2 41 50
411 2 42 50
411 2 43 50
411 2 44 50
411 2 45 50
411 2 46 50
411 2 47 50
411 2 48 50
411 2 49 50
415 3 0 50
415 3 1 50
415 3 2 50
415 3 3 50
415 3 4 50
415 3 5 50
415 3 6 50
415 3 7 50
415 3 8 50
415 3 9 50
415 3 10 50
415 3 11 49
415 3 12 50
415 3 13 50
415 3 14 50
415 3 15 50
415 3 16 50
415 3 17 50
415 3 18 50
415 3 19 50
415 3 20 50
415 3 21 50
415 3 22 50
415 3 23 50
415 3 24 50
415 3 25 50
415 3 26 50
415 3 27 50
415 3 28 50
415 3 29 50
415 3 30 50
415 3 31 50
415 3 32 50
415 3 33 50
415 3 34 50
415 3 35 50
415 3 36 50
415 3 37 50
415 3 38 50
415 3 39 50
415 3 40 50
415 3 41 50
415 3 42 50
415 3 43 50
415 3 44 50
415 3 45 50
415 3 46 50
415 3 47 50
415 3 48 50
415 3 49 50
425 768 0 50
425 768 1 50
425 768 2 50
425 768 3 50
425 768 4 50
425 768 5 50
425 768 6 50
425 768 7 50
425 768 8 50
425 768 9 50
425 768 10 50
425 768 11 50
425 768 12 50
425 768 13 50
425 768 14 50
425 768 15 50
425 768 16 50
425 768 17 50
425 768 18 50
425 768 19 50
425 768 20 50
425 768 21 50
425 768 22 50
425 768 23 50
425 768 24 50
425 768 25 50
425 768 26 50
425 768 27 50
425 768 28 50
425 768 29 50
425 768 30 50
425 768 31 50
425 768 32 50
425 768 33 50
425 768 34 50
425 768 35 50
425 768 36 50
425 768 37 50
425 768 38 50
425 768 39 50
425 768 40 50
425 768 41 50
425 768 42 50
425 768 43 50
425 768 44 50
425 768 45 50
425 768 46 50
425 768 47 50
425 768 48 50
425 768 49 50
426 514 0 50
426 514 1 50
426 514 2 50
426 514 3 50
426 514 4 50
426 514 5 50
426 514 6 50
426 514 7 50
426 514 8 50
426 514 9 50
426 514 10 50
426 514 11 50
426 514 12 50
426 514 13 50
426 514 14 50
426 514 15 50
426 514 16 50
426 514 17 50
426 514 18 50
426 514 19 50
426 514 20 50
426 514 21 50
426 514 22 50
426 514 23 50
426 514 24 50
426 514 25 50
426 514 26 50
426 514 27 50
426 514 28 50
426 514 29 50
426 514 30 50
426 514 31 50
426 514 32 50
426 514 33 50
426 514 34 50
426 514 35 50
426 514 36 50
426 514 37 50
426 514 38 50
426 514 39 50
426 514 40 50
426 514 41 50
426 514 42 50
426 514 43 50
426 514 44 50
426 514 45 50
426 514 46 50
426 514 47 50
426 514 48 50
426 514 49 50
427 258 0 50
427 258 1 50
427 258 2 50
427 258 3 50
427 258 4 50
427 258 5 50
427 258 6 50
427 258 7 50
427 258 8 50
427 258 9 50
427 258 10 50
427 258 11 50
427 258 12 50
427 258 13 50
427 258 14 50
427 258 15 50
427 258 16 50
427 258 17 50
427 258 18 50
427 258 19 50
427 258 20 50
427 258 21 50
427 258 22 50
427 258 23 50
427 258 24 50
427 258 25 50
427 258 26 50
427 258 27 50
427 258 28 50
427 258 29 50
427 258 30 50
427 258 31 50
427 258 32 50
427 258 33 50
427 258 34 50
427 258 35 50
427 258 36 50
427 258 37 50
427 258 38 50
427 258 39 50
427 258 40 50
427 258 41 50
427 258 42 50
427 258 43 50
427 258 44 50
427 258 45 50
427 258 46 50
427 258 47 50
427 258 48 50
427 258 49 50
432 514 0 1
432 514 1 1
432 514 2 2
432 514 3 1
432 514 4 1
432 514 5 3
432 514 6 0
432 514 7 0
432 514 8 0
432 514 9 0
432 514 10 0
432 514 11 0
432 514 12 0
432 514 13 1
432 514 14 0
432 514 15 1
432 514 16 1
432 514 17 0
432 514 18 3
432 514 19 0
432 514 20 0
432 514 21 1
432 514 22 0
432 514 23 0
432 514 24 0
432 514 25 0
432 514 26 0
432 514 27 0
432 514 28 2
432 514 29 0
432 514 30 1
432 514 31 0
432 514 32 5
432 514 33 6
432 514 34 0
432 514 35 0
432 514 36 5
432 514 37 0
432 514 38 0
432 514 39 2
432 514 40 0
432 514 41 1
432 514 42 2
432 514 43 3
432 514 44 2
432 514 45 6
432 514 46 4
432 514 47 1
432 514 48 4
432 514 49 1
434 258 0 3
434 258 1 0
434 258 2 3
434 258 3 3
434 258 4 0
434 258 5 4
434 258 6 2
434 258 7 1
434 258 8 0
434 258 9 0
434 258 10 0
434 258 11 0
434 258 12 0
434 258 13 0
434 258 14 0
434 258 15 2
434 258 16 6
434 258 17 0
434 258 18 1
434 258 19 3
434 258 20 0
434 258 21 3
434 258 22 1
434 258 23 6
434 258 24 5
434 258 25 2
434 258 26 1
434 258 27 0
434 258 28 0
434 258 29 1
434 258 30 0
434 258 31 0
434 258 32 9
434 258 33 11
434 258 34 6
434 258 35 5
434 258 36 2
434 258 37 5
434 258 38 4
434 258 39 4
434 258 40 4
434 258 41 7
434 258 42 0
434 258 43 2
434 258 44 9
434 258 45 3
434 258 46 0
434 258 47 12
434 258 48 3
434 258 49 0
435 3 0 50
435 3 1 50
435 3 2 50
435 3 3 50
435 3 4 50
435 3 5 50
435 3 6 50
435 3 7 50
435 3 8 50
435 3 9 50
435 3 10 50
435 3 11 50
435 3 12 50
435 3 13 50
435 3 14 50
435 3 15 50
435 3 16 50
435 3 17 50
435 3 18 50
435 3 19 50
435 3 20 50
435 3 21 50
435 3 22 50
435 3 23 50
435 3 24 50
435 3 25 50
435 3 26 50
435 3 27 50
435 3 28 50
435 3 29 50
435 3 30 50
435 3 31 50
435 3 32 50
435 3 33 50
435 3 34 50
435 3 35 50
435 3 36 50
435 3 37 50
435 3 38 50
435 3 39 50
435 3 40 50
435 3 41 50
435 3 42 50
435 3 43 50
435 3 44 50
435 3 45 50
435 3 46 50
435 3 47 50
435 3 48 50
435 3 49 50
438 514 0 50
438 514 1 50
438 514 2 50
438 514 3 50
438 514 4 50
438 514 5 50
438 514 6 50
438 514 7 50
438 514 8 50
438 514 9 50
438 514 10 50
438 514 11 50
438 514 12 50
438 514 13 50
438 514 14 50
438 514 15 50
438 514 16 50
438 514 17 50
438 514 18 50
438 514 19 50
438 514 20 50
438 514 21 50
438 514 22 50
438 514 23 50
438 514 24 50
438 514 25 50
438 514 26 50
438 514 27 50
438 514 28 50
438 514 29 50
438 514 30 50
438 514 31 50
438 514 32 50
438 514 33 50
438 514 34 50
438 514 35 50
438 514 36 50
438 514 37 50
438 514 38 50
438 514 39 50
438 514 40 50
438 514 41 50
438 514 42 50
438 514 43 50
438 514 44 50
438 514 45 50
438 514 46 50
438 514 47 50
438 514 48 50
438 514 49 50
440 1 0 50
440 1 1 50
440 1 2 50
440 1 3 50
440 1 4 50
440 1 5 50
440 1 6 50
440 1 7 50
440 1 8 50
440 1 9 50
440 1 10 50
440 1 11 50
440 1 12 50
440 1 13 50
440 1 14 50
440 1 15 50
440 1 16 50
440 1 17 50
440 1 18 50
440 1 19 50
440 1 20 50
440 1 21 50
440 1 22 50
440 1 23 50
440 1 24 50
440 1 25 50
440 1 26 50
440 1 27 50
440 1 28 50
440 1 29 50
440 1 30 50
440 1 31 50
440 1 32 50
440 1 33 50
440 1 34 50
440 1 35 50
440 1 36 50
440 1 37 50
440 1 38 50
440 1 39 50
440 1 40 50
440 1 41 50
440 1 42 50
440 1 43 50
440 1 44 50
440 1 45 50
440 1 46 50
440 1 47 50
440 1 48 50
440 1 49 50
440 257 0 50
440 257 1 50
440 257 2 50
440 257 3 50
440 257 4 50
440 257 5 50
440 257 6 50
440 257 7 50
440 257 8 50
440 257 9 50
440 257 10 50
440 257 11 50
440 257 12 50
440 257 13 50
440 257 14 50
440 257 15 50
440 257 16 50
440 257 17 50
440 257 18 50
440 257 19 50
440 257 20 50
440 257 21 50
440 257 22 50
440 257 23 50
440 257 24 50
440 257 25 50
440 257 26 50
440 257 27 50
440 257 28 50
440 257 29 50
440 257 30 50
440 257 31 50
440 257 32 50
440 257 33 50
440 257 34 50
440 257 35 50
440 257 36 50
440 257 37 50
440 257 38 50
440 257 39 50
440 257 40 50
440 257 41 50
440 257 42 50
440 257 43 50
440 257 44 50
440 257 45 50
440 257 46 50
440 257 47 50
440 257 48 50
440 257 49 50
442 514 0 50
442 514 1 50
442 514 2 50
442 514 3 50
442 514 4 50
442 514 5 50
442 514 6 50
442 514 7 50
442 514 8 50
442 514 9 50
442 514 10 50
442 514 11 50
442 514 12 50
442 514 13 50
442 514 14 50
442 514 15 50
442 514 16 50
442 514 17 50
442 514 18 50
442 514 19 50
442 514 20 50
442 514 21 50
442 514 22 50
442 514 23 50
442 514 24 50
442 514 25 50
442 514 26 50
442 514 27 50
442 514 28 50
442 514 29 50
442 514 30 50
442 514 31 50
442 514 32 50
442 514 33 50
442 514 34 50
442 514 35 50
442 514 36 50
442 514 37 50
442 514 38 50
442 514 39 50
442 514 40 50
442 514 41 50
442 514 42 50
442 514 43 50
442 514 44 50
442 514 45 50
442 514 46 50
442 514 47 50
442 514 48 50
442 514 49 50
448 513 0 50
448 513 1 50
448 513 2 50
448 513 3 50
448 513 4 50
448 513 5 50
448 513 6 50
448 513 7 50
448 513 8 50
448 513 9 50
448 513 10 50
448 513 11 50
448 513 12 50
448 513 13 50
448 513 14 50
448 513 15 50
448 513 16 50
448 513 17 50
448 513 18 50
448 513 19 50
448 513 20 50
448 513 21 50
448 513 22 50
448 513 23 50
448 513 24 50
448 513 25 50
448 513 26 50
448 513 27 50
448 513 28 50
448 513 29 50
448 513 30 50
448 513 31 50
448 513 32 50
448 513 33 50
448 513 34 50
448 513 35 50
448 513 36 50
448 513 37 50
448 513 38 50
448 513 39 50
448 513 40 50
448 513 41 50
448 513 42 50
448 513 43 50
448 513 44 50
448 513 45 50
448 513 46 50
448 513 47 50
448 513 48 50
448 513 49 50
451 514 0 50
451 514 1 50
451 514 2 50
451 514 3 50
451 514 4 50
451 514 5 50
451 514 6 50
451 514 7 50
451 514 8 50
451 514 9 50
451 514 10 50
451 514 11 50
451 514 12 50
451 514 13 50
451 514 14 50
451 514 15 50
451 514 16 50
451 514 17 50
451 514 18 50
451 514 19 50
451 514 20 50
451 514 21 50
451 514 22 50
451 514 23 50
451 514 24 50
451 514 25 50
451 514 26 50
451 514 27 50
451 514 28 50
451 514 29 50
451 514 30 50
451 514 31 50
451 514 32 50
451 514 33 50
451 514 34 50
451 514 35 50
451 514 36 50
451 514 37 50
451 514 38 50
451 514 39 50
451 514 40 50
451 514 41 50
451 514 42 50
451 514 43 50
451 514 44 50
451 514 45 50
451 514 46 50
451 514 47 50
451 514 48 50
451 514 49 50
456 0 0 50
456 0 1 50
456 0 2 50
456 0 3 50
456 0 4 50
456 0 5 50
456 0 6 50
456 0 7 50
456 0 8 50
456 0 9 50
456 0 10 50
456 0 11 50
456 0 12 50
456 0 13 50
456 0 14 50
456 0 15 50
456 0 16 50
456 0 17 50
456 0 18 50
456 0 19 50
456 0 20 50
456 0 21 50
456 0 22 50
456 0 23 50
456 0 24 50
456 0 25 50
456 0 26 50
456 0 27 50
456 0 28 50
456 0 29 50
456 0 30 50
456 0 31 50
456 0 32 50
456 0 33 50
456 0 34 50
456 0 35 50
456 0 36 50
456 0 37 50
456 0 38 50
456 0 39 50
456 0 40 50
456 0 41 50
456 0 42 50
456 0 43 50
456 0 44 50
456 0 45 50
456 0 46 50
456 0 47 50
456 0 48 50
456 0 49 50
459 770 0 50
459 770 1 50
459 770 2 50
459 770 3 50
459 770 4 50
459 770 5 50
459 770 6 50
459 770 7 50
459 770 8 50
459 770 9 50
459 770 10 50
459 770 11 50
459 770 12 50
459 770 13 50
459 770 14 50
459 770 15 50
459 770 16 50
459 770 17 50
459 770 18 50
459 770 19 50
459 770 20 50
459 770 21 50
459 770 22 50
459 770 23 50
459 770 24 50
459 770 25 50
459 770 26 50
459 770 27 50
459 770 28 50
459 770 29 50
459 770 30 50
459 770 31 50
459 770 32 50
459 770 33 50
459 770 34 50
459 770 35 50
459 770 36 50
459 770 37 50
459 770 38 50
459 770 39 50
459 770 40 50
459 770 41 50
459 770 42 50
459 770 43 50
459 770 44 50
459 770 45 50
459 770 46 50
459 770 47 50
459 770 48 50
459 770 49 50
467 3 0 50
467 3 1 50
467 3 2 50
467 3 3 50
467 3 4 50
467 3 5 50
467 3 6 50
467 3 7 50
467 3 8 50
467 3 9 50
467 3 10 50
467 3 11 50
467 3 12 50
467 3 13 50
467 3 14 50
467 3 15 50
467 3 16 50
467 3 17 50
467 3 18 50
467 3 19 50
467 3 20 50
467 3 21 50
467 3 22 50
467 3 23 50
467 3 24 50
467 3 25 50
467 3 26 50
467 3 27 50
467 3 28 50
467 3 29 50
467 3 30 50
467 3 31 50
467 3 32 50
467 3 33 50
467 3 34 50
467 3 35 50
467 3 36 50
467 3 37 50
467 3 38 50
467 3 39 50
467 3 40 50
467 3 41 50
467 3 42 50
467 3 43 50
467 3 44 50
467 3 45 50
467 3 46 50
467 3 47 50
467 3 48 50
467 3 49 50
467 512 0 50
467 512 1 50
467 512 2 50
467 512 3 50
467 512 4 50
467 512 5 50
467 512 6 50
467 512 7 50
467 512 8 50
467 512 9 50
467 512 10 50
467 512 11 50
467 512 12 50
467 512 13 50
467 512 14 50
467 512 15 50
467 512 16 50
467 512 17 50
467 512 18 50
467 512 19 50
467 512 20 50
467 512 21 50
467 512 22 50
467 512 23 50
467 512 24 50
467 512 25 50
467 512 26 50
467 512 27 50
467 512 28 50
467 512 29 50
467 512 30 50
467 512 31 50
467 512 32 50
467 512 33 50
467 512 34 50
467 512 35 50
467 512 36 50
467 512 37 50
467 512 38 50
467 512 39 50
467 512 40 50
467 512 41 50
467 512 42 50
467 512 43 50
467 512 44 50
467 512 45 50
467 512 46 50
467 512 47 50
467 512 48 50
467 512 49 50
469 2 0 50
469 2 1 50
469 2 2 50
469 2 3 50
469 2 4 50
469 2 5 50
469 2 6 50
469 2 7 50
469 2 8 50
469 2 9 50
469 2 10 50
469 2 11 50
469 2 12 50
469 2 13 50
469 2 14 50
469 2 15 50
469 2 16 50
469 2 17 50
469 2 18 50
469 2 19 50
469 2 20 50
469 2 21 50
469 2 22 50
469 2 23 50
469 2 24 50
469 2 25 50
469 2 26 50
469 2 27 50
469 2 28 50
469 2 29 50
469 2 30 50
469 2 31 50
469 2 32 50
469 2 33 50
469 2 34 50
469 2 35 50
469 2 36 50
469 2 37 50
469 2 38 50
469 2 39 50
469 2 40 50
469 2 41 50
469 2 42 50
469 2 43 50
469 2 44 50
469 2 45 50
469 2 46 50
469 2 47 50
469 2 48 50
469 2 49 50
477 512 0 3
477 512 1 0
477 512 2 2
477 512 3 0
477 512 4 0
477 512 5 0
477 512 6 0
477 512 7 0
477 512 8 0
477 512 9 0
477 512 10 0
477 512 11 0
477 512 12 0
477 512 13 0
477 512 14 0
477 512 15 0
477 512 16 0
477 512 17 1
477 512 18 0
477 512 19 0
477 512 20 0
477 512 21 0
477 512 22 0
477 512 23 1
477 512 24 0
477 512 25 0
477 512 26 0
477 512 27 0
477 512 28 0
477 512 29 2
477 512 30 0
477 512 31 0
477 512 32 0
477 512 33 0
477 512 34 1
477 512 35 0
477 512 36 0
477 512 37 0
477 512 38 0
477 512 39 0
477 512 40 0
477 512 41 1
477 512 42 1
477 512 43 2
477 512 44 0
477 512 45 0
477 512 46 1
477 512 47 0
477 512 48 0
477 512 49 0
480 514 0 2
480 514 1 0
480 514 2 0
480 514 3 0
480 514 4 0
480 514 5 0
480 514 6 0
480 514 7 0
480 514 8 0
480 514 9 0
480 514 10 0
480 514 11 0
480 514 12 0
480 514 13 0
480 514 14 0
480 514 15 0
480 514 16 0
480 514 17 0
480 514 18 0
480 514 19 0
480 514 20 0
480 514 21 0
480 514 22 0
480 514 23 0
480 514 24 0
480 514 25 0
480 514 26 0
480 514 27 0
480 514 28 0
480 514 29 0
480 514 30 0
480 514 31 0
480 514 32 1
480 514 33 2
480 514 34 0
480 514 35 1
480 514 36 0
480 514 37 0
480 514 38 0
480 514 39 0
480 514 40 0
480 514 41 0
480 514 42 0
480 514 43 0
480 514 44 0
480 514 45 0
480 514 46 0
480 514 47 0
480 514 48 1
480 514 49 0
482 0 0 50
482 0 1 50
482 0 2 50
482 0 3 50
482 0 4 50
482 0 5 50
482 0 6 50
482 0 7 50
482 0 8 50
482 0 9 50
482 0 10 50
482 0 11 50
482 0 12 50
482 0 13 50
482 0 14 50
482 0 15 50
482 0 16 50
482 0 17 50
482 0 18 50
482 0 19 50
482 0 20 50
482 0 21 50
482 0 22 50
482 0 23 50
482 0 24 50
482 0 25 50
482 0 26 50
482 0 27 50
482 0 28 50
482 0 29 50
482 0 30 50
482 0 31 50
482 0 32 50
482 0 33 50
482 0 34 50
482 0 35 50
482 0 36 50
482 0 37 50
482 0 38 50
482 0 39 50
482 0 40 50
482 0 41 50
482 0 42 50
482 0 43 50
482 0 44 50
482 0 45 50
482 0 46 50
482 0 47 50
482 0 48 50
482 0 49 50
482 1 0 50
482 1 1 50
482 1 2 50
482 1 3 50
482 1 4 50
482 1 5 50
482 1 6 50
482 1 7 50
482 1 8 50
482 1 9 50
482 1 10 50
482 1 11 50
482 1 12 50
482 1 13 50
482 1 14 50
482 1 15 50
482 1 16 50
482 1 17 50
482 1 18 50
482 1 19 50
482 1 20 50
482 1 21 50
482 1 22 50
482 1 23 50
482 1 24 50
482 1 25 50
482 1 26 50
482 1 27 50
482 1 28 50
482 1 29 50
482 1 30 50
482 1 31 50
482 1 32 50
482 1 33 50
482 1 34 50
482 1 35 50
482 1 36 50
482 1 37 50
482 1 38 50
482 1 39 50
482 1 40 50
482 1 41 50
482 1 42 50
482 1 43 50
482 1 44 50
482 1 45 50
482 1 46 50
482 1 47 50
482 1 48 50
482 1 49 50
483 3 0 50
483 3 1 50
483 3 2 50
483 3 3 50
483 3 4 50
483 3 5 50
483 3 6 50
483 3 7 50
483 3 8 50
483 3 9 50
483 3 10 50
483 3 11 50
483 3 12 50
483 3 13 50
483 3 14 50
483 3 15 50
483 3 16 50
483 3 17 50
483 3 18 50
483 3 19 50
483 3 20 50
483 3 21 50
483 3 22 50
483 3 23 50
483 3 24 50
483 3 25 50
483 3 26 50
483 3 27 50
483 3 28 50
483 3 29 50
483 3 30 50
483 3 31 50
483 3 32 50
483 3 33 50
483 3 34 50
483 3 35 50
483 3 36 50
483 3 37 50
483 3 38 50
483 3 39 50
483 3 40 50
483 3 41 50
483 3 42 50
483 3 43 50
483 3 44 50
483 3 45 50
483 3 46 50
483 3 47 50
483 3 48 50
483 3 49 50
485 259 0 17
485 259 1 17
485 259 2 16
485 259 3 16
485 259 4 17
485 259 5 17
485 259 6 18
485 259 7 18
485 259 8 17
485 259 9 16
485 259 10 17
485 259 11 17
485 259 12 18
485 259 13 19
485 259 14 18
485 259 15 16
485 259 16 19
485 259 17 20
485 259 18 16
485 259 19 18
485 259 20 17
485 259 21 16
485 259 22 18
485 259 23 18
485 259 24 18
485 259 25 19
485 259 26 18
485 259 27 19
485 259 28 19
485 259 29 20
485 259 30 19
485 259 31 19
485 259 32 19
485 259 33 20
485 259 34 21
485 259 35 21
485 259 36 18
485 259 37 24
485 259 38 19
485 259 39 17
485 259 40 23
485 259 41 19
485 259 42 19
485 259 43 20
485 259 44 20
485 259 45 20
485 259 46 24
485 259 47 22
485 259 48 21
485 259 49 25
491 0 0 35
491 0 1 33
491 0 2 33
491 0 3 34
491 0 4 35
491 0 5 36
491 0 6 36
491 0 7 35
491 0 8 37
491 0 9 32
491 0 10 35
491 0 11 33
491 0 12 35
491 0 13 32
491 0 14 37
491 0 15 36
491 0 16 33
491 0 17 34
491 0 18 34
491 0 19 35
491 0 20 37
491 0 21 34
491 0 22 31
491 0 23 37
491 0 24 34
491 0 25 33
491 0 26 34
491 0 27 39
491 0 28 39
491 0 29 39
491 0 30 35
491 0 31 40
491 0 32 36
491 0 33 36
491 0 34 32
491 0 35 35
491 0 36 35
491 0 37 32
491 0 38 36
491 0 39 34
491 0 40 37
491 0 41 38
491 0 42 37
491 0 43 35
491 0 44 33
491 0 45 38
491 0 46 39
491 0 47 38
491 0 48 35
491 0 49 37
492 2 0 50
492 2 1 50
492 2 2 50
492 2 3 50
492 2 4 50
492 2 5 50
492 2 6 50
492 2 7 50
492 2 8 50
492 2 9 50
492 2 10 50
492 2 11 50
492 2 12 50
492 2 13 50
492 2 14 50
492 2 15 50
492 2 16 50
492 2 17 50
492 2 18 50
492 2 19 50
492 2 20 50
492 2 21 50
492 2 22 50
492 2 23 50
492 2 24 50
492 2 25 50
492 2 26 50
492 2 27 50
492 2 28 50
492 2 29 50
492 2 30 50
492 2 31 50
492 2 32 50
492 2 33 50
492 2 34 50
492 2 35 50
492 2 36 50
492 2 37 50
492 2 38 50
492 2 39 50
492 2 40 50
492 2 41 50
492 2 42 50
492 2 43 50
492 2 44 50
492 2 45 50
492 2 46 50
492 2 47 50
492 2 48 50
492 2 49 50
495 1 0 50
495 1 1 50
495 1 2 50
495 1 3 50
495 1 4 50
495 1 5 50
495 1 6 50
495 1 7 50
495 1 8 50
495 1 9 50
495 1 10 50
495 1 11 50
495 1 12 50
495 1 13 50
495 1 14 50
495 1 15 50
495 1 16 50
495 1 17 50
495 1 18 50
495 1 19 50
495 1 20 50
495 1 21 50
495 1 22 50
495 1 23 50
495 1 24 50
495 1 25 50
495 1 26 50
495 1 27 50
495 1 28 50
495 1 29 50
495 1 30 50
495 1 31 50
495 1 32 50
495 1 33 50
495 1 34 50
495 1 35 50
495 1 36 50
495 1 37 50
495 1 38 50
495 1 39 50
495 1 40 50
495 1 41 50
495 1 42 50
495 1 43 50
495 1 44 50
495 1 45 50
495 1 46 50
495 1 47 50
495 1 48 50
495 1 49 50
496 770 0 49
496 770 1 46
496 770 2 47
496 770 3 46
496 770 4 47
496 770 5 48
496 770 6 48
496 770 7 46
496 770 8 47
496 770 9 49
496 770 10 44
496 770 11 48
496 770 12 48
496 770 13 50
496 770 14 47
496 770 15 44
496 770 16 50
496 770 17 49
496 770 18 48
496 770 19 49
496 770 20 44
496 770 21 48
496 770 22 44
496 770 23 47
496 770 24 48
496 770 25 48
496 770 26 47
496 770 27 49
496 770 28 46
496 770 29 47
496 770 30 50
496 770 31 47
496 770 32 50
496 770 33 50
496 770 34 47
496 770 35 49
496 770 36 48
496 770 37 47
496 770 38 49
496 770 39 48
496 770 40 50
496 770 41 47
496 770 42 47
496 770 43 47
496 770 44 47
496 770 45 50
496 770 46 50
496 770 47 48
496 770 48 49
496 770 49 48
498 0 0 50
498 0 1 50
498 0 2 50
498 0 3 50
498 0 4 50
498 0 5 50
498 0 6 50
498 0 7 50
498 0 8 50
498 0 9 50
498 0 10 50
498 0 11 50
498 0 12 50
498 0 13 50
498 0 14 50
498 0 15 50
498 0 16 50
498 0 17 50
498 0 18 50
498 0 19 50
498 0 20 50
498 0 21 50
498 0 22 50
498 0 23 50
498 0 24 50
498 0 25 50
498 0 26 50
498 0 27 50
498 0 28 50
498 0 29 50
498 0 30 50
498 0 31 50
498 0 32 50
498 0 33 50
498 0 34 50
498 0 35 50
498 0 36 50
498 0 37 50
498 0 38 50
498 0 39 50
498 0 40 50
498 0 41 50
498 0 42 50
498 0 43 50
498 0 44 50
498 0 45 50
498 0 46 50
498 0 47 50
498 0 48 50
498 0 49 50
504 1 0 50
504 1 1 50
504 1 2 50
504 1 3 50
504 1 4 50
504 1 5 50
504 1 6 50
504 1 7 50
504 1 8 50
504 1 9 50
504 1 10 50
504 1 11 50
504 1 12 50
504 1 13 50
504 1 14 50
504 1 15 50
504 1 16 50
504 1 17 50
504 1 18 50
504 1 19 50
504 1 20 50
504 1 21 50
504 1 22 50
504 1 23 50
504 1 24 50
504 1 25 50
504 1 26 50
504 1 27 50
504 1 28 50
504 1 29 50
504 1 30 50
504 1 31 50
504 1 32 50
504 1 33 50
504 1 34 50
504 1 35 50
504 1 36 50
504 1 37 50
504 1 38 50
504 1 39 50
504 1 40 50
504 1 41 50
504 1 42 50
504 1 43 50
504 1 44 50
504 1 45 50
504 1 46 50
504 1 47 50
504 1 48 50
504 1 49 50
504 2 0 50
504 2 1 50
504 2 2 50
504 2 3 50
504 2 4 50
504 2 5 50
504 2 6 50
504 2 7 50
504 2 8 50
504 2 9 50
504 2 10 50
504 2 11 50
504 2 12 50
504 2 13 50
504 2 14 50
504 2 15 50
504 2 16 50
504 2 17 50
504 2 18 50
504 2 19 50
504 2 20 50
504 2 21 50
504 2 22 50
504 2 23 50
504 2 24 50
504 2 25 50
504 2 26 50
504 2 27 50
504 2 28 50
504 2 29 50
504 2 30 50
504 2 31 50
504 2 32 50
504 2 33 50
504 2 34 50
504 2 35 50
504 2 36 50
504 2 37 50
504 2 38 50
504 2 39 50
504 2 40 50
504 2 41 50
504 2 42 50
504 2 43 50
504 2 44 50
504 2 45 50
504 2 46 50
504 2 47 50
504 2 48 50
504 2 49 50
504 259 0 50
504 259 1 50
504 259 2 50
504 259 3 50
504 259 4 50
504 259 5 50
504 259 6 50
504 259 7 50
504 259 8 50
504 259 9 50
504 259 10 50
504 259 11 50
504 259 12 50
504 259 13 50
504 259 14 50
504 259 15 50
504 259 16 50
504 259 17 50
504 259 18 50
504 259 19 50
504 259 20 50
504 259 21 50
504 259 22 50
504 259 23 50
504 259 24 50
504 259 25 50
504 259 26 50
504 259 27 50
504 259 28 50
504 259 29 50
504 259 30 50
504 259 31 50
504 259 32 50
504 259 33 50
504 259 34 50
504 259 35 50
504 259 36 50
504 259 37 50
504 259 38 50
504 259 39 50
504 259 40 50
504 259 41 50
504 259 42 50
504 259 43 50
504 259 44 50
504 259 45 50
504 259 46 50
504 259 47 50
504 259 48 50
504 259 49 50
505 512 0 50
505 512 1 50
505 512 2 50
505 512 3 50
505 512 4 50
505 512 5 50
505 512 6 50
505 512 7 50
505 512 8 50
505 512 9 50
505 512 10 50
505 512 11 50
505 512 12 50
505 512 13 50
505 512 14 50
505 512 15 50
505 512 16 50
505 512 17 50
505 512 18 50
505 512 19 50
505 512 20 50
505 512 21 50
505 512 22 50
505 512 23 50
505 512 24 50
505 512 25 50
505 512 26 50
505 512 27 50
505 512 28 50
505 512 29 50
505 512 30 50
505 512 31 50
505 512 32 50
505 512 33 50
505 512 34 50
505 512 35 50
505 512 36 50
505 512 37 50
505 512 38 50
505 512 39 50
505 512 40 50
505 512 41 50
505 512 42 50
505 512 43 50
505 512 44 50
505 512 45 50
505 512 46 50
505 512 47 50
505 512 48 50
505 512 49 50
