9 515 0 4
9 515 1 0
9 515 2 0
9 515 3 0
9 515 4 0
9 515 5 1
9 515 6 0
9 515 7 1
9 515 8 1
9 515 9 0
9 515 10 1
9 515 11 0
9 515 12 1
9 515 13 1
9 515 14 0
9 515 15 1
9 515 16 0
9 515 17 0
9 515 18 1
9 515 19 0
9 515 20 0
9 515 21 1
9 515 22 0
9 515 23 0
9 515 24 1
9 515 25 0
9 515 26 0
9 515 27 0
9 515 28 1
9 515 29 0
9 515 30 0
9 515 31 1
9 515 32 0
9 515 33 0
9 515 34 1
9 515 35 0
9 515 36 0
9 515 37 0
9 515 38 0
9 515 39 0
9 515 40 1
9 515 41 2
9 515 42 0
9 515 43 0
9 515 44 0
9 515 45 0
9 515 46 0
9 515 47 2
9 515 48 0
9 515 49 0
17 513 0 50
17 513 1 50
17 513 2 50
17 513 3 50
17 513 4 50
17 513 5 50
17 513 6 50
17 513 7 50
17 513 8 50
17 513 9 50
17 513 10 50
17 513 11 50
17 513 12 50
17 513 13 50
17 513 14 50
17 513 15 50
17 513 16 50
17 513 17 50
17 513 18 50
17 513 19 50
17 513 20 50
17 513 21 50
17 513 22 50
17 513 23 50
17 513 24 50
17 513 25 50
17 513 26 50
17 513 27 50
17 513 28 50
17 513 29 50
17 513 30 50
17 513 31 50
17 513 32 50
17 513 33 50
17 513 34 50
17 513 35 50
17 513 36 50
17 513 37 50
17 513 38 50
17 513 39 50
17 513 40 50
17 513 41 50
17 513 42 50
17 513 43 50
17 513 44 50
17 513 45 50
17 513 46 50
17 513 47 50
17 513 48 50
17 513 49 50
21 2 0 13
21 2 1 15
21 2 2 15
21 2 3 15
21 2 4 15
21 2 5 15
21 2 6 15
21 2 7 16
21 2 8 15
21 2 9 17
21 2 10 13
21 2 11 16
21 2 12 15
21 2 13 15
21 2 14 15
21 2 15 13
21 2 16 16
21 2 17 12
21 2 18 16
21 2 19 15
21 2 20 17
21 2 21 17
21 2 22 13
21 2 23 16
21 2 24 16
21 2 25 14
21 2 26 15
21 2 27 20
21 2 28 16
21 2 29 15
21 2 30 14
21 2 31 17
21 2 32 14
21 2 33 18
21 2 34 15
21 2 35 16
21 2 36 16
21 2 37 18
21 2 38 16
21 2 39 21
21 2 40 21
21 2 41 19
21 2 42 18
21 2 43 16
21 2 44 20
21 2 45 21
21 2 46 17
21 2 47 19
21 2 48 19
21 2 49 19
32 514 0 44
32 514 1 47
32 514 2 46
32 514 3 49
32 514 4 43
32 514 5 48
32 514 6 47
32 514 7 47
32 514 8 41
32 514 9 45
32 514 10 48
32 514 11 49
32 514 12 48
32 514 13 43
32 514 14 50
32 514 15 48
32 514 16 45
32 514 17 44
32 514 18 47
32 514 19 44
32 514 20 46
32 514 21 45
32 514 22 50
32 514 23 50
32 514 24 47
32 514 25 48
32 514 26 46
32 514 27 44
32 514 28 45
32 514 29 48
32 514 30 44
32 514 31 48
32 514 32 47
32 514 33 48
32 514 34 48
32 514 35 48
32 514 36 47
32 514 37 47
32 514 38 48
32 514 39 46
32 514 40 44
32 514 41 49
32 514 42 49
32 514 43 47
32 514 44 47
32 514 45 47
32 514 46 49
32 514 47 47
32 514 48 46
32 514 49 49
35 3 0 50
35 3 1 50
35 3 2 50
35 3 3 50
35 3 4 50
35 3 5 50
35 3 6 50
35 3 7 50
35 3 8 50
35 3 9 50
35 3 10 50
35 3 11 50
35 3 12 50
35 3 13 50
35 3 14 50
35 3 15 50
35 3 16 50
35 3 17 50
35 3 18 50
35 3 19 50
35 3 20 50
35 3 21 50
35 3 22 50
35 3 23 50
35 3 24 50
35 3 25 50
35 3 26 50
35 3 27 50
35 3 28 50
35 3 29 50
35 3 30 50
35 3 31 50
35 3 32 50
35 3 33 50
35 3 34 50
35 3 35 50
35 3 36 50
35 3 37 50
35 3 38 50
35 3 39 50
35 3 40 50
35 3 41 50
35 3 42 50
35 3 43 50
35 3 44 50
35 3 45 50
35 3 46 50
35 3 47 50
35 3 48 50
35 3 49 50
51 515 0 50
51 515 1 50
51 515 2 50
51 515 3 50
51 515 4 50
51 515 5 50
51 515 6 50
51 515 7 50
51 515 8 50
51 515 9 50
51 515 10 50
51 515 11 50
51 515 12 50
51 515 13 50
51 515 14 50
51 515 15 50
51 515 16 50
51 515 17 50
51 515 18 50
51 515 19 50
51 515 20 50
51 515 21 50
51 515 22 50
51 515 23 50
51 515 24 50
51 515 25 50
51 515 26 50
51 515 27 50
51 515 28 50
51 515 29 50
51 515 30 50
51 515 31 50
51 515 32 50
51 515 33 50
51 515 34 50
51 515 35 50
51 515 36 50
51 515 37 50
51 515 38 50
51 515 39 50
51 515 40 50
51 515 41 50
51 515 42 50
51 515 43 50
51 515 44 50
51 515 45 50
51 515 46 50
51 515 47 50
51 515 48 50
51 515 49 50
83 1 0 9
83 1 1 5
83 1 2 7
83 1 3 9
83 1 4 3
83 1 5 8
83 1 6 7
83 1 7 12
83 1 8 5
83 1 9 12
83 1 10 7
83 1 11 7
83 1 12 3
83 1 13 9
83 1 14 13
83 1 15 7
83 1 16 9
83 1 17 5
83 1 18 8
83 1 19 6
83 1 20 4
83 1 21 7
83 1 22 11
83 1 23 6
83 1 24 6
83 1 25 9
83 1 26 9
83 1 27 9
83 1 28 8
83 1 29 13
83 1 30 6
83 1 31 7
83 1 32 9
83 1 33 7
83 1 34 8
83 1 35 5
83 1 36 7
83 1 37 9
83 1 38 5
83 1 39 9
83 1 40 11
83 1 41 1
83 1 42 7
83 1 43 13
83 1 44 5
83 1 45 8
83 1 46 8
83 1 47 10
83 1 48 5
83 1 49 8
86 2 0 12
86 2 1 11
86 2 2 9
86 2 3 9
86 2 4 5
86 2 5 7
86 2 6 12
86 2 7 20
86 2 8 19
86 2 9 25
86 2 10 9
86 2 11 9
86 2 12 9
86 2 13 13
86 2 14 11
86 2 15 8
86 2 16 10
86 2 17 15
86 2 18 15
86 2 19 6
86 2 20 12
86 2 21 12
86 2 22 14
86 2 23 12
86 2 24 17
86 2 25 14
86 2 26 13
86 2 27 12
86 2 28 13
86 2 29 16
86 2 30 16
86 2 31 15
86 2 32 14
86 2 33 14
86 2 34 17
86 2 35 17
86 2 36 16
86 2 37 19
86 2 38 30
86 2 39 32
86 2 40 39
86 2 41 39
86 2 42 33
86 2 43 37
86 2 44 32
86 2 45 36
86 2 46 31
86 2 47 33
86 2 48 32
86 2 49 36
95 768 0 32
95 768 1 28
95 768 2 39
95 768 3 34
95 768 4 31
95 768 5 30
95 768 6 29
95 768 7 29
95 768 8 30
95 768 9 31
95 768 10 33
95 768 11 32
95 768 12 35
95 768 13 29
95 768 14 29
95 768 15 29
95 768 16 34
95 768 17 35
95 768 18 34
95 768 19 31
95 768 20 35
95 768 21 30
95 768 22 27
95 768 23 31
95 768 24 33
95 768 25 33
95 768 26 30
95 768 27 32
95 768 28 35
95 768 29 34
95 768 30 36
95 768 31 31
95 768 32 35
95 768 33 34
95 768 34 36
95 768 35 39
95 768 36 36
95 768 37 38
95 768 38 33
95 768 39 36
95 768 40 38
95 768 41 40
95 768 42 34
95 768 43 44
95 768 44 40
95 768 45 35
95 768 46 40
95 768 47 37
95 768 48 33
95 768 49 39
104 2 0 27
104 2 1 33
104 2 2 25
104 2 3 29
104 2 4 29
104 2 5 29
104 2 6 32
104 2 7 30
104 2 8 26
104 2 9 26
104 2 10 31
104 2 11 29
104 2 12 31
104 2 13 33
104 2 14 32
104 2 15 31
104 2 16 30
104 2 17 33
104 2 18 34
104 2 19 31
104 2 20 34
104 2 21 32
104 2 22 33
104 2 23 33
104 2 24 22
104 2 25 26
104 2 26 35
104 2 27 37
104 2 28 35
104 2 29 33
104 2 30 38
104 2 31 34
104 2 32 33
104 2 33 36
104 2 34 35
104 2 35 36
104 2 36 33
104 2 37 34
104 2 38 35
104 2 39 33
104 2 40 30
104 2 41 38
104 2 42 38
104 2 43 32
104 2 44 34
104 2 45 37
104 2 46 35
104 2 47 37
104 2 48 36
104 2 49 37
119 640 0 16
119 640 1 0
119 640 2 0
119 640 3 0
119 640 4 0
119 640 5 0
119 640 6 0
119 640 7 0
119 640 8 0
119 640 9 0
119 640 10 0
119 640 11 0
119 640 12 0
119 640 13 0
119 640 14 0
119 640 15 0
119 640 16 0
119 640 17 0
119 640 18 0
119 640 19 0
119 640 20 0
119 640 21 0
119 640 22 0
119 640 23 0
119 640 24 0
119 640 25 0
119 640 26 0
119 640 27 0
119 640 28 0
119 640 29 0
119 640 30 0
119 640 31 0
119 640 32 0
119 640 33 0
119 640 34 0
119 640 35 0
119 640 36 0
119 640 37 0
119 640 38 0
119 640 39 0
119 640 40 0
119 640 41 0
119 640 42 0
119 640 43 0
119 640 44 0
119 640 45 0
119 640 46 0
119 640 47 0
119 640 48 0
119 640 49 0
149 0 0 7
149 0 1 12
149 0 2 6
149 0 3 4
149 0 4 4
149 0 5 1
149 0 6 5
149 0 7 3
149 0 8 3
149 0 9 1
149 0 10 11
149 0 11 3
149 0 12 3
149 0 13 11
149 0 14 5
149 0 15 6
149 0 16 11
149 0 17 17
149 0 18 10
149 0 19 11
149 0 20 9
149 0 21 22
149 0 22 13
149 0 23 18
149 0 24 15
149 0 25 17
149 0 26 5
149 0 27 3
149 0 28 5
149 0 29 8
149 0 30 4
149 0 31 13
149 0 32 10
149 0 33 13
149 0 34 5
149 0 35 11
149 0 36 11
149 0 37 17
149 0 38 23
149 0 39 20
149 0 40 21
149 0 41 21
149 0 42 19
149 0 43 21
149 0 44 19
149 0 45 26
149 0 46 23
149 0 47 24
149 0 48 13
149 0 49 9
159 2 0 50
159 2 1 50
159 2 2 50
159 2 3 50
159 2 4 50
159 2 5 50
159 2 6 50
159 2 7 50
159 2 8 50
159 2 9 49
159 2 10 50
159 2 11 50
159 2 12 49
159 2 13 49
159 2 14 50
159 2 15 50
159 2 16 49
159 2 17 49
159 2 18 49
159 2 19 50
159 2 20 50
159 2 21 50
159 2 22 49
159 2 23 50
159 2 24 50
159 2 25 50
159 2 26 50
159 2 27 49
159 2 28 49
159 2 29 50
159 2 30 50
159 2 31 50
159 2 32 50
159 2 33 50
159 2 34 50
159 2 35 50
159 2 36 50
159 2 37 50
159 2 38 50
159 2 39 50
159 2 40 50
159 2 41 50
159 2 42 50
159 2 43 50
159 2 44 50
159 2 45 50
159 2 46 50
159 2 47 50
159 2 48 50
159 2 49 50
210 258 0 1
210 258 1 0
210 258 2 0
210 258 3 0
210 258 4 0
210 258 5 0
210 258 6 0
210 258 7 0
210 258 8 0
210 258 9 0
210 258 10 0
210 258 11 0
210 258 12 0
210 258 13 0
210 258 14 1
210 258 15 0
210 258 16 0
210 258 17 1
210 258 18 0
210 258 19 0
210 258 20 1
210 258 21 0
210 258 22 0
210 258 23 0
210 258 24 0
210 258 25 0
210 258 26 0
210 258 27 0
210 258 28 0
210 258 29 0
210 258 30 0
210 258 31 0
210 258 32 0
210 258 33 0
210 258 34 1
210 258 35 1
210 258 36 1
210 258 37 1
210 258 38 1
210 258 39 0
210 258 40 1
210 258 41 0
210 258 42 0
210 258 43 1
210 258 44 0
210 258 45 2
210 258 46 1
210 258 47 1
210 258 48 0
210 258 49 0
226 258 0 50
226 258 1 50
226 258 2 50
226 258 3 50
226 258 4 50
226 258 5 50
226 258 6 50
226 258 7 50
226 258 8 50
226 258 9 50
226 258 10 50
226 258 11 50
226 258 12 50
226 258 13 50
226 258 14 50
226 258 15 50
226 258 16 50
226 258 17 50
226 258 18 50
226 258 19 50
226 258 20 50
226 258 21 50
226 258 22 50
226 258 23 50
226 258 24 50
226 258 25 50
226 258 26 50
226 258 27 50
226 258 28 50
226 258 29 50
226 258 30 50
226 258 31 50
226 258 32 50
226 258 33 50
226 258 34 50
226 258 35 50
226 258 36 50
226 258 37 50
226 258 38 50
226 258 39 50
226 258 40 50
226 258 41 50
226 258 42 50
226 258 43 50
226 258 44 50
226 258 45 50
226 258 46 50
226 258 47 50
226 258 48 50
226 258 49 50
274 259 0 50
274 259 1 50
274 259 2 50
274 259 3 50
274 259 4 50
274 259 5 50
274 259 6 50
274 259 7 50
274 259 8 50
274 259 9 50
274 259 10 50
274 259 11 50
274 259 12 50
274 259 13 50
274 259 14 50
274 259 15 50
274 259 16 50
274 259 17 50
274 259 18 50
274 259 19 50
274 259 20 50
274 259 21 50
274 259 22 50
274 259 23 50
274 259 24 50
274 259 25 50
274 259 26 50
274 259 27 50
274 259 28 50
274 259 29 50
274 259 30 50
274 259 31 50
274 259 32 50
274 259 33 50
274 259 34 50
274 259 35 50
274 259 36 50
274 259 37 50
274 259 38 50
274 259 39 50
274 259 40 50
274 259 41 50
274 259 42 50
274 259 43 50
274 259 44 50
274 259 45 50
274 259 46 50
274 259 47 50
274 259 48 50
274 259 49 50
277 257 0 50
277 257 1 50
277 257 2 50
277 257 3 50
277 257 4 50
277 257 5 50
277 257 6 50
277 257 7 50
277 257 8 50
277 257 9 50
277 257 10 50
277 257 11 50
277 257 12 50
277 257 13 50
277 257 14 50
277 257 15 50
277 257 16 50
277 257 17 50
277 257 18 50
277 257 19 50
277 257 20 50
277 257 21 50
277 257 22 50
277 257 23 50
277 257 24 50
277 257 25 50
277 257 26 50
277 257 27 50
277 257 28 50
277 257 29 50
277 257 30 50
277 257 31 50
277 257 32 50
277 257 33 50
277 257 34 50
277 257 35 50
277 257 36 50
277 257 37 50
277 257 38 50
277 257 39 50
277 257 40 50
277 257 41 50
277 257 42 50
277 257 43 50
277 257 44 50
277 257 45 50
277 257 46 50
277 257 47 50
277 257 48 50
277 257 49 50
301 257 0 50
301 257 1 50
301 257 2 50
301 257 3 50
301 257 4 50
301 257 5 50
301 257 6 50
301 257 7 50
301 257 8 50
301 257 9 50
301 257 10 50
301 257 11 50
301 257 12 50
301 257 13 50
301 257 14 50
301 257 15 50
301 257 16 50
301 257 17 50
301 257 18 50
301 257 19 50
301 257 20 50
301 257 21 50
301 257 22 50
301 257 23 50
301 257 24 50
301 257 25 50
301 257 26 50
301 257 27 50
301 257 28 50
301 257 29 50
301 257 30 50
301 257 31 50
301 257 32 50
301 257 33 50
301 257 34 50
301 257 35 50
301 257 36 50
301 257 37 50
301 257 38 50
301 257 39 50
301 257 40 50
301 257 41 50
301 257 42 50
301 257 43 50
301 257 44 50
301 257 45 50
301 257 46 50
301 257 47 50
301 257 48 50
301 257 49 50
308 257 0 50
308 257 1 50
308 257 2 50
308 257 3 50
308 257 4 50
308 257 5 50
308 257 6 50
308 257 7 50
308 257 8 50
308 257 9 50
308 257 10 50
308 257 11 50
308 257 12 50
308 257 13 50
308 257 14 50
308 257 15 50
308 257 16 50
308 257 17 50
308 257 18 50
308 257 19 50
308 257 20 50
308 257 21 50
308 257 22 50
308 257 23 50
308 257 24 50
308 257 25 50
308 257 26 50
308 257 27 50
308 257 28 50
308 257 29 50
308 257 30 50
308 257 31 50
308 257 32 50
308 257 33 50
308 257 34 50
308 257 35 50
308 257 36 50
308 257 37 50
308 257 38 50
308 257 39 50
308 257 40 50
308 257 41 50
308 257 42 50
308 257 43 50
308 257 44 50
308 257 45 50
308 257 46 50
308 257 47 50
308 257 48 50
308 257 49 50
329 769 0 47
329 769 1 49
329 769 2 49
329 769 3 48
329 769 4 46
329 769 5 49
329 769 6 48
329 769 7 46
329 769 8 48
329 769 9 49
329 769 10 48
329 769 11 48
329 769 12 49
329 769 13 49
329 769 14 50
329 769 15 47
329 769 16 48
329 769 17 49
329 769 18 49
329 769 19 49
329 769 20 48
329 769 21 49
329 769 22 47
329 769 23 49
329 769 24 50
329 769 25 48
329 769 26 49
329 769 27 50
329 769 28 49
329 769 29 48
329 769 30 48
329 769 31 49
329 769 32 47
329 769 33 49
329 769 34 47
329 769 35 50
329 769 36 49
329 769 37 50
329 769 38 50
329 769 39 48
329 769 40 50
329 769 41 50
329 769 42 50
329 769 43 49
329 769 44 49
329 769 45 50
329 769 46 50
329 769 47 49
329 769 48 49
329 769 49 50
353 513 0 1
353 513 1 0
353 513 2 0
353 513 3 0
353 513 4 0
353 513 5 0
353 513 6 0
353 513 7 0
353 513 8 0
353 513 9 0
353 513 10 0
353 513 11 1
353 513 12 0
353 513 13 0
353 513 14 0
353 513 15 0
353 513 16 0
353 513 17 0
353 513 18 0
353 513 19 1
353 513 20 1
353 513 21 0
353 513 22 0
353 513 23 0
353 513 24 0
353 513 25 0
353 513 26 0
353 513 27 0
353 513 28 0
353 513 29 0
353 513 30 0
353 513 31 0
353 513 32 0
353 513 33 0
353 513 34 0
353 513 35 0
353 513 36 0
353 513 37 0
353 513 38 0
353 513 39 0
353 513 40 0
353 513 41 1
353 513 42 0
353 513 43 0
353 513 44 0
353 513 45 0
353 513 46 0
353 513 47 2
353 513 48 0
353 513 49 0
387 514 0 33
387 514 1 28
387 514 2 32
387 514 3 29
387 514 4 33
387 514 5 28
387 514 6 32
387 514 7 32
387 514 8 37
387 514 9 31
387 514 10 32
387 514 11 33
387 514 12 36
387 514 13 37
387 514 14 37
387 514 15 35
387 514 16 40
387 514 17 34
387 514 18 36
387 514 19 34
387 514 20 40
387 514 21 40
387 514 22 30
387 514 23 36
387 514 24 41
387 514 25 34
387 514 26 30
387 514 27 38
387 514 28 36
387 514 29 32
387 514 30 32
387 514 31 39
387 514 32 32
387 514 33 35
387 514 34 39
387 514 35 40
387 514 36 36
387 514 37 39
387 514 38 42
387 514 39 37
387 514 40 43
387 514 41 35
387 514 42 46
387 514 43 44
387 514 44 36
387 514 45 45
387 514 46 40
387 514 47 44
387 514 48 35
387 514 49 44
388 258 0 50
388 258 1 50
388 258 2 50
388 258 3 50
388 258 4 50
388 258 5 50
388 258 6 50
388 258 7 50
388 258 8 50
388 258 9 50
388 258 10 50
388 258 11 50
388 258 12 50
388 258 13 50
388 258 14 50
388 258 15 50
388 258 16 50
388 258 17 50
388 258 18 50
388 258 19 50
388 258 20 50
388 258 21 50
388 258 22 50
388 258 23 50
388 258 24 50
388 258 25 50
388 258 26 50
388 258 27 50
388 258 28 50
388 258 29 50
388 258 30 50
388 258 31 50
388 258 32 50
388 258 33 50
388 258 34 50
388 258 35 50
388 258 36 50
388 258 37 50
388 258 38 50
388 258 39 50
388 258 40 50
388 258 41 50
388 258 42 50
388 258 43 50
388 258 44 50
388 258 45 50
388 258 46 50
388 258 47 50
388 258 48 50
388 258 49 50
402 768 0 50
402 768 1 50
402 768 2 50
402 768 3 50
402 768 4 50
402 768 5 50
402 768 6 50
402 768 7 50
402 768 8 50
402 768 9 50
402 768 10 50
402 768 11 50
402 768 12 50
402 768 13 50
402 768 14 50
402 768 15 50
402 768 16 50
402 768 17 50
402 768 18 50
402 768 19 50
402 768 20 50
402 768 21 50
402 768 22 50
402 768 23 50
402 768 24 50
402 768 25 50
402 768 26 50
402 768 27 50
402 768 28 50
402 768 29 50
402 768 30 50
402 768 31 50
402 768 32 50
402 768 33 50
402 768 34 50
402 768 35 50
402 768 36 50
402 768 37 50
402 768 38 50
402 768 39 50
402 768 40 50
402 768 41 50
402 768 42 50
402 768 43 50
402 768 44 50
402 768 45 50
402 768 46 50
402 768 47 50
402 768 48 50
402 768 49 50
425 768 0 50
425 768 1 50
425 768 2 50
425 768 3 50
425 768 4 50
425 768 5 50
425 768 6 50
425 768 7 50
425 768 8 50
425 768 9 50
425 768 10 50
425 768 11 50
425 768 12 50
425 768 13 50
425 768 14 50
425 768 15 50
425 768 16 50
425 768 17 50
425 768 18 50
425 768 19 50
425 768 20 50
425 768 21 50
425 768 22 50
425 768 23 50
425 768 24 50
425 768 25 50
425 768 26 50
425 768 27 50
425 768 28 50
425 768 29 50
425 768 30 50
425 768 31 50
425 768 32 50
425 768 33 50
425 768 34 50
425 768 35 50
425 768 36 50
425 768 37 50
425 768 38 50
425 768 39 50
425 768 40 50
425 768 41 50
425 768 42 50
425 768 43 50
425 768 44 50
425 768 45 50
425 768 46 50
425 768 47 50
425 768 48 50
425 768 49 50
427 258 0 49
427 258 1 47
427 258 2 44
427 258 3 44
427 258 4 47
427 258 5 48
427 258 6 47
427 258 7 47
427 258 8 47
427 258 9 47
427 258 10 48
427 258 11 48
427 258 12 49
427 258 13 47
427 258 14 50
427 258 15 49
427 258 16 46
427 258 17 45
427 258 18 45
427 258 19 47
427 258 20 48
427 258 21 50
427 258 22 48
427 258 23 47
427 258 24 49
427 258 25 48
427 258 26 48
427 258 27 49
427 258 28 49
427 258 29 49
427 258 30 50
427 258 31 50
427 258 32 49
427 258 33 50
427 258 34 48
427 258 35 49
427 258 36 48
427 258 37 48
427 258 38 48
427 258 39 50
427 258 40 50
427 258 41 49
427 258 42 50
427 258 43 50
427 258 44 50
427 258 45 50
427 258 46 50
427 258 47 50
427 258 48 50
427 258 49 49
442 514 0 35
442 514 1 30
442 514 2 36
442 514 3 38
442 514 4 34
442 514 5 36
442 514 6 40
442 514 7 37
442 514 8 33
442 514 9 32
442 514 10 36
442 514 11 34
442 514 12 42
442 514 13 38
442 514 14 38
442 514 15 37
442 514 16 36
442 514 17 37
442 514 18 40
442 514 19 38
442 514 20 37
442 514 21 40
442 514 22 38
442 514 23 39
442 514 24 37
442 514 25 40
442 514 26 39
442 514 27 42
442 514 28 38
442 514 29 45
442 514 30 43
442 514 31 38
442 514 32 39
442 514 33 42
442 514 34 42
442 514 35 43
442 514 36 42
442 514 37 41
442 514 38 41
442 514 39 41
442 514 40 46
442 514 41 42
442 514 42 42
442 514 43 41
442 514 44 45
442 514 45 44
442 514 46 48
442 514 47 47
442 514 48 38
442 514 49 41
448 513 0 18
448 513 1 16
448 513 2 14
448 513 3 15
448 513 4 13
448 513 5 13
448 513 6 15
448 513 7 16
448 513 8 17
448 513 9 15
448 513 10 15
448 513 11 15
448 513 12 17
448 513 13 17
448 513 14 16
448 513 15 14
448 513 16 16
448 513 17 17
448 513 18 16
448 513 19 16
448 513 20 17
448 513 21 17
448 513 22 16
448 513 23 17
448 513 24 16
448 513 25 14
448 513 26 14
448 513 27 17
448 513 28 16
448 513 29 16
448 513 30 17
448 513 31 16
448 513 32 16
448 513 33 17
448 513 34 16
448 513 35 17
448 513 36 16
448 513 37 17
448 513 38 17
448 513 39 16
448 513 40 16
448 513 41 18
448 513 42 17
448 513 43 17
448 513 44 17
448 513 45 17
448 513 46 16
448 513 47 19
448 513 48 18
448 513 49 18
504 259 0 2
504 259 1 1
504 259 2 0
504 259 3 0
504 259 4 1
504 259 5 0
504 259 6 1
504 259 7 0
504 259 8 0
504 259 9 0
504 259 10 0
504 259 11 2
504 259 12 0
504 259 13 0
504 259 14 3
504 259 15 0
504 259 16 1
504 259 17 0
504 259 18 3
504 259 19 1
504 259 20 0
504 259 21 0
504 259 22 0
504 259 23 1
504 259 24 1
504 259 25 1
504 259 26 3
504 259 27 0
504 259 28 0
504 259 29 0
504 259 30 0
504 259 31 1
504 259 32 1
504 259 33 2
504 259 34 3
504 259 35 1
504 259 36 0
504 259 37 1
504 259 38 1
504 259 39 2
504 259 40 3
504 259 41 2
504 259 42 1
504 259 43 1
504 259 44 0
504 259 45 0
504 259 46 0
504 259 47 0
504 259 48 4
504 259 49 1
