7 573 20
16 393 11
33 124 785
39 660 2
48 289 3
65 255 6
66 254 8
68 383 61
72 862 114
76 228 1416
77 281 888
82 371 4
84 211 2
84 755 5
85 957 4
92 37 76
103 789 1
106 893 312
112 259 3
113 222 5
119 640 2
121 775 31
130 925 1
133 652 2
138 104 2
138 343 2
138 832 1
156 35 50
161 730 1
175 355 60
176 550 1
177 186 4
182 464 1
188 622 4
191 656 22738
196 425 104
200 265 1
203 340 8
209 314 13
211 188 1
212 45 466
227 468 1
229 448 1
239 385 4
255 931 32
257 434 1
265 498 2080
272 398 2
278 361 13
290 206 1
291 775 18
293 747 1
320 535 2
330 43 2
337 378 747
338 570 34
348 712 108
349 82 1
357 957 2
358 58 2
361 680 1
366 514 6
369 514 1
375 702 66
376 193 1
409 330 3
423 929 7
440 407 1
443 826 54
446 1005 636
447 989 1
453 456 384
462 533 1
468 332 8
473 307 19
477 106 9809
483 538 1154
487 874 1
490 412 40
492 137 26
498 663 1
500 622 5
505 103 15
